BlueDriver Data Log
Sep 4, 2018 6:04:19 PM
Time (s),Engine Coolant Temperature (째C),Catalyst Temperature Bank 1 - Sensor 1 (째C),Fuel Level Input (%),Barometric Pressure (kPa),Vehicle Speed (MPH),Absolute Load Value (%),Ambient Air Temperature (째C),Calculated Engine Load Value (%),Engine RPM (rpm),Relative Throttle Position (%),Control Module Voltage (V),Intake Air Temperature (째C),Absolute Throttle Position (%)
0.0,,,,,,,,,,,,,
3.1,53,101.4,89.4,101,30,27.0,23,28.6,1297,0.2,13.015,23,5.7
6.2,54,110.4,89.4,101,23,24.0,23,28.4,1184,0.3,12.960,23,5.5
9.3,54,118.1,89.4,101,12,25.1,23,31.4,1246,2.7,12.914,23,8.3
12.4,55,135.8,89.4,101,12,53.3,23,62.4,1477,7.1,13.057,23,13.0
15.5,55,152.5,89.4,101,14,61.7,23,74.0,1319,8.5,13.009,23,14.0
18.6,56,173.5,89.4,100,17,66.5,23,77.7,1372,9.8,12.896,23,15.6
21.7,56,196.2,89.4,100,18,73.2,23,83.8,1591,11.6,12.960,23,20.4
24.8,57,216.9,89.0,101,21,58.5,23,68.6,1872,5.8,12.960,23,10.5
27.9,58,232.4,89.0,101,22,55.2,23,60.8,1350,2.4,12.958,23,8.0
31.0,59,244.5,89.0,101,24,47.4,23,44.7,1270,3.7,12.918,23,9.8
34.1,60,243.5,89.0,101,23,23.4,23,28.8,1182,0.4,12.960,23,5.3
37.2,60,243.9,89.4,101,16,25.7,23,29.3,1271,0.0,12.899,23,5.9
40.3,60,244.0,89.5,101,5,32.1,23,41.0,935,0.0,12.923,23,6.1
43.4,61,244.0,89.8,101,0,36.4,23,46.8,881,0.2,12.908,23,5.9
46.5,61,244.0,89.5,101,2,34.4,23,46.7,1219,0.7,12.904,23,5.9
49.6,61,244.0,89.5,101,4,28.5,23,33.5,1187,0.1,12.964,23,5.6
52.7,61,243.5,89.8,101,0,28.0,23,37.3,829,0.4,12.952,23,4.6
55.8,62,240.0,89.8,101,0,25.5,23,32.9,741,0.4,13.032,23,3.9
58.9,62,234.6,89.4,101,0,25.0,23,36.2,687,0.4,12.792,23,3.9
62.0,62,230.1,89.4,101,0,31.0,23,42.2,789,0.7,12.881,23,5.0
65.1,63,228.0,89.4,101,0,32.2,23,47.1,1026,5.1,12.960,23,9.1
68.2,63,233.5,89.4,101,9,45.5,23,49.6,1613,5.6,12.960,24,10.9
71.3,63,242.9,89.4,101,16,41.5,23,39.2,1435,0.8,12.960,24,7.7
74.4,64,248.0,89.4,101,17,24.8,23,29.1,1281,0.4,12.960,24,4.9
77.5,64,248.0,89.4,101,16,19.7,23,23.1,1192,0.0,12.979,24,5.1
80.6,64,250.3,89.4,101,15,21.9,23,48.6,1689,3.0,12.990,24,11.9
83.7,65,265.6,89.4,101,22,63.0,23,66.0,1840,14.3,12.922,24,18.8
86.8,65,293.9,89.4,100,28,72.2,23,82.0,1932,18.8,12.998,23,24.9
89.9,66,322.3,89.4,100,34,73.2,23,83.0,1904,19.1,12.960,23,23.9
93.0,67,354.4,89.4,101,39,76.5,23,86.3,2095,27.9,12.960,23,35.8
96.1,68,383.2,89.4,101,44,77.0,23,87.8,2233,32.3,12.960,23,36.8
99.2,69,407.1,89.4,101,48,77.1,23,87.5,2464,29.4,12.960,23,34.6
102.3,70,433.7,89.4,101,51,77.1,23,87.1,2361,29.9,12.960,23,36.2
105.4,71,457.3,89.4,101,53,44.6,23,60.2,2235,21.4,12.970,23,25.5
108.5,71,452.0,89.4,101,45,14.5,23,17.2,1356,0.4,13.000,23,5.9
111.6,72,454.1,89.4,101,43,31.6,23,28.6,1342,5.2,12.960,23,9.9
114.7,72,462.3,89.4,101,44,41.5,23,55.8,1424,12.4,12.960,23,13.6
117.8,73,461.1,89.4,101,44,42.9,23,47.6,1359,5.3,12.960,23,14.6
120.9,73,470.6,89.4,101,45,66.5,23,75.6,1590,16.3,12.960,23,23.5
124.0,74,484.4,89.4,101,47,73.2,23,82.1,2000,22.3,12.990,23,29.0
127.1,75,502.8,89.4,101,51,76.9,22,87.2,2318,33.3,12.960,23,37.8
130.2,75,521.4,89.4,101,54,77.5,21,87.5,2407,33.9,12.960,21,38.8
133.3,76,537.1,89.4,101,57,78.4,21,89.3,2415,30.6,12.954,21,35.9
136.4,77,549.8,89.4,101,60,78.4,21,89.3,2453,30.2,12.927,21,35.3
139.5,78,562.2,89.4,101,62,78.0,21,87.2,2583,33.5,13.032,21,38.2
142.6,78,573.5,89.4,101,63,75.3,21,84.6,2890,30.1,12.960,21,34.5
145.7,79,582.8,89.4,100,65,74.4,21,84.7,2334,24.9,12.889,21,28.6
148.8,80,590.0,89.4,100,66,75.3,21,86.4,2517,27.2,12.960,21,32.0
151.9,81,599.0,89.4,100,67,75.7,21,85.2,2560,29.0,12.953,21,34.5
155.0,81,605.4,89.4,100,68,75.1,21,84.0,2587,29.0,12.936,21,34.1
158.1,82,608.0,89.4,100,68,73.7,21,78.0,2296,22.3,12.899,21,29.1
161.2,83,612.0,89.4,100,68,73.3,21,82.4,2223,22.2,12.960,21,26.6
164.3,84,612.0,89.4,101,68,53.4,21,68.7,2106,16.7,13.037,21,10.0
167.4,84,612.0,89.4,100,68,60.5,21,67.6,2075,14.2,12.931,21,18.3
170.5,84,612.0,89.4,100,68,68.2,21,76.9,2091,17.9,12.960,21,23.7
173.6,84,612.0,89.4,100,68,68.3,21,77.5,2100,17.5,12.960,21,22.0
176.7,85,612.0,89.4,100,70,68.0,21,77.4,2141,15.0,12.977,21,22.4
179.8,85,611.0,89.4,101,68,30.6,21,41.6,2070,6.9,12.986,21,9.5
182.9,86,608.0,89.4,100,68,40.6,21,41.3,2063,9.6,13.016,21,18.3
186.0,86,608.0,89.4,101,67,56.6,21,64.6,2037,11.1,13.023,21,15.6
189.1,86,608.0,89.8,100,66,66.3,21,75.3,2062,16.1,12.937,21,18.5
192.2,86,608.0,89.4,100,66,70.4,21,78.8,2150,19.0,12.935,21,24.3
195.3,86,611.2,89.4,100,66,68.6,20,79.6,2176,20.0,12.944,21,24.3
198.4,86,613.3,89.4,100,66,69.9,20,79.6,2211,20.9,12.993,20,25.1
201.5,86,616.0,89.4,100,67,70.1,20,80.2,2205,20.8,13.020,20,24.4
204.6,86,616.0,89.4,100,67,68.2,20,77.6,2047,18.5,12.974,20,19.5
207.7,86,616.0,89.4,100,67,68.2,20,77.3,2043,12.2,12.932,20,19.8
210.8,87,613.9,89.4,101,65,29.2,20,31.4,1964,3.9,13.020,20,10.3
213.9,87,611.8,89.4,101,65,58.0,20,66.7,1950,11.5,12.960,20,17.1
217.0,87,610.5,89.4,101,65,67.7,20,83.5,2078,24.3,12.960,20,27.7
220.1,87,616.0,89.4,101,66,73.1,20,83.0,2269,22.5,12.873,20,25.1
223.2,87,616.0,89.4,100,66,61.7,20,73.9,2025,16.5,12.960,20,22.5
226.3,87,616.0,89.4,100,66,64.8,20,73.3,2031,15.4,12.982,20,20.1
229.4,87,616.0,89.4,100,67,64.4,20,83.7,2192,11.2,12.975,20,15.3
232.5,87,613.4,89.4,101,66,18.9,20,16.8,1965,0.7,12.960,20,7.2
235.6,87,605.4,89.4,101,64,42.1,20,41.3,1930,10.7,12.960,20,14.7
238.7,87,608.0,89.5,100,64,68.9,20,77.8,2004,17.4,12.909,20,22.4
241.8,87,608.0,89.6,100,65,67.5,20,77.1,2052,17.3,12.802,20,22.4
244.9,87,608.0,89.4,100,66,67.5,20,76.2,2053,13.5,12.928,20,17.1
248.0,87,608.0,89.4,100,66,60.5,20,68.2,2004,13.6,12.960,20,17.1
251.1,87,608.0,89.5,100,66,53.6,20,62.5,2012,12.4,12.960,20,15.2
254.2,87,608.0,89.6,100,66,55.8,20,66.3,2025,13.3,12.885,20,17.1
257.3,87,604.3,89.7,100,67,47.9,20,53.4,2025,9.8,12.960,20,14.5
260.4,87,604.0,89.6,99,67,43.6,20,55.9,2060,10.8,12.960,20,15.6
263.5,87,595.9,89.8,101,68,12.6,20,20.5,2045,3.1,12.960,20,6.0
266.6,87,592.0,89.4,101,69,37.2,20,41.9,2144,7.3,12.960,20,10.3
269.7,87,586.1,89.4,101,70,13.3,20,16.7,2083,0.8,13.002,20,4.3
272.8,87,571.2,89.6,101,68,16.0,20,15.2,2059,0.4,12.810,20,5.2
275.9,86,564.2,89.4,101,67,28.2,20,32.4,2031,4.8,12.960,20,9.8
279.0,86,564.0,89.4,101,67,43.0,20,52.3,2148,2.3,12.960,21,9.6
282.1,86,554.8,89.4,101,65,20.4,20,22.0,2025,1.6,12.966,21,5.9
285.2,86,552.0,89.4,101,63,41.4,20,42.3,2018,8.3,13.000,21,13.1
288.3,86,554.6,89.4,101,64,61.8,20,70.6,2017,14.3,12.960,21,18.8
291.4,86,560.9,89.4,100,66,68.9,20,78.6,2131,18.5,12.912,20,24.2
294.5,86,567.0,89.4,100,65,72.2,20,82.7,2259,22.3,12.906,20,26.3
297.6,86,574.4,89.4,100,65,72.1,20,82.4,2265,21.7,12.988,20,26.7
300.7,86,583.4,89.4,100,65,71.9,20,82.3,2305,22.2,12.960,20,26.7
303.8,86,589.1,89.4,100,65,74.5,20,85.3,2366,23.3,13.015,20,28.0
306.9,86,597.4,89.4,100,65,73.5,20,84.3,2363,22.7,12.805,20,27.6
310.0,86,604.0,89.4,100,65,72.2,20,83.1,2330,22.5,12.960,20,27.1
313.1,86,606.9,89.0,100,66,72.5,20,83.2,2328,21.8,12.960,20,27.5
316.2,86,612.0,89.1,100,67,70.7,20,82.1,2231,20.3,12.862,20,25.2
319.3,86,612.0,89.4,100,67,46.1,20,58.0,2102,13.1,13.040,20,5.9
322.4,86,608.0,89.4,101,66,48.2,20,54.4,2011,9.9,12.984,20,14.3
325.5,86,604.1,89.4,101,66,43.3,20,44.1,1988,5.3,13.025,20,10.6
328.6,86,604.0,89.4,101,66,34.3,20,39.9,2007,6.8,13.034,20,12.6
331.7,86,600.0,89.4,101,67,55.2,20,61.2,2059,10.6,12.993,20,14.0
334.8,86,600.0,89.4,101,68,54.8,20,47.6,2051,9.5,12.960,20,16.7
337.9,86,600.0,89.4,101,67,46.9,20,51.4,2040,10.9,12.960,20,17.0
341.0,86,600.0,89.4,100,66,71.5,20,82.3,2158,22.3,12.960,20,24.9
344.1,86,604.0,89.4,100,67,69.3,20,79.7,2226,4.2,13.028,20,13.9
347.2,86,604.0,89.4,101,66,68.5,20,81.9,2077,20.9,12.960,20,24.2
350.3,86,605.9,89.4,100,66,68.7,20,77.9,2168,20.5,12.960,20,24.7
353.4,86,604.1,89.4,101,65,65.6,20,60.5,1952,8.4,12.990,20,15.7
356.5,86,608.0,89.8,100,63,69.7,20,80.3,2075,21.5,12.966,20,24.8
359.6,86,608.0,89.8,100,63,62.6,20,70.5,1950,15.5,13.013,20,19.1
362.7,86,608.0,89.6,100,63,56.4,20,68.2,1942,14.8,12.960,20,9.2
365.8,86,608.0,89.4,100,62,58.4,20,66.1,1907,12.3,12.960,20,16.5
368.9,86,608.0,89.4,100,63,75.4,20,84.9,2132,23.4,12.960,20,30.5
372.0,86,613.0,89.4,100,65,78.4,20,87.7,2491,29.1,12.960,20,29.8
375.1,86,618.8,89.4,100,65,74.7,20,84.5,2274,23.1,12.960,20,29.5
378.2,86,624.0,89.4,100,67,74.0,20,84.2,2553,13.7,13.009,20,23.8
381.3,86,618.3,89.4,101,66,41.3,20,37.5,2051,4.0,13.037,20,5.4
384.4,86,617.2,89.4,100,68,82.3,20,92.5,2939,38.2,12.960,20,45.8
387.5,86,622.8,89.4,100,70,80.1,20,89.2,3312,32.9,12.960,20,38.5
390.6,86,629.1,89.4,101,72,78.4,20,86.2,3439,30.1,12.960,20,37.1
393.7,86,635.6,89.4,101,74,79.4,20,86.1,3638,29.8,12.960,20,36.8
396.8,86,638.4,89.4,101,76,49.2,20,77.6,2467,23.6,12.960,20,31.3
399.9,86,639.9,89.7,100,76,76.6,20,87.1,2700,33.5,12.903,20,38.3
403.0,86,644.0,89.8,100,77,74.0,20,83.7,3053,33.2,12.840,20,39.3
406.1,86,644.0,89.8,100,78,69.8,20,77.3,3036,23.5,12.897,20,32.1
409.2,86,644.0,89.7,100,78,68.3,20,77.5,2500,18.2,12.907,20,22.4
412.3,86,644.0,89.4,100,80,70.2,20,80.9,2482,22.3,13.029,20,26.9
415.4,86,648.0,89.4,100,81,71.4,20,80.7,2482,18.8,12.980,20,23.1
418.5,86,645.0,89.4,99,81,39.0,20,49.8,2437,10.0,12.891,20,14.6
421.6,86,642.8,89.4,99,81,59.6,20,68.8,2473,15.1,12.974,20,20.4
424.7,86,640.0,89.4,100,82,65.6,20,75.4,2492,19.2,12.977,20,23.6
427.8,86,640.0,89.4,100,82,67.6,20,80.5,2511,18.2,12.960,20,25.2
430.9,86,640.0,89.4,100,80,68.8,20,77.4,2569,22.1,12.960,20,27.4
434.0,86,644.0,89.4,100,78,72.4,20,81.5,2784,27.9,12.960,20,32.3
437.1,86,644.0,89.4,100,76,66.2,20,76.2,2314,17.5,12.960,20,22.7
440.2,86,644.0,89.4,100,75,71.6,20,83.6,2346,22.8,13.035,20,27.0
443.3,86,644.3,89.4,100,73,74.5,20,84.5,2632,27.2,12.960,20,32.6
446.4,86,648.0,89.4,100,73,70.2,20,81.0,2398,17.4,12.960,20,26.4
449.5,86,648.0,89.4,100,73,72.1,20,82.8,2372,22.6,12.960,20,27.4
452.6,86,648.0,89.4,100,73,72.4,20,82.2,2428,22.7,13.034,20,27.4
455.7,86,648.0,89.4,100,73,72.9,20,83.3,2456,22.7,12.960,20,27.5
458.8,86,648.0,89.6,100,74,69.3,20,79.3,2262,18.4,12.887,20,23.9
461.9,86,648.0,89.4,100,75,65.9,20,76.6,2269,18.6,12.960,20,22.8
465.0,86,648.0,89.4,100,75,65.3,20,78.6,2310,20.4,12.960,20,24.4
468.1,86,644.7,89.4,101,74,20.1,20,17.5,2209,0.6,12.916,20,4.8
471.2,86,634.4,89.4,101,73,18.5,20,21.5,2163,2.5,13.040,20,7.0
474.3,86,632.0,89.4,100,71,51.9,20,56.7,2163,12.0,13.040,20,18.4
477.4,86,632.0,89.4,100,71,75.2,20,85.5,2468,25.3,12.982,20,30.5
480.5,86,635.5,89.4,100,72,74.2,20,84.9,2691,29.0,12.923,20,33.8
483.6,86,640.0,89.4,100,72,75.3,20,85.4,2749,30.6,12.916,20,36.1
486.7,86,643.4,89.4,100,73,76.3,20,84.7,2761,30.6,12.960,20,40.4
489.8,86,645.2,89.4,100,75,73.9,20,85.5,2763,30.9,12.960,20,35.3
492.9,86,642.0,89.4,100,73,50.6,20,39.0,2236,2.4,13.030,20,5.8
496.0,86,636.0,89.4,100,71,49.7,20,56.4,2253,12.6,12.923,20,16.8
499.1,86,628.7,89.4,100,70,24.1,20,19.9,2091,0.6,12.958,20,7.6
502.2,86,624.0,89.4,100,67,51.4,20,58.9,2144,11.6,12.916,20,18.2
505.3,86,624.0,89.4,100,68,69.5,20,79.3,2324,19.6,12.951,21,24.0
508.4,86,624.0,89.4,100,68,69.0,20,79.9,2304,20.2,12.960,21,25.1
511.5,86,624.0,89.4,100,70,65.6,20,77.3,2262,19.0,12.886,21,15.9
514.6,86,624.0,89.4,99,71,64.0,20,73.9,2159,15.7,12.960,21,20.3
517.7,86,621.6,89.4,99,71,38.1,20,42.3,2145,2.2,12.960,21,8.1
520.8,86,616.0,89.4,100,71,41.9,20,44.4,2176,9.9,12.960,21,14.4
523.9,86,616.0,89.4,99,71,51.5,20,58.9,2192,11.0,13.035,21,15.5
527.0,86,615.5,89.4,99,73,28.6,20,38.8,2204,7.6,12.960,21,10.5
530.1,86,607.0,89.4,100,72,16.1,20,17.2,2164,3.6,12.962,21,7.8
533.2,86,599.5,89.4,98,72,21.2,20,25.6,2158,3.0,12.999,21,8.4
536.3,86,596.0,89.4,98,71,24.1,20,28.4,2150,2.7,12.963,21,7.7
539.4,86,591.6,89.4,98,71,23.0,20,27.0,2167,2.7,12.914,21,6.7
542.5,86,586.0,89.4,99,71,19.0,20,22.6,2137,3.0,12.998,21,6.6
545.6,86,580.6,89.4,98,71,21.7,20,26.3,2162,3.2,12.941,21,6.0
548.7,86,580.0,89.4,98,71,39.5,20,46.1,2349,7.2,12.942,21,11.7
551.8,86,580.0,89.4,99,72,30.3,20,33.2,2227,5.7,12.960,21,13.0
554.9,86,565.9,89.4,101,70,14.7,20,14.4,2086,0.0,12.960,21,7.1
558.0,86,560.0,89.4,100,66,23.5,20,25.5,2021,3.4,12.960,21,9.8
561.1,86,560.0,89.4,99,65,64.1,20,74.1,2193,16.4,12.960,21,20.9
564.2,86,568.1,89.4,100,65,67.5,20,76.8,2214,18.6,12.928,21,23.2
567.3,86,574.5,89.4,100,65,70.1,20,80.0,2279,20.4,12.957,21,24.8
570.4,86,580.8,89.4,100,66,71.4,20,80.9,2281,21.2,12.960,21,25.7
573.5,86,587.1,89.4,100,66,70.6,20,81.4,2275,21.1,12.968,21,25.9
576.6,86,593.7,89.4,100,67,75.2,20,87.0,2422,25.9,12.975,21,30.8
579.7,86,596.3,89.4,100,68,75.1,20,85.0,2635,28.0,12.960,21,33.6
582.8,86,602.9,89.4,100,70,73.7,20,83.8,2662,27.7,12.805,21,33.3
585.9,86,608.8,89.4,100,72,68.3,20,82.6,2349,26.0,12.960,21,28.1
589.0,86,614.6,89.4,100,72,75.0,20,85.5,2643,31.0,12.960,21,36.0
592.1,86,620.0,89.4,100,73,74.5,20,84.1,2733,27.0,12.917,21,30.6
595.2,86,622.3,89.4,100,73,68.9,20,82.6,2282,22.4,12.960,21,23.7
598.3,86,624.0,89.8,100,73,50.2,20,70.7,2296,20.5,13.002,21,18.1
601.4,86,624.0,89.6,100,73,67.1,20,81.2,2366,21.9,13.037,21,20.2
604.5,86,623.8,89.4,100,72,23.2,20,37.1,2184,9.8,12.915,21,10.1
607.6,86,617.5,89.4,99,70,24.6,20,24.1,2070,0.5,12.881,21,5.2
610.7,86,616.0,89.7,99,70,64.6,20,72.8,2143,14.8,12.960,21,20.5
613.8,86,613.2,89.4,100,70,62.9,20,71.5,2129,15.0,12.904,21,19.2
616.9,86,616.0,89.5,100,71,65.9,20,75.3,2190,16.9,12.988,21,22.0
620.0,86,608.6,89.8,101,71,18.7,20,19.1,2135,3.2,13.015,21,5.4
623.1,86,608.0,89.4,99,70,48.8,20,58.3,2250,11.9,12.960,21,16.5
626.2,86,608.0,89.4,101,70,52.3,20,54.1,2178,12.7,12.850,21,18.7
629.3,86,602.0,89.4,101,69,28.0,20,29.3,2098,4.3,12.960,21,13.2
632.4,86,603.7,89.4,101,68,60.3,20,68.7,2223,11.3,12.821,21,19.9
635.5,86,601.2,89.4,100,68,56.4,20,71.4,2175,14.1,12.983,21,17.9
638.6,86,607.0,89.4,100,69,71.8,20,81.8,2366,23.8,12.960,21,30.3
641.7,86,608.9,89.4,100,70,70.5,20,81.6,2276,20.9,12.960,21,24.7
644.8,86,612.0,89.4,99,71,54.9,20,64.5,2409,20.1,12.960,21,22.2
647.9,86,608.3,89.4,100,71,18.5,20,18.9,2137,0.7,12.960,21,5.9
651.0,86,599.4,89.4,100,70,10.4,20,11.9,2102,0.2,12.960,21,5.3
654.1,86,592.0,89.4,100,68,46.4,20,45.3,2114,9.0,12.960,21,14.4
657.2,86,592.0,89.4,100,70,66.2,20,76.5,2188,17.3,12.960,21,21.9
660.3,86,596.4,89.4,100,71,72.6,20,83.1,2401,22.0,12.998,21,27.4
663.4,86,603.2,89.4,100,73,69.1,20,78.8,2440,18.1,13.030,21,18.2
666.5,86,604.0,89.4,99,75,57.9,20,62.8,2253,11.9,12.960,21,16.3
669.6,86,604.0,89.4,99,75,50.7,20,56.3,2257,11.0,13.021,21,17.2
672.7,86,604.0,89.4,99,75,56.5,20,65.4,2264,12.6,12.928,21,17.1
675.8,86,604.0,89.4,99,74,45.5,20,47.5,2237,5.8,12.960,21,12.6
678.9,86,600.8,89.4,99,73,48.5,20,63.5,2268,15.6,12.911,21,19.3
682.0,86,604.0,89.4,100,74,46.2,20,59.2,2375,18.0,12.972,21,28.2
685.1,86,596.7,89.4,101,72,10.2,20,12.6,2129,0.4,13.040,21,4.5
688.2,86,584.9,89.4,100,70,35.1,20,33.3,2080,4.6,13.022,21,18.3
691.3,86,584.0,89.4,100,70,15.0,20,26.3,2094,14.3,12.914,21,18.6
694.4,86,586.9,89.4,100,70,75.3,20,84.8,2302,22.5,12.997,21,29.1
697.5,86,589.4,89.4,101,70,17.7,20,26.7,2140,3.9,12.915,21,17.3
700.6,86,580.0,89.4,100,68,55.4,20,72.8,2111,16.2,12.960,21,17.5
703.7,86,581.6,89.4,100,68,67.4,20,78.5,2153,19.7,12.960,21,23.8
706.8,86,584.0,89.4,100,67,47.3,20,66.1,2120,16.4,12.977,21,15.6
709.9,86,586.3,89.4,100,67,69.8,20,85.1,2173,15.9,12.965,21,12.4
713.0,86,588.0,89.4,100,66,67.1,20,73.9,2007,14.5,12.960,21,23.9
716.1,86,590.8,89.4,100,66,72.9,20,81.5,2105,19.9,12.886,21,24.3
719.2,86,596.0,89.4,100,68,70.0,20,80.9,2188,20.1,12.960,21,25.9
722.3,86,598.2,89.4,100,69,73.7,20,84.5,2277,23.7,13.032,21,28.4
725.4,86,604.3,89.4,100,71,74.6,20,82.7,2460,24.9,12.960,21,31.1
728.5,86,608.0,89.4,100,71,68.2,20,82.5,2338,22.7,12.993,21,24.8
731.6,86,608.0,89.4,100,71,65.0,20,78.1,2162,19.2,12.960,21,23.4
734.7,86,612.0,89.4,100,71,62.5,20,71.5,2150,15.3,12.960,21,21.9
737.8,86,612.0,89.4,101,70,66.3,20,74.6,2137,17.1,12.976,21,21.2
740.9,86,612.0,89.4,101,70,71.4,20,80.2,2148,20.2,12.987,21,24.5
744.0,86,614.9,89.4,101,71,72.9,20,82.5,2308,22.7,12.953,21,27.5
747.1,86,620.0,89.4,100,71,75.3,20,85.5,2449,25.2,12.880,21,29.3
750.2,86,623.3,89.4,100,71,74.4,20,84.6,2608,27.9,12.904,21,32.5
753.3,86,628.0,89.4,100,70,73.0,20,84.2,2457,24.4,12.988,21,30.7
756.4,86,631.2,89.4,100,69,74.4,20,85.6,2545,28.0,12.960,20,33.1
759.5,86,633.1,89.4,100,68,75.3,20,85.8,2610,29.5,13.013,20,34.4
762.6,86,636.0,89.4,100,68,76.2,20,86.0,2612,31.5,12.960,20,35.7
765.7,86,641.2,89.4,100,68,76.9,20,86.7,2795,35.3,12.960,20,40.6
768.8,86,644.0,89.4,100,69,73.5,20,83.7,2978,31.0,12.960,20,36.0
771.9,86,644.0,89.4,100,71,68.0,20,76.6,2853,15.5,12.960,20,27.9
775.0,86,644.1,89.4,100,72,73.5,20,84.1,2420,24.4,13.011,20,29.1
778.1,86,648.0,89.4,100,74,72.1,20,81.6,2561,24.3,12.960,20,29.4
781.2,86,648.0,89.4,100,77,72.7,20,82.4,2714,26.4,12.924,20,31.3
784.3,86,650.9,89.4,100,79,71.8,20,81.4,2837,26.6,12.977,20,32.6
787.4,86,652.0,89.4,100,81,70.6,20,80.8,2860,26.3,12.988,20,31.8
790.5,86,652.0,89.4,100,82,70.1,20,80.7,2715,24.8,12.942,20,31.4
793.6,86,652.0,89.0,100,81,73.7,20,83.7,2510,24.6,12.931,20,28.8
796.7,86,654.7,89.0,100,80,75.2,20,84.1,2747,29.8,12.958,20,36.8
799.8,86,656.0,89.4,100,80,75.4,20,83.3,2800,30.7,12.925,20,33.6
802.9,86,656.0,89.4,99,80,59.1,20,59.2,2417,12.7,12.948,20,18.5
806.0,86,652.0,89.4,99,78,39.7,20,49.1,2378,7.3,12.880,20,13.9
809.1,86,648.5,89.4,98,77,35.5,20,41.8,2326,7.1,12.848,20,11.3
812.2,86,642.5,89.4,98,76,38.7,20,44.0,2300,8.2,12.960,20,12.2
815.3,86,640.0,89.4,99,75,54.3,20,63.3,2287,13.2,12.936,20,18.1
818.4,86,640.0,89.4,99,75,60.4,20,69.5,2287,14.4,12.945,20,19.7
821.5,86,636.7,89.4,100,75,59.5,20,69.6,2287,15.1,12.960,20,20.0
824.6,86,636.0,89.4,99,75,61.2,20,70.3,2287,15.0,12.870,20,19.7
827.7,86,636.0,89.4,100,75,64.2,20,73.2,2300,17.3,12.960,20,20.8
830.8,86,634.4,89.4,100,76,61.6,20,74.0,2311,16.8,13.003,20,20.5
833.9,86,628.3,89.4,101,75,19.5,20,38.8,2244,6.9,12.960,20,6.4
837.0,86,628.0,89.4,100,73,65.0,20,73.4,2246,16.0,12.960,20,22.4
840.1,86,628.0,89.4,100,73,72.8,20,83.6,2400,21.7,12.960,20,26.9
843.2,86,630.3,89.4,101,72,72.1,20,81.3,2313,22.0,12.960,20,26.8
846.3,86,632.0,89.4,101,72,54.9,20,41.5,2243,16.4,12.960,20,25.6
849.4,86,632.0,89.4,101,72,63.6,20,72.3,2200,15.8,12.982,20,19.8
852.5,86,628.0,89.4,101,72,64.6,20,73.7,2211,16.9,13.040,20,21.4
855.6,86,627.4,89.4,100,72,32.9,20,39.9,2176,10.3,12.960,20,17.6
858.7,86,624.0,89.4,99,71,42.0,20,50.4,2144,7.9,12.960,21,12.3
861.8,86,620.0,89.4,99,70,47.1,20,32.9,2107,4.8,12.960,21,12.8
864.9,86,617.3,89.4,99,70,53.2,20,65.7,2107,13.9,13.014,21,18.0
868.0,86,616.0,89.4,100,70,59.6,20,63.6,2116,14.2,12.960,21,21.9
871.1,86,616.0,89.4,101,70,44.1,20,49.8,2113,2.1,12.960,21,7.1
874.2,86,608.0,89.4,100,68,58.4,20,58.6,2086,12.5,12.960,21,18.3
877.3,86,611.1,89.4,100,68,42.0,20,54.3,2077,14.4,12.960,21,16.6
880.4,86,608.0,89.4,99,68,60.8,20,65.2,2069,12.4,12.960,21,15.7
883.5,86,608.0,89.4,99,68,60.8,20,72.1,2075,15.6,12.960,21,15.7
886.6,86,608.0,89.4,100,68,65.8,20,75.1,2111,17.3,12.999,21,21.3
889.7,86,608.0,89.4,100,69,65.8,20,76.1,2145,19.2,12.965,21,19.1
892.8,86,608.0,89.4,100,70,62.1,20,62.2,2121,13.5,12.845,21,19.3
895.9,86,608.0,89.4,100,70,62.8,20,72.9,2141,16.5,12.960,21,15.8
899.0,86,609.2,89.4,100,71,70.1,20,83.6,2225,24.1,12.858,21,27.1
902.1,86,615.5,89.4,100,73,75.5,20,84.7,2683,27.8,12.960,21,33.3
905.2,86,622.0,89.4,100,75,73.2,20,84.6,2765,30.7,12.960,20,36.7
908.3,86,624.0,89.4,99,76,57.6,20,68.6,2304,13.4,12.960,20,15.3
911.4,86,621.4,89.4,99,75,55.5,20,67.9,2307,9.3,12.960,20,13.7
914.5,86,620.0,89.4,99,75,53.3,20,64.5,2279,12.7,12.960,20,13.9
917.6,86,622.1,89.4,100,75,77.3,20,89.1,2505,33.0,12.960,20,33.9
920.7,86,627.9,89.0,100,76,77.2,20,87.4,3023,37.3,12.976,20,43.4
923.8,86,630.3,89.0,100,76,79.5,20,89.5,3242,33.7,12.961,20,40.5
926.9,86,636.4,89.0,101,77,80.0,20,89.5,3291,33.7,12.960,20,40.4
930.0,86,640.0,89.0,101,77,78.7,20,87.3,3351,32.6,13.049,20,38.6
933.1,86,644.0,89.0,100,78,75.4,20,85.5,3198,29.8,12.991,20,36.5
936.2,86,646.3,88.8,101,78,76.4,20,85.7,3251,30.2,12.968,20,36.5
939.3,86,648.1,88.6,101,78,76.2,20,85.5,3240,28.3,12.986,20,35.7
942.4,86,652.0,88.6,100,79,74.5,20,83.9,3262,27.0,12.902,20,33.6
945.5,86,655.9,88.6,100,80,73.0,20,81.9,3351,26.2,12.960,20,33.5
948.6,86,656.0,88.6,100,82,71.5,20,70.4,3318,20.4,12.960,20,28.6
951.7,86,656.0,88.6,101,85,72.6,20,81.0,2807,27.2,12.977,20,34.0
954.8,86,656.0,88.6,101,87,74.9,20,83.3,3188,30.0,12.960,20,36.2
957.9,86,660.0,88.6,101,88,75.7,20,84.6,3198,30.6,12.934,20,36.9
961.0,86,660.0,88.6,100,86,73.7,20,83.1,3101,31.0,12.947,20,37.2
964.1,86,660.0,88.6,100,85,73.1,20,82.8,3091,31.0,12.960,20,37.3
967.2,86,660.0,88.2,100,85,67.8,20,74.4,2968,25.8,12.817,20,33.4
970.3,86,659.6,88.2,99,83,47.9,20,55.7,2541,9.5,12.965,20,15.6
973.4,86,656.0,88.2,99,83,54.9,20,62.8,2522,12.9,13.040,20,18.0
976.5,86,652.0,88.2,99,82,54.9,20,62.8,2502,13.2,12.990,20,16.3
979.6,86,648.6,88.2,99,81,46.2,20,54.2,2445,9.9,12.960,20,15.8
982.7,86,648.0,88.2,99,80,62.5,20,70.1,2437,15.4,12.960,20,20.2
985.8,86,648.0,88.2,100,80,65.8,20,76.0,2434,17.6,12.882,20,23.3
988.9,86,644.0,88.2,100,78,33.0,20,52.0,2385,13.1,12.960,20,20.1
992.0,86,644.0,88.2,99,77,49.8,20,47.2,2358,15.1,12.887,20,26.1
995.1,86,644.0,88.2,100,76,72.2,20,82.8,2606,29.0,12.960,20,37.5
998.2,86,644.0,88.2,100,76,75.6,20,86.0,2556,27.9,13.040,20,35.4
1001.3,86,648.0,88.2,100,77,74.6,20,83.1,2715,28.0,12.998,20,36.2
1004.4,86,650.3,88.2,100,78,74.4,20,83.7,2689,28.0,12.960,20,32.8
1007.5,86,652.0,88.2,100,78,76.7,20,86.8,2842,35.9,12.960,20,41.2
1010.6,86,653.5,88.2,100,80,76.8,20,86.1,2887,36.4,12.960,20,41.2
1013.7,86,656.0,88.2,100,80,73.2,20,83.9,3060,32.3,12.960,20,38.8
1016.8,86,656.0,88.2,100,80,74.7,19,85.8,3150,31.4,12.960,20,37.7
1019.9,86,656.0,88.2,100,80,73.4,19,83.3,3101,29.8,13.006,19,36.8
1023.0,86,656.0,88.2,100,80,69.3,19,79.0,2991,26.0,12.960,19,33.2
1026.1,86,656.0,88.2,100,81,64.8,19,65.9,2610,17.9,12.960,19,24.2
1029.2,86,656.0,88.2,100,81,68.9,19,78.5,2506,20.7,12.960,20,27.5
1032.3,86,655.3,88.2,100,81,65.5,19,75.4,2505,19.8,12.960,20,26.7
1035.4,86,646.9,88.2,100,81,39.8,19,20.7,2429,1.5,12.800,20,8.8
1038.5,86,640.0,88.2,99,79,21.3,19,17.5,2400,7.8,12.954,20,15.1
1041.6,86,640.0,88.2,99,79,65.0,19,76.4,2492,20.4,12.960,20,22.7
1044.7,86,640.0,88.2,100,80,72.5,19,83.1,2843,26.9,12.960,20,32.4
1047.8,86,640.0,88.2,100,81,71.6,19,80.9,2569,22.2,12.930,20,26.5
1050.9,86,644.0,88.2,101,81,71.4,19,81.0,2512,22.7,12.960,20,27.5
1054.0,86,644.0,88.2,101,81,72.2,19,81.3,2512,22.4,12.960,20,27.3
1057.1,86,644.0,88.2,101,80,71.8,19,81.3,2482,22.4,12.816,20,27.5
1060.2,86,644.0,88.2,99,79,46.9,19,59.9,2409,13.7,12.967,20,16.8
1063.3,86,641.1,88.2,99,78,46.3,19,53.5,2333,8.9,12.960,20,12.8
1066.4,86,640.0,88.3,100,77,70.5,19,79.0,2335,19.0,12.906,20,25.3
1069.5,86,640.0,88.3,100,77,74.0,19,83.5,2561,26.2,12.960,20,30.6
1072.6,86,644.0,88.2,100,78,76.0,19,83.1,2948,34.8,12.960,20,41.1
1075.7,86,647.6,88.2,100,78,75.3,19,84.1,3089,32.6,12.940,19,38.1
1078.8,86,648.0,88.2,100,77,76.5,19,85.4,3114,34.4,12.939,19,40.7
1081.9,86,652.0,88.2,100,76,75.5,19,85.3,3131,31.9,12.985,19,38.8
1085.0,86,652.0,88.2,100,76,69.7,19,76.2,2882,26.8,12.960,19,32.5
1088.1,86,651.9,88.2,100,76,62.4,19,70.2,2411,13.9,12.960,19,20.4
1091.2,86,648.0,88.2,99,78,56.9,19,65.8,2357,13.9,12.960,19,18.0
1094.3,86,648.0,88.2,100,78,70.1,19,77.6,2492,20.4,12.960,20,24.7
1097.4,86,648.0,88.2,100,78,69.2,19,78.4,2374,18.6,12.960,20,24.4
1100.5,86,648.0,88.2,100,76,72.2,19,84.3,2552,24.4,12.993,20,29.6
1103.6,87,648.0,88.2,100,76,70.0,19,73.7,2528,22.7,12.960,20,27.1
1106.7,87,647.0,88.2,100,76,57.8,19,65.7,2310,10.8,13.007,20,18.5
1109.8,87,641.3,88.2,99,76,34.2,19,44.5,2334,9.4,13.029,20,14.7
1112.9,87,636.0,88.2,99,78,32.7,19,53.1,2359,10.2,12.922,20,11.6
1116.0,87,636.0,88.6,99,78,58.2,19,61.7,2394,15.0,12.960,20,20.0
1119.1,87,632.0,88.2,100,77,70.4,19,68.3,2467,15.8,12.960,20,16.2
1122.2,87,634.1,88.2,100,77,77.6,19,86.8,2892,36.4,12.960,20,39.6
1125.3,87,639.5,88.2,100,78,77.4,19,86.2,3146,32.6,12.960,20,38.8
1128.4,86,641.4,88.2,100,77,76.8,19,86.0,3120,33.1,12.960,20,39.4
1131.5,86,644.0,88.2,100,76,74.9,19,84.4,3045,34.3,12.960,20,40.4
1134.6,86,648.0,88.2,100,76,76.1,19,84.9,3125,32.3,12.960,20,38.7
1137.7,86,648.0,88.2,100,75,71.8,19,81.4,2929,26.7,12.960,20,33.6
1140.8,86,648.0,88.2,100,73,64.5,19,76.0,2347,19.9,12.960,20,22.8
1143.9,86,648.0,88.2,100,72,66.7,19,76.7,2225,19.3,12.880,20,23.9
1147.0,86,644.0,88.2,100,72,65.0,19,76.1,2215,19.4,12.932,20,20.4
1150.1,87,644.0,88.2,100,74,66.6,19,77.3,2256,18.5,12.960,20,23.0
1153.2,87,644.0,88.2,101,76,73.6,19,83.0,2471,22.6,12.960,20,29.2
1156.3,87,644.0,88.2,101,76,72.6,19,81.0,2616,23.7,12.960,20,29.1
1159.4,87,647.0,88.2,101,74,67.3,19,76.5,2340,18.3,12.960,20,24.4
1162.5,87,644.0,88.2,100,73,62.7,19,73.2,2245,16.6,12.960,20,19.2
1165.6,87,644.0,88.2,100,74,73.0,19,84.7,2433,26.5,12.960,20,32.0
1168.7,87,644.0,88.2,100,76,71.0,19,80.6,2510,24.9,12.960,20,32.1
1171.8,87,644.0,87.8,100,77,68.4,19,78.1,2365,19.6,12.960,20,24.2
1174.9,87,644.0,88.2,100,80,69.0,19,78.0,2443,18.8,12.960,20,23.6
1178.0,87,644.0,88.2,100,81,49.1,19,60.8,2482,14.9,12.960,20,17.2
1181.1,87,627.8,88.2,101,82,12.4,19,13.3,2435,0.4,12.960,20,5.1
1184.2,87,614.1,88.4,101,79,16.4,19,15.5,2375,1.9,12.960,20,8.4
1187.3,86,612.0,88.6,99,78,35.7,19,41.6,2375,7.1,12.960,20,10.4
1190.4,86,612.0,88.2,99,77,52.9,19,66.6,2361,13.1,12.960,20,17.3
1193.5,86,612.0,88.2,100,76,61.8,19,71.1,2343,14.9,12.880,20,20.2
1196.6,86,609.7,88.2,99,75,37.3,19,47.1,2282,10.0,12.954,20,11.5
1199.7,86,600.1,88.2,101,73,11.0,19,13.3,2136,0.4,12.960,20,4.8
1202.8,86,586.0,88.2,101,68,25.7,19,32.4,2042,5.4,12.960,20,11.9
1205.9,86,587.8,88.2,100,66,35.4,19,41.5,2222,14.0,12.960,20,20.5
1209.0,86,583.8,88.2,99,65,56.1,19,59.6,2211,11.6,12.960,20,15.9
1212.1,86,589.0,88.1,100,66,70.3,19,80.0,2302,20.4,12.960,20,24.6
1215.2,86,592.0,87.8,100,66,71.4,19,81.8,2345,21.4,12.883,20,28.0
1218.3,86,596.0,87.8,100,67,51.0,19,68.9,2121,17.8,12.960,20,20.8
1221.4,86,596.0,87.8,99,65,48.2,19,54.2,1980,10.7,12.887,20,12.6
1224.5,86,596.0,87.8,99,63,67.8,19,77.6,1951,16.8,12.899,20,17.9
1227.6,86,598.9,88.1,100,63,67.9,19,77.9,1984,20.2,12.960,20,21.6
1230.7,87,600.7,88.2,100,61,72.7,19,81.0,1942,19.1,12.960,20,22.5
1233.8,87,604.0,88.2,100,60,73.1,19,83.3,2101,21.9,12.883,20,26.9
1236.9,87,608.0,88.2,100,60,67.0,19,77.2,1989,16.4,12.960,20,20.5
1240.0,87,608.0,88.2,100,58,70.8,19,82.1,1921,22.4,12.960,20,25.3
1243.1,87,612.9,88.2,100,57,71.5,19,81.8,2136,20.6,12.960,20,26.1
1246.2,87,616.0,88.2,100,58,71.1,19,81.2,2118,22.0,12.942,20,25.4
1249.3,87,621.5,88.2,100,58,74.7,19,85.5,2301,26.8,12.939,20,30.8
1252.4,87,628.1,88.2,100,58,76.7,19,87.2,2415,28.4,12.926,20,33.2
1255.5,87,632.0,88.2,100,58,57.7,19,74.6,2318,27.2,12.952,20,23.3
1258.6,87,632.0,88.2,100,57,73.9,19,77.6,1876,24.4,12.960,20,25.8
1261.7,87,635.5,88.2,100,58,77.9,19,87.8,2709,34.6,12.880,20,41.8
1264.8,87,641.6,88.3,100,61,72.5,19,82.9,3105,30.8,12.880,20,33.5
1267.9,87,644.0,88.6,100,64,68.1,19,79.8,2135,21.0,12.960,20,23.9
1271.0,87,644.0,88.6,100,65,69.8,19,80.6,2261,21.8,12.895,20,26.1
1274.1,87,640.1,88.6,100,63,68.6,19,63.8,1997,4.5,12.907,20,12.3
1277.2,87,637.7,88.6,100,59,11.8,19,13.8,1767,0.9,12.888,21,4.7
1280.3,87,624.0,88.6,100,55,44.8,19,44.1,1694,5.0,12.960,21,11.8
1283.4,87,624.0,88.3,99,55,61.8,19,73.6,1809,16.9,12.957,21,20.3
1286.5,87,624.0,88.2,99,56,63.3,19,71.5,1912,13.0,12.933,21,17.5
1289.6,87,620.8,88.2,100,56,31.0,19,40.9,1711,5.0,12.960,21,5.6
1292.7,87,612.0,88.2,100,55,63.0,19,71.3,1754,13.7,12.960,21,13.9
1295.8,87,615.5,88.2,99,57,69.2,19,79.0,1991,18.9,12.982,21,23.5
1298.9,87,614.8,88.2,100,57,46.5,19,37.0,1797,6.2,12.901,21,14.6
1302.0,87,609.1,88.2,100,55,16.8,19,22.9,1653,0.4,12.960,21,4.3
1305.1,87,597.8,88.2,100,52,14.3,19,15.2,1544,2.7,12.960,21,7.1
1308.2,87,592.0,88.2,100,51,50.6,19,58.1,1537,8.2,12.960,21,12.6
1311.3,87,590.4,88.2,100,51,36.5,19,40.6,1513,3.5,12.960,23,8.8
1314.4,87,576.9,88.2,100,47,21.2,19,24.3,1403,0.1,12.969,23,5.9
1317.5,87,560.7,88.2,100,43,24.0,19,26.8,1265,0.7,12.977,23,6.2
1320.6,87,556.0,88.2,100,37,24.6,19,30.0,1202,0.4,12.960,23,4.9
1323.7,87,544.0,88.2,100,30,37.1,19,38.8,1237,0.4,12.960,23,5.8
1326.8,87,540.9,88.2,100,23,16.9,19,20.2,1257,0.4,12.897,23,4.3
1329.9,87,534.4,88.2,100,17,18.0,19,21.6,1211,0.4,12.960,23,4.3
1333.0,87,525.8,88.2,100,11,20.9,19,25.5,1170,0.4,12.960,23,4.3
1336.1,87,515.1,88.2,100,7,25.7,19,35.2,1083,0.1,12.910,23,5.7
1339.2,87,505.8,88.2,100,5,31.5,19,38.6,948,0.1,13.056,23,5.9
1342.3,87,498.9,88.2,100,3,28.9,19,40.7,1012,3.7,12.944,23,6.8
1345.4,87,492.7,88.2,100,4,23.3,19,25.9,1261,0.4,12.997,23,4.4
1348.5,87,488.0,88.2,100,6,52.6,19,54.8,1844,7.5,12.933,24,9.9
1351.6,87,488.0,88.2,100,17,65.2,19,73.6,1817,16.1,13.013,24,21.1
1354.7,87,502.2,87.8,100,26,75.2,19,85.7,1945,23.4,12.912,25,27.5
1357.8,87,520.5,87.8,99,32,75.2,19,86.3,1918,24.4,12.892,24,28.5
1360.9,87,535.1,87.9,100,37,77.6,19,89.8,2159,30.4,12.960,24,35.5
1364.0,87,553.8,88.2,100,41,80.4,19,91.8,2507,39.8,12.895,24,44.1
1367.1,87,573.8,88.2,100,46,77.2,19,86.7,3080,36.8,12.835,23,44.5
1370.2,87,589.8,88.2,99,52,82.2,19,88.0,3791,33.0,12.880,23,39.6
1373.3,87,602.0,88.2,100,57,77.0,19,85.9,3577,32.2,12.932,23,38.0
1376.4,86,615.1,88.2,100,61,81.0,19,88.1,3636,34.0,12.901,23,42.5
1379.5,86,621.7,88.2,100,64,67.4,19,73.5,2646,20.9,12.960,23,34.4
1382.6,86,627.9,88.2,99,65,76.1,19,87.4,2535,36.0,12.960,23,39.4
1385.7,86,630.1,88.2,99,66,75.7,19,86.5,2963,37.0,12.960,23,43.6
1388.8,86,636.0,87.8,99,68,76.7,19,87.4,3154,34.4,12.960,23,40.7
1391.9,86,638.5,87.8,100,70,78.4,19,88.0,3435,33.2,12.960,23,40.1
1395.0,86,644.0,87.8,100,72,75.8,19,85.2,3533,30.6,12.880,23,38.7
1398.1,86,645.5,87.7,100,74,78.8,19,85.5,3697,29.8,12.959,23,36.7
1401.2,53,650.5,87.5,100,75,79.3,19,84.3,3910,29.3,12.960,23,37.3
1404.3,86,652.0,87.5,99,77,72.1,19,79.0,3892,22.9,12.960,23,30.3
1407.4,86,654.0,87.5,100,78,77.5,19,80.3,4054,26.1,12.960,23,35.1
1410.5,86,656.0,87.5,99,78,79.3,19,83.1,4185,29.2,12.866,23,37.6
1413.6,86,658.4,87.8,99,77,80.0,19,82.8,4055,28.7,12.804,23,36.8
1416.7,86,660.0,87.8,99,76,81.4,19,85.5,4034,31.5,12.960,23,40.1
1419.8,86,660.0,87.8,99,75,85.8,19,88.5,4067,37.8,12.958,23,45.8
1422.9,86,664.0,87.8,99,75,87.0,19,90.7,4096,41.7,12.924,23,50.0
1426.0,86,664.0,87.8,99,75,85.6,19,89.7,4106,37.8,12.952,23,45.6
1429.1,86,664.0,87.7,99,75,84.7,19,88.2,4041,37.2,12.931,23,45.2
1432.2,86,664.0,87.5,99,75,83.4,19,88.6,4016,37.2,12.960,23,43.5
1435.3,86,668.0,87.5,99,75,83.8,19,87.9,3987,36.4,12.960,23,45.4
1438.4,86,668.0,87.5,99,75,86.3,19,89.5,4090,38.2,12.974,23,47.7
1441.5,86,668.0,87.1,99,74,70.9,19,78.4,3761,29.5,12.963,23,43.2
1444.6,86,668.0,87.1,98,72,78.3,19,88.2,3048,43.1,12.888,23,49.6
1447.7,87,668.0,87.1,98,69,76.5,19,87.1,3132,39.6,12.948,23,45.9
1450.8,87,668.0,87.1,98,67,78.2,19,90.8,3250,39.2,12.960,23,45.6
1453.9,87,670.2,87.1,98,67,79.2,19,90.2,3250,38.4,12.960,23,44.7
1457.0,87,672.0,87.1,98,66,77.1,19,88.3,3198,37.7,12.960,23,44.8
1460.1,87,672.0,87.1,98,66,78.5,19,91.0,3244,38.1,12.960,23,45.0
1463.2,87,672.0,87.1,98,65,78.6,19,91.1,3242,38.4,12.960,23,45.0
1466.3,87,676.0,87.1,98,65,80.3,19,92.2,3323,40.8,12.960,23,47.2
1469.4,87,676.0,87.1,98,65,81.5,19,92.2,3392,42.2,12.960,23,48.9
1472.5,87,676.0,87.1,98,65,81.4,19,92.8,3481,45.9,12.960,23,52.0
1475.6,87,680.0,87.1,98,65,83.8,19,94.1,3602,47.5,12.957,23,54.2
1478.7,87,680.0,87.1,98,65,86.6,19,96.1,3693,56.1,12.955,23,61.9
1481.8,87,680.0,87.1,98,66,86.3,19,97.2,3722,57.5,12.926,23,64.8
1484.9,87,680.0,87.1,97,67,88.2,19,96.9,3745,60.0,12.823,23,67.3
1488.0,87,680.0,87.1,97,68,88.6,19,96.9,3772,62.1,12.916,23,69.4
1491.1,87,680.0,86.9,97,69,88.9,19,96.9,3837,62.7,12.958,23,70.2
1494.2,87,680.0,87.1,97,71,81.8,19,92.8,3437,49.7,12.960,23,58.8
1497.3,87,677.5,87.1,97,72,52.9,19,63.9,2687,8.1,12.960,24,32.8
1500.4,87,664.0,87.1,97,70,37.7,19,41.9,2127,6.7,12.960,24,9.2
1503.5,87,661.7,87.1,96,71,64.3,19,75.3,2170,16.1,12.960,24,23.3
1506.6,87,651.1,87.1,97,72,19.3,19,30.4,2197,1.5,12.922,24,5.0
1509.7,87,638.9,87.1,97,71,28.4,19,27.9,2130,1.5,12.957,24,10.3
1512.8,87,631.5,87.1,96,73,37.8,19,31.1,2203,7.1,12.917,24,20.5
1515.9,87,625.2,87.1,97,73,16.1,19,19.1,2201,2.3,12.960,25,8.2
1519.0,87,615.5,87.1,98,71,10.2,19,12.2,2126,0.4,12.960,25,4.5
1522.1,86,600.1,87.1,98,66,10.2,19,12.1,1966,0.4,12.960,25,4.3
1525.2,86,581.1,87.1,98,62,13.9,19,17.2,1837,0.4,12.960,25,5.2
1528.3,86,572.0,87.1,98,61,56.0,19,56.2,1979,5.7,12.920,25,9.6
1531.4,86,569.5,87.1,98,63,43.4,19,36.4,1943,0.6,12.804,25,7.4
1534.5,86,562.5,87.1,98,65,13.2,19,16.8,1931,1.3,12.960,25,6.3
1537.6,86,553.3,87.1,98,63,11.7,19,15.6,1932,3.7,12.960,25,9.9
1540.7,86,543.5,87.1,98,63,11.9,19,13.7,1947,1.2,12.960,25,4.9
1543.8,86,540.0,87.1,97,64,26.2,19,26.4,1982,3.9,12.960,25,8.6
1546.9,86,540.0,87.1,96,66,39.5,19,46.0,2061,7.2,12.910,25,9.8
1550.0,86,540.0,87.1,97,66,25.8,19,40.1,2013,5.2,12.960,25,8.2
1553.1,86,540.0,87.1,97,67,30.6,19,35.8,2096,4.9,12.960,26,9.0
1556.2,86,537.9,87.1,97,67,20.2,19,25.6,2108,2.7,12.960,26,8.0
1559.3,86,531.7,87.1,98,66,16.1,19,19.7,2007,2.0,12.960,26,5.2
1562.4,86,528.0,87.1,96,66,27.2,19,32.0,2036,5.3,12.960,26,11.8
1565.5,86,533.7,87.1,97,66,59.5,19,71.2,2223,15.2,12.960,26,18.6
1568.6,86,536.0,87.1,98,67,28.8,19,35.7,2074,2.3,12.960,26,4.6
1571.7,86,525.9,87.1,98,65,13.1,19,16.0,1960,0.6,12.960,26,5.1
1574.8,86,512.0,87.1,98,61,20.4,19,24.1,1861,0.8,12.996,26,6.3
1577.9,86,506.6,87.1,98,60,13.5,19,16.0,1833,0.4,12.954,26,5.0
1581.0,86,497.1,87.1,98,59,31.6,19,43.7,1839,6.5,12.928,26,9.8
1584.1,86,502.8,87.1,98,60,63.4,19,72.9,2027,16.5,12.951,26,20.1
1587.2,86,513.0,87.1,97,62,66.7,19,78.4,2141,19.7,12.880,26,22.9
1590.3,86,522.1,87.1,97,65,68.6,19,80.6,2292,21.2,12.887,26,25.9
1593.4,86,533.1,87.1,97,67,68.9,19,80.4,2289,21.2,12.960,26,25.9
1596.5,86,542.3,86.8,98,68,68.2,19,80.3,2283,21.1,12.960,25,25.9
1599.6,86,548.0,87.1,97,68,63.5,19,79.6,2252,15.3,12.899,25,16.6
1602.7,86,548.0,87.1,98,66,13.8,19,15.9,1965,0.7,12.938,25,3.6
1605.8,86,542.1,87.1,98,63,16.6,19,28.1,1901,4.6,12.948,25,7.7
1608.9,86,540.0,87.1,98,62,36.8,19,45.1,1887,8.9,12.911,25,13.2
1612.0,86,544.0,87.1,98,64,59.2,19,69.4,1932,14.0,12.916,26,16.1
1615.1,86,547.3,87.4,97,65,53.5,19,62.7,1968,11.4,12.960,26,15.3
1618.2,86,548.0,87.3,97,65,25.1,19,19.0,1962,2.4,12.893,26,9.4
1621.3,86,548.0,87.1,97,66,63.7,19,68.8,2118,16.3,12.880,26,17.4
1624.4,86,555.0,87.1,98,69,74.8,19,89.4,2659,34.4,12.941,25,37.9
1627.5,86,563.3,87.1,97,71,63.2,19,82.3,2200,15.4,12.960,25,22.7
1630.6,86,569.3,87.1,98,73,67.5,19,78.3,2242,19.6,12.960,25,24.3
1633.7,86,572.0,87.1,98,75,67.1,19,78.4,2283,19.7,12.893,25,24.3
1636.8,86,572.7,87.1,98,73,10.9,19,19.2,2180,5.3,12.960,25,6.0
1639.9,86,560.7,87.1,98,68,21.5,19,27.8,2046,2.9,12.945,25,6.7
1643.0,86,557.7,87.1,98,65,35.9,19,46.7,2033,9.5,12.958,25,7.8
1646.1,86,551.0,87.1,98,63,14.1,19,20.5,1898,2.0,12.910,25,6.7
1649.2,86,541.0,87.1,98,61,17.0,19,21.9,1860,0.6,12.975,25,6.3
1652.3,86,538.5,87.1,98,61,19.8,19,18.3,1874,2.4,12.981,25,8.6
1655.4,86,536.0,87.1,97,61,24.8,19,29.1,1900,3.7,12.880,25,9.7
1658.5,86,538.2,87.1,98,63,44.9,19,51.9,2030,9.8,12.959,26,13.8
1661.6,86,540.0,87.1,98,64,46.2,19,53.1,1987,9.8,12.888,26,13.7
1664.7,86,537.6,87.1,98,65,15.4,19,13.2,1934,0.5,12.951,25,6.4
1667.8,86,531.3,86.7,99,63,10.6,19,13.0,1908,0.4,12.920,25,4.6
1670.9,86,520.9,87.0,99,61,16.5,19,19.4,1846,0.3,12.960,26,5.9
1674.0,86,516.0,87.1,97,61,23.5,19,27.3,1858,1.3,12.960,26,7.1
1677.1,86,512.8,87.1,98,61,21.5,19,24.5,1887,2.9,12.897,26,7.2
1680.2,86,512.0,87.1,99,62,32.1,19,36.6,1983,6.4,12.960,26,11.7
1683.3,86,515.1,86.8,99,63,31.5,19,41.9,2000,9.6,13.023,25,14.4
1686.4,86,516.0,86.7,99,63,20.4,19,35.3,1925,5.9,12.838,25,6.4
1689.5,86,516.0,86.7,98,65,24.9,19,26.3,1963,2.5,12.890,25,9.9
1692.6,86,516.0,86.7,97,63,43.6,19,53.3,2072,6.3,12.916,25,8.3
1695.7,86,516.0,86.7,98,64,26.7,19,31.5,1925,3.9,12.960,25,10.7
1698.8,86,515.0,86.3,99,63,14.7,19,18.3,1963,3.2,12.913,25,11.1
1701.9,86,506.4,86.3,99,61,11.0,19,13.6,1896,0.4,12.948,25,4.4
1705.0,86,493.1,86.3,99,57,10.9,19,13.2,1774,0.4,12.892,25,4.3
1708.1,86,481.0,86.3,99,55,14.7,19,16.9,1690,0.8,12.943,25,5.0
1711.2,86,478.2,86.3,98,55,28.4,19,29.1,1681,2.4,12.938,25,7.8
1714.3,86,484.3,86.3,98,56,65.7,19,71.8,1966,18.0,12.960,25,23.8
1717.4,86,497.2,85.9,98,58,70.6,19,82.0,2183,21.3,12.954,25,25.7
1720.5,86,510.2,85.9,98,59,73.2,19,85.4,2320,24.1,12.931,25,28.8
1723.6,86,522.9,85.9,99,60,76.4,19,89.2,2507,31.1,12.944,25,36.1
1726.7,86,539.8,85.9,98,63,77.5,19,88.6,2554,31.4,12.943,24,37.0
1729.8,86,552.1,85.5,99,64,75.6,19,87.5,2927,40.5,12.927,24,42.0
1732.9,86,564.8,85.5,98,68,74.6,19,86.2,3281,31.5,12.951,24,38.1
1736.0,86,575.9,85.5,98,72,78.7,19,87.2,3669,31.2,12.961,24,38.2
1739.1,86,586.7,85.5,99,76,79.6,19,84.4,4043,27.2,12.813,24,33.1
1742.2,86,596.8,85.5,98,78,71.9,19,82.1,3492,25.1,12.960,24,32.3
1745.3,86,602.8,85.5,99,80,76.9,19,84.1,3616,29.4,12.807,24,36.6
1748.4,86,609.3,85.5,99,82,75.8,19,82.6,3667,26.7,12.906,24,33.7
1751.5,86,616.0,85.5,98,82,69.8,19,78.9,3533,23.9,12.932,24,31.1
1754.6,86,618.8,85.5,99,84,72.9,19,80.7,3662,25.9,12.950,24,33.7
1757.7,86,624.0,85.5,98,85,67.4,19,77.5,3529,21.8,12.936,24,25.4
1760.8,86,624.0,85.5,98,85,64.9,19,75.5,2594,19.2,12.880,24,24.4
1763.9,86,624.0,85.5,98,85,61.7,19,69.4,2593,19.3,12.960,24,26.0
1767.0,86,613.3,85.5,99,83,13.6,19,18.5,2484,0.5,12.972,24,5.5
1770.1,86,600.7,85.5,99,80,28.6,19,40.0,2379,1.7,12.960,24,5.1
1773.2,86,595.1,85.9,98,77,15.3,19,17.6,2314,3.8,12.960,24,8.9
1776.3,86,592.0,85.9,99,75,34.1,19,34.0,2279,6.1,12.887,24,11.4
1779.4,86,586.7,85.9,99,73,14.0,19,15.2,2237,0.7,12.960,24,4.7
1782.5,86,572.2,85.9,99,70,10.2,19,11.7,2155,0.4,12.960,24,4.7
1785.6,86,557.3,85.9,99,63,10.3,19,11.8,1924,0.4,12.826,24,4.3
1788.7,86,545.0,85.9,99,58,11.5,19,13.7,1741,0.4,12.960,24,4.3
1791.8,86,532.2,85.9,99,56,13.1,19,14.3,1696,0.4,12.960,24,5.1
1794.9,86,520.5,85.9,99,55,45.6,19,49.0,1755,6.9,12.932,24,11.9
1798.0,86,529.9,85.9,98,56,66.3,19,77.7,2071,11.3,12.947,24,17.9
1801.1,86,524.2,85.9,99,56,31.4,19,26.6,1703,2.0,12.936,24,6.3
1804.2,86,525.3,85.9,99,56,56.4,19,62.4,1709,9.8,12.936,24,10.2
1807.3,86,524.7,85.9,99,55,41.1,19,50.0,1698,7.9,12.960,24,9.8
1810.4,86,529.5,85.5,99,56,66.1,19,77.1,1854,17.8,12.899,24,19.4
1813.5,86,535.5,85.5,99,58,64.5,19,75.8,1956,15.5,12.960,24,18.6
1816.6,86,538.7,85.9,99,57,23.6,19,23.2,1721,7.1,12.960,24,14.8
1819.7,86,539.5,85.9,99,58,75.3,19,88.6,2123,27.3,12.880,24,34.5
1822.8,86,545.9,85.9,99,58,20.4,19,22.5,1748,0.9,12.880,24,10.7
1825.9,86,539.5,85.9,99,57,13.9,19,23.1,1699,1.4,12.922,24,4.5
1829.0,86,531.4,85.9,99,56,12.8,19,15.5,1675,0.5,12.958,24,4.2
1832.1,86,524.0,85.9,99,57,46.0,19,50.0,1745,6.6,12.960,24,8.5
1835.2,86,521.5,85.9,99,58,16.7,19,21.7,1742,0.8,12.800,24,4.7
1838.3,86,511.4,85.9,99,56,11.8,19,16.3,1677,1.5,12.877,24,5.4
1841.4,86,510.4,85.9,99,55,48.0,19,58.3,1767,11.0,12.960,24,13.4
1844.5,86,512.0,85.9,99,56,34.3,19,48.8,1714,7.8,12.867,24,7.5
1847.6,86,507.0,85.9,99,55,22.2,19,25.1,1701,0.4,12.960,24,5.6
1850.7,86,494.6,85.9,99,53,12.6,19,14.6,1589,0.4,12.960,24,4.5
1853.8,86,488.6,85.9,99,50,23.6,19,30.9,1542,3.9,12.960,24,6.3
1856.9,86,492.0,85.9,99,51,49.7,19,57.5,1608,6.4,12.960,24,11.4
1860.0,86,495.8,85.9,99,52,51.3,19,61.7,1646,10.6,12.953,24,14.1
1863.1,86,503.3,85.9,99,54,60.9,19,70.0,1797,14.1,12.920,24,17.9
1866.2,86,511.9,85.5,98,55,66.5,19,77.5,1951,17.8,12.880,24,22.1
1869.3,86,518.6,85.7,98,56,53.9,19,63.7,1715,10.8,12.956,24,18.9
1872.4,86,524.7,85.9,99,56,69.6,19,81.7,1885,19.0,12.880,24,23.9
1875.5,86,529.3,85.9,99,55,22.9,19,24.4,1697,3.2,12.812,24,10.7
1878.6,86,528.0,85.9,99,55,41.7,19,47.7,1650,7.5,12.859,24,11.8
1881.7,87,528.0,85.9,99,55,34.4,19,44.2,1678,1.2,12.960,24,6.0
1884.8,87,522.5,85.9,98,56,13.9,19,15.4,1652,1.1,12.858,24,5.5
1887.9,87,520.0,85.9,99,56,12.1,19,14.7,1670,0.4,12.943,24,4.3
1891.0,87,512.6,85.9,99,56,15.5,19,17.2,1670,0.2,12.919,24,5.1
1894.1,87,506.3,85.9,99,56,21.4,19,22.5,1712,1.4,12.894,24,6.9
1897.2,87,508.1,85.9,99,56,53.4,19,62.2,1797,9.7,12.960,24,14.5
1900.3,86,512.0,85.9,99,56,57.8,19,68.2,1803,11.8,12.960,24,14.0
1903.4,86,520.3,85.9,98,56,58.3,19,68.1,1717,13.3,12.960,24,17.3
1906.5,86,526.8,85.9,99,56,69.0,19,79.8,1911,19.5,12.960,24,23.1
1909.6,86,536.2,85.5,99,57,68.4,19,78.2,1980,18.2,12.927,24,22.6
1912.7,86,541.6,85.8,99,57,67.5,19,77.9,1999,19.3,12.942,24,23.1
1915.8,86,547.4,85.8,99,57,60.4,19,71.6,1875,9.7,12.960,24,9.5
1918.9,86,549.5,85.5,99,58,53.4,19,67.1,1774,12.3,12.900,24,11.6
1922.0,86,545.5,85.5,99,58,37.5,19,38.2,1780,6.8,12.960,24,14.7
1925.1,87,546.6,85.5,99,60,29.0,19,38.4,1812,7.0,12.960,24,8.9
1928.2,87,544.0,85.5,99,61,24.8,19,20.2,1825,0.4,12.960,24,4.7
1931.3,87,536.0,85.5,100,60,11.2,19,14.4,1788,2.4,12.960,24,5.6
1934.4,87,527.7,85.9,100,58,12.3,19,16.7,1735,1.2,12.960,24,5.5
1937.5,87,524.0,85.9,99,57,38.4,19,34.3,1697,4.0,12.964,24,8.7
1940.6,86,524.0,85.9,99,56,49.6,19,56.5,1677,9.4,12.927,24,13.3
1943.7,86,527.5,85.9,99,55,62.8,19,72.1,1751,15.8,12.859,23,20.6
1946.8,86,536.6,85.9,99,56,71.3,19,83.0,2025,20.1,12.861,23,25.1
1949.9,86,547.7,85.9,99,57,67.9,19,78.3,2027,19.6,12.898,23,24.9
1953.0,86,552.0,85.9,99,59,65.0,19,50.8,1794,9.8,12.901,23,18.3
1956.1,86,552.0,85.9,100,59,28.0,19,47.6,1791,8.5,12.960,23,4.9
1959.2,86,550.8,85.6,99,58,19.4,19,18.9,1730,2.8,12.909,23,7.7
1962.3,86,544.9,85.9,99,56,23.2,19,28.8,1700,5.1,12.960,23,9.3
1965.4,86,542.8,85.9,100,56,29.7,19,24.5,1689,3.4,12.960,23,8.1
1968.5,86,536.7,85.9,100,56,36.1,19,40.1,1680,5.1,12.836,23,9.4
1971.6,86,538.3,85.9,100,56,37.1,19,32.9,1675,5.7,12.960,23,9.2
1974.7,86,536.0,85.9,98,56,44.1,19,51.6,1681,5.9,12.960,23,11.0
1977.8,86,536.0,85.9,98,56,36.7,19,46.1,1687,2.0,12.904,23,8.2
1980.9,86,533.0,85.9,100,55,22.8,19,28.7,1671,3.4,12.964,23,7.3
1984.0,86,524.5,85.7,100,54,13.0,19,14.8,1611,0.9,12.970,23,5.6
1987.1,86,512.5,85.5,100,51,12.3,19,14.5,1525,0.4,12.909,23,4.3
1990.2,86,502.2,85.5,100,50,17.3,19,16.9,1502,0.4,12.919,23,5.5
1993.3,86,500.0,85.8,100,51,30.5,19,33.6,1604,3.8,12.960,23,9.2
1996.4,86,493.6,85.9,100,53,11.0,19,12.7,1752,0.4,12.960,23,4.3
1999.5,86,484.7,85.9,100,53,11.8,19,14.3,1709,0.3,12.960,23,4.3
2002.6,86,478.5,85.8,100,53,12.0,19,15.8,1588,0.3,13.022,23,4.3
2005.7,86,476.0,85.5,99,53,36.7,19,42.7,1617,5.5,12.905,23,8.7
2008.8,86,481.7,85.7,99,52,46.8,19,57.8,1658,10.4,12.864,23,12.8
2011.9,86,484.0,85.9,100,51,34.8,19,36.0,1574,3.3,12.960,23,9.0
2015.0,86,485.9,85.9,100,50,52.6,19,66.6,1626,11.5,12.960,23,13.2
2018.1,86,495.8,85.9,99,50,74.4,19,84.6,1909,24.8,12.960,23,28.1
2021.2,86,511.6,85.9,99,50,75.9,19,87.5,2268,27.2,12.960,21,31.5
2024.3,86,528.4,85.9,99,51,74.6,19,86.5,2312,23.8,12.926,21,29.1
2027.4,86,540.7,85.9,99,51,71.7,19,82.2,2099,21.1,12.958,21,24.9
2030.5,86,548.0,85.9,99,53,64.3,19,51.3,1764,7.7,12.916,21,14.7
2033.6,86,543.3,85.9,100,52,12.5,19,14.2,1562,0.4,12.960,21,4.3
2036.7,86,531.9,85.9,100,52,12.5,19,14.2,1576,0.8,12.960,21,4.5
2039.8,86,526.0,85.9,99,54,19.1,19,24.1,1628,3.0,12.960,21,6.8
2042.9,86,518.8,85.9,100,55,12.2,19,13.5,1650,0.4,12.960,21,4.3
2046.0,86,507.8,85.9,100,53,11.8,19,13.3,1650,0.4,12.960,21,4.3
2049.1,86,496.8,85.9,100,53,28.3,19,33.3,1661,3.3,12.960,21,6.6
2052.2,86,493.5,85.9,100,53,13.3,19,18.1,1622,3.5,12.996,21,8.1
2055.3,86,488.0,85.9,100,51,35.0,19,33.0,1647,4.6,12.960,21,11.8
2058.4,86,492.2,85.9,99,53,69.2,19,79.6,1868,17.9,12.891,21,22.4
2061.5,86,502.6,85.9,100,55,53.5,19,57.2,1954,4.8,12.805,21,13.3
2064.6,86,503.5,85.9,100,56,13.9,19,16.5,1678,2.1,13.008,21,6.5
2067.7,86,500.0,85.9,100,58,30.4,19,30.8,1731,6.4,12.885,21,12.8
2070.8,86,498.8,85.9,100,58,25.1,19,29.0,1760,3.4,12.960,21,7.3
2073.9,86,499.7,85.9,100,60,32.7,19,40.4,1794,6.4,12.960,21,8.0
2077.0,86,494.1,85.9,100,59,12.9,19,13.2,1775,0.5,13.028,22,4.7
2080.1,86,484.2,85.9,100,57,11.0,19,12.7,1726,1.5,12.911,23,4.8
2083.2,86,482.1,85.9,100,57,18.9,19,21.4,1700,1.4,12.834,23,6.3
2086.3,86,483.4,85.9,99,57,17.6,19,27.4,1723,4.4,12.960,23,10.6
2089.4,86,480.0,85.9,100,56,40.6,19,47.3,1799,6.6,12.960,23,9.2
2092.5,86,483.9,85.6,98,57,42.4,19,51.4,1787,7.6,12.960,21,9.8
2095.6,86,486.3,85.5,99,58,24.7,19,16.3,1728,1.5,13.038,21,7.8
2098.7,86,476.2,85.9,100,55,11.0,19,12.8,1672,0.6,12.960,21,4.2
2101.8,86,472.0,85.9,100,53,21.1,19,29.4,1630,4.0,12.958,23,6.6
2104.9,86,468.0,85.9,100,53,26.9,19,43.6,1650,7.0,12.920,23,8.0
2108.0,86,474.0,85.9,100,55,34.7,19,45.0,1744,9.3,13.030,21,9.4
2111.1,86,472.0,85.9,100,54,22.9,19,30.1,1627,4.0,12.850,22,7.9
2114.2,86,475.8,85.9,100,56,58.6,19,65.4,1829,15.4,12.908,21,19.6
2117.3,86,485.9,85.9,100,57,64.5,19,33.7,1727,11.6,12.960,21,18.9
2120.4,86,495.0,85.9,99,58,69.0,19,79.2,1893,20.4,12.960,21,22.8
2123.5,86,500.0,85.9,100,58,18.5,19,22.7,1762,8.5,12.960,21,7.7
2126.6,86,500.0,85.9,98,58,34.6,19,40.8,1767,4.8,12.960,21,8.7
2129.7,86,500.0,85.9,99,58,38.1,19,33.9,1736,2.5,12.960,21,8.1
2132.8,86,500.0,85.9,100,57,33.9,19,37.8,1717,1.4,12.960,21,5.8
2135.9,86,496.0,85.9,100,55,27.9,19,30.0,1680,3.0,12.960,21,6.9
2139.0,86,500.0,85.9,100,56,21.1,19,24.3,1683,4.5,12.960,21,10.6
2142.1,86,500.0,85.9,100,56,53.6,19,61.1,1744,10.9,12.977,21,16.4
2145.2,86,504.0,85.9,100,56,23.1,19,25.8,1695,7.0,12.974,21,12.7
2148.3,86,507.3,85.9,100,56,55.5,19,59.2,1754,10.6,12.971,21,17.5
2151.4,86,510.4,85.9,100,57,43.8,19,55.5,1731,2.8,12.852,21,7.2
2154.5,86,508.0,85.9,100,55,32.4,19,28.8,1692,1.7,12.960,21,6.7
2157.6,86,498.2,85.9,100,53,11.2,19,13.0,1635,0.4,12.891,21,3.9
2160.7,86,491.9,85.9,100,49,12.4,19,14.2,1511,0.2,12.928,21,4.0
2163.8,86,481.9,85.9,100,47,24.5,19,28.4,1428,1.9,12.951,21,5.7
2166.9,86,484.3,85.9,98,48,43.3,19,50.3,1549,6.8,12.957,21,11.0
2170.0,86,488.0,85.9,99,48,19.6,19,21.8,1458,0.1,12.947,21,6.3
2173.1,86,480.0,85.9,100,47,19.5,19,29.0,1425,2.8,12.960,21,5.8
2176.2,86,486.0,85.9,99,48,58.5,19,68.2,1565,10.2,12.960,21,14.4
2179.3,86,490.8,85.9,99,48,24.7,19,25.6,1477,3.8,12.906,21,12.2
2182.4,86,495.7,85.9,100,48,70.6,19,84.1,1711,20.1,12.937,21,23.5
2185.5,86,507.8,85.7,100,50,70.2,19,80.4,1974,19.6,12.947,21,23.2
2188.6,86,520.9,85.9,100,52,76.1,19,85.8,2126,23.9,12.880,21,28.9
2191.7,86,536.4,85.9,100,55,77.1,19,88.9,2398,28.6,12.954,21,33.6
2194.8,86,547.8,85.9,100,58,78.8,19,89.4,2594,34.3,12.854,20,40.0
2197.9,86,564.7,85.9,100,64,78.4,19,87.8,3161,34.5,12.885,20,42.3
2201.0,86,575.0,85.6,100,69,81.6,19,86.6,3716,28.7,12.913,20,41.2
2204.1,86,580.0,85.8,99,71,46.3,19,57.3,2281,13.0,12.912,20,18.1
2207.2,86,580.0,85.8,99,70,15.4,19,18.1,2111,4.9,12.960,20,16.8
2210.3,86,576.0,85.6,100,69,48.8,19,70.7,2124,16.8,12.960,20,17.2
2213.4,86,579.7,85.9,99,68,57.6,19,67.3,2086,15.7,12.900,20,17.8
2216.5,86,580.0,85.9,99,68,43.4,19,54.9,2111,15.1,12.960,20,12.9
2219.6,87,573.6,85.9,100,66,9.8,19,11.4,1993,1.7,12.888,20,4.3
2222.7,87,568.9,85.9,100,65,68.7,19,68.4,2073,17.7,12.960,20,21.9
2225.8,87,569.1,85.9,100,66,42.5,19,39.0,2028,5.0,12.960,20,7.5
2228.9,87,571.8,85.9,100,67,82.2,19,91.3,2801,35.8,12.960,20,43.6
2232.0,86,583.1,85.9,100,70,79.6,19,89.9,3370,32.8,12.891,20,39.2
2235.1,86,591.0,85.9,100,74,81.8,19,88.4,3755,32.5,12.960,20,39.4
2238.2,85,596.0,85.5,99,76,51.1,19,60.2,2934,5.6,12.960,20,11.2
2241.3,85,591.3,85.5,99,73,17.4,19,15.2,2213,0.8,12.960,20,6.7
2244.4,85,580.0,85.5,100,65,61.2,19,61.7,2058,11.4,12.960,20,6.3
2247.5,85,574.3,85.5,101,63,27.1,19,20.2,1898,0.4,12.960,20,5.3
2250.6,85,568.9,85.6,100,60,73.3,19,71.9,1953,16.5,12.960,20,19.5
2253.7,86,574.8,85.9,100,60,48.5,19,74.7,2152,28.6,12.960,20,11.0
2256.8,86,576.7,85.9,100,57,77.6,19,81.5,2009,27.9,12.916,20,33.6
2259.9,86,585.7,85.9,100,56,78.4,19,89.7,2417,33.2,13.016,20,38.1
2263.0,86,597.4,85.9,100,56,76.1,19,87.2,2565,30.9,12.960,20,37.2
2266.1,86,606.7,85.9,100,56,66.3,19,77.9,2377,30.7,12.892,20,30.6
2269.2,86,608.8,85.9,100,55,77.2,19,83.8,2035,29.2,12.996,20,35.4
2272.3,86,615.2,85.9,99,57,55.3,19,70.1,2230,30.5,12.896,20,28.9
2275.4,86,616.0,85.9,100,57,62.2,19,66.9,1819,10.4,12.834,20,14.1
2278.5,86,613.0,85.9,99,57,46.3,19,51.5,1766,10.7,12.960,20,15.7
2281.6,87,612.0,85.9,100,58,66.5,19,76.2,1982,8.7,12.960,20,19.0
2284.7,87,608.8,85.9,100,58,53.4,19,48.3,1780,3.9,12.960,20,5.3
2287.8,87,608.0,85.9,100,60,64.8,19,74.1,1970,18.8,13.001,20,22.4
2290.9,87,611.7,85.9,100,63,69.4,19,77.8,2130,21.6,12.837,20,28.6
2294.0,87,612.0,85.9,99,65,50.8,19,65.1,1977,6.7,12.961,20,9.1
2297.1,87,605.6,85.9,100,64,16.8,19,21.7,1921,4.3,13.011,20,7.0
2300.2,87,600.0,85.9,99,65,59.6,19,66.4,1989,12.7,12.960,20,15.5
2303.3,87,600.0,85.9,99,66,59.6,19,69.0,2011,12.1,12.900,20,16.7
2306.4,87,597.6,85.5,100,66,11.2,19,14.6,1969,4.0,12.960,20,8.5
2309.5,87,592.0,85.5,98,66,40.0,19,46.8,2003,5.8,12.960,20,10.3
2312.6,87,585.5,85.9,100,65,13.0,19,17.1,1928,0.9,12.960,20,3.9
2315.7,86,572.8,85.9,100,63,25.5,19,28.8,1902,2.1,12.960,20,4.7
2318.8,86,568.0,85.7,99,62,19.4,19,24.3,1852,4.7,12.898,20,6.8
2321.9,86,563.7,85.9,98,61,24.7,19,24.1,1842,2.7,12.960,20,8.2
2325.0,86,560.0,85.5,99,60,22.8,19,34.1,1890,8.0,12.960,20,7.6
2328.1,86,555.3,85.9,100,60,11.0,19,12.7,1837,0.2,12.960,20,4.2
2331.2,86,546.0,85.8,101,58,11.0,19,13.3,1790,0.5,12.960,20,3.9
2334.3,86,542.5,85.9,100,57,14.7,19,14.5,1736,0.2,12.960,20,4.7
2337.4,86,532.5,85.9,101,54,11.0,19,12.7,1668,0.4,13.010,20,3.9
2340.5,86,521.9,85.9,101,52,19.4,19,18.8,1594,0.8,12.960,20,7.4
2343.6,86,519.8,85.9,99,53,23.5,19,29.1,1647,4.4,12.988,20,9.1
2346.7,86,516.0,85.5,100,53,25.1,19,29.4,1637,3.3,13.040,20,6.8
2349.8,86,512.1,85.5,100,53,47.5,19,46.7,1723,6.7,12.960,20,10.5
2352.9,86,517.8,85.7,100,55,51.6,19,59.6,1818,10.6,12.960,20,12.7
2356.0,86,519.5,85.9,101,56,17.3,19,24.5,1697,1.2,12.960,20,4.5
2359.1,86,510.6,85.9,101,54,12.1,19,13.5,1629,0.4,12.960,20,3.9
2362.2,86,498.4,85.9,101,51,12.5,19,14.4,1538,0.4,13.002,20,4.2
2365.3,86,487.0,85.9,101,38,12.8,19,15.1,1476,0.4,12.885,20,3.9
2368.4,86,475.2,85.9,101,29,14.0,19,17.0,1315,0.4,12.960,20,3.9
2371.5,86,466.7,85.9,101,23,15.7,19,18.5,1244,0.4,12.954,20,3.9
2374.6,86,458.0,85.8,101,22,18.0,19,19.8,1225,0.4,12.832,20,4.8
2377.7,86,448.7,85.5,101,20,19.9,19,24.6,1175,1.2,12.950,20,3.9
2380.8,86,449.3,85.6,101,20,67.5,19,72.7,1333,9.4,12.910,20,14.9
2383.9,86,457.0,85.9,100,26,68.2,19,78.6,1662,15.7,12.960,20,19.2
2387.0,86,473.6,85.9,100,31,66.3,19,76.9,1670,15.7,12.890,20,19.2
2390.1,86,486.7,85.6,100,35,62.3,19,67.7,1642,12.4,12.960,20,17.0
2393.2,86,495.7,85.9,101,37,42.9,19,48.9,1511,5.5,12.960,20,9.4
2396.3,86,496.0,85.9,101,39,35.0,19,31.6,1347,0.4,12.960,20,6.2
2399.4,86,492.1,85.9,101,39,24.9,19,30.0,1150,1.6,12.828,20,5.5
2402.5,87,490.1,85.9,101,38,19.6,19,21.9,1204,0.5,12.950,20,5.2
2405.6,87,487.5,85.9,101,37,18.9,19,23.4,1167,1.4,12.880,20,6.6
2408.7,87,481.4,85.9,101,36,39.6,19,52.6,1304,0.8,12.955,20,5.6
2411.8,87,480.9,85.9,101,36,49.1,19,52.0,1278,5.7,12.960,20,11.0
2414.9,87,486.4,85.9,101,37,37.5,19,48.9,1376,3.0,12.960,20,6.2
2418.0,87,480.8,85.9,101,36,42.4,19,45.7,1302,3.9,12.926,20,5.2
2421.1,87,481.7,85.9,101,36,20.8,19,20.8,1226,0.7,12.960,20,5.0
2424.2,87,470.7,85.9,101,32,15.7,19,18.8,1237,0.4,12.960,20,3.9
2427.3,87,458.3,85.9,101,27,15.7,19,18.8,1237,0.4,12.960,20,3.9
2430.4,87,450.5,85.9,101,24,15.7,19,18.8,1209,0.4,12.960,20,3.9
2433.5,86,439.4,85.9,101,19,19.4,19,21.9,1151,0.4,12.960,20,3.9
2436.6,86,436.0,85.9,101,15,20.6,19,25.9,1103,0.4,12.928,20,3.9
2439.7,86,424.1,85.9,101,6,26.1,19,26.8,1012,0.4,12.880,20,3.9
2442.8,86,420.0,85.9,101,5,34.7,19,40.5,1375,5.6,12.960,20,8.8
2445.9,86,420.0,85.9,101,12,49.0,19,58.1,1399,6.7,12.837,20,10.8
2449.0,86,423.4,85.9,101,18,48.8,19,52.2,1279,5.9,12.960,20,11.3
2452.1,86,424.0,85.9,101,20,28.4,19,37.7,1487,5.6,12.960,20,7.4
2455.2,86,426.9,85.9,101,23,50.5,19,60.3,1360,8.2,12.941,20,11.9
2458.3,86,436.6,85.5,101,26,54.0,19,63.5,1344,8.5,12.895,20,11.7
2461.4,86,443.1,85.5,101,29,35.7,19,31.7,1231,1.1,12.960,20,5.6
2464.5,86,436.0,85.9,101,27,17.3,19,23.1,1183,1.6,12.960,20,4.5
2467.6,86,432.9,85.9,101,26,18.2,19,21.0,1169,0.4,13.050,20,4.0
2470.7,86,423.5,85.9,101,22,16.5,19,20.0,1170,0.4,12.916,20,3.9
2473.8,86,420.0,85.9,101,19,26.5,19,33.4,1185,1.3,12.880,20,4.2
2476.9,86,419.7,85.9,101,21,19.7,19,24.4,1194,3.7,12.960,20,4.2
2480.0,86,413.5,85.9,101,19,26.2,19,29.2,1156,6.3,12.884,20,8.9
2483.1,86,412.0,85.9,101,21,29.7,19,35.3,1223,5.6,12.960,20,9.6
2486.2,86,418.1,85.9,101,24,53.7,19,65.4,1407,9.5,12.960,20,15.2
2489.3,86,424.9,85.9,101,26,25.7,19,52.7,1397,6.6,12.864,20,7.8
2492.4,86,431.2,85.9,101,29,33.1,19,40.5,1363,4.1,12.940,20,8.7
2495.5,86,432.0,85.9,101,29,26.9,19,32.1,1193,2.0,12.926,20,5.5
2498.6,86,435.2,85.9,101,29,31.3,19,35.5,1228,3.3,12.960,20,7.8
2501.7,86,432.0,85.9,101,30,22.4,19,28.2,1117,1.5,12.960,20,5.1
2504.8,86,432.0,85.6,101,30,28.7,19,34.7,1181,3.1,12.880,20,6.7
2507.9,86,436.0,85.5,101,30,30.6,19,36.2,1205,2.8,12.924,20,6.5
2511.0,86,433.4,85.5,101,30,21.0,19,20.7,1258,0.4,12.960,20,4.3
2514.1,86,424.0,85.5,101,27,15.7,19,18.4,1246,0.4,12.924,20,3.9
2517.2,86,415.1,85.5,101,16,16.1,19,19.8,1191,0.3,12.960,20,3.9
2520.3,86,408.0,85.8,101,9,45.7,19,49.8,1595,5.2,12.912,21,7.9
2523.4,86,405.1,85.8,101,10,15.6,19,19.0,1144,0.4,12.958,20,5.1
2526.5,86,400.0,85.9,101,6,18.8,19,24.8,1180,2.0,12.931,20,4.7
2529.6,86,396.8,85.9,101,4,18.0,19,22.1,1106,0.0,12.960,20,4.3
2532.7,86,390.8,85.9,101,0,27.4,19,34.3,702,0.3,12.960,21,3.7
2535.8,86,385.4,85.9,101,0,18.1,19,25.2,922,0.4,12.881,21,3.5
2538.9,86,378.3,85.9,101,0,17.1,19,22.6,775,0.4,12.885,21,2.9
2542.0,86,372.0,85.9,101,0,40.4,13,67.1,129,0.2,12.310,21,0.4
2545.1,86,365.1,85.9,101,0,0.0,4,0.0,0,1.6,12.160,21,6.3
2548.2,86,364.0,85.9,101,0,0.0,4,0.0,0,1.6,12.160,21,6.3
2551.3,86,364.0,85.9,101,0,0.0,4,0.0,0,1.6,6.3
