BlueDriver Data Log
Dec 17, 2018 7:01:42 AM
Time (s),Accelerator Pedal Position E (%),Mass Air Flow Rate (g/s),Intake Air Temperature (°C),O2 Bank 1 - Sensor 2 - Oxygen Sensor Voltage (V),Absolute Throttle Position B (%),Fuel Level Input (%),Ambient Air Temperature (°C),Calculated Engine Load Value (%),Absolute Throttle Position (%),Engine Coolant Temperature (°C),Catalyst Temperature Bank 1 - Sensor 1 (°C),Absolute Load Value (%),Long Term Fuel Trim Bank 1 (%),Commanded Throttle Actuator (%),Wide Range O2S: Bank 1 - Sensor 1 - Equivalence Ratio (λ),Short Term Fuel Trim Bank 1 (%),Relative Throttle Position (%),Commanded Evaporative Purge (%),Evap. System Vapor Pressure (Pa),Barometric Pressure (kPa),Vehicle Speed (km/h),Wide Range O2S: Bank 1 - Sensor 1 - Voltage (V),Timing Advance for #1 cylinder (°),Commanded Equivalence Ratio (λ),O2 Bank 1 - Sensor 2 - Short Term Fuel Trim (%),Engine RPM (rpm),Accelerator Pedal Position D (%),Control Module Voltage (V)
0.0,,,,,,,,,,,,,,,,,,,,,,,,,,,,
17.2,0.0,4.82,14,0.298,5.7,58.2,12,45.1,5.1,40,0.0,33.5,-4.7,5.7,0.997,7.8,0.7,0.0,0.0,102,2,2.178,4.6,0.999,99.2,844,0.0,13.615
34.4,5.2,7.08,15,0.293,7.6,58.4,12,36.3,6.5,42,0.0,22.4,-1.6,5.5,0.996,2.7,0.5,0.1,1.0,102,9,2.121,17.4,0.998,99.2,1082,3.6,13.716
51.6,22.7,24.31,14,0.386,28.7,57.6,12,85.9,28.3,44,105.3,76.5,0.0,28.3,1.004,0.8,23.1,91.2,6.5,101,44,2.167,10.1,0.997,99.2,1997,22.6,13.769
68.8,8.2,9.76,12,0.541,7.5,57.8,12,44.2,7.9,48,220.8,37.0,-1.6,8.5,0.995,-0.6,3.4,53.4,79.1,101,56,2.174,22.2,1.003,99.2,1479,7.5,13.729
86.0,0.0,5.00,12,0.150,1.6,58.6,12,49.8,7.9,50,248.4,47.1,-1.6,9.0,1.232,2.4,2.5,75.8,12.4,100,55,2.435,17.4,0.828,99.2,1221,2.3,13.680
103.2,0.0,4.85,12,0.002,5.5,58.8,12,27.9,5.5,53,284.9,37.4,-60.8,5.5,1.999,0.0,0.4,0.0,0.0,102,50,3.561,-6.0,0.000,99.2,1200,0.0,13.680
120.4,0.0,4.41,13,0.702,5.1,61.4,12,42.8,5.5,53,270.2,37.3,-4.2,6.2,0.998,-0.2,0.6,0.0,0.0,102,0,2.196,0.2,0.992,99.2,793,0.0,13.623
137.6,16.7,20.86,12,0.766,18.6,59.4,12,75.8,18.0,54,350.4,63.7,-0.2,18.4,0.997,0.8,14.0,93.3,1.4,100,51,2.181,9.6,1.003,99.2,1945,17.2,13.653
154.8,1.3,5.28,12,0.768,5.1,60.0,12,27.0,5.5,58,408.0,38.5,-1.6,9.6,0.980,-4.2,5.8,2.7,0.0,102,56,2.252,11.8,1.001,99.2,1263,6.1,13.741
172.0,9.4,9.53,12,0.821,10.6,60.0,12,59.9,11.6,61,457.8,52.2,-1.3,11.9,1.002,4.4,6.8,0.0,0.0,102,63,2.123,37.1,1.002,99.2,1227,8.1,13.760
189.2,18.8,23.82,12,0.707,20.5,61.2,12,69.8,18.5,62,457.1,53.6,-0.7,17.2,1.016,-1.4,11.5,39.1,10.8,102,23,1.972,16.2,1.007,99.2,2344,19.4,13.760
206.4,21.0,23.02,12,0.722,26.5,59.6,12,83.7,27.6,66,540.9,74.4,0.0,28.5,1.001,0.7,24.0,90.8,6.0,101,67,2.184,11.2,0.999,99.2,2031,22.0,13.760
223.6,24.6,27.91,12,0.705,34.3,59.1,11,86.2,33.7,70,590.6,75.7,0.0,33.6,1.002,-0.3,29.1,0.0,1.3,101,82,2.180,11.5,1.003,99.2,2290,24.4,13.762
240.8,28.2,29.59,11,0.705,39.8,58.0,11,87.5,39.8,74,626.4,77.1,-0.8,39.9,1.004,0.6,35.4,88.6,5.0,101,88,2.193,11.5,1.000,99.2,2382,28.5,13.760
258.0,22.2,31.69,11,0.753,28.2,57.7,11,78.0,28.8,78,647.7,73.2,-0.8,31.4,1.001,0.1,25.9,87.7,8.2,101,99,2.186,21.7,0.999,99.2,2886,22.3,13.670
275.2,23.0,28.40,11,0.722,28.9,57.6,11,85.1,29.0,81,648.0,74.7,-0.8,29.7,1.006,0.6,25.1,88.5,0.3,101,104,2.196,12.2,1.000,99.2,2391,23.1,13.729
292.4,16.4,19.25,11,0.701,18.0,57.3,11,70.3,19.4,83,644.5,62.4,-0.8,19.0,0.996,3.4,14.4,93.9,7.8,100,104,2.189,18.5,1.002,99.2,1970,16.6,13.734
309.6,14.6,18.09,11,0.281,13.0,57.3,11,45.1,11.6,83,617.9,32.8,-2.8,10.7,1.012,-1.6,6.3,61.6,0.0,100,115,2.162,31.2,1.002,99.2,2208,14.3,13.718
326.8,22.7,30.35,11,0.696,29.1,58.4,11,83.0,28.1,84,616.0,73.7,-0.8,28.8,0.999,0.4,24.0,87.6,1.0,101,119,2.197,15.0,1.000,99.2,2591,23.1,13.760
344.0,19.7,24.37,11,0.681,24.7,57.6,11,79.3,24.7,86,617.9,69.0,-0.8,24.3,1.002,0.8,19.5,0.0,0.0,101,114,2.190,15.9,0.999,99.2,2175,19.6,13.753
361.2,19.2,23.68,11,0.711,23.5,57.6,11,78.0,23.5,86,612.0,68.6,-0.8,23.3,1.000,0.8,19.1,80.5,5.2,100,112,2.180,16.3,0.999,99.2,2135,19.6,13.760
378.4,17.8,21.10,11,0.695,20.7,56.9,11,75.8,21.1,86,600.0,68.0,-0.8,22.2,1.000,0.5,18.2,91.4,0.0,100,104,2.189,16.8,0.997,99.2,2021,17.7,13.760
395.6,17.4,20.44,11,0.726,19.4,58.0,11,73.0,19.9,86,602.6,64.4,-1.9,19.5,0.988,2.9,14.7,93.1,4.0,100,106,2.180,15.5,1.006,99.2,2017,18.8,13.692
412.8,2.0,7.32,11,0.498,27.8,57.5,11,83.2,28.8,86,596.2,73.7,-0.8,29.2,0.999,-18.5,24.7,70.1,2.7,101,100,2.476,10.5,0.827,99.2,2127,12.2,13.760
430.0,15.2,15.32,11,0.454,33.2,58.0,11,90.3,38.2,86,563.9,82.0,-0.8,40.5,1.005,-60.2,37.7,9.5,0.8,101,76,3.631,-8.5,0.001,99.2,1374,0.0,13.760
447.2,22.9,25.99,12,0.740,33.2,57.3,11,88.6,35.9,86,605.5,78.3,-0.8,38.8,1.001,-0.6,33.1,86.3,6.8,101,96,2.188,13.5,0.998,99.2,2187,21.4,13.708
464.4,6.1,9.53,12,0.464,9.5,58.5,11,38.6,5.9,87,589.5,19.2,-3.1,5.9,1.746,0.0,1.1,0.0,0.0,101,85,3.286,-2.7,0.269,99.2,1530,4.6,13.760
481.6,16.1,14.32,12,0.787,16.0,58.0,11,58.4,9.9,87,571.5,25.4,-3.0,6.2,1.044,0.0,1.0,5.0,1.0,101,72,3.329,-4.6,0.249,99.2,1459,16.0,13.760
498.8,22.0,24.97,12,0.725,28.1,56.8,11,85.5,27.9,87,592.7,74.5,-0.8,28.2,0.996,1.6,22.8,89.4,2.7,100,79,2.190,9.5,1.000,99.2,2127,22.2,13.760
516.0,20.7,20.87,12,0.750,24.2,56.0,11,77.3,28.1,87,612.0,76.1,-0.8,29.9,0.991,0.9,24.7,89.8,0.4,100,85,2.182,15.4,1.001,99.2,1895,22.3,13.760
533.2,0.0,4.70,12,0.000,5.2,56.5,11,25.9,5.1,87,568.9,21.8,-3.1,5.1,1.999,0.0,0.4,0.0,0.0,101,57,3.636,-9.2,0.000,99.2,1204,0.0,13.713
550.4,20.4,21.17,12,0.686,24.8,57.3,11,81.6,22.1,87,533.3,64.9,-1.7,19.2,0.985,-1.9,14.2,93.4,11.4,100,73,2.151,13.1,1.002,99.2,1642,19.5,13.767
567.6,21.9,25.62,12,0.736,24.9,57.3,11,80.2,24.9,87,566.0,73.3,-0.8,25.6,0.992,1.6,17.0,76.2,5.0,100,87,2.190,11.1,1.000,99.2,2159,22.3,13.760
584.8,18.2,20.83,12,0.761,22.8,56.6,11,80.8,23.3,87,554.0,70.4,-1.3,24.2,1.001,2.3,19.4,91.9,8.9,100,69,2.161,13.8,1.006,99.2,1911,18.4,13.760
602.0,18.5,20.42,12,0.784,20.6,56.2,11,80.1,21.6,87,548.6,68.8,-1.3,22.6,1.006,1.2,17.9,91.7,0.0,100,67,2.176,10.5,0.995,99.2,1859,19.1,13.760
619.2,13.6,13.80,12,0.744,15.1,55.7,11,69.6,12.8,87,571.0,48.7,-3.1,10.2,1.003,-0.3,7.3,93.6,0.0,99,82,2.313,23.0,0.988,99.2,1534,13.4,13.760
636.4,16.0,16.94,12,0.771,18.4,56.3,11,75.9,18.6,87,526.2,65.3,-1.6,18.8,1.004,-1.1,14.1,93.7,0.8,100,74,2.249,18.6,0.972,99.2,1677,15.6,13.760
653.6,19.9,20.55,13,0.771,24.6,56.4,11,83.9,24.7,87,513.0,72.3,-1.6,24.3,1.035,2.8,19.4,80.6,0.0,100,66,2.116,7.8,1.008,99.2,1745,20.5,13.716
670.8,14.8,14.67,12,0.751,17.5,55.3,11,73.9,19.9,87,551.8,26.5,-3.1,5.5,1.014,8.5,0.5,0.6,0.0,100,77,1.954,28.7,0.993,99.2,1469,14.1,13.561
688.0,2.6,5.12,14,0.016,5.7,56.2,11,25.9,6.9,87,497.0,36.1,-3.2,5.5,1.146,6.4,0.7,0.0,0.0,101,69,3.194,-8.8,0.000,99.2,1276,1.1,13.760
705.2,14.1,14.27,12,0.742,16.1,55.4,11,80.8,22.0,86,543.7,68.5,-1.5,20.5,1.008,2.1,10.5,71.2,12.5,99,76,2.161,17.5,0.999,99.2,1968,9.9,13.760
722.4,14.1,14.16,14,0.777,14.8,55.7,11,67.6,16.6,87,550.3,59.9,-3.1,16.5,0.997,3.2,9.7,48.4,794.1,100,81,2.152,20.5,1.010,99.2,1573,13.9,13.760
739.6,15.5,16.58,14,0.725,18.3,56.1,11,72.0,18.5,87,553.3,62.4,-2.9,18.2,1.003,2.2,13.5,21.5,206.2,100,86,2.193,17.1,0.996,99.2,1732,15.8,13.746
756.8,18.5,18.73,14,0.722,23.4,55.7,11,81.4,24.3,87,557.1,68.1,-1.5,21.6,1.008,0.0,17.0,89.0,8.6,100,88,2.171,13.5,0.749,99.2,1794,17.0,13.789
774.0,0.0,5.36,14,0.235,13.6,55.8,11,70.8,18.9,87,564.0,24.9,-3.1,7.9,1.042,-0.9,4.8,31.7,14.7,100,85,2.228,14.8,0.984,99.2,1569,11.5,13.696
791.2,13.6,14.11,14,0.569,9.1,56.1,11,34.8,7.7,87,548.0,22.6,-3.1,13.4,0.932,-5.0,13.9,93.8,1.5,99,87,2.218,17.1,0.996,99.2,1663,12.0,13.769
808.4,23.8,26.13,14,0.685,30.2,55.7,11,85.2,28.7,87,564.9,74.1,-0.8,29.4,0.995,1.6,25.5,88.9,2.7,100,92,2.186,10.4,1.008,99.2,2201,23.6,13.760
825.6,17.1,20.11,14,0.790,22.8,55.6,11,69.5,18.1,87,592.0,52.2,-1.6,17.5,0.986,0.9,15.5,0.0,0.0,100,103,2.176,22.0,1.000,99.2,1936,8.8,13.878
842.8,29.1,32.07,14,0.712,38.8,55.7,11,88.8,38.6,87,585.2,77.2,-0.8,36.5,0.999,0.8,30.5,88.5,7.5,100,97,2.178,12.3,1.003,99.2,2560,31.4,13.766
860.0,14.8,16.69,14,0.744,16.2,55.3,11,70.0,19.5,86,580.0,71.6,-0.8,25.0,0.997,-1.6,21.9,90.4,0.0,99,102,2.182,22.4,0.996,99.2,1909,13.6,13.847
877.2,3.9,7.17,14,0.366,9.4,56.1,11,42.2,5.1,86,549.5,15.0,-3.9,4.7,1.999,0.0,0.6,0.5,0.6,100,86,3.661,-9.7,0.092,99.2,1540,2.1,13.902
894.4,16.9,18.44,14,0.705,14.3,56.0,11,58.4,17.0,86,552.5,62.1,-0.9,20.4,1.013,0.8,16.6,92.8,0.5,99,89,2.187,16.4,0.996,99.2,1913,17.8,13.807
911.6,17.2,17.96,14,0.710,22.3,55.3,11,79.2,22.5,86,556.0,66.0,-1.7,21.0,1.004,1.3,13.0,77.7,52.4,99,90,2.159,16.5,0.993,99.2,1700,17.0,13.840
928.8,20.5,23.53,14,0.678,25.0,54.5,11,81.6,25.1,86,579.3,71.4,-0.8,25.1,1.000,1.3,21.2,91.0,2.4,99,95,2.192,13.0,1.002,99.2,2111,20.9,13.840
946.0,16.1,17.16,14,0.705,16.3,54.9,11,64.8,17.2,86,596.0,60.3,-1.9,19.2,1.008,0.5,14.4,82.8,4.5,98,95,2.189,18.2,0.998,99.2,1825,16.5,13.840
963.2,20.0,21.67,14,0.704,25.6,54.1,11,82.4,25.4,87,600.0,67.8,-1.2,23.3,0.993,1.1,19.5,0.0,0.0,99,92,2.180,12.8,1.007,99.2,1947,20.1,13.785
980.4,11.7,13.33,14,0.628,16.2,54.5,11,67.8,13.8,87,596.9,25.7,-3.7,8.1,0.997,0.3,5.5,41.7,9.2,98,94,2.120,17.8,0.990,99.2,1794,12.3,13.820
997.6,14.7,15.77,14,0.700,18.5,54.5,11,67.2,18.2,87,576.0,63.1,-2.5,16.1,1.020,2.3,13.6,89.4,0.0,99,91,2.189,16.0,0.992,99.2,1857,17.3,13.840
1014.8,19.1,20.57,14,0.762,21.5,53.8,11,77.6,21.8,87,570.4,54.2,-3.1,16.4,0.993,1.6,14.9,94.0,12.4,99,85,2.187,13.7,0.995,99.2,1845,18.7,13.843
1032.0,14.8,14.94,14,0.660,15.0,53.7,11,60.7,14.2,87,570.1,52.0,-3.1,12.4,1.031,-2.0,10.3,71.6,0.0,98,92,2.197,19.5,0.988,99.2,1738,15.2,13.839
1049.2,19.3,21.79,14,0.685,25.5,53.7,11,83.4,27.3,87,579.9,72.2,-0.8,27.9,0.999,3.1,23.8,88.9,2.6,99,96,2.182,13.1,1.011,99.2,2319,20.4,13.760
1066.4,18.9,21.45,14,0.723,22.6,53.5,11,77.6,21.8,87,589.2,65.2,-0.8,22.7,1.000,0.2,19.2,91.7,0.0,98,98,2.191,14.5,0.992,99.2,1999,19.1,13.780
1083.6,22.0,25.74,14,0.749,28.3,52.4,11,84.3,28.8,87,604.7,72.8,-0.8,30.0,0.998,3.1,25.8,88.7,0.0,98,98,2.193,13.1,1.000,99.2,2290,22.7,13.840
1100.8,17.6,18.03,14,0.707,14.7,52.7,11,52.1,14.2,87,604.0,63.3,-1.2,26.2,1.001,-0.3,25.1,90.3,0.0,98,90,2.202,11.6,0.994,99.2,1995,18.9,13.840
1118.0,24.8,27.10,14,0.730,31.5,52.9,11,86.9,24.8,87,616.9,71.2,-0.8,27.5,1.008,1.0,24.3,90.2,0.0,98,84,2.171,9.8,0.994,99.2,2220,25.2,13.713
1135.2,18.3,20.75,14,0.702,14.5,52.2,11,47.9,20.7,87,628.3,72.1,-1.6,29.8,1.017,0.1,28.0,89.9,1.2,98,84,2.193,9.5,0.998,99.2,2193,25.1,13.804
1152.4,8.8,9.22,14,0.552,10.1,52.4,11,45.7,10.8,87,623.7,36.5,-3.1,10.1,0.981,-3.6,5.8,91.4,41.8,97,91,2.285,9.1,0.384,99.2,1696,5.2,13.840
1169.6,0.0,4.06,14,0.000,4.7,54.5,11,12.6,4.7,86,548.6,11.2,-3.9,5.1,1.999,0.0,0.5,0.0,0.0,99,89,3.625,-10.8,0.000,99.2,2127,0.0,13.840
1186.8,0.0,4.04,14,0.000,4.7,55.6,11,12.4,5.0,85,481.6,11.3,-3.9,4.9,1.999,0.0,0.4,0.0,0.0,99,95,3.587,-11.7,0.000,99.2,2024,0.0,13.769
1204.0,1.4,4.53,14,0.000,5.1,56.1,11,12.5,5.1,85,410.3,11.0,-3.9,5.1,1.999,0.0,0.4,0.0,0.0,99,97,3.600,-9.0,0.000,99.2,2262,1.6,13.687
1221.2,0.0,4.68,14,0.000,5.1,56.4,11,12.7,5.3,84,349.3,11.0,-3.9,5.4,1.999,0.0,0.4,0.0,0.0,100,103,3.589,-8.5,0.000,99.2,2335,0.0,13.822
1238.4,1.4,4.29,14,0.049,4.9,56.9,11,13.4,4.7,84,310.4,12.2,-3.9,4.4,1.018,1.5,0.4,0.0,0.0,100,106,3.376,-12.1,0.000,99.2,2062,1.1,13.840
1255.6,3.5,5.41,14,0.575,4.4,57.3,11,14.6,6.0,84,287.7,20.8,-3.9,7.7,0.986,-4.2,0.5,18.1,0.0,100,100,2.363,1.5,0.289,99.2,1875,2.0,13.768
1272.8,9.0,8.60,14,0.807,8.9,57.5,11,49.9,13.6,84,303.8,51.1,-3.1,13.5,1.025,-5.3,8.6,95.6,14.2,99,93,2.191,28.1,0.994,99.2,1786,11.3,13.840
1290.0,0.0,4.04,14,0.000,4.7,57.6,11,13.9,4.7,85,328.4,11.9,-3.9,4.8,1.947,0.0,0.4,0.0,0.0,101,92,3.615,-12.5,0.000,99.2,1773,0.0,13.840
1307.2,1.1,4.08,14,0.000,4.7,55.3,11,14.5,4.7,85,318.3,13.1,-3.9,4.7,1.999,0.0,0.4,0.0,0.0,101,83,3.688,-11.3,0.000,99.2,1676,0.0,13.840
1324.4,15.0,16.48,14,0.720,12.7,54.9,11,53.0,13.7,85,373.3,56.4,-2.0,17.3,0.988,0.5,13.5,93.9,2.5,100,96,2.196,18.9,0.996,99.2,1834,15.0,13.816
1341.6,15.1,18.23,14,0.745,16.6,53.3,11,66.3,15.8,86,436.3,42.4,-2.3,13.0,0.956,-0.2,9.6,94.9,13.0,100,106,2.191,21.9,1.005,99.2,2034,15.1,13.760
1358.8,0.0,4.06,14,0.000,4.7,55.2,11,14.1,4.7,86,425.9,12.2,-3.9,4.7,1.999,0.0,0.4,0.0,0.0,101,94,3.626,-12.3,0.000,99.2,1773,0.0,13.831
1376.0,0.0,5.85,14,0.798,4.7,55.8,11,16.1,5.0,86,402.3,14.7,-3.9,7.7,1.435,2.6,5.0,42.0,9.0,101,87,2.129,22.3,1.003,99.2,1858,15.7,13.762
1393.2,4.5,4.79,14,0.314,6.4,54.1,11,24.1,6.9,86,402.6,24.6,-3.9,6.5,0.958,-9.6,1.8,69.6,0.0,100,96,2.018,3.9,0.029,99.2,1841,1.3,13.779
1410.4,4.2,9.16,14,0.249,10.1,52.9,11,39.3,12.4,86,425.0,56.7,-2.3,15.7,0.971,4.3,14.0,31.0,13.8,101,112,2.370,-9.8,0.008,99.2,2050,2.2,13.840
1427.6,17.4,21.90,14,0.706,19.6,53.7,11,72.0,19.5,86,457.2,62.4,-2.3,18.1,1.007,2.9,15.6,92.5,3.5,101,112,2.195,18.3,0.996,99.2,2161,17.5,13.840
1444.8,18.3,23.02,14,0.714,21.6,54.1,11,77.3,23.3,86,479.3,69.0,-0.8,22.3,1.007,3.7,19.4,91.4,4.4,101,110,2.186,21.4,0.998,99.2,2143,18.1,13.840
1462.0,27.9,33.40,14,0.708,39.3,53.7,11,87.3,38.2,86,538.8,78.2,-0.8,37.1,0.999,0.0,31.8,87.5,5.9,101,102,2.201,12.4,1.000,99.2,2598,28.2,13.814
1479.2,19.4,24.28,15,0.718,23.3,53.5,11,76.1,23.0,86,576.9,65.8,-0.8,22.1,1.008,0.9,17.7,0.1,0.1,102,116,2.201,17.5,0.995,99.2,2206,19.8,13.807
1496.4,17.2,22.13,15,0.712,18.4,53.5,11,65.3,18.1,87,588.0,57.8,-2.3,18.3,1.003,3.0,14.2,92.7,5.5,100,119,2.183,20.8,1.003,99.2,2281,17.6,13.813
1513.6,19.6,27.01,15,0.708,24.4,53.7,11,75.9,24.5,87,592.0,67.5,-0.8,24.2,0.999,0.0,19.1,90.2,0.2,101,133,2.205,20.0,0.999,99.2,2538,20.0,13.840
1530.8,17.5,23.27,15,0.704,20.9,53.3,11,73.4,21.8,87,604.0,65.7,-0.8,23.2,1.000,0.5,19.1,90.2,5.9,101,126,2.180,20.5,1.000,99.2,2385,17.4,13.785
1548.0,18.0,23.52,15,0.705,21.6,53.3,11,74.0,21.6,87,604.0,64.3,-0.8,21.6,0.997,0.4,12.8,83.9,0.0,101,123,2.172,22.5,0.999,99.2,2337,17.4,13.840
1565.2,0.4,5.42,15,0.442,5.9,54.1,11,23.2,7.9,87,594.5,31.2,-3.3,14.2,0.936,2.5,8.1,59.5,39.1,100,123,2.078,24.5,1.001,99.2,2325,13.3,13.840
1582.4,17.4,22.69,16,0.695,22.3,53.7,11,73.8,12.0,86,569.1,16.1,-3.9,5.9,0.968,-0.4,3.6,0.0,0.0,102,111,2.190,33.3,1.003,99.2,2077,10.7,13.856
1599.6,2.1,5.25,16,0.673,5.0,53.7,11,19.1,7.8,86,556.0,29.8,-3.3,10.3,1.004,-0.4,7.5,46.6,0.0,101,98,2.540,21.6,0.989,99.2,1955,16.8,13.773
1616.8,19.9,24.64,16,0.702,25.2,52.9,11,80.3,25.4,86,566.3,71.0,-0.8,25.3,1.001,2.6,21.0,90.5,5.8,101,103,2.184,14.3,0.999,99.2,2178,20.5,13.683
1634.0,12.0,12.35,16,0.763,9.8,53.6,11,35.3,5.2,86,566.0,14.0,-3.9,6.0,1.583,-2.0,2.0,12.9,21.8,102,104,1.961,34.1,0.903,99.2,1950,10.7,13.833
1651.2,12.4,13.28,16,0.795,14.9,53.3,11,41.9,12.3,86,568.0,50.7,-1.4,21.4,0.985,-1.5,18.1,87.8,1.2,101,106,2.182,19.0,0.996,99.2,2000,15.3,13.832
1668.4,22.3,26.33,16,0.770,27.3,53.1,11,79.9,24.9,86,564.2,70.9,-0.8,28.3,0.999,0.2,25.0,88.9,0.0,101,104,2.196,9.6,0.990,99.2,2227,21.3,13.840
1685.6,19.6,23.69,15,0.714,23.0,52.9,11,75.4,22.2,86,584.5,73.8,-0.8,26.4,0.998,0.1,22.0,88.7,11.6,101,108,2.182,15.3,0.994,99.2,2192,20.1,13.794
1702.8,16.1,19.36,15,0.678,12.6,52.1,11,33.3,20.2,86,596.2,73.7,-0.8,30.6,1.011,0.1,26.3,1.6,4.3,102,122,2.177,14.7,1.001,99.2,2477,20.8,13.762
1720.0,18.9,23.29,15,0.683,23.5,51.8,11,80.3,27.3,86,604.0,73.7,-0.8,26.3,1.006,0.7,20.5,71.1,8.9,101,117,2.199,17.6,1.001,99.2,2334,18.4,13.803
1737.2,10.0,10.99,15,0.661,11.5,52.4,11,42.5,13.2,86,599.9,48.7,-2.3,16.8,0.999,2.2,11.9,32.4,45.0,101,122,2.183,27.3,0.999,99.2,2276,5.2,13.760
1754.4,16.1,20.98,16,0.738,8.9,53.3,11,20.9,5.6,86,563.2,28.3,-3.5,14.4,0.937,-0.6,12.4,41.0,33.1,101,109,2.193,22.2,1.001,99.2,2262,16.8,13.760
1771.6,21.1,26.91,16,0.720,25.9,52.2,11,74.1,21.3,86,570.9,68.5,-0.8,23.5,0.999,-0.8,19.4,77.9,6.0,101,109,2.175,15.4,0.998,99.2,2324,21.1,13.760
1788.8,13.7,15.54,16,0.690,13.5,52.2,11,48.6,13.9,86,580.0,26.7,-3.4,9.9,1.094,0.8,6.5,23.7,17.7,102,112,2.840,12.7,0.956,99.2,2145,11.8,13.724
1806.0,24.2,31.10,15,0.700,32.7,51.4,11,83.1,32.5,86,590.8,74.2,-0.8,31.5,0.997,0.5,25.7,87.4,0.9,101,118,2.187,14.0,1.000,99.2,2601,24.5,13.827
1823.2,12.8,14.90,15,0.743,13.5,51.8,11,49.6,15.4,86,594.7,40.4,-2.3,11.1,0.989,1.2,7.6,24.3,0.0,102,124,2.150,31.1,1.012,99.2,2332,12.9,13.840
1840.4,17.0,22.76,15,0.783,23.6,51.5,11,75.5,22.9,86,600.0,62.1,-1.5,19.5,0.992,3.1,13.7,51.8,4.3,101,121,2.193,24.4,0.999,99.2,2275,12.8,13.830
1857.6,22.6,27.35,15,0.708,27.6,52.1,11,81.4,26.3,86,606.4,71.2,-0.8,25.0,1.004,1.3,19.2,69.3,2.4,101,119,2.158,15.4,0.997,99.2,2254,22.6,13.840
1874.8,23.0,29.60,15,0.730,25.7,51.4,11,72.8,22.2,86,606.1,45.9,-2.2,18.4,1.135,1.0,16.7,61.1,2.2,101,118,2.182,16.2,1.007,99.2,2502,24.4,13.840
1892.0,17.2,20.37,15,0.685,18.3,52.2,11,62.7,23.8,86,604.0,73.1,-0.8,27.6,1.015,1.1,23.9,89.8,9.0,101,104,2.165,11.9,0.992,99.2,2190,20.3,13.822
1909.2,20.2,24.93,15,0.682,25.2,50.8,11,81.5,26.1,86,600.0,55.4,-2.1,9.4,1.001,1.6,11.4,34.1,0.0,101,115,2.197,20.6,1.007,99.2,2188,20.5,13.813
1926.4,22.9,30.93,15,0.710,30.4,49.3,11,80.3,30.6,86,612.6,73.5,-0.8,30.2,0.994,0.0,24.7,0.0,0.0,102,128,2.189,15.3,0.997,99.2,2684,23.4,13.760
1943.6,19.8,26.84,15,0.685,24.3,50.8,11,77.4,24.3,86,620.0,68.2,-0.8,24.3,0.997,0.0,19.6,82.4,11.3,101,130,2.188,20.0,1.000,99.2,2479,19.9,13.739
1960.8,18.9,25.72,15,0.700,23.6,51.8,11,58.3,19.7,86,618.2,59.3,-0.3,24.0,1.111,-0.7,20.3,84.9,6.9,101,134,2.199,18.1,0.998,99.2,2533,20.6,13.726
1978.0,22.0,28.95,15,0.695,27.5,52.1,11,82.5,27.3,86,600.5,72.9,-0.8,27.1,0.997,0.7,22.7,88.2,0.0,101,120,2.205,14.2,0.995,99.2,2487,22.3,13.777
1995.2,23.3,29.39,15,0.686,29.7,51.3,11,83.0,29.5,86,616.0,73.0,-0.8,28.2,0.996,0.0,24.6,87.8,0.0,101,118,2.194,13.8,0.998,99.2,2530,23.3,13.760
2012.4,20.6,25.92,15,0.684,24.8,50.7,11,78.3,25.6,86,624.0,70.0,-0.8,26.3,1.000,2.9,22.4,89.5,0.6,101,119,2.179,13.7,1.011,99.2,2562,24.0,13.841
2029.6,21.6,28.02,15,0.653,27.5,51.4,11,81.6,27.5,86,627.3,72.9,-0.8,27.1,1.002,-0.5,22.4,0.0,0.0,102,121,2.178,14.2,0.999,99.2,2450,21.6,13.840
2046.8,17.4,21.51,15,0.631,21.2,50.6,11,73.7,22.7,86,620.5,69.5,-0.8,25.7,0.993,1.6,21.4,83.8,8.4,101,120,2.181,16.5,0.998,99.2,2292,16.2,13.656
2064.0,7.1,8.74,15,0.757,13.7,51.0,11,52.6,13.0,86,576.9,53.2,-1.7,15.6,0.970,2.0,11.2,35.1,1.6,101,105,2.086,23.2,1.007,99.2,2050,15.5,13.818
2081.2,17.0,20.31,15,0.718,14.3,51.0,11,24.7,7.0,86,568.7,56.5,-1.5,16.8,1.018,0.0,12.5,40.8,3.7,101,105,2.172,17.8,1.003,99.2,1989,14.9,13.840
2098.4,15.9,19.54,15,0.666,19.2,50.2,11,68.9,18.9,86,557.2,50.4,-1.9,14.5,1.007,0.4,10.5,35.5,25.7,102,109,2.126,27.2,1.005,99.2,2055,16.0,13.890
2115.6,24.2,28.79,15,0.678,29.3,50.2,11,83.9,29.4,86,569.2,76.3,-0.8,30.9,1.004,0.4,26.8,88.8,1.5,101,102,2.191,10.7,0.993,99.2,2320,24.3,13.760
2132.8,26.0,31.29,15,0.710,34.7,49.5,11,85.9,34.2,86,600.1,75.7,-0.8,33.5,0.997,1.6,28.7,87.5,0.0,101,106,2.186,12.6,0.997,99.2,2563,26.3,13.880
2150.0,15.7,19.79,15,0.562,19.7,49.4,11,56.8,17.9,86,600.0,39.5,-2.9,15.9,0.991,-1.9,14.6,44.6,8.3,101,106,2.153,15.5,0.998,99.2,2063,20.1,13.840
2167.2,23.1,30.11,15,0.709,31.0,49.1,11,83.4,31.9,86,613.6,74.7,-0.8,33.0,1.004,0.8,27.1,65.7,15.3,101,122,2.206,13.5,1.000,99.2,2488,23.0,13.770
2184.4,21.5,27.87,15,0.694,26.7,48.8,11,77.7,26.3,86,617.3,73.5,-0.8,28.0,0.997,-0.7,22.6,88.5,1.6,101,130,2.190,14.5,0.995,99.2,2492,21.7,13.840
2201.6,22.9,30.29,15,0.703,30.6,47.6,11,82.3,31.4,86,625.2,72.9,-0.8,31.8,0.997,1.5,26.7,87.5,2.3,101,126,2.185,16.3,1.010,99.2,2750,22.9,13.780
2218.8,11.7,14.25,15,0.774,13.6,47.9,11,33.7,7.1,86,622.9,12.7,2.3,6.1,1.933,0.1,2.8,12.6,1.4,102,132,2.035,32.1,0.923,99.2,2477,10.5,13.806
2236.0,15.7,19.22,15,0.545,16.5,48.7,11,54.1,15.5,86,596.2,17.6,-3.7,13.5,0.984,-1.5,14.2,48.5,54.8,101,120,2.199,22.4,0.996,99.2,2320,16.0,13.840
2253.2,23.1,31.46,15,0.726,25.4,49.4,11,82.0,27.8,86,602.4,73.8,-0.8,29.1,0.995,1.6,24.8,87.9,0.0,101,118,2.172,12.8,1.002,99.2,2620,24.7,13.760
2270.4,22.3,30.57,15,0.696,30.8,48.6,11,79.2,26.1,86,616.0,73.5,-0.8,28.3,1.001,0.0,23.5,30.9,0.0,102,127,2.197,15.3,0.996,99.2,2593,20.9,13.840
2287.6,19.8,26.33,15,0.695,23.9,49.0,11,78.4,24.3,86,620.0,68.8,-0.8,24.3,0.999,0.0,19.4,84.7,13.9,101,128,2.186,18.4,1.001,99.2,2428,20.2,13.531
2304.8,18.8,26.04,15,0.691,22.4,48.6,11,74.3,22.4,86,616.0,64.3,-0.8,22.3,0.998,-0.5,17.5,66.3,23.0,101,130,2.175,19.0,0.997,99.2,2473,19.5,12.937
2322.0,24.3,32.63,14,0.710,33.7,47.5,11,82.6,33.6,86,627.0,73.5,-0.8,30.7,1.006,1.2,25.5,87.6,6.9,101,130,2.185,14.3,1.000,99.2,2667,24.4,13.058
2339.2,16.2,22.12,14,0.699,18.5,47.5,11,61.2,18.1,86,624.6,52.8,0.8,18.1,1.007,-1.0,13.0,40.9,38.7,101,134,2.196,24.8,1.002,99.2,2538,16.2,13.120
2356.4,21.2,28.39,14,0.715,26.7,47.8,11,79.6,26.7,86,620.0,71.1,-0.8,26.5,0.994,1.2,21.6,88.2,0.0,101,133,2.176,17.7,0.998,99.2,2526,21.2,13.120
2373.6,21.7,27.29,14,0.734,27.4,49.0,11,83.4,27.2,86,612.0,72.7,-0.8,25.7,1.000,0.7,21.4,0.0,5.4,102,113,2.178,13.7,0.998,99.2,2279,21.5,13.056
2390.8,15.2,18.63,15,0.719,17.2,48.6,11,61.8,17.3,86,609.8,56.4,-1.5,18.0,0.999,2.3,13.4,40.3,13.5,101,116,2.183,21.6,1.004,99.2,2210,14.2,13.120
2408.0,24.1,30.68,15,0.740,31.6,48.3,11,85.4,32.6,86,589.9,76.5,-0.8,31.7,0.998,1.1,27.8,86.5,1.3,101,113,2.181,13.1,1.002,99.2,2600,25.5,13.120
2425.2,12.2,13.64,15,0.724,12.5,48.2,11,43.9,12.3,86,581.5,39.2,-2.3,12.5,1.006,2.4,8.2,22.6,1.3,102,114,2.190,29.0,0.999,99.2,2152,12.2,13.101
2442.4,5.6,10.23,15,0.471,6.1,48.2,11,15.3,13.0,86,582.7,54.8,-2.3,18.2,1.006,4.7,2.2,10.1,9.1,102,122,2.236,26.5,0.986,99.2,2278,16.8,13.024
2459.6,15.1,19.25,15,0.698,19.5,48.5,11,68.5,18.9,86,576.0,61.3,-2.2,19.6,0.997,1.9,15.6,52.5,0.0,101,118,2.201,21.2,1.001,99.2,2238,13.7,13.120
2476.8,7.4,7.12,15,0.712,15.9,47.8,11,61.6,16.7,86,556.0,56.0,-2.6,17.0,0.980,2.0,2.7,3.3,0.0,102,113,2.072,12.2,0.554,99.2,2087,7.8,13.015
2494.0,12.1,13.55,15,0.709,12.8,49.0,11,49.2,13.1,86,528.0,50.1,-2.3,14.5,1.007,1.6,10.8,35.1,4.1,102,102,2.190,22.1,1.002,99.2,1935,11.7,12.975
2511.2,3.7,4.65,15,0.153,5.9,49.1,11,30.3,9.4,86,508.4,32.1,-3.6,8.6,1.668,-0.2,3.6,8.2,0.0,102,90,3.519,-6.8,0.047,99.2,1662,3.2,13.120
2528.4,0.0,4.02,15,0.000,4.7,50.0,11,22.3,4.7,86,476.2,19.2,-3.9,4.7,1.999,0.0,0.4,0.0,0.2,102,38,3.657,-9.4,0.000,99.2,1215,0.0,12.967
2545.6,17.2,16.81,15,0.718,17.6,49.7,11,66.7,13.4,86,437.8,44.2,-2.4,13.4,1.067,0.8,10.1,27.2,8.5,102,19,2.195,20.5,0.986,99.2,1687,17.1,13.040
2562.8,3.5,5.91,15,0.154,7.1,47.6,11,28.8,3.5,86,455.0,12.5,-3.9,3.9,1.997,0.0,0.8,0.0,2.5,102,64,3.633,63.4,0.001,99.2,1324,2.9,13.106
2580.0,1.7,3.50,15,0.103,4.0,47.5,11,19.8,3.5,86,422.1,21.1,-5.8,3.9,1.366,1.4,0.8,0.0,0.0,102,18,2.070,-4.9,0.363,99.2,1031,2.2,13.096
2597.2,0.0,2.80,15,0.517,3.5,45.9,11,23.8,4.3,86,393.9,18.0,-3.9,4.2,1.008,2.2,0.2,0.0,0.0,102,8,2.209,4.2,0.999,99.2,960,0.0,13.097
2614.4,0.0,0.66,16,0.830,6.3,46.7,-4,0.9,5.9,86,357.7,3.9,5.5,4.9,1.049,0.0,0.0,0.0,0.0,102,0,2.281,9.0,0.999,99.2,0,0.0,12.720
2631.6,0.0,0.66,16,0.830,6.3,46.7,-4,0.0,6.3,86,356.0,0.0,5.5,6.7,1.047,0.0,0.0,0.0,0.0,102,0,2.281,9.0,0.999,99.2,0,0.0,12.720
