BlueDriver Data Log
Sep 12, 2018 5:47:44 PM
Time (s),Engine Coolant Temperature (째C),Catalyst Temperature Bank 1 - Sensor 1 (째C),Fuel Level Input (%),Barometric Pressure (kPa),Vehicle Speed (MPH),Absolute Load Value (%),Ambient Air Temperature (째C),Calculated Engine Load Value (%),Engine RPM (rpm),Relative Throttle Position (%),Control Module Voltage (V),Intake Air Temperature (째C),Absolute Throttle Position (%)
0.0,,,,,,,,,,,,,
3.1,48,0.0,71.8,101,9,27.7,25,32.8,1307,0.7,13.022,25,6.7
6.2,48,0.0,71.8,101,7,26.5,25,31.4,1156,0.4,12.935,25,5.9
9.3,49,0.0,71.7,101,5,27.9,25,37.0,1312,2.8,12.946,26,8.0
12.4,49,0.0,71.7,101,5,28.6,25,33.1,1356,1.1,13.040,26,6.2
15.5,50,0.0,71.8,101,8,39.4,25,44.5,1688,3.1,12.980,26,9.2
18.6,50,0.0,71.8,101,9,28.2,25,31.9,1365,0.4,12.864,26,6.7
21.7,51,0.0,72.2,101,6,27.7,25,32.9,1170,0.4,12.860,26,5.9
24.8,52,0.0,72.2,101,3,32.7,25,41.1,923,0.7,13.004,26,5.9
27.9,52,0.0,72.2,101,2,39.4,25,48.6,1203,2.5,12.937,26,7.8
31.0,53,0.0,71.8,101,9,47.2,25,54.9,1471,5.3,13.047,26,12.1
34.1,53,0.0,72.0,101,13,42.1,25,53.0,1204,0.8,13.041,26,7.6
37.2,54,0.0,72.2,101,14,25.4,25,30.2,1245,0.4,13.004,26,6.2
40.3,54,0.0,72.4,101,8,26.2,25,30.6,1185,0.4,12.961,26,5.9
43.4,55,0.0,72.5,101,2,33.9,25,41.8,948,0.4,12.918,26,5.8
46.5,55,0.0,72.5,101,0,34.2,25,44.4,850,0.4,12.883,26,5.5
49.6,56,0.0,72.5,101,0,33.1,25,42.8,850,0.4,12.880,26,5.5
52.7,56,0.0,72.5,101,0,32.2,25,42.2,835,0.4,12.960,26,5.2
55.8,56,0.0,72.5,101,0,31.5,25,41.0,825,0.4,12.848,26,5.1
58.9,57,0.0,72.7,101,0,31.4,25,40.3,812,0.4,12.879,26,5.1
62.0,57,0.0,72.9,101,0,31.4,25,40.0,812,0.4,12.913,26,5.1
65.1,57,0.0,72.9,101,0,30.6,25,40.0,812,0.4,12.916,26,5.1
68.2,58,0.0,73.3,101,0,30.6,25,39.7,812,0.4,12.800,26,5.1
71.3,58,0.0,73.3,101,0,30.6,25,40.0,812,0.4,12.996,26,5.1
74.4,58,0.0,73.4,101,0,30.6,25,39.6,812,0.4,13.045,27,5.1
77.5,59,0.0,73.7,101,0,30.6,25,39.6,804,0.4,12.834,27,5.1
80.6,59,0.0,73.7,101,0,30.6,25,39.6,802,0.4,12.861,27,5.1
83.7,59,0.0,73.7,101,0,30.2,25,39.5,818,0.4,12.960,27,5.1
86.8,59,0.0,73.7,101,2,52.7,25,59.2,1527,6.7,12.960,27,11.7
89.9,60,0.0,73.7,101,13,68.5,25,76.9,1796,14.3,12.961,27,18.4
93.0,60,25.4,73.6,101,21,75.9,25,84.3,2076,24.7,12.960,27,30.7
96.1,61,75.2,73.7,101,28,77.8,25,89.0,2169,32.6,12.960,27,30.4
99.2,62,114.0,73.5,101,26,19.7,25,19.5,1326,2.3,12.960,26,4.3
102.3,62,119.9,74.1,101,11,21.9,25,28.2,948,0.4,12.908,26,4.2
105.4,63,120.0,74.3,101,0,35.0,25,44.1,830,0.4,12.660,26,5.8
108.5,63,120.0,74.1,101,0,33.3,25,42.9,859,0.4,12.960,26,5.5
111.6,64,122.3,74.1,101,0,31.9,25,40.8,837,0.4,12.887,26,5.2
114.7,64,124.0,73.7,101,0,31.4,25,40.3,830,0.4,12.909,26,5.1
117.8,65,124.0,73.7,101,0,30.6,25,39.6,825,0.4,12.895,26,5.1
120.9,65,124.0,73.3,101,0,30.6,25,39.6,825,0.4,12.825,26,5.0
124.0,65,124.0,73.1,101,0,29.8,25,39.2,812,0.4,12.738,27,4.7
127.1,66,124.0,72.9,101,0,29.8,25,39.5,812,0.4,12.960,27,5.1
130.2,66,124.0,72.8,101,0,30.6,25,39.6,812,0.4,12.832,27,5.1
133.3,67,124.0,72.5,101,0,30.1,25,39.2,812,0.4,12.823,27,5.1
136.4,67,125.3,72.2,101,0,40.0,25,54.9,1253,6.6,12.960,27,10.6
139.5,67,144.7,71.9,101,11,70.4,25,79.7,2074,18.3,12.892,27,23.4
142.6,67,180.6,71.4,100,21,74.6,25,85.6,2317,25.7,12.907,27,30.3
145.7,68,223.9,71.1,100,27,74.4,25,83.6,2581,27.1,12.975,27,33.2
148.8,68,271.4,71.0,100,33,69.9,25,80.0,2758,24.9,12.910,26,31.4
151.9,70,304.7,71.0,101,35,40.9,25,48.8,2117,8.8,12.960,26,12.2
155.0,70,316.0,71.0,101,33,18.9,25,17.7,1778,1.6,12.896,26,7.8
158.1,71,308.2,71.4,101,27,20.1,25,23.1,1434,0.4,12.960,26,5.5
161.2,72,302.6,71.8,101,22,25.0,25,29.9,1184,0.4,12.960,26,5.7
164.3,72,300.0,71.8,101,18,24.0,25,28.6,1220,0.4,12.960,26,5.5
167.4,72,300.0,72.3,101,10,27.0,25,32.1,1106,0.4,12.960,26,5.5
170.5,72,296.3,72.8,101,2,30.2,25,38.6,877,0.4,12.894,26,5.4
173.6,72,290.5,73.2,101,0,24.9,25,31.9,794,0.4,12.889,26,4.1
176.7,72,288.0,72.9,101,0,27.8,25,35.2,755,0.3,12.894,26,4.7
179.8,72,285.5,72.8,101,4,57.9,25,66.7,1788,8.7,12.960,26,14.0
182.9,72,299.8,72.5,101,16,69.2,25,78.1,1739,14.2,12.916,26,19.2
186.0,72,315.2,72.2,101,23,51.2,25,61.3,1591,4.0,12.925,27,10.4
189.1,74,316.4,72.4,101,24,21.5,25,24.9,1303,0.4,12.897,27,5.5
192.2,74,310.3,72.9,101,20,17.9,25,20.8,1201,0.4,12.960,27,4.5
195.3,75,300.0,72.9,101,11,16.6,25,20.5,1055,0.2,12.994,27,4.2
198.4,75,298.1,73.1,101,3,30.6,25,38.1,788,0.4,12.960,26,5.4
201.5,75,292.3,73.3,101,0,34.1,25,44.2,831,0.4,12.960,26,5.5
204.6,75,286.4,72.9,101,0,32.1,25,42.0,849,0.4,12.960,26,5.3
207.7,75,284.0,72.9,101,0,31.4,25,40.8,850,0.4,12.901,27,5.1
210.8,75,278.1,72.9,101,0,31.2,25,39.6,812,0.4,12.892,27,5.1
213.9,75,276.0,72.9,101,0,30.6,25,39.4,818,0.4,12.880,27,5.1
217.0,75,269.8,73.3,101,0,30.4,25,39.5,824,0.4,12.880,27,5.1
220.1,75,267.6,73.3,101,0,30.5,25,39.2,804,0.4,12.951,27,4.7
223.2,75,261.1,73.7,101,0,30.6,25,39.2,816,0.4,12.859,27,4.7
226.3,75,258.8,73.7,101,0,30.5,25,39.6,813,0.4,12.825,27,5.1
229.4,75,252.3,73.7,101,0,29.8,25,39.4,812,0.4,12.880,27,4.7
232.5,75,250.8,73.7,101,0,29.8,25,39.2,812,0.4,13.023,27,4.7
235.6,75,244.5,73.7,101,0,29.8,25,39.0,807,0.4,12.845,27,4.7
238.7,75,242.0,73.7,101,0,28.2,25,35.3,807,0.4,12.794,27,3.9
241.8,75,239.7,73.7,101,0,21.2,25,27.9,719,0.4,12.837,27,3.4
244.9,75,236.0,73.7,101,2,32.0,25,38.0,958,7.1,12.956,28,10.6
248.0,75,248.8,73.3,101,12,63.4,25,71.5,1700,12.1,12.960,28,16.8
251.1,75,264.6,73.4,101,21,73.1,25,82.8,1828,18.8,12.960,28,25.2
254.2,75,295.8,73.2,101,29,76.0,25,85.3,2069,28.4,12.871,27,32.6
257.3,75,332.6,72.9,101,35,76.4,25,86.0,2101,31.8,12.958,26,35.8
260.4,75,357.6,72.4,101,40,77.0,25,89.9,2152,31.2,12.907,26,36.0
263.5,77,387.6,72.2,101,46,77.1,25,87.6,2632,35.4,12.956,25,41.6
266.6,78,422.1,72.2,100,50,70.9,25,77.6,2966,25.1,12.937,25,29.9
269.7,78,446.8,71.9,101,53,39.0,25,64.4,2334,15.9,12.939,25,7.0
272.8,79,444.0,71.8,101,49,17.1,25,21.7,1601,2.2,12.938,25,5.1
275.9,81,432.7,71.8,101,44,27.4,25,30.5,1550,1.4,12.960,25,5.8
279.0,81,434.7,71.9,101,41,11.9,25,16.9,1421,1.2,12.960,25,4.5
282.1,81,424.5,72.2,101,32,18.8,25,22.1,1363,3.3,12.917,25,6.2
285.2,81,429.5,72.2,101,33,77.5,25,86.3,1640,21.5,12.970,25,27.5
288.3,81,459.5,72.2,101,38,77.3,25,87.5,2143,25.4,12.832,25,30.6
291.4,81,481.1,71.8,101,43,76.4,25,86.4,2216,27.1,12.960,25,31.4
294.5,81,502.4,71.4,101,47,76.9,25,86.7,2278,27.4,12.927,25,32.0
297.6,81,520.5,71.4,101,52,77.9,25,88.3,2354,30.2,12.941,25,35.3
300.7,82,537.3,71.0,101,55,78.4,24,87.9,2556,33.5,12.888,24,38.5
303.8,84,552.1,71.0,101,58,76.1,24,84.8,2896,32.9,12.954,24,38.1
306.9,84,565.5,71.0,100,61,76.6,24,84.7,3216,29.3,12.880,24,35.4
310.0,85,578.5,70.6,100,65,75.2,24,79.7,3409,26.5,12.960,24,35.3
313.1,85,586.9,70.2,100,67,75.4,24,86.5,2571,28.0,12.960,24,33.6
316.2,86,595.7,70.2,101,68,75.6,24,85.7,2598,31.8,12.960,24,37.5
319.3,87,600.0,70.2,101,69,76.1,24,85.5,2627,34.0,12.960,23,39.1
322.4,87,608.4,70.2,101,70,75.4,23,85.2,2663,34.3,12.979,23,39.7
325.5,87,612.0,70.2,101,71,76.1,23,85.2,2691,34.9,12.960,23,40.7
328.6,87,616.2,70.2,101,72,76.1,23,85.5,2712,35.3,12.960,23,40.8
331.7,87,622.5,70.2,101,73,75.2,23,84.9,2686,32.5,12.960,23,31.0
334.8,87,624.4,70.2,100,73,74.4,23,84.6,2459,26.6,12.973,23,31.9
337.9,87,628.7,70.2,100,75,72.2,23,82.9,2660,27.3,12.960,23,32.5
341.0,87,632.0,70.2,100,75,71.9,23,82.1,2592,27.2,12.960,23,32.9
344.1,87,636.0,69.8,100,76,74.4,23,84.7,2559,27.3,12.960,23,32.1
347.2,87,639.2,69.8,100,77,73.4,23,82.3,2713,29.1,12.960,23,35.2
350.3,87,641.2,69.8,100,78,73.7,23,83.1,2771,29.7,12.960,23,35.5
353.4,87,644.0,69.8,100,78,74.0,23,81.9,2809,30.1,12.960,23,35.3
356.5,87,648.0,69.7,100,78,73.6,23,83.1,2813,29.8,12.960,23,35.3
359.6,87,648.0,69.4,100,78,72.9,23,83.2,2799,29.1,12.908,23,35.0
362.7,87,652.0,69.4,100,77,73.4,23,82.7,2787,28.2,12.884,23,33.6
365.8,87,652.0,69.4,100,77,72.3,23,82.2,2749,27.9,12.960,23,31.7
368.9,87,654.1,69.4,100,77,72.4,23,82.1,2764,27.5,12.960,23,33.2
372.0,87,656.0,69.4,101,78,71.6,23,77.5,2500,23.7,12.960,23,31.4
375.1,87,656.0,69.8,101,78,75.0,23,84.9,2543,28.8,12.960,23,33.7
378.2,87,656.0,69.8,101,78,76.8,23,85.9,2830,35.9,12.903,23,42.0
381.3,87,659.1,69.8,101,78,76.1,23,84.4,2865,32.5,12.959,23,40.4
384.4,87,660.0,69.8,101,79,70.4,23,79.0,2413,23.1,12.945,23,27.6
387.5,87,660.0,69.8,100,78,73.5,23,82.6,2502,23.8,12.960,23,28.6
390.6,87,660.0,70.2,100,78,72.2,23,82.2,2653,25.5,12.960,23,30.9
393.7,87,660.0,70.2,100,78,71.0,23,82.0,2683,25.5,12.908,23,31.0
396.8,87,660.0,70.0,100,78,55.1,23,65.7,2397,19.0,12.960,23,31.0
399.9,87,660.0,69.8,100,78,63.3,23,76.9,2391,20.2,12.965,23,24.9
403.0,87,656.0,69.8,100,78,72.2,23,82.3,2430,22.4,12.975,23,27.5
406.1,87,656.0,69.5,100,78,60.0,23,72.8,2440,19.7,12.960,23,27.1
409.2,87,656.0,69.7,100,78,72.9,23,77.8,2400,22.4,12.960,23,27.1
412.3,87,656.0,69.4,100,79,71.9,23,81.7,2713,24.8,12.960,23,30.6
415.4,87,656.0,69.4,100,81,65.7,21,77.5,2512,19.8,12.960,22,24.1
418.5,87,652.4,69.4,101,82,27.5,21,37.6,2488,5.1,13.045,21,5.9
421.6,87,642.4,69.8,101,80,16.2,21,18.8,2413,1.5,13.044,21,6.7
424.7,87,632.3,69.8,101,80,40.9,21,49.4,2466,10.1,12.856,23,16.3
427.8,86,630.2,70.2,101,80,13.8,21,17.5,2406,3.6,12.929,23,9.4
430.9,86,616.7,70.2,101,75,11.2,21,12.9,2243,0.4,12.960,23,5.1
434.0,86,604.9,70.2,101,70,18.0,21,16.6,2116,0.4,12.834,23,8.1
437.1,86,600.0,70.2,101,69,61.6,21,71.1,2249,15.5,12.905,23,19.0
440.2,86,606.1,70.2,100,70,72.9,21,83.6,2385,22.0,12.960,23,27.3
443.3,86,612.0,70.2,101,72,76.9,21,86.7,2703,31.8,12.960,23,37.6
446.4,86,614.8,69.9,100,72,76.9,21,85.6,2750,32.5,12.960,21,38.4
449.5,86,621.3,69.8,100,72,76.9,21,86.2,2739,32.8,12.960,21,38.6
452.6,86,627.2,69.8,100,71,76.1,21,85.6,2721,32.9,12.960,21,38.0
455.7,86,632.0,70.2,100,71,76.1,21,84.7,2723,32.9,12.960,21,38.0
458.8,86,635.7,69.8,100,72,75.3,21,85.1,2731,32.9,12.960,21,38.4
461.9,86,637.8,69.8,100,72,75.2,21,85.0,2737,32.6,12.960,21,36.5
465.0,86,643.3,69.8,100,74,74.0,21,83.9,2725,28.8,12.960,21,34.2
468.1,86,644.0,69.8,100,75,74.3,21,84.7,2498,25.5,12.960,21,28.4
471.2,86,644.0,69.8,100,76,72.3,21,82.1,2600,23.6,12.999,21,29.2
474.3,86,644.0,70.2,100,77,60.4,21,69.7,2343,15.6,12.960,21,22.0
477.4,86,644.0,70.2,100,78,61.4,21,70.7,2392,15.4,12.960,21,20.5
480.5,86,644.0,70.2,100,80,69.3,21,79.0,2431,20.0,12.960,21,25.9
483.6,86,644.0,70.6,100,79,67.9,21,79.1,2423,18.2,12.889,21,17.8
486.7,86,644.0,70.2,100,78,61.2,21,74.4,2379,19.2,12.960,21,22.2
489.8,86,644.0,70.4,100,77,71.6,21,82.8,2487,17.8,12.887,21,23.7
492.9,86,644.0,70.2,100,77,68.3,21,78.9,2340,14.1,12.960,21,21.8
496.0,86,644.0,70.2,100,76,72.2,21,83.5,2389,23.4,12.960,21,28.1
499.1,86,644.0,70.2,100,76,72.2,21,82.8,2505,23.4,12.960,21,28.4
502.2,86,644.0,70.2,100,76,63.5,21,72.6,2372,19.3,12.942,21,26.6
505.3,86,644.0,70.2,100,76,68.5,21,77.2,2307,17.8,12.880,21,22.2
508.4,86,644.0,69.9,100,76,67.4,21,82.2,2424,21.9,12.960,21,24.3
511.5,86,644.0,69.8,100,76,72.4,21,83.0,2356,23.4,12.886,21,25.8
514.6,86,644.5,69.8,100,77,73.6,21,83.3,2668,27.2,12.960,21,32.0
517.7,86,648.0,69.8,100,78,72.9,21,82.9,2827,27.8,12.960,21,33.4
520.8,86,648.7,69.8,100,80,71.4,21,81.5,2864,26.9,12.917,23,26.3
523.9,86,652.0,69.8,100,81,70.1,21,79.0,2508,23.0,12.884,23,28.6
527.0,86,652.0,69.8,100,81,75.9,21,83.9,2823,32.1,12.908,23,34.5
530.1,86,652.0,69.8,100,81,72.5,21,82.1,2529,23.7,12.950,21,28.6
533.2,86,656.0,69.8,101,81,74.4,21,82.3,2577,23.7,12.926,22,28.5
536.3,86,656.0,69.8,101,81,72.9,21,81.7,2515,23.5,12.960,23,28.3
539.4,86,656.0,69.4,101,81,72.9,21,81.6,2607,24.3,12.960,23,25.4
542.5,86,652.5,69.4,101,81,48.9,21,54.7,2450,11.0,12.944,23,16.3
545.6,86,649.2,69.3,100,81,55.1,21,60.2,2438,3.4,12.940,23,12.4
548.7,86,640.6,69.3,101,79,22.1,21,24.6,2358,2.9,12.972,23,7.8
551.8,86,634.4,69.4,101,78,33.1,21,43.9,2362,8.3,12.977,23,12.6
554.9,86,632.0,69.4,100,78,51.0,21,61.8,2448,12.4,12.960,23,17.0
558.0,86,632.0,69.4,100,80,59.0,21,70.1,2427,9.3,12.960,23,11.5
561.1,86,627.2,69.5,100,81,35.5,21,26.6,2407,5.7,12.960,23,14.9
564.2,86,614.9,69.8,101,76,13.3,21,14.4,2282,0.5,12.960,23,5.5
567.3,86,602.6,69.8,101,72,36.3,21,42.6,2225,9.2,12.960,23,14.5
570.4,86,604.1,69.8,100,71,73.4,21,83.3,2420,22.0,12.960,23,26.0
573.5,86,608.0,69.8,100,70,62.0,21,71.7,2151,17.1,12.960,23,26.2
576.6,86,608.1,69.8,100,70,73.1,21,82.6,2331,20.4,12.960,23,24.3
579.7,86,612.0,69.4,100,70,64.8,21,76.2,2173,19.2,12.960,23,24.0
582.8,86,611.6,69.4,100,68,58.7,21,65.9,2102,10.4,12.960,23,14.3
585.9,86,605.5,69.6,101,66,13.1,21,12.9,1989,0.6,12.884,23,5.0
589.0,86,600.8,69.8,100,65,64.0,21,67.2,2063,16.5,12.865,23,21.5
592.1,86,604.0,69.8,100,65,74.0,21,84.7,2311,17.2,12.960,23,16.3
595.2,86,598.9,69.8,101,64,14.3,21,20.9,1928,2.3,12.998,23,8.4
598.3,86,596.0,70.1,101,62,32.6,21,47.1,1907,10.1,12.960,23,6.8
601.4,86,594.4,70.1,100,61,81.5,21,87.6,2435,34.7,12.960,23,38.5
604.5,86,603.5,69.8,100,65,79.7,21,90.0,3211,34.0,12.960,23,40.0
607.6,86,610.0,69.8,100,69,83.1,21,89.8,3716,34.0,12.960,23,40.9
610.7,86,616.0,69.8,100,74,75.1,21,85.0,3027,25.0,12.893,23,28.5
613.8,86,620.0,69.8,100,75,73.9,21,84.1,2575,25.5,12.960,23,29.8
616.9,86,625.1,69.8,100,77,76.9,21,85.9,2815,35.4,12.913,23,41.8
620.0,86,628.0,70.1,100,76,55.6,21,61.8,2332,15.7,12.977,23,20.3
623.1,86,628.0,69.8,100,76,72.9,21,84.2,2325,24.7,12.960,23,28.7
626.2,87,631.2,69.8,100,76,75.8,21,86.1,2679,32.2,12.960,23,37.3
629.3,87,636.0,69.8,100,76,76.8,21,85.2,2816,36.2,12.960,23,42.3
632.4,87,639.2,69.8,100,77,75.7,21,86.0,2850,35.2,12.948,23,41.2
635.5,87,641.1,69.5,100,77,70.3,21,82.8,2474,26.4,12.930,23,33.9
638.6,87,641.5,69.8,100,76,34.8,21,54.5,2314,17.9,12.960,23,22.7
641.7,87,639.8,69.8,99,75,60.8,21,41.8,2275,16.5,12.960,23,19.6
644.8,87,636.0,69.8,100,75,28.2,21,50.6,1305,16.4,12.929,23,8.6
647.9,87,633.3,69.8,100,73,34.2,21,41.4,2206,8.6,12.960,23,12.4
651.0,87,631.1,69.8,100,72,40.0,21,45.2,2187,8.6,12.929,23,12.6
654.1,87,622.2,70.1,100,71,25.8,21,31.6,2125,3.0,12.960,23,5.7
657.2,87,618.7,70.2,100,71,51.2,21,57.2,2135,11.9,12.960,23,16.5
660.3,87,616.0,70.2,100,72,63.0,21,71.7,2187,15.3,12.960,24,19.4
663.4,87,616.0,69.8,100,73,43.6,21,24.5,2189,4.2,12.960,23,15.0
666.5,87,612.4,69.8,100,73,13.3,21,14.7,2206,3.3,13.012,24,7.8
669.6,87,599.9,70.2,101,72,12.7,21,14.2,2158,0.8,12.960,24,5.7
672.7,86,588.0,70.2,101,71,25.4,21,28.4,2120,3.3,12.972,24,5.6
675.8,86,585.3,70.2,101,70,12.8,21,13.0,2100,0.4,12.960,24,5.0
678.9,86,572.0,70.3,101,68,11.5,21,12.2,2078,1.0,13.014,24,5.8
682.0,86,568.4,70.6,101,68,31.6,21,35.2,2128,5.9,12.902,24,11.8
685.1,86,568.0,70.6,101,70,30.0,21,23.8,2081,2.5,12.960,24,9.9
688.2,86,568.0,70.6,100,70,50.7,21,56.7,2242,11.7,12.925,24,15.5
691.3,86,573.0,70.6,100,72,74.4,21,85.3,2595,25.0,12.956,24,29.2
694.4,86,580.4,70.2,100,73,70.2,21,80.3,2425,19.0,12.878,23,23.3
697.5,86,587.0,70.2,100,73,70.6,21,81.0,2346,20.8,12.960,23,25.5
700.6,86,592.0,69.8,100,72,69.0,21,78.9,2283,20.5,12.960,23,25.1
703.7,86,595.5,69.8,100,71,71.3,21,80.6,2298,21.1,12.960,23,25.4
706.8,86,600.0,69.8,100,71,74.3,21,85.8,2528,25.4,12.960,23,30.3
709.9,86,607.6,69.4,100,72,73.1,21,82.9,2663,25.9,12.960,23,31.4
713.0,86,612.0,69.4,100,73,72.5,21,83.9,2562,24.8,12.960,23,32.6
716.1,86,615.2,69.4,100,74,73.7,21,83.7,2725,28.2,12.947,21,34.1
719.2,86,621.4,69.4,100,75,72.1,21,81.2,2637,23.8,12.935,21,28.8
722.3,86,620.2,69.4,100,75,68.5,21,76.1,2282,17.7,12.955,21,18.4
725.4,86,624.0,69.4,100,75,75.1,21,84.6,2597,26.8,12.959,23,31.9
728.5,86,629.0,69.0,100,76,75.3,21,84.7,2777,31.2,12.929,21,38.4
731.6,86,632.0,69.0,100,77,74.5,21,82.6,2727,25.8,12.960,21,31.7
734.7,86,636.0,69.0,100,77,75.3,21,86.1,2739,33.6,12.960,21,38.9
737.8,86,639.1,69.0,100,78,74.4,21,84.0,2742,32.7,12.960,21,40.8
740.9,86,641.2,69.0,100,78,69.0,21,80.4,2423,21.5,12.960,21,27.0
744.0,86,644.0,69.0,100,78,69.7,21,80.8,2387,20.1,12.960,21,23.5
747.1,86,644.0,69.0,100,78,69.4,21,82.5,2377,21.6,12.960,21,25.2
750.2,86,644.0,69.0,100,79,63.7,21,71.5,2505,17.0,12.825,21,29.1
753.3,86,640.0,69.4,100,79,37.3,21,42.9,2387,7.7,12.943,22,13.8
756.4,86,640.0,69.4,101,78,50.5,21,59.9,2380,12.4,12.960,23,17.2
759.5,86,636.0,69.4,101,78,66.0,21,74.2,2390,21.2,12.960,23,25.6
762.6,86,640.0,69.0,101,78,70.2,21,80.3,2397,19.7,12.960,23,25.4
765.7,86,640.0,69.0,101,78,54.6,21,65.2,2380,17.6,12.960,23,22.4
768.8,86,635.8,69.0,101,77,17.1,21,19.8,2294,5.1,12.960,23,14.5
771.9,86,632.0,69.3,100,75,39.0,21,41.2,2269,8.9,12.960,23,13.5
775.0,86,628.0,69.4,100,75,47.0,21,54.1,2258,10.6,12.960,23,14.9
778.1,86,624.8,69.4,100,75,45.2,21,53.9,2275,10.0,12.870,23,14.5
781.2,86,624.0,69.4,100,76,47.9,21,57.3,2287,11.0,12.914,23,15.5
784.3,86,620.8,69.7,98,75,31.8,21,35.7,2262,5.5,12.960,23,11.2
787.4,86,620.0,69.8,99,75,55.5,21,64.1,2285,11.7,12.960,23,16.6
790.5,86,617.0,69.8,100,76,43.3,21,51.1,2292,9.2,12.960,23,7.7
793.6,86,612.0,70.2,101,75,46.1,21,52.5,2304,11.2,12.960,23,15.5
796.7,86,609.0,70.2,101,75,32.4,21,43.5,2274,10.1,12.939,23,6.7
799.8,86,600.0,70.2,101,73,31.2,21,43.7,2212,8.0,12.908,23,10.7
802.9,86,600.0,70.2,100,73,50.3,21,63.8,2346,11.8,12.950,23,11.4
806.0,86,600.0,70.2,99,74,19.4,21,30.3,2224,10.3,12.880,23,16.5
809.1,86,596.5,70.2,99,73,40.4,21,40.1,2227,4.9,12.945,23,9.7
812.2,86,596.0,70.2,99,72,27.0,21,26.4,2180,9.0,12.942,23,15.9
815.3,86,596.0,70.2,99,72,52.2,21,58.6,2200,10.5,12.933,23,16.0
818.4,86,596.0,70.2,99,72,32.4,21,31.5,2168,9.5,12.948,23,15.3
821.5,86,596.0,69.8,99,72,55.7,21,64.1,2227,12.0,12.925,23,17.1
824.6,86,596.0,69.8,99,73,53.5,21,62.1,2234,12.4,12.960,23,12.5
827.7,86,596.0,69.8,99,73,62.0,21,69.2,2235,15.3,12.960,23,19.6
830.8,86,599.2,69.8,100,73,55.3,21,67.0,2252,14.4,12.960,23,20.1
833.9,86,597.5,69.8,99,73,61.4,21,72.5,2250,15.3,12.960,23,19.2
837.0,86,600.0,69.8,100,72,69.7,21,78.8,2319,19.5,12.960,23,25.5
840.1,86,606.0,69.4,100,72,73.5,21,85.0,2524,24.2,12.960,23,29.3
843.2,86,612.0,69.4,100,73,72.9,21,83.0,2566,24.3,12.960,23,29.5
846.3,86,614.5,69.4,100,75,72.9,21,82.9,2594,24.3,12.880,23,29.8
849.4,86,620.0,69.4,100,76,72.9,21,82.4,2606,24.5,12.960,23,29.3
852.5,86,623.3,69.4,100,77,71.7,21,80.9,2577,22.5,12.960,23,29.5
855.6,86,624.0,69.4,100,77,70.3,21,81.9,2391,21.1,12.960,23,24.5
858.7,86,627.4,69.4,100,78,67.2,21,77.4,2429,21.3,12.849,23,20.4
861.8,86,628.0,69.4,100,77,59.0,21,57.2,2350,10.0,12.960,23,18.3
864.9,86,628.0,69.4,101,77,65.7,21,75.5,2336,17.6,12.960,23,22.7
868.0,86,628.0,69.4,101,77,66.3,21,76.5,2350,18.6,12.960,23,22.7
871.1,86,628.0,69.4,101,77,55.8,21,67.4,2343,16.0,12.987,23,16.9
874.2,86,628.0,69.4,101,76,53.2,21,51.5,2292,6.9,12.982,23,13.8
877.3,86,624.0,69.5,99,73,49.3,21,56.8,2213,11.0,12.888,23,15.8
880.4,86,624.0,69.8,100,71,65.4,21,75.5,2167,17.2,13.016,23,21.7
883.5,86,624.0,69.8,100,69,68.2,21,79.0,2179,19.5,12.960,23,23.8
886.6,86,624.0,69.8,100,68,73.0,21,84.3,2329,25.1,12.880,23,30.4
889.7,86,628.0,69.4,100,69,76.7,21,87.0,2622,31.9,12.880,23,37.1
892.8,86,631.8,69.4,100,70,75.5,21,85.8,2675,32.9,12.904,23,38.4
895.9,86,636.0,69.4,100,71,75.3,21,85.1,2700,32.7,12.957,23,38.1
899.0,86,640.0,69.4,100,74,71.1,21,79.8,2476,22.0,12.907,23,29.2
902.1,86,636.5,69.0,100,74,26.1,21,20.5,2228,2.2,12.960,23,10.4
905.2,86,624.6,69.0,101,72,11.0,21,12.4,2131,0.4,12.960,23,4.7
908.3,86,605.9,68.6,101,67,11.0,21,12.2,2005,0.4,12.960,23,6.8
911.4,86,602.6,68.4,100,68,67.2,21,79.4,2135,20.9,12.960,23,23.7
914.5,86,604.9,68.1,100,71,74.5,21,84.7,2439,23.5,12.960,23,28.2
917.6,86,611.1,67.6,100,73,73.6,21,83.6,2635,25.7,12.960,23,31.4
920.7,86,616.0,67.5,100,75,62.8,21,73.0,2304,19.0,12.960,23,25.2
923.8,86,616.0,67.5,100,74,35.5,21,52.4,2249,16.5,12.947,23,15.6
926.9,86,616.0,67.5,100,73,75.3,21,83.8,2416,23.5,12.936,23,29.7
930.0,86,619.7,67.5,100,74,75.3,21,84.7,2727,30.6,12.960,23,36.5
933.1,86,625.7,67.8,100,76,74.3,21,82.9,2807,25.4,12.960,23,31.7
936.2,86,628.0,67.8,100,78,72.1,21,82.3,2395,22.2,12.960,23,27.1
939.3,86,630.6,67.5,100,80,71.9,21,82.3,2437,21.9,12.881,23,27.1
942.4,86,632.0,67.5,100,80,68.3,21,77.8,2445,19.2,12.960,23,24.6
945.5,86,629.9,67.1,100,80,23.5,21,19.7,2397,0.5,13.016,23,14.0
948.6,86,618.5,67.5,101,77,14.4,21,17.1,2321,0.4,13.001,23,5.4
951.7,86,608.0,67.4,101,76,25.9,21,31.0,2279,7.6,12.956,23,11.7
954.8,86,606.6,67.1,101,76,33.3,21,40.7,2276,8.9,12.938,23,15.4
957.9,86,604.0,67.1,101,75,36.4,21,46.7,2263,10.1,12.960,23,8.6
961.0,86,604.0,67.3,101,75,53.6,21,62.9,2300,14.1,12.898,24,18.3
964.1,86,604.0,67.1,100,76,61.5,21,75.3,2360,17.2,12.938,24,22.0
967.2,86,608.0,67.1,100,76,71.1,21,82.7,2511,21.1,12.943,24,24.4
970.3,86,608.0,67.1,100,74,29.3,21,40.8,2229,10.3,12.960,24,4.8
973.4,86,600.0,67.2,101,70,11.1,21,14.9,2094,1.8,12.991,24,5.5
976.5,86,593.6,67.5,100,68,27.6,21,30.1,2057,2.8,12.960,23,6.3
979.6,86,592.8,67.5,101,67,67.1,21,75.7,2185,16.2,12.960,24,18.9
982.7,86,599.2,67.5,100,68,72.3,21,83.6,2391,23.4,12.960,24,28.4
985.8,86,601.5,67.5,100,70,72.9,21,83.5,2548,24.0,12.960,23,28.6
988.9,86,607.7,67.5,100,72,70.2,21,80.2,2379,21.3,12.960,23,27.6
992.0,86,609.9,67.5,100,72,70.7,21,81.1,2269,23.0,13.029,23,25.8
995.1,86,612.0,67.5,100,73,55.6,21,66.0,2333,17.3,12.960,23,14.3
998.2,86,612.0,67.5,101,73,37.7,21,41.3,2214,8.8,12.960,23,14.0
1001.3,86,611.1,67.1,101,73,30.1,21,34.9,2207,10.6,12.960,24,17.3
1004.4,86,608.0,67.3,101,73,59.2,21,68.3,2215,15.3,13.035,24,19.3
1007.5,86,606.1,67.5,101,72,31.5,21,34.0,2164,3.2,12.858,24,14.1
1010.6,86,593.7,67.5,101,69,42.1,21,37.3,2136,7.2,12.960,24,13.3
1013.7,86,597.3,67.5,101,70,69.8,21,80.2,2268,21.5,12.999,24,25.5
1016.8,86,600.0,67.5,100,71,62.5,21,66.1,2198,16.5,12.960,24,23.7
1019.9,86,600.0,67.8,99,71,51.6,21,39.4,2164,11.3,12.960,24,16.9
1023.0,86,600.0,67.8,99,71,61.2,21,71.1,2180,15.8,12.960,24,18.4
1026.1,86,601.7,67.8,100,72,63.7,21,80.4,2452,23.7,12.895,24,26.4
1029.2,86,600.1,68.2,101,71,33.8,21,43.7,2181,5.3,12.960,24,6.8
1032.3,86,600.0,67.8,99,72,58.1,21,67.7,2175,13.9,12.977,24,19.6
1035.4,86,600.0,67.8,99,72,48.2,21,45.2,2193,9.6,12.936,24,17.9
1038.5,86,600.0,67.8,99,72,53.5,21,60.6,2187,12.8,12.880,24,16.0
1041.6,86,600.0,67.8,100,72,64.0,21,72.9,2216,16.0,12.960,24,20.9
1044.7,86,600.0,67.5,100,73,64.0,21,73.0,2237,17.2,12.960,24,21.0
1047.8,86,604.0,67.5,100,73,71.2,21,76.9,2262,18.2,12.960,24,24.5
1050.9,86,599.4,67.3,100,71,21.0,21,15.1,2104,0.4,12.881,24,10.1
1054.0,86,595.5,67.5,101,67,50.4,21,49.3,2124,4.5,12.960,24,6.3
1057.1,86,592.0,67.2,99,66,46.1,21,45.3,2020,7.1,12.804,24,12.4
1060.2,86,592.0,67.4,99,66,60.6,21,68.9,2065,14.5,12.934,24,19.8
1063.3,86,595.4,67.1,100,67,71.1,21,81.4,2229,21.6,12.935,24,26.3
1066.4,86,602.2,67.1,100,68,71.9,21,82.9,2401,22.4,12.950,24,27.1
1069.5,86,608.0,67.1,100,68,73.6,21,84.0,2492,24.1,12.921,24,29.0
1072.6,86,611.0,67.1,100,70,73.3,21,83.8,2508,24.0,12.960,24,29.4
1075.7,86,612.0,67.1,100,71,53.0,21,45.9,2198,10.3,13.005,24,18.8
1078.8,86,612.0,67.1,99,73,50.4,21,63.3,2233,14.9,12.960,24,19.8
1081.9,86,604.8,67.1,100,75,11.5,21,13.3,2225,0.6,12.960,24,5.4
1085.0,86,596.0,67.5,100,75,21.2,21,24.0,2246,4.4,12.960,24,8.9
1088.1,86,596.0,67.5,99,76,55.4,21,56.8,2287,8.2,12.960,24,14.6
1091.2,86,596.0,67.8,99,75,60.6,21,70.1,2279,15.3,12.960,24,15.0
1094.3,86,596.0,67.8,100,72,33.3,21,49.5,2214,8.1,12.960,24,14.3
1097.4,86,592.0,67.8,99,70,50.0,21,56.3,2191,10.3,12.908,24,13.3
1100.5,86,592.0,67.6,99,70,44.3,21,58.4,2130,9.6,12.891,24,7.7
1103.6,86,582.8,67.6,101,68,13.4,21,17.6,2022,1.0,12.960,24,8.1
1106.7,86,580.0,67.8,99,68,53.9,21,61.0,2240,11.2,12.944,24,16.7
1109.8,86,581.7,67.7,99,70,64.5,21,75.2,2256,16.7,12.942,25,22.1
1112.9,86,587.4,67.5,100,72,68.7,21,78.2,2315,19.9,12.960,24,24.3
1116.0,86,592.0,67.5,100,72,71.0,21,82.9,2365,21.8,12.890,24,25.9
1119.1,86,596.0,67.5,101,74,48.9,21,59.7,2319,17.1,12.902,24,23.6
1122.2,86,593.5,67.8,101,74,11.5,21,13.1,2205,4.2,12.951,24,10.2
1125.3,86,588.0,68.2,101,71,46.3,21,50.1,2151,9.8,12.960,24,14.7
1128.4,86,588.0,68.2,100,70,66.7,21,78.0,2220,20.4,12.960,24,15.4
1131.5,86,593.2,67.8,100,70,70.3,21,82.6,2308,21.9,13.002,24,27.1
1134.6,86,592.9,67.8,100,70,52.5,21,52.2,2129,4.2,12.969,24,13.8
1137.7,86,592.0,67.8,99,71,42.1,21,50.9,2152,12.4,12.988,24,17.4
1140.8,86,588.9,67.8,100,70,24.2,21,25.3,2103,2.4,12.960,24,5.3
1143.9,86,584.0,67.6,99,70,54.8,21,62.0,2172,13.3,12.960,24,18.4
1147.0,86,587.3,67.8,99,70,52.4,21,59.2,2133,11.6,12.948,24,15.8
1150.1,86,588.0,67.7,99,70,66.8,21,74.3,2180,14.7,12.826,24,21.2
1153.2,86,588.0,67.5,100,70,65.7,21,75.9,2181,17.3,12.960,24,21.9
1156.3,86,592.0,67.1,99,71,54.0,21,74.5,2165,19.0,12.960,24,19.9
1159.4,86,592.0,67.1,100,71,51.6,21,54.0,2158,14.9,12.965,24,23.8
1162.5,86,598.1,66.9,100,71,64.7,21,80.1,2379,22.4,12.962,24,25.0
1165.6,86,600.0,67.1,99,72,53.4,21,62.2,2196,12.9,12.960,24,15.5
1168.7,86,597.6,67.1,99,72,54.1,21,34.8,2193,7.3,12.960,24,7.8
1171.8,86,596.0,67.1,99,73,47.7,21,56.6,2225,11.6,12.960,24,15.8
1174.9,86,590.3,67.1,100,73,26.9,21,21.7,2199,0.4,13.034,24,6.4
1178.0,86,582.2,67.2,101,72,11.0,21,12.5,2121,0.4,12.927,24,5.4
1181.1,86,573.1,67.5,100,70,29.5,21,32.9,2095,4.8,12.880,24,9.5
1184.2,86,572.0,67.5,99,70,42.3,21,41.6,2160,5.7,12.926,24,11.1
1187.3,86,572.0,67.5,98,70,37.9,21,44.3,2139,7.6,12.960,25,12.3
1190.4,86,572.0,67.5,99,70,39.7,21,46.9,2163,11.0,12.960,25,14.9
1193.5,86,568.0,67.5,99,70,22.8,21,27.4,2089,3.0,12.934,25,7.0
1196.6,86,557.6,67.5,100,68,17.4,21,19.6,2035,1.6,12.960,25,4.9
1199.7,86,556.0,67.8,99,67,39.0,21,45.7,2048,7.1,12.960,25,11.8
1202.8,86,559.7,67.8,99,67,58.3,21,70.0,2158,14.6,12.966,25,19.2
1205.9,86,564.0,67.5,100,67,63.1,21,72.4,2125,15.6,12.896,25,20.0
1209.0,86,568.2,67.5,100,68,67.4,21,77.4,2197,18.2,12.960,25,22.5
1212.1,86,572.0,67.3,100,70,67.5,21,77.7,2198,18.5,12.960,24,23.3
1215.2,86,576.8,67.1,100,72,73.1,21,83.9,2411,22.7,12.960,24,27.4
1218.3,86,586.8,66.8,100,74,72.6,21,82.9,2628,25.0,12.814,24,30.1
1221.4,86,592.0,66.6,100,76,65.8,21,78.0,2323,21.7,12.960,24,23.3
1224.5,86,594.8,66.3,100,74,72.5,21,83.5,2429,22.7,12.960,24,27.8
1227.6,86,600.0,66.3,100,72,69.6,21,71.9,2437,17.9,12.910,24,17.8
1230.7,86,596.8,66.3,101,70,26.8,21,22.9,2074,4.1,12.960,24,12.1
1233.8,86,594.5,66.4,101,67,26.7,21,30.5,2037,5.2,12.960,24,9.0
1236.9,86,592.0,66.7,101,68,56.5,21,65.1,2081,13.1,12.960,24,17.3
1240.0,86,592.0,66.7,100,71,64.9,21,72.9,2185,17.4,13.026,24,21.5
1243.1,86,595.6,66.4,100,74,69.5,21,80.1,2307,14.4,12.960,24,24.7
1246.2,86,590.2,66.5,101,72,22.6,21,17.4,2138,3.3,12.894,24,9.0
1249.3,86,591.7,66.7,100,70,54.5,21,43.5,2107,12.0,12.960,24,19.0
1252.4,86,588.0,66.7,99,68,60.2,21,69.3,2117,15.1,12.960,24,20.5
1255.5,86,592.0,66.7,100,70,69.0,21,80.0,2273,19.6,12.960,25,24.8
1258.6,86,595.7,66.7,100,74,68.0,21,79.1,2295,20.4,12.981,25,25.1
1261.7,86,600.0,66.7,100,78,64.1,21,71.9,2367,13.3,12.965,25,20.0
1264.8,86,600.0,66.7,99,79,54.9,21,64.0,2433,5.2,12.960,25,13.0
1267.9,86,594.5,66.7,100,78,29.3,21,28.6,2328,3.9,12.953,25,11.7
1271.0,86,592.0,67.1,99,76,43.2,21,36.5,2286,5.4,12.880,25,10.8
1274.1,86,592.0,67.1,99,75,55.6,21,62.7,2267,11.6,12.888,25,15.5
1277.2,86,592.0,67.1,100,73,23.9,21,69.0,2228,12.5,12.960,25,16.7
1280.3,86,592.0,67.1,100,70,64.7,21,73.1,2174,17.4,12.812,25,23.1
1283.4,86,593.4,67.0,100,69,72.4,21,83.1,2376,23.2,12.936,25,26.0
1286.5,86,596.0,66.7,99,68,59.3,21,73.4,2118,15.4,12.858,25,18.5
1289.6,86,596.0,66.7,100,66,34.5,21,54.9,1987,4.9,12.939,25,9.7
1292.7,86,592.0,67.1,99,62,48.7,21,57.6,1933,12.4,12.960,25,14.5
1295.8,86,594.2,67.1,100,62,62.4,21,75.5,2057,18.4,12.960,26,13.4
1298.9,86,596.0,66.7,99,62,63.1,21,73.3,1911,16.5,12.960,26,14.2
1302.0,86,597.5,66.7,100,64,70.6,21,80.3,2128,20.9,12.960,26,24.9
1305.1,87,600.0,66.7,99,68,47.8,21,58.0,2142,18.4,12.960,26,20.9
1308.2,87,596.0,66.7,100,67,14.3,21,29.0,2029,8.1,12.960,26,12.2
1311.3,87,598.5,66.7,100,67,70.6,21,80.2,2095,20.2,12.960,26,24.4
1314.4,87,600.9,66.7,100,66,72.8,21,82.2,2212,21.8,12.996,26,25.6
1317.5,87,604.0,66.7,100,67,66.2,21,78.1,2205,13.1,12.960,27,12.9
1320.6,87,604.0,66.7,99,68,55.8,21,61.7,2040,15.4,12.960,27,19.7
1323.7,87,603.4,66.7,99,68,24.1,21,31.0,2038,2.7,12.960,27,8.3
1326.8,87,591.1,66.5,101,67,12.7,21,13.1,2004,0.8,12.960,27,5.0
1329.9,87,584.0,66.2,99,68,47.3,21,51.1,2085,8.8,12.909,27,10.7
1333.0,87,576.9,65.9,100,70,11.5,21,12.5,2112,2.2,12.960,27,8.1
1336.1,87,568.5,65.8,101,71,15.9,21,18.9,2125,0.4,12.960,27,5.4
1339.2,86,564.0,65.5,99,72,21.2,21,18.7,2162,5.8,12.911,27,11.4
1342.3,86,562.1,65.9,100,73,45.4,21,55.9,2236,12.1,12.936,27,15.7
1345.4,86,560.0,65.9,101,72,24.9,21,28.2,2172,2.9,12.960,27,6.9
1348.5,86,557.5,66.5,101,70,19.3,21,22.3,2095,1.7,12.960,27,7.1
1351.6,86,556.6,66.3,101,68,55.4,21,59.2,2154,12.1,12.921,27,17.4
1354.7,86,560.0,66.3,100,68,60.7,21,69.8,2131,14.6,12.960,27,19.4
1357.8,86,564.9,66.3,100,68,62.0,21,70.0,2092,15.3,12.911,27,18.9
1360.9,86,564.7,66.0,100,67,49.1,21,47.1,2071,3.3,12.960,27,12.2
1364.0,86,568.0,65.7,99,66,58.7,21,69.3,2036,14.5,12.960,27,18.0
1367.1,86,568.4,65.5,99,65,50.7,21,60.9,2004,9.7,12.885,28,14.4
1370.2,86,572.0,65.3,100,65,60.6,21,70.7,2029,15.4,12.883,28,19.0
1373.3,86,576.7,65.1,100,65,67.0,21,75.3,2122,18.6,12.960,28,22.8
1376.4,86,580.0,65.1,100,65,69.4,21,79.4,2206,20.8,12.960,28,25.4
1379.5,86,584.9,65.2,100,65,69.8,21,79.1,2214,20.8,12.960,28,25.1
1382.6,86,591.1,65.5,100,63,70.2,21,80.1,2212,21.2,12.890,28,25.5
1385.7,86,596.0,65.5,100,63,69.6,21,80.3,2191,21.2,12.960,28,25.5
1388.8,87,599.4,65.5,100,61,69.8,21,78.6,2100,20.8,13.027,28,25.1
1391.9,87,604.0,65.6,100,61,71.3,21,81.6,2225,23.0,12.899,27,27.3
1395.0,87,607.9,65.9,100,60,71.2,21,81.0,2269,22.7,12.960,27,27.5
1398.1,87,614.6,65.9,100,58,72.5,21,82.9,2297,25.2,12.960,27,29.4
1401.2,87,620.6,65.9,100,58,75.0,21,87.0,2419,30.9,12.960,27,35.2
1404.3,87,626.6,66.1,100,58,77.6,21,87.0,2705,40.3,12.960,27,45.9
1407.4,87,636.9,66.3,100,60,76.1,21,87.2,2866,39.1,12.960,27,44.3
1410.5,87,642.7,66.3,100,60,75.3,21,84.7,2934,35.2,12.880,27,41.1
1413.6,87,649.0,66.7,100,61,74.5,21,83.3,2945,33.0,12.926,27,38.2
1416.7,87,652.0,66.4,100,61,70.1,21,80.1,2583,23.4,12.960,27,26.5
1419.8,87,653.5,66.3,100,62,74.2,21,83.2,2858,31.2,12.960,27,36.8
1422.9,87,656.0,66.3,100,63,67.7,21,78.8,2197,22.0,12.960,27,25.5
1426.0,87,656.0,66.2,100,64,76.0,21,87.1,2471,31.3,12.960,27,35.9
1429.1,87,660.0,65.9,100,66,75.3,21,85.1,2794,34.0,12.960,27,39.2
1432.2,87,657.4,65.7,100,64,19.3,21,21.2,1935,1.0,12.960,27,8.1
1435.3,87,644.0,65.5,100,60,44.8,21,48.9,1801,8.8,12.960,27,11.7
1438.4,87,644.0,65.1,100,58,73.2,21,83.7,1938,24.2,12.960,27,28.3
1441.5,87,644.9,65.0,100,59,74.5,21,86.0,2320,28.8,12.960,27,33.8
1444.6,87,651.3,65.0,100,61,74.8,21,86.1,2460,27.1,12.922,27,35.3
1447.7,87,650.3,65.1,100,62,26.8,21,27.7,1866,7.8,12.933,27,17.0
1450.8,87,648.0,65.1,100,62,72.4,21,84.2,2036,24.9,12.959,27,29.4
1453.9,87,648.0,65.3,100,62,71.6,21,81.6,2281,23.5,12.960,27,28.1
1457.0,87,648.0,65.1,99,63,64.7,21,75.4,2028,10.2,12.960,28,19.9
1460.1,87,641.6,65.5,100,58,9.8,21,11.4,1703,1.4,12.960,28,3.6
1463.2,87,630.9,65.6,99,55,43.0,21,46.4,1637,6.7,12.960,28,10.2
1466.3,87,625.3,65.9,99,53,45.8,21,54.0,1628,8.7,12.886,28,12.6
1469.4,87,618.3,65.6,100,52,17.1,21,24.7,1561,3.4,12.960,28,10.1
1472.5,87,603.3,65.9,100,45,20.4,21,23.9,1362,0.4,12.969,28,5.5
1475.6,87,588.6,66.4,100,33,17.7,21,21.4,1298,0.4,12.975,28,4.7
1478.7,87,572.6,67.1,100,25,15.9,21,18.7,1242,0.4,12.960,28,4.3
1481.8,87,559.4,67.3,100,17,16.0,21,19.8,1118,0.4,12.960,28,3.6
1484.9,87,551.4,67.1,100,14,31.3,21,33.3,1203,1.7,12.960,28,6.8
1488.0,87,542.2,67.1,100,12,23.5,21,28.7,1196,0.4,12.815,28,5.5
1491.1,87,534.9,67.1,100,10,22.4,21,24.8,1198,0.4,12.960,28,5.1
1494.2,87,525.0,67.1,100,8,13.8,21,17.7,955,1.0,12.943,28,2.7
1497.3,87,520.3,67.1,100,6,17.0,21,22.8,887,0.5,12.948,28,3.6
1500.4,87,512.0,67.1,100,5,24.7,21,32.4,875,0.4,12.900,28,4.8
1503.5,87,501.8,66.7,100,5,30.0,21,38.2,971,0.4,12.852,28,5.8
1506.6,87,492.7,66.4,100,6,27.1,21,36.1,1037,0.4,12.960,28,5.4
1509.7,87,486.8,66.2,100,6,20.4,21,37.6,1183,7.6,12.960,28,10.0
1512.8,87,487.0,65.9,100,15,62.3,21,70.7,2148,15.6,12.884,29,19.1
1515.9,87,499.7,65.9,100,26,76.9,21,87.4,2004,27.5,12.960,28,32.0
1519.0,87,522.1,65.9,100,32,76.9,21,89.2,2103,33.5,12.960,28,34.8
1522.1,87,541.9,66.3,100,38,80.4,21,92.0,2719,48.7,12.960,28,51.7
1525.2,87,562.5,66.0,99,45,77.0,21,87.9,3325,33.0,12.960,27,39.1
1528.3,87,579.6,65.9,99,50,71.3,21,81.5,3710,24.7,12.960,27,27.4
1531.4,87,591.6,65.9,99,53,73.0,21,84.0,2393,29.3,12.846,27,34.2
1534.5,87,600.0,65.9,100,55,77.4,21,88.8,2577,37.7,12.960,27,42.8
1537.6,87,609.5,65.9,100,56,76.9,21,87.0,2833,39.9,12.916,27,47.0
1540.7,87,619.3,65.6,99,59,73.5,21,82.8,3054,32.8,12.978,27,39.6
1543.8,87,625.6,65.5,99,61,72.6,21,83.1,3285,29.3,12.895,27,35.4
1546.9,87,636.0,65.1,99,64,75.8,21,82.8,3585,28.8,12.912,27,36.1
1550.0,87,638.3,65.1,99,68,76.9,21,81.8,3855,27.8,12.960,27,35.8
1553.1,87,644.0,65.1,100,71,75.6,21,77.5,4029,23.8,12.960,27,31.7
1556.2,87,644.0,65.1,99,71,68.4,21,77.8,3192,25.0,12.960,27,31.1
1559.3,87,646.1,65.1,99,73,72.9,21,81.8,3526,27.8,12.960,27,34.2
1562.4,87,648.0,64.7,99,74,66.4,21,75.9,3332,23.8,12.960,27,33.1
1565.5,87,648.0,64.7,99,75,69.5,21,77.6,3415,23.6,12.960,27,31.0
1568.6,87,648.3,64.7,99,76,71.8,21,79.3,3556,26.5,12.960,27,33.9
1571.7,87,652.0,64.7,99,74,71.9,21,80.3,3617,26.7,12.884,27,33.6
1574.8,87,652.0,64.7,99,72,72.5,21,81.1,3524,27.8,12.981,27,34.1
1577.9,87,654.7,64.3,99,71,74.0,21,82.7,3499,29.6,12.960,27,36.4
1581.0,87,656.0,64.3,99,70,75.2,21,85.2,3426,31.9,12.960,27,38.8
1584.1,87,658.9,64.3,99,68,78.0,21,86.3,3500,35.6,12.960,27,43.6
1587.2,87,661.4,63.9,99,67,82.4,21,90.1,3700,40.1,12.844,27,46.8
1590.3,87,664.0,63.9,99,67,83.6,21,90.7,3705,41.3,12.934,27,47.8
1593.4,87,665.5,63.9,99,67,85.6,21,92.5,3749,45.3,12.921,27,53.5
1596.5,87,668.0,63.9,99,67,86.3,21,94.1,3797,46.9,12.928,27,55.0
1599.6,87,670.0,63.9,99,67,85.5,21,93.8,3763,46.2,12.880,27,51.3
1602.7,87,672.0,63.9,99,67,83.9,21,92.7,3681,44.0,12.960,27,51.1
1605.8,87,672.0,63.7,99,67,82.1,21,90.8,3642,40.4,12.806,26,48.6
1608.9,87,672.7,63.9,99,66,81.6,21,90.5,3643,40.4,12.960,26,48.0
1612.0,87,676.0,63.9,98,66,82.4,21,91.2,3679,41.2,12.950,26,48.6
1615.1,87,676.0,64.1,98,66,83.8,21,92.4,3704,44.8,12.950,26,52.0
1618.2,87,676.0,63.9,98,66,86.3,21,93.7,3784,47.3,12.864,26,54.6
1621.3,87,678.2,63.7,98,66,86.3,21,93.6,3798,47.5,12.960,26,54.6
1624.4,87,680.0,63.9,98,67,85.6,21,93.6,3762,46.0,12.960,26,53.8
1627.5,87,680.0,63.8,98,66,82.7,21,92.0,3675,42.7,12.889,26,50.2
1630.6,87,680.0,63.5,98,66,81.7,21,91.8,3593,42.5,12.960,26,50.2
1633.7,87,680.0,63.2,98,66,84.4,21,93.5,3716,44.6,12.960,26,52.5
1636.8,87,680.0,63.1,98,66,85.4,21,93.3,3762,45.7,12.960,26,52.9
1639.9,87,683.1,62.8,98,66,85.1,21,94.0,3783,45.5,12.898,26,52.9
1643.0,87,684.0,62.6,98,66,84.7,21,93.7,3752,45.5,12.960,25,52.9
1646.1,87,684.0,62.4,98,67,84.2,21,92.8,3719,44.7,12.960,25,52.4
1649.2,87,684.0,62.4,98,67,84.3,21,93.1,3727,45.8,12.889,25,53.5
1652.3,87,684.0,62.4,97,66,85.5,21,93.6,3784,47.6,12.960,26,54.3
1655.4,87,684.0,62.0,97,67,85.5,21,92.6,3787,47.7,12.960,25,55.0
1658.5,87,684.0,62.0,97,67,84.7,21,92.9,3705,43.5,12.911,25,52.3
1661.6,87,684.0,62.0,97,69,76.9,21,86.4,3484,33.9,12.960,25,40.9
1664.7,87,684.0,62.0,97,71,76.7,21,87.1,3506,35.6,12.960,25,42.3
1667.8,87,680.2,62.0,97,73,70.4,21,82.3,3459,29.2,12.915,25,29.6
1670.9,87,677.9,62.5,96,75,46.8,21,55.7,2277,10.9,12.962,25,16.2
1674.0,87,671.7,62.7,96,77,56.0,21,67.1,2335,12.5,12.923,25,18.7
1677.1,87,663.1,63.3,96,77,20.0,21,18.5,2297,0.4,12.956,26,7.2
1680.2,87,646.7,63.9,98,76,11.0,21,13.3,2260,0.4,12.920,26,5.1
1683.3,87,627.5,64.2,98,74,11.0,21,13.2,2204,0.4,12.960,26,5.1
1686.4,87,609.1,64.7,98,73,11.8,21,13.3,2166,0.4,12.960,26,5.1
1689.5,86,593.6,65.0,98,71,11.0,21,12.7,2112,0.4,12.894,26,4.7
1692.6,86,577.5,65.1,98,68,11.0,21,12.5,2043,0.4,12.960,26,4.5
1695.7,86,561.4,65.4,98,66,10.7,21,12.7,1963,0.3,12.898,26,4.4
1698.8,86,548.7,65.5,98,63,15.1,21,18.0,1891,0.3,12.960,26,5.5
1701.9,86,529.5,65.5,98,61,15.1,21,16.8,1863,0.4,12.880,26,5.6
1705.0,86,524.0,65.5,97,61,38.9,21,45.8,1861,5.3,12.936,26,8.8
1708.1,86,524.0,65.5,96,63,30.2,21,37.2,1920,5.3,12.880,26,9.0
1711.2,86,524.0,65.5,96,65,33.7,21,40.7,1971,5.9,12.822,26,10.0
1714.3,86,524.0,65.5,97,65,21.3,21,29.4,1949,1.7,12.960,26,6.1
1717.4,86,521.9,65.9,98,65,20.9,21,24.4,1950,3.5,12.960,26,8.0
1720.5,86,515.8,66.3,98,65,11.5,21,12.4,1950,0.7,12.960,26,4.6
1723.6,86,509.9,66.7,98,63,28.6,21,40.9,1962,6.8,12.960,26,9.7
1726.7,86,508.0,66.7,98,63,21.2,21,25.0,1923,4.2,12.960,26,7.4
1729.8,86,506.0,67.1,98,63,13.4,21,15.6,1884,0.8,12.960,26,5.4
1732.9,86,500.2,67.1,98,62,28.2,21,36.1,1894,4.5,12.960,26,8.3
1736.0,86,506.3,67.1,98,62,33.5,21,41.6,2011,7.5,12.885,26,12.5
1739.1,86,508.0,67.1,98,62,37.5,21,39.1,1913,6.6,12.926,26,11.7
1742.2,86,511.5,66.7,98,63,48.0,21,62.5,1995,8.8,12.900,26,12.4
1745.3,86,512.0,66.5,98,63,44.9,21,39.4,1916,2.9,12.960,26,11.2
1748.4,86,515.8,66.3,98,63,45.5,21,53.4,1969,9.5,12.960,26,12.7
1751.5,86,518.1,66.1,98,64,53.1,21,74.5,2025,15.4,12.960,26,14.4
1754.6,86,524.4,65.9,98,66,59.9,21,70.4,2036,13.0,12.960,26,19.4
1757.7,86,530.5,65.9,98,66,44.9,21,51.3,2018,11.8,12.960,26,16.8
1760.8,86,536.6,65.9,98,66,59.1,21,70.3,2029,14.9,12.919,26,18.8
1763.9,86,542.5,65.5,98,66,62.2,21,73.5,2035,8.5,12.955,26,20.1
1767.0,86,544.0,65.5,98,65,34.5,21,35.6,1963,8.7,12.960,26,16.6
1770.1,86,544.0,65.7,98,63,33.3,21,41.0,1887,7.1,12.960,26,10.7
1773.2,86,540.8,65.5,98,62,40.7,21,48.6,1906,8.3,12.960,26,11.3
1776.3,86,544.0,65.5,98,63,49.0,21,56.7,1929,10.8,12.894,26,14.4
1779.4,86,544.0,65.5,98,63,38.2,21,43.3,1916,9.0,12.906,26,14.1
1782.5,86,547.3,65.5,98,64,49.6,21,59.6,1985,11.0,12.893,25,14.9
1785.6,86,549.7,65.9,98,65,42.8,21,52.6,2011,9.6,12.960,25,11.0
1788.7,86,548.2,65.9,98,65,13.8,21,17.8,1948,0.6,12.960,25,4.8
1791.8,86,541.9,66.3,98,63,23.7,21,26.8,1928,4.3,12.884,25,8.7
1794.9,86,539.5,66.3,98,63,28.0,21,32.6,1933,5.2,12.960,25,7.4
1798.0,86,536.0,66.3,98,63,25.8,21,27.4,1898,5.3,12.960,25,11.0
1801.1,86,536.8,66.2,98,63,56.2,21,62.5,1954,10.5,12.972,25,16.3
1804.2,86,542.6,65.9,98,62,62.7,21,73.3,1979,16.2,12.886,25,20.8
1807.3,86,548.3,65.9,98,62,62.2,21,73.5,1986,18.2,12.917,25,23.6
1810.4,86,554.4,65.5,98,62,66.1,21,77.9,2085,18.8,12.960,25,22.6
1813.5,86,560.7,65.1,98,63,65.9,21,69.0,1946,12.4,12.960,25,21.2
1816.6,86,564.0,65.1,98,64,64.3,21,73.8,1953,16.8,12.960,25,21.4
1819.7,86,568.0,64.7,98,66,59.2,21,71.5,1984,15.3,12.960,25,19.6
1822.8,86,568.0,64.7,99,66,23.1,21,24.2,1974,3.3,12.912,25,8.6
1825.9,86,564.0,64.7,98,66,28.9,21,34.2,1974,6.2,12.929,25,10.2
1829.0,86,560.4,65.0,99,66,24.7,21,36.0,1988,4.6,12.925,25,7.3
1832.1,86,560.0,65.1,98,66,40.5,21,50.2,2021,8.5,12.922,25,12.6
1835.2,86,556.0,64.7,98,66,24.7,21,23.7,1967,0.8,12.896,25,7.0
1838.3,86,552.0,64.7,99,65,20.6,21,26.6,1959,7.6,12.869,25,10.7
1841.4,86,552.0,64.7,99,65,18.6,21,27.2,2000,2.4,12.960,25,4.7
1844.5,86,544.0,64.7,99,64,17.8,21,19.6,1925,1.9,12.960,25,6.2
1847.6,86,540.0,64.7,99,63,28.2,21,35.4,1925,4.3,12.928,25,9.3
1850.7,86,540.0,64.7,99,63,28.4,21,37.8,1930,6.0,12.945,25,9.8
1853.8,86,540.0,64.3,99,64,42.4,21,47.7,2069,8.2,13.011,25,13.7
1856.9,86,542.2,64.3,98,65,49.3,21,51.1,2041,9.4,12.960,25,14.9
1860.0,86,544.5,64.3,98,66,46.3,21,54.6,2033,10.2,12.991,25,13.8
1863.1,86,548.0,64.7,98,66,49.9,21,57.5,2012,9.4,12.960,24,13.8
1866.2,86,548.0,64.7,99,66,45.0,21,53.2,2021,9.6,12.919,24,13.3
1869.3,86,550.3,64.7,99,67,45.8,21,53.5,2043,10.2,12.959,24,14.1
1872.4,86,552.0,64.7,99,67,23.1,21,33.6,2042,8.6,12.960,24,13.7
1875.5,86,552.0,64.9,99,67,34.0,21,44.3,2163,9.3,12.960,24,13.4
1878.6,86,552.2,65.1,99,67,48.7,21,54.7,2163,14.1,12.996,24,16.4
1881.7,86,558.3,64.7,98,67,65.6,21,78.2,2300,20.0,12.880,24,24.9
1884.8,86,564.5,64.7,98,67,70.9,21,82.7,2353,21.4,12.843,24,25.9
1887.9,86,570.4,64.1,98,67,69.8,21,81.4,2253,22.4,12.942,24,27.7
1891.0,86,580.0,63.9,98,67,60.2,21,42.3,2146,13.2,12.960,24,23.6
1894.1,86,583.2,63.9,99,68,70.7,21,86.2,2244,28.8,12.960,24,32.7
1897.2,86,589.6,63.5,99,70,77.9,21,86.9,3024,37.4,12.960,23,47.1
1900.3,86,595.8,63.5,99,73,78.6,21,88.8,3444,33.8,12.960,23,40.8
1903.4,86,605.9,63.3,98,75,82.2,21,89.5,3802,32.9,12.960,23,41.7
1906.5,86,611.9,63.1,99,79,80.4,21,83.6,4101,30.2,12.960,23,39.0
1909.6,86,619.5,63.1,99,82,65.4,21,82.7,2538,29.4,12.897,23,39.5
1912.7,86,624.0,63.1,99,83,73.2,21,83.7,2954,31.8,12.960,23,39.1
1915.8,86,629.5,63.6,99,83,73.0,21,83.9,3010,32.3,12.960,23,38.4
1918.9,86,632.0,63.9,99,83,73.2,21,82.8,3048,32.5,12.902,23,39.2
1922.0,86,636.0,64.3,99,84,71.6,21,82.8,3068,32.2,12.960,23,34.3
1925.1,86,636.0,63.9,98,85,69.3,21,79.4,2825,24.5,12.960,23,32.4
1928.2,86,638.6,64.3,99,85,72.6,21,82.4,2754,30.1,12.960,23,35.2
1931.3,86,641.1,64.3,99,86,71.4,21,80.5,2965,28.2,12.909,23,34.1
1934.4,86,644.0,64.3,99,85,70.6,21,79.3,2924,26.6,12.951,23,31.8
1937.5,86,644.0,64.3,99,85,66.1,21,75.9,2912,25.9,13.269,23,31.2
1940.6,86,644.0,64.3,99,85,69.9,21,78.6,2584,18.8,13.447,23,26.7
1943.7,86,644.0,64.0,99,85,72.0,21,81.6,2923,28.9,13.631,23,34.4
1946.8,86,648.0,63.5,99,85,69.3,21,80.9,2587,24.1,13.760,23,30.3
1949.9,86,648.0,63.5,99,85,72.0,21,81.4,2763,26.3,13.760,23,33.0
1953.0,86,648.0,63.5,99,86,69.4,21,79.1,2991,26.3,13.760,23,32.3
1956.1,86,648.0,63.5,99,86,69.7,21,80.0,3035,27.8,13.699,23,33.8
1959.2,86,652.0,63.5,99,86,69.7,21,80.1,3017,27.5,13.760,23,33.7
1962.3,86,652.0,63.5,98,84,67.9,21,79.5,2570,23.0,13.760,23,28.6
1965.4,86,652.0,63.9,99,83,73.9,21,84.1,2721,29.6,13.697,23,34.6
1968.5,86,652.0,63.6,99,82,72.8,21,80.9,2787,27.7,13.809,23,36.1
1971.6,86,652.0,63.5,99,81,61.1,21,71.0,2460,14.6,13.822,23,23.4
1974.7,86,652.0,63.5,98,80,68.2,21,79.4,2458,20.4,13.760,23,25.4
1977.8,86,652.0,63.6,98,81,67.2,21,73.3,2486,18.1,13.699,23,23.8
1980.9,86,648.1,63.9,99,82,69.3,21,78.4,2506,21.7,13.785,23,26.2
1984.0,86,652.0,63.9,99,82,71.2,21,82.4,2682,25.4,13.775,23,30.9
1987.1,86,652.0,63.9,99,82,71.8,21,83.0,2808,27.6,13.653,23,33.2
1990.2,86,652.0,63.9,99,83,68.3,21,81.0,2960,25.7,13.760,23,34.4
1993.3,86,652.0,63.9,99,82,62.9,21,73.7,2519,17.9,13.760,23,24.3
1996.4,86,652.0,63.9,99,82,71.9,21,83.8,2511,26.8,13.827,23,31.3
1999.5,86,652.6,63.5,99,81,73.0,21,82.8,2860,29.2,13.796,23,36.0
2002.6,86,656.0,63.9,99,81,71.9,21,82.1,2898,30.1,13.754,23,35.9
2005.7,86,656.0,63.9,99,80,69.9,21,80.6,2664,24.6,13.442,23,30.3
2008.8,86,656.0,63.9,99,80,70.6,21,81.1,2449,22.1,13.282,23,27.7
2011.9,86,655.5,63.9,99,78,57.2,21,71.6,2400,17.3,13.034,23,22.1
2015.0,86,652.0,63.9,99,80,53.7,21,62.2,2419,12.4,13.040,23,17.7
2018.1,86,650.8,64.3,99,81,54.5,21,63.1,2448,13.3,13.040,23,18.2
2021.2,86,648.0,64.3,99,81,62.1,21,71.2,2453,15.7,13.029,23,22.0
2024.3,86,646.6,64.3,99,79,59.8,21,67.8,2402,14.2,13.018,23,19.2
2027.4,86,644.0,64.3,100,76,51.0,21,55.5,2294,9.4,13.019,23,13.2
2030.5,86,637.8,63.9,100,73,44.6,21,53.8,2209,5.2,13.034,23,8.4
2033.6,86,636.0,63.9,99,70,57.4,21,65.9,2151,16.7,13.040,23,21.1
2036.7,86,636.0,64.3,99,70,64.3,21,73.4,2125,16.8,13.040,23,21.7
2039.8,86,632.0,64.3,99,70,46.6,21,65.4,2142,15.9,13.034,23,13.4
2042.9,86,632.0,64.3,99,71,60.7,21,69.5,2168,14.5,13.039,23,19.7
2046.0,86,628.0,63.9,99,72,66.9,21,75.6,2206,18.6,13.007,22,21.8
2049.1,86,630.9,63.9,99,73,70.2,21,81.8,2348,21.5,13.040,21,25.8
2052.2,86,632.0,63.5,99,73,69.9,21,81.7,2354,21.4,13.040,21,26.1
2055.3,86,632.0,63.5,99,73,59.8,21,74.5,2383,19.5,13.040,21,26.0
2058.4,86,632.0,63.7,99,72,70.2,21,80.7,2221,22.1,13.040,21,26.0
2061.5,86,636.0,63.9,99,71,73.3,21,84.4,2545,25.9,12.974,21,31.3
2064.6,86,638.5,63.9,99,72,73.5,21,83.4,2683,28.0,12.959,21,34.1
2067.7,86,640.0,63.9,99,73,72.7,21,83.9,2736,27.1,13.059,21,34.0
2070.8,86,640.2,63.9,99,74,71.9,20,83.3,2379,23.9,13.040,21,28.4
2073.9,86,644.0,63.5,99,75,66.8,20,80.8,2515,24.7,13.040,21,30.8
2077.0,86,644.0,63.9,99,76,62.9,20,72.9,2302,17.2,12.986,21,23.6
2080.1,86,640.3,63.6,99,75,65.6,20,76.7,2294,18.5,12.995,20,23.1
2083.2,86,640.0,63.5,99,75,64.6,20,75.8,2287,9.3,13.029,21,20.4
2086.3,86,639.9,63.5,100,74,33.8,20,51.8,2256,13.0,13.040,21,9.7
2089.4,86,636.0,63.7,99,73,58.2,20,68.6,2233,16.5,13.040,21,16.1
2092.5,86,632.0,63.6,99,73,23.8,20,22.3,2170,2.9,12.958,21,9.6
2095.6,86,620.6,63.9,100,71,11.0,20,12.2,2131,0.4,13.094,21,4.7
2098.7,86,599.0,64.3,100,71,11.4,20,13.6,2104,0.4,13.111,21,5.1
2101.8,86,588.3,64.1,100,70,13.3,20,13.8,2111,0.8,13.040,21,5.0
2104.9,86,580.1,63.5,100,69,19.4,20,18.9,2044,1.4,13.040,21,5.6
2108.0,86,568.1,63.7,100,65,10.2,20,12.0,1936,0.4,13.040,21,4.4
2111.1,86,554.8,63.9,100,60,11.7,20,14.3,1802,0.4,12.966,21,4.7
2114.2,86,548.0,64.2,100,55,40.5,20,43.4,1735,9.6,13.040,21,17.9
2117.3,86,551.2,64.3,99,54,67.7,20,78.5,1866,21.3,13.040,21,23.1
2120.4,86,563.9,63.9,99,53,74.3,20,85.7,2154,24.0,13.092,21,28.1
2123.5,86,570.3,63.9,99,53,73.1,20,84.8,2240,24.5,12.977,21,28.9
2126.6,86,583.2,63.9,99,55,68.8,20,82.0,2170,22.5,13.040,21,26.8
2129.7,86,588.0,63.5,99,57,65.3,20,76.6,2013,18.5,12.969,21,20.5
2132.8,87,588.5,63.5,99,61,62.3,20,70.3,1895,14.6,13.040,21,19.2
2135.9,87,589.3,63.9,100,64,34.1,20,42.7,1935,7.1,13.040,21,11.1
2139.0,87,585.3,63.9,100,66,16.1,20,14.2,1974,1.8,13.040,21,7.7
2142.1,87,576.3,63.9,100,66,11.5,20,12.9,1975,1.2,13.095,21,7.0
2145.2,87,567.3,63.9,100,64,12.3,20,13.3,1911,0.4,13.040,21,5.2
2148.3,87,563.1,63.9,100,62,14.1,20,19.3,1862,2.5,13.040,21,6.5
2151.4,87,560.0,63.9,100,61,36.3,20,42.2,1950,7.0,13.040,21,10.2
2154.5,86,560.0,64.0,100,62,37.2,20,38.5,1928,7.3,13.040,23,12.0
2157.6,86,560.0,64.3,100,63,44.3,20,49.7,1968,8.5,13.040,23,11.7
2160.7,86,557.7,64.5,100,65,38.1,20,44.4,1951,7.9,13.110,23,11.3
2163.8,86,556.0,64.7,100,66,30.5,20,28.1,1955,4.8,13.040,23,10.4
2166.9,86,549.8,64.7,100,64,29.7,20,32.2,1942,4.7,13.058,23,7.2
2170.0,86,552.0,64.3,100,64,49.2,20,57.0,2047,10.8,13.040,23,14.4
2173.1,86,552.0,64.3,100,65,40.9,20,46.9,2004,8.3,13.040,23,12.1
2176.2,86,550.5,64.2,100,65,13.8,20,21.5,1952,3.7,13.087,23,5.8
2179.3,86,547.0,63.9,100,63,43.2,20,49.5,1971,8.8,13.051,23,13.3
2182.4,86,549.7,63.8,100,64,65.3,20,75.9,2095,16.3,13.058,23,19.3
2185.5,86,555.8,63.5,100,66,47.4,20,53.1,2064,12.8,12.996,23,17.1
2188.6,86,556.0,63.5,100,66,51.8,20,63.8,2097,14.4,13.020,23,10.8
2191.7,86,556.5,63.1,100,66,48.6,20,59.2,2058,10.8,13.040,23,13.3
2194.8,86,560.0,62.9,100,67,58.3,20,67.0,2055,13.7,13.040,23,17.8
2197.9,86,564.0,62.7,100,68,53.8,20,51.1,2056,10.8,13.040,21,17.4
2201.0,86,566.8,62.7,100,68,71.9,20,79.9,2193,21.9,13.040,21,24.4
2204.1,86,572.0,62.4,100,68,63.3,20,73.0,2131,12.2,13.040,21,10.8
2207.2,86,569.6,62.4,100,68,46.3,20,60.4,2110,2.4,13.040,21,4.9
2210.3,86,568.3,62.4,100,67,62.2,20,74.5,2121,17.1,13.079,21,21.4
2213.4,86,572.0,62.4,100,68,67.0,20,76.7,2135,17.6,13.043,21,21.4
2216.5,86,576.0,62.4,100,68,19.3,20,39.3,2059,13.1,12.953,21,12.2
2219.6,86,576.0,62.4,100,67,58.6,20,69.7,2087,15.2,13.040,21,18.8
2222.7,86,580.0,62.4,100,68,66.1,20,77.9,2212,19.6,13.040,21,23.0
2225.8,86,580.0,62.4,100,67,34.8,20,41.8,2051,5.2,13.040,21,9.6
2228.9,86,577.2,62.6,100,67,38.6,20,43.5,1997,7.8,13.040,21,11.9
2232.0,86,576.0,62.8,100,65,42.6,20,46.2,1965,8.5,13.040,21,14.4
2235.1,86,576.0,63.4,100,64,28.6,20,36.0,1963,3.3,13.040,21,7.2
2238.2,86,569.1,63.5,100,63,24.1,20,15.9,1855,0.9,13.098,21,6.6
2241.3,86,560.3,63.5,100,59,10.3,20,11.6,1790,0.4,13.061,21,3.9
2244.4,86,549.7,63.5,100,57,12.7,20,14.6,1710,0.4,13.064,23,4.7
2247.5,86,537.8,63.5,100,55,19.3,20,25.3,1645,1.7,13.040,23,4.7
2250.6,86,537.3,63.1,100,55,64.9,20,73.3,1813,14.0,13.040,23,18.7
2253.7,86,547.8,62.7,100,56,71.7,20,81.2,2040,20.0,13.040,23,23.6
2256.8,86,556.6,62.7,100,58,71.7,20,81.9,2162,21.2,12.889,21,25.5
2259.9,86,564.5,62.4,100,58,71.5,20,81.9,2136,21.0,13.040,21,25.4
2263.0,86,573.4,62.0,100,60,62.4,20,75.7,2045,19.5,12.884,21,24.8
2266.1,86,576.0,61.6,100,60,65.1,20,72.5,1860,17.7,13.040,21,21.5
2269.2,86,579.5,61.9,100,63,71.7,20,82.0,2149,21.5,12.998,21,25.9
2272.3,86,585.9,61.6,100,65,73.1,20,84.3,2312,23.3,12.987,21,27.2
2275.4,86,592.3,61.6,100,68,73.7,20,84.6,2420,23.5,13.040,21,28.1
2278.5,86,599.1,61.6,100,69,72.1,20,83.2,2405,22.0,13.040,21,27.6
2281.6,86,604.0,61.3,100,71,68.0,20,79.2,2271,20.4,13.040,21,24.7
2284.7,86,604.0,61.6,100,71,67.8,20,79.0,2185,20.1,13.040,21,26.6
2287.8,86,609.8,61.8,100,71,74.3,20,84.7,2562,26.8,13.040,21,31.5
2290.9,86,612.2,62.0,100,72,74.4,20,84.5,2460,16.8,13.040,21,28.6
2294.0,86,616.0,62.6,100,72,63.5,20,72.3,2197,16.0,13.040,21,20.9
2297.1,86,610.9,62.7,100,71,15.0,20,20.0,2117,5.7,13.092,21,11.3
2300.2,86,608.0,62.7,100,71,48.4,20,61.7,2137,16.0,13.040,21,18.0
2303.3,86,604.0,62.7,100,69,35.1,20,38.4,2088,7.0,12.919,21,11.7
2306.4,86,604.0,62.4,100,69,53.6,20,64.1,2093,14.0,13.040,21,17.6
2309.5,86,604.0,62.4,100,70,63.3,20,74.1,2125,16.7,13.040,21,20.4
2312.6,86,604.0,62.4,100,70,61.4,20,47.4,2132,8.8,12.991,21,16.7
2315.7,86,601.6,62.0,100,69,52.1,20,62.3,2113,10.8,13.040,21,17.9
2318.8,86,603.2,62.0,100,68,29.7,20,47.8,2089,13.7,13.085,21,21.3
2321.9,86,600.0,61.6,100,68,35.5,20,49.0,2051,12.7,13.055,21,18.4
2325.0,86,600.0,61.2,100,65,54.5,20,59.9,1995,12.1,13.050,21,14.8
2328.1,86,595.6,60.8,101,61,17.8,20,17.1,1814,1.0,13.040,21,5.5
2331.2,86,592.0,60.8,100,57,63.0,20,73.2,1787,13.0,13.040,21,15.3
2334.3,86,593.0,60.8,100,53,64.3,20,73.3,1830,16.8,13.040,21,20.4
2337.4,86,596.0,60.8,100,51,63.1,20,74.2,1819,15.1,13.040,21,15.0
2340.5,86,601.5,60.7,100,51,79.9,20,92.5,2047,34.3,13.040,21,37.2
2343.6,86,611.9,60.4,100,53,77.4,20,86.1,2672,33.8,13.090,21,43.3
2346.7,86,620.0,60.4,100,55,71.1,20,85.6,1987,25.2,13.040,20,27.2
2349.8,86,623.7,60.4,100,56,32.6,20,44.3,1818,15.0,12.937,20,22.3
2352.9,86,617.9,60.4,100,56,36.3,20,48.7,1700,9.7,13.040,21,8.2
2356.0,86,608.0,60.8,100,55,43.2,20,43.9,1646,5.6,13.040,21,7.2
2359.1,86,608.0,60.8,100,55,38.7,20,50.8,1637,9.4,13.118,21,12.3
2362.2,86,602.8,61.3,100,55,28.5,20,34.5,1637,0.5,13.067,21,5.4
2365.3,87,600.0,61.6,100,54,47.3,20,64.5,1660,12.2,12.914,21,16.8
2368.4,87,600.0,61.6,100,56,59.2,20,63.3,1711,12.9,12.968,21,18.0
2371.5,87,596.0,62.0,100,57,46.7,20,54.5,1744,14.2,13.040,21,12.3
2374.6,87,596.0,61.6,100,58,47.7,20,53.0,1775,8.6,13.048,21,13.1
2377.7,87,591.0,62.0,100,58,21.3,20,35.5,1764,7.3,13.065,21,7.2
2380.8,87,588.0,62.0,100,58,36.7,20,41.0,1768,6.1,13.040,21,10.2
2383.9,87,584.0,61.9,100,58,35.5,20,41.4,1775,6.8,13.040,21,10.3
2387.0,87,580.4,61.6,100,58,42.9,20,50.5,1794,8.9,13.040,21,11.9
2390.1,87,580.0,61.6,100,59,49.9,20,55.8,1827,10.3,13.040,21,15.3
2393.2,87,583.0,61.6,100,61,65.1,20,74.4,1995,15.3,13.040,21,13.3
2396.3,87,583.5,61.6,100,61,45.9,20,45.8,1850,10.4,12.978,21,18.1
2399.4,87,575.8,61.4,100,60,13.1,20,16.0,1762,0.5,13.040,21,4.8
2402.5,87,560.2,61.6,101,55,12.5,20,14.6,1640,0.4,13.093,21,4.2
2405.6,87,547.6,61.6,101,53,11.5,20,13.4,1581,0.4,13.114,21,3.9
2408.7,86,532.6,62.3,101,51,10.4,20,11.9,1542,0.7,13.388,21,3.8
2411.8,86,530.0,62.4,101,51,20.3,20,36.2,1554,7.0,13.589,21,5.2
2414.9,86,523.2,62.7,101,51,14.6,20,16.6,1576,0.4,13.760,21,4.8
2418.0,86,509.9,62.7,101,50,13.3,20,15.9,1541,0.8,13.688,21,4.0
2421.1,86,508.0,62.4,100,50,36.3,20,42.6,1577,6.7,13.814,21,9.6
2424.2,86,508.0,62.1,101,52,33.1,20,34.2,1581,4.1,13.634,21,8.4
2427.3,86,506.5,61.6,101,51,16.0,20,18.6,1525,2.3,13.822,21,4.9
2430.4,86,504.0,61.6,101,51,24.0,20,26.0,1537,2.6,13.778,21,6.7
2433.5,86,500.0,62.0,101,51,25.4,20,29.7,1561,3.3,13.775,21,7.3
2436.6,86,496.2,62.0,101,50,11.7,20,13.3,1567,0.6,13.760,21,3.5
2439.7,86,487.1,62.0,101,47,10.5,20,12.4,1469,0.4,13.760,21,3.5
2442.8,86,478.1,62.4,101,41,11.0,20,13.2,1417,0.4,13.695,21,4.0
2445.9,86,465.0,62.6,101,32,18.6,20,21.3,1337,0.4,13.760,21,5.1
2449.0,86,453.3,63.1,101,23,20.1,20,24.7,1241,0.4,13.760,21,5.7
2452.1,86,444.0,63.5,101,16,16.7,20,19.5,1209,0.4,13.760,21,3.8
2455.2,86,437.8,63.7,101,8,14.7,20,18.1,843,0.8,13.760,21,2.9
2458.3,86,431.2,64.0,101,4,19.5,20,26.8,570,0.8,13.670,21,3.3
2461.4,86,425.1,64.3,101,0,31.4,20,41.3,664,0.8,13.819,21,4.3
2464.5,86,415.3,64.3,101,0,31.4,20,40.3,818,2.5,13.770,21,6.1
2467.6,86,412.0,64.3,101,7,46.4,20,52.8,1638,7.0,13.840,21,12.2
2470.7,86,413.5,63.9,101,16,46.9,20,45.3,1337,6.3,13.840,23,11.0
2473.8,86,416.0,63.9,101,19,30.8,20,38.3,1253,2.6,13.520,23,5.4
2476.9,86,417.8,64.3,101,21,58.8,20,69.3,1856,14.1,13.387,23,17.7
2480.0,86,431.7,64.3,100,27,73.1,20,84.2,1780,21.7,13.143,23,25.6
2483.1,86,455.3,63.9,100,32,72.2,20,83.4,1825,21.2,13.117,21,25.9
2486.2,86,474.0,63.5,100,35,64.9,20,75.6,1695,17.7,13.040,21,20.3
2489.3,87,483.5,63.2,101,39,51.5,20,63.5,1449,10.5,13.040,21,14.1
2492.4,87,485.5,63.1,101,40,14.3,20,17.7,1195,1.9,13.040,21,3.7
2495.5,87,476.1,63.1,101,37,18.3,20,23.0,1174,0.4,12.967,21,5.4
2498.6,87,470.0,63.5,101,35,61.3,20,70.7,1374,8.2,13.004,21,12.4
2501.7,87,479.6,63.1,101,38,53.7,20,57.1,1476,10.1,13.040,21,15.1
2504.8,87,486.0,63.3,101,39,42.7,20,53.3,1391,8.2,12.965,21,9.5
2507.9,87,487.6,62.7,101,39,15.7,20,21.2,1203,4.2,13.040,21,5.0
2511.0,87,484.0,63.0,101,36,35.3,20,35.5,1392,4.9,13.040,21,11.4
2514.1,87,493.2,63.0,100,37,68.3,20,66.0,1741,12.0,13.040,21,15.6
2517.2,87,499.2,62.7,101,39,32.3,20,41.7,1274,4.8,13.040,21,6.4
2520.3,87,488.9,62.8,101,35,14.8,20,17.6,1187,0.8,13.040,21,3.7
2523.4,87,480.0,63.5,101,30,14.1,20,17.8,1212,1.5,13.040,21,4.1
2526.5,87,478.0,63.5,101,30,33.0,20,32.6,1235,1.3,13.040,21,4.7
2529.6,87,476.7,63.5,101,31,59.6,20,52.9,1398,4.3,13.040,21,17.0
2532.7,87,484.0,63.3,101,32,49.6,20,56.8,1448,8.2,13.040,21,13.3
2535.8,87,488.8,63.0,101,34,48.7,20,57.7,1447,6.7,13.007,21,10.6
2538.9,87,495.1,62.7,101,36,35.2,20,46.1,1387,6.2,13.070,21,6.5
2542.0,87,494.6,63.1,101,35,15.0,20,21.9,1220,2.7,13.040,23,4.9
2545.1,87,486.1,63.4,101,33,18.1,20,20.6,1194,0.4,13.031,21,4.8
2548.2,87,477.4,63.9,101,31,25.1,20,29.3,1212,0.4,13.043,23,5.5
2551.3,87,464.0,63.9,101,29,26.0,20,29.7,1228,1.6,13.044,23,5.8
2554.4,87,463.4,63.9,101,27,18.6,20,23.7,1204,1.9,13.040,23,4.8
2557.5,87,457.3,63.9,101,27,21.6,20,24.8,1203,1.3,13.096,23,4.8
2560.6,87,457.3,63.9,101,27,46.7,20,54.7,1290,6.5,12.934,23,9.1
2563.7,87,466.7,63.7,101,30,44.3,20,51.8,1305,5.8,13.040,23,10.3
2566.8,87,468.0,63.5,101,30,35.6,20,41.6,1159,2.5,13.005,23,6.6
2569.9,87,468.0,63.5,101,30,30.8,20,37.9,1179,3.5,13.105,23,6.9
2573.0,87,468.0,63.1,101,31,29.3,20,35.1,1195,3.1,13.005,23,6.4
2576.1,87,468.0,63.1,101,31,31.1,20,41.0,1246,5.8,13.038,23,7.6
2579.2,87,468.0,63.1,101,32,33.2,20,36.9,1213,2.1,13.008,23,6.7
2582.3,87,468.0,62.7,101,31,22.8,20,26.6,1214,0.4,13.118,23,5.1
2585.4,87,466.3,62.7,101,29,18.6,20,21.6,1336,0.7,13.057,23,5.0
2588.5,87,463.8,62.7,101,15,19.2,20,21.1,1347,0.6,12.993,23,4.2
2591.6,87,457.8,62.6,101,9,17.0,20,23.4,1258,3.0,13.040,23,3.9
2594.7,87,452.0,62.4,101,8,18.8,20,22.5,958,0.6,13.079,23,3.9
2597.8,87,444.1,62.4,101,5,25.0,20,32.9,689,0.5,12.940,23,4.1
2600.9,87,432.9,62.5,101,0,33.0,20,38.9,773,0.4,13.073,23,4.1
2604.0,87,424.8,62.7,101,0,74.5,20,100.0,393,0.1,12.890,23,7.3
2607.1,87,420.0,62.7,101,0,0.7,6,10.3,36,1.1,12.720,23,11.0
2610.2,87,420.0,62.7,101,0,0.0,5,0.0,0,1.6,12.720,23,11.0
2613.3,87,420.0,62.7,101,0,0.0,5,0.0,0,1.6,12.721,23,11.0
2616.4,87,419.8,62.7,101,0,0.0,5,0.0,2,1.6,12.720,23,11.0
2619.5,87,420.0,62.7,101,0,0.0,5,0.0,0,1.6,12.720,23,11.0
2622.6,87,101,0,5,0.0,0,1.6,12.720,23,11.0
2625.7,87,101,0,11.0
