BlueDriver Data Log
Aug 12, 2018 12:26:53 PM
Time (s),Engine Coolant Temperature (째C),Catalyst Temperature Bank 1 - Sensor 1 (째C),Fuel Level Input (%),Barometric Pressure (kPa),Vehicle Speed (MPH),Absolute Load Value (%),Ambient Air Temperature (째C),Calculated Engine Load Value (%),Engine RPM (rpm),Relative Throttle Position (%),Control Module Voltage (V),Intake Air Temperature (째C),Absolute Throttle Position (%)
0.0,,,,,,,,,,,,,
3.1,84,524.4,69.0,101,49,73.2,24,83.0,2083,22.4,12.879,27,26.3
6.2,85,536.6,69.0,101,52,73.0,24,83.8,2146,23.8,13.013,27,27.8
9.3,86,548.7,69.0,101,55,73.4,24,83.6,2263,24.7,12.966,27,29.1
12.4,87,557.4,69.0,101,57,74.3,24,84.8,2338,25.3,12.960,27,30.2
15.5,87,571.8,69.0,101,59,74.2,24,82.7,2362,24.0,12.962,27,30.2
18.6,87,579.6,69.0,100,60,73.7,24,80.4,2132,14.5,13.026,27,18.5
21.7,87,582.3,69.0,100,63,72.0,24,81.7,2039,22.3,12.960,27,27.3
24.8,87,585.7,69.0,101,65,69.8,24,79.2,2112,19.3,12.955,27,23.6
27.9,87,590.7,69.0,100,65,70.0,24,77.7,2136,19.2,12.960,27,23.8
31.0,87,594.6,69.0,101,66,69.0,24,77.3,2141,19.2,12.960,27,24.2
34.1,87,598.7,69.0,100,66,67.6,24,76.6,2099,18.7,12.960,27,22.7
37.2,87,600.0,69.0,100,66,65.1,24,71.4,2008,14.8,12.960,27,19.5
40.3,87,600.0,69.0,100,65,28.7,24,36.9,1956,10.2,12.960,27,16.3
43.4,87,592.0,69.4,101,62,21.8,24,25.9,1859,4.6,12.960,27,9.7
46.5,87,592.0,69.4,100,61,62.1,24,71.8,1929,14.6,13.031,27,19.6
49.6,87,595.0,69.4,100,61,55.2,24,42.3,1892,15.5,12.911,27,21.2
52.7,87,594.0,69.4,100,61,63.9,24,72.5,1897,16.6,12.944,27,21.8
55.8,87,596.0,69.4,100,62,69.7,24,78.3,2018,19.5,12.973,27,23.5
58.9,87,600.0,69.4,100,63,66.5,24,76.1,1980,17.9,12.999,27,20.7
62.0,87,602.1,69.4,100,63,72.7,24,84.0,2096,23.8,12.890,27,28.1
65.1,87,608.0,69.4,101,64,75.1,24,84.7,2453,26.1,12.960,27,31.5
68.2,87,614.2,69.0,101,66,74.5,24,83.8,2575,26.7,13.037,27,32.2
71.3,87,616.0,69.0,101,68,73.9,24,82.8,2606,26.7,13.007,27,32.2
74.4,87,623.5,69.0,101,69,73.1,24,82.4,2632,26.9,12.960,27,32.5
77.5,87,627.9,69.0,101,70,73.4,24,82.7,2608,26.6,12.960,27,31.7
80.6,87,631.8,69.0,101,72,73.2,24,83.3,2557,25.4,12.978,27,30.6
83.7,87,632.4,69.0,101,72,73.6,24,83.2,2550,25.1,13.000,27,30.2
86.8,87,636.0,69.0,101,73,72.4,24,82.3,2590,25.1,12.960,27,30.5
89.9,87,639.7,69.0,101,74,72.9,24,82.0,2618,25.1,12.960,27,30.3
93.0,87,640.0,69.0,101,76,71.4,24,81.3,2634,25.3,12.960,27,30.4
96.1,87,641.7,69.0,101,76,72.2,24,82.0,2550,24.5,12.960,27,29.5
99.2,87,644.0,69.0,101,77,71.4,24,81.5,2476,23.3,13.030,27,26.0
102.3,87,643.2,69.0,101,78,70.6,24,38.1,2366,8.4,12.960,27,20.1
105.4,87,638.3,69.0,100,78,23.2,24,27.3,2375,3.7,12.889,27,8.7
108.5,87,633.4,69.0,99,79,25.9,24,29.7,2375,3.5,12.959,27,8.7
111.6,87,626.9,69.0,100,80,13.6,24,17.9,2351,2.1,12.960,27,4.2
114.7,87,614.7,69.0,101,77,18.0,24,21.4,2314,2.5,12.960,27,7.3
117.8,86,608.8,69.0,99,76,38.5,24,45.1,2310,7.7,12.960,27,12.8
120.9,86,608.0,68.9,99,75,46.3,24,53.8,2339,9.7,12.960,27,14.7
124.0,86,608.0,68.6,100,75,48.6,24,56.5,2318,10.2,12.898,28,15.6
127.1,86,608.0,68.6,100,75,50.5,24,58.3,2300,10.5,13.040,28,16.2
130.2,86,608.0,68.6,100,74,57.9,24,66.7,2272,13.9,12.960,28,18.5
133.3,86,608.0,68.6,100,72,62.7,24,71.1,2201,15.6,12.960,28,19.8
136.4,86,608.0,68.6,100,70,67.5,24,76.7,2180,18.4,12.960,28,22.5
139.5,86,610.2,68.6,100,68,68.7,24,77.8,2208,19.2,12.960,28,23.5
142.6,86,612.7,68.6,100,67,70.5,24,79.1,2280,21.4,12.960,28,26.2
145.7,87,616.0,68.6,100,67,71.4,24,81.3,2344,21.9,13.030,27,26.7
148.8,87,620.0,68.2,100,67,70.6,24,80.0,2283,21.8,13.012,27,26.1
151.9,87,623.2,68.2,101,68,73.1,24,81.7,2337,25.1,12.970,27,30.5
155.0,87,624.8,68.2,101,68,74.5,24,83.3,2589,27.0,12.992,27,32.5
158.1,87,628.0,68.2,101,71,73.3,24,82.3,2588,24.6,12.960,27,30.1
161.2,87,632.0,68.2,101,73,72.4,24,82.6,2518,23.4,12.960,27,28.1
164.3,87,632.0,68.2,100,75,65.3,24,75.5,2304,17.6,13.038,27,23.1
167.4,87,632.0,68.2,100,77,66.6,24,75.6,2345,17.8,12.960,27,22.8
170.5,87,632.0,68.2,100,77,67.0,24,77.3,2360,18.8,12.960,27,23.4
173.6,87,636.0,68.2,100,77,66.7,24,77.4,2340,19.2,12.960,27,23.9
176.7,87,636.0,67.9,100,76,67.7,24,77.8,2325,19.5,12.960,27,24.2
179.8,87,636.0,67.8,100,75,64.0,24,74.5,2310,17.8,13.026,27,22.6
182.9,87,632.0,67.8,100,75,63.0,24,71.0,2280,16.2,12.924,27,20.6
186.0,87,632.0,68.0,100,73,67.2,24,77.2,2246,19.6,13.029,27,23.6
189.1,87,632.0,68.2,100,72,69.7,24,78.3,2244,20.5,12.960,27,25.3
192.2,87,635.4,67.9,100,72,70.3,24,80.6,2314,21.6,12.944,27,25.9
195.3,87,636.0,67.9,100,72,71.6,24,80.9,2398,22.0,13.012,27,27.2
198.4,87,636.0,67.8,100,73,72.9,24,82.8,2470,23.0,13.017,27,28.2
201.5,87,640.0,68.2,101,73,72.5,24,82.6,2449,22.8,12.960,27,28.2
204.6,87,640.0,68.2,101,73,71.4,24,81.6,2435,22.6,12.960,27,27.5
207.7,87,642.4,68.2,101,75,72.2,24,81.8,2435,22.4,12.960,27,27.5
210.8,87,644.0,68.2,101,76,71.5,24,81.5,2458,21.2,12.960,27,26.9
213.9,87,644.0,68.2,100,77,64.7,24,72.0,2332,18.3,12.960,27,23.7
217.0,87,635.5,68.2,101,75,16.0,24,22.3,2239,0.8,13.040,27,5.1
220.1,87,629.1,68.6,100,73,24.4,24,26.3,2159,2.7,12.970,27,8.3
223.2,87,624.0,68.6,99,71,45.6,24,52.6,2139,9.2,12.938,27,13.5
226.3,87,624.0,68.6,99,70,52.4,24,61.4,2120,11.1,13.027,27,15.0
229.4,87,620.0,68.6,100,70,60.4,24,69.4,2125,14.5,12.960,27,18.8
232.5,87,620.0,68.2,100,70,63.5,24,72.2,2141,15.9,12.960,27,20.0
235.6,87,620.0,68.2,100,71,64.5,24,72.9,2168,16.5,12.960,27,20.9
238.7,87,619.7,68.2,100,72,25.0,24,42.5,2164,10.8,13.000,27,10.8
241.8,87,616.0,68.2,99,71,46.3,24,52.9,2184,9.2,12.960,27,13.8
244.9,87,612.0,68.1,99,72,51.5,24,59.2,2233,10.7,12.960,27,13.1
248.0,87,608.9,67.8,100,73,17.9,24,22.8,2194,2.7,13.033,27,7.9
251.1,87,594.1,68.2,101,72,10.2,24,12.2,2132,0.4,13.009,27,4.7
254.2,87,578.6,68.5,101,70,10.6,24,12.6,2095,0.1,13.024,27,4.3
257.3,86,573.1,68.6,101,68,10.5,24,11.8,2074,0.1,12.960,27,4.5
260.4,86,568.0,68.6,100,65,21.3,24,24.3,1963,3.1,12.904,27,7.8
263.5,86,564.0,69.0,101,62,41.8,24,44.9,1945,7.8,12.960,27,10.4
266.6,86,568.0,69.0,101,61,62.0,24,69.6,1979,14.2,12.960,27,18.3
269.7,86,570.8,68.7,101,60,59.2,24,68.0,1846,13.7,12.965,27,17.3
272.8,86,573.1,68.6,100,60,62.6,24,71.5,1919,14.8,12.988,27,18.2
275.9,86,576.0,68.6,100,59,63.6,24,72.8,1916,15.5,12.960,27,19.6
279.0,86,581.6,68.2,100,58,67.6,24,77.0,1983,18.6,13.021,27,23.6
282.1,87,584.3,68.2,100,58,70.9,24,81.8,2114,21.0,12.960,27,25.8
285.2,87,590.5,68.2,100,60,70.9,24,81.9,2165,21.2,12.804,27,25.5
288.3,87,596.5,68.2,100,61,71.4,24,81.6,2193,21.7,12.962,27,26.0
291.4,87,602.9,67.9,100,63,71.4,24,81.9,2285,22.5,12.960,27,27.0
294.5,87,608.8,67.8,100,65,72.2,24,82.6,2321,22.9,12.960,27,27.9
297.6,87,614.4,67.8,100,66,74.0,24,85.4,2465,25.1,12.957,27,30.2
300.7,87,616.5,67.8,100,68,73.8,24,82.4,2537,25.5,12.877,27,28.9
303.8,87,620.0,67.8,100,70,72.2,24,83.2,2251,23.3,13.029,27,27.4
306.9,87,620.0,67.8,100,71,60.0,24,80.6,2194,21.1,12.960,27,22.2
310.0,87,611.9,68.2,101,71,19.1,24,26.7,2117,4.5,13.040,27,6.4
313.1,87,608.0,68.2,101,71,59.9,24,71.3,2162,16.1,12.969,27,20.1
316.2,87,608.5,68.2,100,71,66.7,24,77.0,2154,18.1,12.960,27,23.1
319.3,87,612.0,68.2,100,71,69.8,24,79.5,2186,20.1,12.962,28,25.1
322.4,87,613.4,68.1,100,71,70.1,24,81.2,2273,22.1,13.040,28,26.1
325.5,87,616.0,67.8,100,72,73.3,24,84.3,2452,23.9,13.014,28,28.9
328.6,87,622.3,67.8,100,72,72.9,24,81.9,2628,26.3,13.037,28,31.4
331.7,87,624.0,67.8,100,72,70.0,24,80.3,2307,23.0,13.000,28,28.7
334.8,87,624.0,67.8,100,72,69.9,24,79.5,2206,20.4,13.025,28,24.9
337.9,87,624.8,67.8,100,71,68.2,24,78.2,2177,19.6,12.895,28,24.1
341.0,87,624.2,67.8,101,71,44.7,24,58.0,2138,13.0,13.018,28,18.7
344.1,87,622.1,67.8,101,69,47.6,24,55.2,2100,10.6,12.895,28,14.0
347.2,87,620.0,67.8,101,68,54.4,24,62.0,2087,12.5,13.009,28,16.7
350.3,87,617.5,67.8,101,68,53.0,24,60.5,2098,11.8,13.038,28,16.7
353.4,87,616.0,67.8,99,70,55.4,24,64.2,2096,12.7,12.960,28,16.6
356.5,87,616.0,68.2,100,70,57.2,24,66.3,2116,13.0,12.960,28,17.9
359.6,87,616.0,68.2,100,71,56.4,24,65.4,2154,13.0,13.011,28,17.5
362.7,87,612.5,68.2,101,73,54.4,24,62.6,2203,12.8,12.980,28,17.6
365.8,87,612.0,68.2,101,75,53.5,24,60.6,2263,12.9,12.972,28,17.3
368.9,87,612.0,67.8,101,76,51.0,24,58.2,2306,11.8,13.013,28,16.5
372.0,87,607.1,67.9,101,77,30.3,24,18.5,2312,2.1,12.960,28,9.6
375.1,87,588.5,68.2,101,75,11.5,24,12.7,2231,0.0,12.960,28,5.1
378.2,87,578.3,68.6,101,73,12.3,24,12.5,2200,0.7,13.024,28,5.4
381.3,86,568.2,68.6,101,72,13.0,24,14.4,2156,0.2,12.929,28,4.7
384.4,86,558.0,68.6,101,71,10.4,24,11.9,2134,0.4,12.973,28,4.7
387.5,86,552.4,68.6,100,70,13.5,24,16.3,2106,0.9,12.960,28,4.6
390.6,85,549.5,68.6,99,70,43.0,24,56.2,2341,8.9,12.960,28,13.3
393.7,85,555.5,68.6,100,71,53.6,24,61.6,2243,11.7,12.960,28,16.9
396.8,85,558.0,68.6,100,70,59.0,24,67.2,2174,13.6,12.960,28,18.0
399.9,85,560.6,68.6,100,70,59.6,24,67.9,2119,13.9,12.957,28,18.5
403.0,85,564.0,68.6,100,68,63.2,24,72.6,2112,16.2,13.016,28,20.5
406.1,86,570.0,68.6,100,68,66.7,24,76.3,2125,18.2,13.027,28,22.7
409.2,86,572.3,68.6,100,68,68.3,24,78.0,2175,19.0,12.960,28,23.5
412.3,87,576.0,68.6,100,68,67.9,24,77.4,2162,18.9,13.040,27,23.5
415.4,87,581.3,68.3,100,70,69.0,24,78.0,2162,18.9,12.985,27,23.5
418.5,87,584.0,68.6,100,70,68.2,24,78.4,2180,19.2,12.960,27,23.5
421.6,87,588.0,68.2,100,71,69.0,24,78.8,2187,19.5,12.960,27,24.4
424.7,87,591.1,68.2,100,71,69.0,24,79.0,2208,20.1,12.960,27,24.7
427.8,87,596.0,68.2,100,71,69.8,24,79.9,2200,20.4,12.960,27,24.9
430.9,87,599.4,68.2,100,72,68.2,24,79.1,2237,20.4,12.973,27,25.1
434.0,87,601.3,68.2,100,72,69.0,24,80.3,2292,21.0,13.040,27,25.5
437.1,87,604.0,67.8,100,73,69.8,24,79.6,2300,21.2,12.985,27,25.9
440.2,87,608.0,67.8,100,73,69.2,24,79.2,2287,20.8,12.832,27,25.9
443.3,87,608.0,67.5,100,74,69.8,24,80.1,2300,21.0,13.011,27,25.9
446.4,87,612.0,67.5,100,75,69.8,24,80.4,2350,21.2,12.978,27,25.9
449.5,87,616.0,67.5,100,75,69.2,24,79.7,2317,20.9,12.960,27,25.1
452.6,87,616.0,67.5,100,76,58.3,24,65.1,2305,11.1,13.018,27,18.3
455.7,87,616.0,67.5,100,77,61.9,24,70.1,2357,15.6,13.011,27,20.2
458.8,87,616.0,67.2,99,78,34.8,24,44.2,2332,2.1,13.040,27,7.0
461.9,87,610.8,67.1,99,76,24.2,24,30.8,2267,4.8,12.983,27,8.0
465.0,87,608.0,67.4,99,74,35.5,24,42.3,2225,6.6,12.960,27,11.1
468.1,87,606.1,67.1,99,73,47.6,24,58.8,2212,10.7,12.960,28,15.2
471.2,87,604.0,67.1,100,73,55.1,24,62.9,2225,12.3,12.960,28,17.5
474.3,87,604.0,67.1,100,73,51.8,24,60.6,2224,11.4,13.026,28,16.0
477.4,87,604.0,67.1,99,73,49.1,24,56.5,2229,10.6,12.999,28,15.4
480.5,87,604.0,67.3,101,73,49.7,24,56.2,2239,11.0,12.884,28,15.7
483.6,87,604.0,67.5,101,74,51.8,24,58.2,2271,12.0,12.960,28,16.6
486.7,87,604.0,67.5,101,76,51.8,24,59.6,2308,12.4,12.960,28,17.3
489.8,87,604.0,67.7,100,77,51.6,24,59.2,2355,12.2,13.025,28,14.9
492.9,87,604.0,67.8,100,77,54.2,24,61.5,2373,12.2,12.960,28,16.9
496.0,87,604.0,67.8,100,78,54.1,24,62.3,2379,12.5,13.031,28,17.9
499.1,87,604.0,67.8,100,78,54.1,24,62.6,2407,12.3,12.864,28,17.1
502.2,87,607.1,67.7,100,78,52.5,24,59.9,2387,10.7,12.960,28,16.9
505.3,87,604.0,67.8,99,78,14.8,24,18.0,2324,2.2,13.013,28,8.6
508.4,87,600.7,67.8,100,77,43.6,24,49.8,2369,9.1,12.982,28,13.4
511.5,87,602.0,67.8,100,77,60.3,24,69.0,2448,15.2,12.967,28,20.3
514.6,87,604.0,67.8,100,77,63.2,24,71.7,2417,15.9,13.023,28,21.2
517.7,86,606.4,67.8,100,77,57.2,24,68.2,2405,15.6,12.963,28,19.7
520.8,86,608.0,67.8,99,77,49.3,24,56.2,2362,10.1,13.009,28,15.1
523.9,86,608.0,67.8,100,77,52.0,24,60.0,2364,11.8,12.960,28,16.7
527.0,86,608.0,67.8,100,77,55.7,24,63.2,2375,13.0,12.993,28,17.6
530.1,86,608.0,67.8,100,77,57.3,24,65.3,2383,13.8,13.031,28,18.7
533.2,86,608.0,67.8,100,77,58.0,24,66.7,2385,14.1,12.960,28,19.0
536.3,86,608.0,67.8,100,76,59.3,24,68.0,2331,14.5,12.987,28,19.5
539.4,86,612.0,67.5,100,75,59.6,24,68.7,2284,14.9,12.969,28,19.5
542.5,86,612.0,67.5,100,73,59.6,24,69.0,2242,14.6,12.995,28,19.4
545.6,86,612.0,67.5,100,73,60.4,24,68.7,2240,14.9,12.960,28,19.2
548.7,86,612.0,67.5,100,75,59.6,24,68.1,2269,14.9,12.960,28,19.3
551.8,86,612.0,67.5,100,75,65.2,24,75.0,2298,18.3,12.810,28,22.9
554.9,86,616.0,67.5,100,75,67.6,24,76.5,2287,18.8,12.960,27,23.5
558.0,86,616.0,67.5,100,75,67.3,24,75.7,2300,18.8,13.030,27,23.5
561.1,86,616.0,67.5,100,76,67.3,24,76.2,2300,18.8,13.040,27,23.5
564.2,86,620.0,67.5,100,76,66.5,24,75.7,2314,18.0,12.967,27,22.9
567.3,86,620.0,67.5,100,76,62.7,24,72.1,2316,16.0,12.960,27,20.8
570.4,86,620.0,67.5,100,76,61.2,24,70.3,2300,15.3,12.886,27,19.6
573.5,86,620.0,67.1,100,76,61.2,24,70.4,2291,15.3,13.001,27,20.0
576.6,86,620.0,67.5,100,74,61.7,24,71.1,2257,15.7,12.965,27,20.0
579.7,86,620.0,67.5,100,72,63.2,24,73.3,2212,17.3,13.040,27,22.0
582.8,86,620.0,67.5,101,71,71.6,24,81.8,2334,22.4,13.040,27,26.7
585.9,86,624.0,67.5,101,70,73.5,24,82.4,2436,23.1,12.916,27,28.3
589.0,86,627.0,67.5,101,69,74.1,24,83.9,2528,25.6,13.033,27,30.5
592.1,86,632.0,67.5,101,68,74.4,24,83.1,2618,26.9,12.960,27,31.8
595.2,86,635.5,67.5,101,69,73.7,24,82.4,2625,27.1,12.901,27,32.5
598.3,86,638.0,67.5,101,70,73.3,24,81.6,2640,27.1,12.887,27,32.5
601.4,86,640.0,67.1,101,73,72.7,24,81.5,2631,26.0,12.929,27,31.7
604.5,86,640.0,67.1,101,76,71.9,24,81.7,2640,25.1,12.958,27,30.8
607.6,86,644.0,67.0,101,78,72.2,24,80.8,2747,25.6,12.960,27,31.2
610.7,86,644.0,66.7,101,81,71.4,24,79.8,2713,25.0,12.960,27,31.3
613.8,86,648.0,66.6,101,82,71.9,24,80.7,2563,22.9,12.960,27,28.0
616.9,86,648.0,66.3,101,82,60.9,24,70.1,2522,12.7,12.960,27,18.1
620.0,86,644.0,65.9,101,81,53.8,24,61.7,2452,9.0,12.960,27,15.6
623.1,86,640.6,65.9,101,79,48.0,24,53.8,2389,11.0,12.960,27,15.0
626.2,86,640.0,65.9,101,78,65.9,24,74.7,2375,17.2,12.960,27,22.4
629.3,86,640.0,66.3,101,77,65.9,24,74.8,2362,17.5,12.929,27,22.3
632.4,86,640.0,66.3,101,78,56.0,24,66.7,2372,15.7,12.953,27,18.4
635.5,86,636.0,65.9,101,78,50.7,24,56.3,2358,11.3,12.997,27,16.7
638.6,86,633.6,65.9,101,78,40.2,24,48.1,2359,11.4,13.040,27,15.2
641.7,86,631.1,65.9,101,77,39.9,24,34.8,2315,3.4,12.960,27,10.4
644.8,86,624.6,65.9,101,75,16.5,24,19.2,2232,1.4,13.025,27,5.2
647.9,86,612.2,65.9,101,73,11.6,24,12.9,2213,1.3,12.960,27,7.1
651.0,86,600.7,65.9,101,71,27.1,24,27.9,2175,3.0,12.816,27,9.3
654.1,86,600.0,65.9,101,71,42.2,24,49.1,2213,9.2,12.936,28,13.6
657.2,86,600.0,65.9,101,71,46.3,24,53.6,2233,10.1,12.960,28,14.0
660.3,86,597.2,66.3,101,71,13.1,24,17.1,2119,3.3,12.960,28,8.0
663.4,86,592.0,66.3,101,70,30.0,24,32.8,2131,4.7,12.938,28,9.0
666.5,86,588.0,66.7,101,69,46.7,24,57.4,2222,10.6,12.916,28,14.4
669.6,86,591.5,66.7,101,67,60.4,24,68.2,2064,14.6,12.978,28,18.5
672.7,86,592.0,66.6,101,67,65.9,24,75.8,2088,17.1,12.977,28,21.8
675.8,86,596.4,66.3,101,67,70.6,24,80.0,2242,20.7,12.921,28,26.4
678.9,86,600.0,66.0,101,69,72.9,24,83.0,2437,23.1,12.881,28,28.1
682.0,86,604.8,65.9,101,70,72.9,24,83.0,2465,23.1,12.960,28,28.2
685.1,86,611.3,66.2,101,72,72.9,24,83.1,2475,23.5,13.020,28,28.6
688.2,86,616.0,65.9,101,72,72.9,24,82.7,2497,23.5,12.960,28,28.8
691.3,86,618.7,66.1,101,73,73.7,24,83.0,2515,23.9,12.960,28,29.0
694.4,86,624.0,66.3,101,73,72.4,24,82.2,2480,23.4,13.014,28,28.2
697.5,86,624.0,65.9,101,75,70.5,24,78.7,2277,21.6,12.960,28,26.3
700.6,86,628.0,65.9,101,75,69.0,24,78.1,2295,20.8,12.960,28,25.3
703.7,87,628.0,65.9,100,75,54.9,24,70.2,2305,18.9,13.028,28,21.4
706.8,87,624.3,65.9,101,74,33.9,24,38.5,2231,6.6,13.020,28,11.2
709.9,87,620.0,65.9,101,73,35.8,24,45.5,2198,8.6,13.047,28,8.3
713.0,87,611.3,65.5,101,70,10.9,24,14.5,2068,1.2,12.993,28,4.6
716.1,87,595.7,65.9,101,65,13.3,24,15.0,1961,0.4,12.966,28,4.0
719.2,87,592.0,65.9,101,65,46.7,24,53.4,2011,11.9,12.960,28,16.0
722.3,86,592.0,65.9,101,66,64.9,24,73.2,2090,16.5,12.960,28,19.9
725.4,86,593.2,65.9,101,67,69.2,24,77.5,2167,18.4,12.960,28,23.1
728.5,86,599.7,65.9,100,69,72.0,24,81.9,2371,22.4,12.960,28,26.8
731.6,86,601.9,65.9,101,70,72.4,24,82.3,2450,22.4,12.960,28,27.5
734.7,86,608.3,65.9,101,72,72.4,24,80.9,2427,21.9,12.960,28,27.1
737.8,86,612.0,65.9,101,74,65.6,24,76.8,2265,19.2,12.890,28,20.0
740.9,86,610.8,65.9,100,75,62.3,24,75.7,2298,18.9,12.985,28,15.1
744.0,86,604.7,65.9,101,74,40.5,24,45.8,2226,12.3,12.960,28,15.8
747.1,86,608.0,65.5,101,73,62.2,24,69.4,2238,15.4,13.021,29,20.6
750.2,86,607.8,65.5,101,72,22.1,24,35.0,2173,10.4,12.929,29,8.4
753.3,86,600.0,65.5,101,70,55.1,24,63.3,2207,11.1,13.022,29,15.1
756.4,86,600.6,65.5,100,68,66.8,24,75.7,2196,19.9,13.003,29,23.8
759.5,86,604.0,65.5,100,70,71.2,24,81.1,2364,21.6,12.960,29,26.6
762.6,86,608.7,65.9,100,70,72.9,24,83.1,2454,22.7,12.960,28,27.8
765.7,86,615.1,65.9,100,71,73.3,24,82.9,2526,24.8,12.895,28,30.1
768.8,86,617.3,65.9,100,71,72.2,24,82.1,2597,25.1,13.015,28,30.2
771.9,86,620.0,65.9,100,72,72.4,24,82.2,2450,22.6,13.018,28,27.5
775.0,86,624.0,65.9,100,74,70.8,24,82.0,2437,22.0,12.887,28,26.9
778.1,86,627.9,65.9,100,76,67.0,24,71.0,2384,16.8,12.960,28,22.1
781.2,87,624.0,65.9,101,77,38.0,24,46.8,2351,9.9,12.960,28,12.8
784.3,87,620.4,65.9,101,80,38.1,24,36.6,2406,6.3,12.984,28,11.1
787.4,87,608.9,65.9,101,79,11.1,24,13.0,2352,0.4,12.980,28,5.1
790.5,87,599.6,66.3,101,76,31.1,24,33.8,2284,4.3,12.960,28,9.9
793.6,86,596.0,66.3,101,73,47.1,24,50.3,2292,8.6,12.960,29,14.0
796.7,86,596.9,66.3,101,72,60.4,24,69.0,2194,14.9,12.960,29,19.2
799.8,86,600.0,66.3,101,72,60.7,24,69.9,2178,15.0,12.960,29,19.9
802.9,86,600.0,66.3,101,72,61.2,24,68.8,2195,15.5,12.960,29,20.1
806.0,86,602.0,65.9,101,73,63.1,24,70.8,2250,16.4,13.028,29,21.2
809.1,86,604.0,65.9,101,74,61.1,24,69.0,2282,16.0,12.914,29,19.9
812.2,86,604.0,66.1,101,75,41.8,24,47.6,2304,9.4,12.960,29,15.1
815.3,86,603.4,66.3,101,75,43.7,24,50.0,2346,9.2,12.998,29,14.1
818.4,86,600.0,66.3,101,75,44.3,24,51.7,2284,9.8,12.962,29,14.1
821.5,86,600.0,66.4,101,74,50.3,24,56.0,2255,10.8,12.989,29,16.1
824.6,86,600.0,66.7,101,73,62.0,24,67.0,2245,16.1,13.040,29,20.4
827.7,86,604.0,67.1,101,73,62.7,24,70.6,2226,16.1,12.981,29,20.8
830.8,86,604.0,66.8,101,73,62.2,24,72.4,2237,16.6,12.983,29,21.2
833.9,86,604.0,66.7,101,74,62.5,24,71.5,2259,15.5,13.040,29,20.4
837.0,86,604.0,66.7,101,75,48.6,24,57.1,2262,6.3,13.015,29,13.0
840.1,86,604.0,66.7,101,75,54.1,24,60.9,2262,12.2,12.960,29,17.0
843.2,86,604.0,66.7,101,75,56.6,24,65.0,2300,13.2,12.960,29,17.9
846.3,86,604.0,66.7,101,75,56.3,24,64.6,2296,14.1,13.033,29,18.8
849.4,86,604.0,66.7,101,75,52.5,24,46.1,2233,5.7,12.960,29,14.4
852.5,86,601.7,66.5,101,73,39.7,24,49.3,2225,10.8,13.033,29,14.0
855.6,86,600.0,66.3,101,72,48.8,24,55.8,2200,10.6,12.880,29,15.0
858.7,86,600.0,66.3,101,71,55.6,24,62.4,2187,12.6,12.970,29,17.9
861.8,86,600.0,66.2,101,71,46.3,24,54.8,2166,10.5,12.986,29,14.9
864.9,86,600.0,65.9,101,72,55.4,24,61.9,2224,12.1,12.980,29,17.2
868.0,86,600.0,65.9,101,74,57.3,24,65.9,2252,14.0,12.976,29,17.7
871.1,86,600.0,65.9,101,75,60.0,24,68.2,2306,14.9,12.960,29,19.4
874.2,86,602.4,65.9,101,76,49.8,24,46.2,2302,9.1,12.960,29,12.1
877.3,86,589.0,66.2,101,74,11.0,24,12.4,2217,0.3,12.847,29,4.7
880.4,86,581.9,66.3,101,72,19.0,24,21.1,2168,3.6,12.960,29,7.9
883.5,86,580.0,66.3,101,72,38.5,24,43.1,2264,7.8,12.927,29,12.4
886.6,86,580.0,66.3,101,72,46.3,24,52.8,2281,10.2,12.957,29,15.1
889.7,86,580.0,66.3,101,73,31.0,24,34.8,2206,7.6,12.960,29,13.9
892.8,86,580.0,66.1,101,72,48.6,24,57.3,2214,10.9,12.960,29,13.8
895.9,86,580.0,65.9,101,72,50.2,24,57.3,2225,11.4,12.960,29,15.9
899.0,86,580.0,66.1,101,72,53.4,24,61.1,2225,12.3,12.951,29,16.5
902.1,86,584.0,65.9,101,72,52.5,24,59.5,2216,11.4,12.959,29,15.8
905.2,86,584.0,65.9,101,72,49.2,24,56.4,2223,11.4,13.040,29,15.6
908.3,86,580.0,65.9,101,72,28.5,24,32.7,2179,4.7,12.997,29,9.0
911.4,86,580.0,65.9,101,72,42.9,24,46.5,2180,10.3,12.961,29,14.1
914.5,86,580.7,65.9,101,72,57.1,24,64.2,2218,13.5,13.001,29,18.4
917.6,86,584.0,65.5,101,71,61.4,24,68.8,2202,14.7,13.037,29,19.8
920.7,86,584.3,65.9,101,69,63.4,24,73.0,2143,16.3,12.960,29,20.5
923.8,86,588.0,65.9,101,67,65.1,24,74.0,2109,16.9,12.960,29,21.4
926.9,86,592.0,65.5,101,66,65.8,24,74.3,2087,17.3,12.960,28,21.8
930.0,86,592.0,65.7,101,67,66.3,24,75.2,2078,17.9,12.960,28,22.1
933.1,86,596.0,65.8,101,69,66.6,24,74.5,2099,17.5,12.960,28,22.0
936.2,86,596.1,65.5,101,72,65.3,24,74.6,2185,17.1,12.960,28,21.8
939.3,86,600.0,65.5,101,73,50.8,24,55.5,2218,9.7,13.040,28,16.6
942.4,86,600.0,65.6,101,71,59.4,24,67.8,2169,14.4,12.960,28,19.3
945.5,86,600.0,65.9,100,70,67.1,24,76.3,2143,18.6,13.027,28,22.4
948.6,86,604.0,65.9,100,70,69.1,24,79.5,2252,20.4,13.017,28,25.5
951.7,86,604.0,65.9,100,72,71.4,24,81.3,2413,22.0,12.960,28,27.4
954.8,86,609.8,65.9,100,74,69.9,24,80.3,2455,22.0,13.024,28,26.7
957.9,86,612.0,65.9,101,78,64.9,24,73.5,2392,17.4,12.989,28,22.4
961.0,86,613.8,65.9,101,80,50.8,24,61.8,2446,14.4,12.971,28,18.7
964.1,86,612.6,65.9,101,79,25.3,24,27.9,2359,3.5,12.960,28,9.4
967.2,86,608.0,66.3,101,77,37.3,24,41.7,2283,9.3,12.960,28,13.3
970.3,86,608.0,66.3,101,75,47.7,24,54.1,2245,10.8,12.960,28,15.6
973.4,86,608.0,66.3,101,73,58.7,24,67.5,2207,14.5,12.960,28,18.8
976.5,86,608.0,66.3,101,70,65.8,24,73.5,2181,16.3,12.960,28,19.8
979.6,86,609.4,66.2,100,69,69.0,24,79.2,2224,20.0,12.960,28,24.6
982.7,86,612.0,65.9,100,68,69.5,24,79.9,2256,20.9,13.040,28,25.3
985.8,86,613.9,65.9,100,67,68.4,24,79.0,2237,19.8,12.975,28,23.5
988.9,86,616.0,65.9,101,66,64.2,24,74.0,1996,15.7,13.008,28,20.4
992.0,86,616.0,65.9,100,66,64.9,24,73.0,2004,16.5,12.960,28,20.4
995.1,87,616.0,65.9,100,67,65.5,24,73.7,2044,17.3,13.011,28,21.2
998.2,87,616.0,65.9,100,69,65.1,24,73.9,2103,16.9,13.031,28,21.2
1001.3,87,616.0,65.5,100,72,65.1,24,72.9,2193,17.3,12.960,28,21.7
1004.4,87,616.0,65.5,100,72,65.9,24,76.5,2187,17.9,13.027,28,22.4
1007.5,87,616.0,65.5,100,71,66.5,24,76.2,2149,18.2,12.937,28,22.6
1010.6,87,617.7,65.6,100,70,69.0,24,78.8,2201,19.7,12.880,28,24.4
1013.7,87,620.0,65.6,100,71,69.0,24,78.8,2259,20.5,13.018,28,25.1
1016.8,87,620.0,65.5,100,73,66.5,24,77.6,2226,19.6,12.960,28,23.2
1019.9,87,619.5,65.5,101,75,16.3,24,25.6,2232,8.4,13.000,28,8.3
1023.0,87,613.6,65.3,101,75,22.9,24,25.7,2251,3.9,12.960,28,8.3
1026.1,87,608.0,65.1,101,76,30.7,24,33.9,2280,5.5,12.960,28,10.0
1029.2,87,604.6,64.7,101,77,34.2,24,38.3,2331,7.5,13.040,28,12.0
1032.3,87,598.4,64.3,101,78,12.7,24,13.4,2337,0.9,12.974,28,5.4
1035.4,86,588.1,64.3,101,77,27.8,24,31.4,2331,8.6,12.991,28,12.1
1038.5,86,589.7,64.7,101,77,63.9,24,72.4,2447,16.7,12.981,28,21.8
1041.6,86,595.9,64.3,101,77,65.9,24,74.7,2417,17.3,13.014,28,22.3
1044.7,86,596.0,64.7,101,77,40.8,24,37.3,2305,5.3,12.960,28,11.1
1047.8,86,583.4,65.1,101,73,11.0,24,12.3,2182,0.0,12.894,28,5.0
1050.9,86,570.6,65.1,101,70,19.0,24,20.3,2122,1.5,12.960,28,7.0
1054.0,86,568.0,64.7,101,67,45.5,24,51.4,2136,9.7,12.960,28,13.5
1057.1,86,570.3,64.5,101,67,55.9,24,63.8,2083,13.0,13.038,28,17.3
1060.2,86,572.5,63.9,101,67,66.6,24,73.5,2096,16.9,12.960,28,20.5
1063.3,86,576.0,63.9,101,66,59.1,24,67.6,2025,13.4,12.960,28,18.8
1066.4,86,580.0,63.9,101,66,64.7,24,72.6,2057,12.6,13.015,28,15.9
1069.5,86,576.1,64.2,101,64,37.5,24,42.9,1917,7.3,12.936,28,11.2
1072.6,86,576.0,64.4,101,62,44.0,24,48.9,1874,6.0,8.223,28,12.0
1075.7,86,574.3,64.6,101,59,30.5,24,22.0,1762,3.5,11.135,28,9.2
1078.8,86,572.0,64.6,101,56,59.0,24,64.5,1787,13.9,12.960,28,17.0
1081.9,86,578.0,64.7,100,55,72.7,24,81.3,1997,21.4,12.960,28,26.1
1085.0,86,588.0,64.3,100,55,73.2,24,83.5,2218,24.3,12.960,28,28.9
1088.1,86,592.9,64.3,100,55,72.9,24,82.7,2310,23.9,12.961,28,28.6
1091.2,86,601.3,63.9,100,56,72.3,24,82.7,2291,23.9,12.998,27,28.6
1094.3,86,611.2,64.3,100,56,73.8,24,83.4,2327,24.7,12.960,27,29.8
1097.4,86,617.0,64.3,100,57,73.7,24,84.3,2375,24.7,13.010,27,29.8
1100.5,87,623.3,64.3,100,58,73.2,24,85.0,2391,25.0,12.960,27,30.2
1103.6,87,629.6,64.4,100,57,73.8,24,85.6,2386,25.7,13.022,27,30.3
1106.7,87,635.6,64.4,100,57,75.0,24,86.5,2418,27.2,12.960,27,32.2
1109.8,87,641.6,64.2,100,59,75.3,24,86.3,2412,27.5,13.006,27,32.2
1112.9,87,644.0,63.9,100,61,71.0,24,79.4,2211,23.9,13.040,27,31.0
1116.0,87,644.0,63.5,100,61,69.6,24,79.5,2039,19.9,12.914,27,24.7
1119.1,87,648.0,63.1,100,63,73.4,24,84.5,2320,26.1,12.960,28,30.8
1122.2,87,650.7,63.1,100,63,72.7,24,83.2,2445,25.5,12.960,28,30.7
1125.3,87,650.8,63.1,100,63,69.8,24,78.6,2144,19.9,12.960,28,24.5
1128.4,87,648.0,62.8,100,63,65.0,24,78.0,2090,20.7,12.966,28,24.6
1131.5,87,648.0,62.6,100,62,72.2,24,80.8,1986,21.1,12.992,28,24.2
1134.6,87,648.0,62.4,100,63,69.9,24,80.2,2177,21.9,12.980,28,26.7
1137.7,87,648.0,62.4,100,65,68.6,24,79.6,2200,20.7,12.932,28,25.5
1140.8,87,648.0,62.4,100,65,54.7,24,59.5,1970,10.5,12.977,28,14.3
1143.9,87,642.4,62.4,100,64,46.5,24,47.6,1950,10.2,12.976,28,16.7
1147.0,87,639.5,62.4,100,62,34.4,24,39.3,1890,3.2,12.989,28,6.6
1150.1,87,629.8,62.2,100,60,14.5,24,13.0,1797,0.5,12.967,28,4.5
1153.2,87,615.2,62.4,100,57,9.4,24,10.7,1710,0.4,12.960,28,3.7
1156.3,87,602.5,62.7,100,54,13.9,24,15.7,1599,0.0,13.038,28,4.6
1159.4,87,585.6,62.8,100,51,15.7,24,18.5,1510,0.0,12.960,28,4.9
1162.5,86,569.1,63.1,100,47,15.4,24,17.2,1441,0.3,13.024,28,4.3
1165.6,86,562.3,63.1,100,43,27.9,24,33.3,1302,5.8,13.023,28,9.7
1168.7,86,560.0,63.5,100,40,29.6,24,40.9,1294,5.3,12.985,28,4.5
1171.8,86,556.1,63.5,100,37,15.1,24,19.4,1142,0.0,12.967,28,3.5
1174.9,86,542.7,63.9,100,29,18.4,24,22.3,1208,0.0,12.920,28,4.8
1178.0,86,530.4,64.1,100,21,22.4,24,27.6,1166,0.0,13.114,28,5.1
1181.1,86,522.4,64.7,100,10,20.5,24,20.6,1060,0.3,12.960,28,4.7
1184.2,86,512.7,64.7,100,9,55.0,24,74.4,2203,16.0,12.969,29,20.3
1187.3,86,519.4,64.6,100,20,66.4,24,75.6,1879,18.8,13.034,30,21.6
1190.4,86,530.8,64.3,100,28,69.0,24,79.3,2108,19.3,12.960,30,23.5
1193.5,86,548.7,64.3,100,34,67.9,24,78.4,2210,19.3,12.960,29,23.5
1196.6,86,563.0,64.3,99,38,67.2,24,77.8,2337,19.5,12.922,29,24.3
1199.7,86,576.0,64.1,99,40,70.6,24,79.3,2427,19.6,12.968,29,24.3
1202.8,86,588.8,63.9,99,43,70.0,24,81.1,2465,19.6,13.006,29,24.8
1205.9,86,600.0,63.9,99,48,68.6,24,79.6,2536,21.7,12.960,29,26.9
1209.0,86,612.0,64.3,100,51,69.8,24,79.4,2804,24.9,12.960,29,31.2
1212.1,86,618.4,64.3,100,52,69.4,24,79.5,2821,25.1,12.960,28,31.0
1215.2,86,625.6,64.3,100,52,69.7,24,79.2,2824,25.1,12.960,28,30.8
1218.3,86,632.1,64.3,100,56,68.4,24,78.3,2869,24.7,12.929,28,30.7
1221.4,86,637.9,64.1,100,57,68.2,24,77.6,2888,24.7,12.880,28,31.0
1224.5,86,644.0,63.9,100,59,68.8,24,77.7,2922,25.1,12.960,28,31.1
1227.6,86,646.6,63.5,100,61,68.2,24,77.5,2989,25.5,12.960,28,31.7
1230.7,86,648.0,63.5,100,62,67.5,24,76.4,2990,25.1,12.960,28,31.2
1233.8,86,648.0,63.5,99,63,67.8,24,76.9,2865,24.3,12.980,28,30.2
1236.9,86,652.0,63.5,99,65,68.1,24,76.9,2896,24.6,12.979,28,30.9
1240.0,86,652.0,63.2,99,66,66.9,24,76.4,3031,25.4,12.934,28,31.2
1243.1,86,652.0,63.1,99,66,67.8,24,77.7,2642,22.9,12.944,28,29.8
1246.2,86,652.0,63.1,99,67,68.4,24,77.8,2898,24.8,12.960,28,31.0
1249.3,86,652.0,63.3,99,67,68.2,24,77.6,2995,25.5,12.960,28,31.7
1252.4,86,652.0,63.5,99,65,68.8,24,77.5,2950,25.5,12.864,27,31.4
1255.5,86,656.0,63.5,99,62,68.5,24,77.5,2933,25.5,13.030,27,31.4
1258.6,86,656.1,63.1,99,61,69.0,24,78.3,3062,26.7,12.960,27,32.9
1261.7,86,660.0,63.1,99,60,68.4,24,77.8,3118,26.4,12.960,27,32.9
1264.8,86,660.0,63.1,99,60,68.0,24,77.9,3129,26.3,12.905,27,32.5
1267.9,86,662.1,62.7,99,58,67.5,24,77.0,3118,26.3,12.960,27,32.5
1271.0,86,664.0,62.7,99,57,68.0,24,77.7,3100,26.3,12.960,27,32.9
1274.1,86,668.0,62.7,99,56,67.5,24,78.3,3135,26.3,12.960,27,32.9
1277.2,86,668.0,62.7,99,56,69.4,24,79.4,3169,26.7,12.960,27,33.3
1280.3,86,672.0,62.4,99,56,70.3,24,81.2,3226,26.1,12.960,27,32.9
1283.4,86,676.0,62.0,99,56,67.2,24,77.9,3129,26.3,12.990,27,32.6
1286.5,86,677.5,62.0,99,55,70.3,24,81.2,3218,27.3,12.847,27,33.9
1289.6,86,680.0,62.0,99,56,72.9,24,83.5,3349,28.2,12.960,27,35.3
1292.7,86,684.0,62.0,99,56,73.8,24,82.7,3386,28.8,12.960,27,35.8
1295.8,86,687.7,62.0,98,56,74.0,24,83.1,3467,29.4,12.960,27,36.5
1298.9,86,689.8,62.0,98,56,73.1,24,82.4,3475,29.1,12.960,27,36.2
1302.0,86,692.0,62.0,98,57,73.7,24,83.0,3497,30.2,12.960,27,37.4
1305.1,87,694.5,61.8,98,57,75.6,24,83.3,3555,31.0,13.018,27,38.2
1308.2,87,696.0,61.6,98,58,76.1,24,84.9,3638,31.0,12.960,27,38.4
1311.3,87,696.0,61.6,98,58,75.7,24,84.7,3593,31.4,12.885,27,38.7
1314.4,87,700.0,61.6,98,58,77.5,24,85.2,3669,31.9,13.004,27,39.3
1317.5,87,700.0,61.3,98,59,77.3,24,83.6,3822,30.4,12.891,27,37.9
1320.6,87,700.0,61.2,98,61,73.1,24,79.4,3924,25.2,12.960,27,33.3
1323.7,87,700.0,61.0,98,61,64.0,24,77.4,3149,24.9,12.960,27,33.2
1326.8,87,700.0,60.8,98,60,71.1,24,82.3,3108,33.3,12.903,27,39.7
1329.9,87,700.0,60.4,98,58,72.9,24,83.5,3017,36.5,12.960,27,42.5
1333.0,87,700.0,60.4,98,57,72.4,24,84.1,3057,36.0,12.960,27,42.7
1336.1,87,700.0,60.2,98,57,72.9,24,84.3,3160,35.4,13.027,27,41.9
1339.2,87,700.0,60.0,98,57,72.9,24,84.3,3150,35.3,12.942,27,42.0
1342.3,87,700.0,59.8,98,57,72.7,24,83.9,3137,35.3,12.944,27,42.0
1345.4,87,700.0,60.0,98,57,72.7,24,83.9,3137,35.5,12.982,27,42.0
1348.5,87,700.0,60.0,98,58,72.7,24,82.7,3088,36.0,12.971,26,42.5
1351.6,87,700.0,60.0,97,58,72.2,24,83.1,3112,36.1,12.982,26,42.4
1354.7,87,700.0,60.0,97,60,72.7,24,84.4,3158,35.5,12.977,26,42.3
1357.8,87,700.0,60.0,97,63,76.9,24,87.3,3409,34.3,12.900,26,41.2
1360.9,87,700.0,60.0,98,68,78.3,24,84.3,3892,25.2,12.960,26,26.3
1364.0,87,696.2,60.0,97,71,67.1,24,78.9,2312,23.5,12.960,26,29.9
1367.1,87,692.0,60.2,97,74,59.0,24,79.5,2722,33.6,12.960,26,36.6
1370.2,87,683.3,60.8,98,75,13.5,24,21.2,2210,0.2,13.064,26,5.2
1373.3,87,662.5,61.0,98,72,12.1,24,14.8,2126,0.0,13.040,26,5.5
1376.4,87,640.3,61.6,98,70,10.4,24,12.5,2069,0.2,12.985,26,4.6
1379.5,86,624.1,61.4,98,65,10.2,24,11.8,1925,0.4,13.040,27,4.0
1382.6,86,611.1,61.6,98,65,10.2,24,11.8,1917,0.2,13.007,27,4.2
1385.7,86,598.9,62.2,98,62,10.8,24,11.9,1902,0.4,12.962,27,3.9
1388.8,86,587.7,62.4,98,62,17.6,24,20.4,1854,1.9,12.960,27,6.8
1391.9,86,584.0,62.0,98,62,18.8,24,20.3,1885,0.4,12.960,27,6.6
1395.0,86,571.9,62.4,98,63,15.4,24,14.5,1911,0.8,12.994,27,6.3
1398.1,86,560.9,62.6,98,62,10.7,24,11.6,1917,0.0,12.957,27,4.3
1401.2,86,552.2,62.7,98,62,10.6,24,12.5,1875,0.4,12.888,27,4.0
1404.3,86,545.9,62.9,98,63,16.7,24,19.8,1923,3.0,12.967,27,6.6
1407.4,86,539.3,63.1,98,63,13.9,24,18.1,1915,0.4,12.925,28,4.6
1410.5,86,528.0,63.1,98,61,15.9,24,18.3,1875,0.8,12.951,28,6.4
1413.6,86,528.0,63.1,98,62,28.2,24,20.5,1890,3.1,12.960,28,10.0
1416.7,86,522.0,63.7,98,62,11.6,24,12.6,1881,0.0,12.960,28,4.0
1419.8,86,519.6,63.9,98,62,17.3,24,20.1,1873,1.6,13.006,28,5.8
1422.9,86,516.0,64.5,98,62,16.6,24,18.4,1861,2.0,12.960,28,6.6
1426.0,86,511.9,64.7,98,61,15.1,24,18.7,1850,2.5,13.040,28,7.2
1429.1,86,508.0,64.7,98,60,35.0,24,39.6,1865,9.3,12.963,28,14.5
1432.2,86,516.0,64.7,98,62,58.7,24,65.6,1990,7.3,12.980,28,15.6
1435.3,86,516.0,64.7,99,62,35.1,24,45.4,1985,4.7,12.960,28,5.0
1438.4,86,511.6,64.7,99,62,10.7,24,12.5,1884,0.4,12.921,28,3.8
1441.5,86,505.8,64.7,99,60,20.6,24,20.0,1891,2.6,12.951,28,8.3
1444.6,86,504.1,64.7,98,61,49.2,24,57.4,1896,9.4,12.960,28,13.5
1447.7,86,510.7,64.7,98,62,36.2,24,44.7,1888,10.3,12.954,28,14.6
1450.8,86,513.3,64.6,98,61,53.6,24,63.1,1933,12.4,12.935,28,16.1
1453.9,86,519.5,64.3,98,63,42.3,24,49.8,1979,10.9,13.032,28,19.2
1457.0,86,518.4,64.3,99,62,27.1,24,51.6,1901,13.6,12.960,28,15.0
1460.1,86,527.5,64.0,98,63,71.9,24,84.5,2265,19.1,12.978,28,28.6
1463.2,86,533.8,63.9,98,63,50.3,24,61.9,1908,11.2,13.040,28,5.0
1466.3,86,536.0,64.3,98,61,53.1,24,63.3,1940,12.3,12.960,28,14.9
1469.4,86,540.0,63.9,98,61,33.4,24,38.2,1827,8.7,12.960,28,13.0
1472.5,86,540.0,64.3,98,61,51.2,24,60.1,1876,10.8,12.964,28,15.2
1475.6,86,542.6,64.1,98,63,45.3,24,53.5,1914,12.8,12.955,28,18.5
1478.7,86,540.9,64.2,99,63,28.6,24,26.7,1881,2.7,12.880,28,18.8
1481.8,86,540.0,64.3,99,62,37.1,24,43.2,1898,6.9,12.929,28,11.2
1484.9,86,540.0,64.3,98,64,48.9,24,55.1,2030,8.1,13.031,28,15.4
1488.0,86,537.7,64.3,99,63,11.1,24,14.1,1956,0.4,12.960,28,4.7
1491.1,86,528.8,64.6,99,63,12.1,24,14.3,1854,0.4,12.944,28,3.9
1494.2,86,524.0,64.7,99,61,10.9,24,11.9,1828,0.4,12.939,28,4.5
1497.3,86,524.0,64.7,99,61,32.9,24,38.0,1944,6.8,12.983,28,11.4
1500.4,86,526.0,64.7,99,61,43.6,24,49.3,1882,8.5,12.973,28,15.2
1503.5,86,531.7,64.3,99,60,60.2,24,71.9,1859,14.2,12.960,28,14.0
1506.6,86,533.4,64.3,99,58,62.0,24,72.8,1827,15.2,12.960,28,20.5
1509.7,86,541.8,64.0,99,58,66.4,24,77.5,1962,18.4,12.960,28,22.4
1512.8,86,548.5,63.9,99,60,67.4,24,77.5,2009,18.2,12.960,28,22.3
1515.9,86,554.9,63.6,98,62,66.3,24,77.3,2029,18.3,13.030,28,22.4
1519.0,86,560.0,63.4,98,65,56.6,24,67.1,1971,14.4,12.988,28,16.8
1522.1,86,563.0,63.4,99,66,33.6,24,45.1,1979,7.4,12.960,28,7.2
1525.2,87,558.8,63.5,99,66,13.0,24,16.0,1952,0.4,12.960,28,4.9
1528.3,87,549.5,63.5,99,64,9.8,24,11.6,1916,0.3,12.939,28,3.9
1531.4,87,537.1,63.6,99,63,9.4,24,11.0,1887,0.3,12.928,28,3.9
1534.5,87,524.3,63.9,99,62,9.4,24,11.0,1856,0.4,12.960,28,3.9
1537.6,86,512.3,64.1,99,61,10.1,24,11.3,1825,0.4,13.027,28,4.2
1540.7,86,504.1,63.9,99,61,40.5,24,40.7,1925,6.2,12.989,28,12.1
1543.8,86,510.4,63.9,99,62,40.0,24,48.9,1940,8.9,12.965,28,13.7
1546.9,86,508.1,63.9,99,62,15.6,24,20.5,1880,1.7,12.994,28,4.6
1550.0,86,505.9,63.7,99,63,19.1,24,22.1,1878,2.4,13.040,28,6.6
1553.1,86,504.4,63.5,99,63,38.9,24,45.8,2014,8.2,12.960,28,10.1
1556.2,86,508.0,63.3,99,65,26.5,24,30.4,1932,5.6,12.962,28,9.7
1559.3,86,506.1,63.1,99,63,11.8,24,14.1,1902,0.7,13.040,28,4.9
1562.4,86,491.0,63.4,99,61,14.2,24,16.7,1859,0.5,12.960,28,5.1
1565.5,86,488.0,63.5,99,61,17.1,24,20.5,1870,2.4,12.960,28,7.6
1568.6,86,491.0,63.5,99,62,30.5,24,40.2,1992,9.8,12.954,28,13.0
1571.7,86,492.0,63.5,99,62,24.4,24,29.6,1936,4.5,12.933,27,8.2
1574.8,86,492.0,63.8,99,62,27.7,24,36.2,1975,4.1,12.960,27,6.8
1577.9,86,493.6,63.9,99,62,34.6,24,48.0,1920,9.1,12.960,28,11.3
1581.0,86,496.0,63.9,99,62,34.4,24,45.6,1962,1.1,12.960,28,7.0
1584.1,86,497.4,63.6,99,61,39.1,24,50.5,1886,8.5,12.960,28,10.4
1587.2,86,503.5,63.9,99,61,61.8,24,70.0,2003,14.5,12.960,28,18.8
1590.3,86,513.8,63.7,99,61,59.0,24,64.9,1890,12.8,12.960,27,18.5
1593.4,86,519.9,63.1,99,62,62.4,24,68.0,1900,13.9,13.013,28,19.4
1596.5,86,525.9,63.1,99,62,65.5,24,76.3,2001,15.8,12.960,28,19.9
1599.6,86,536.1,63.1,99,64,70.4,24,81.2,2162,22.9,12.931,28,27.2
1602.7,86,544.4,63.1,99,66,74.6,24,86.3,2522,27.0,12.951,27,32.2
1605.8,86,553.8,62.7,99,70,72.9,24,83.0,2657,27.2,12.960,27,32.0
1608.9,86,562.8,62.7,99,72,71.5,24,83.9,2444,22.5,12.960,27,29.5
1612.0,86,570.8,62.6,99,73,71.4,24,82.7,2465,21.9,12.960,27,27.7
1615.1,86,579.8,62.1,99,75,67.2,24,79.2,2333,19.3,13.016,27,25.0
1618.2,86,581.9,62.2,99,76,68.3,24,79.9,2323,20.7,12.960,27,26.3
1621.3,86,588.0,62.4,99,76,71.2,24,82.3,2497,22.4,12.996,27,27.7
1624.4,86,594.4,62.4,99,76,71.1,24,81.7,2523,22.4,12.960,27,27.5
1627.5,86,600.3,62.4,99,77,70.6,24,81.7,2528,22.2,12.916,27,27.4
1630.6,86,604.0,62.4,99,78,66.6,24,77.3,2402,19.4,12.960,27,25.2
1633.7,86,604.3,62.4,99,79,64.8,24,75.8,2428,17.7,12.960,27,23.1
1636.8,86,608.0,62.4,99,80,64.3,24,74.5,2437,17.3,12.960,27,22.5
1639.9,86,612.0,62.0,99,80,63.5,24,73.9,2427,16.5,12.960,27,21.8
1643.0,86,612.0,62.0,99,80,62.4,24,72.4,2429,16.3,12.818,27,21.2
1646.1,86,615.1,62.3,100,80,68.4,24,79.6,2462,21.7,13.038,27,26.1
1649.2,86,616.7,62.4,100,81,70.6,24,81.1,2490,22.6,12.960,27,27.8
1652.3,86,620.0,61.7,100,82,65.5,24,74.7,2496,17.7,12.960,27,22.5
1655.4,86,617.2,61.6,100,81,15.2,24,21.4,2407,5.0,12.859,27,6.1
1658.5,86,599.6,61.8,100,78,11.0,24,12.6,2312,0.4,13.038,28,5.1
1661.6,86,582.5,62.4,100,73,11.0,24,12.4,2188,0.4,12.960,28,4.6
1664.7,86,567.5,62.4,100,67,11.8,24,14.9,1991,0.5,13.037,28,4.3
1667.8,86,560.2,62.4,99,65,30.4,24,35.6,1944,10.0,12.960,28,15.8
1670.9,86,560.0,62.4,99,63,22.8,24,38.5,1910,8.9,12.960,28,11.8
1674.0,86,560.9,62.3,99,63,59.7,24,68.3,2040,13.4,13.009,28,18.5
1677.1,86,564.0,62.0,100,63,40.6,24,54.0,2070,14.7,12.968,28,7.7
1680.2,86,559.4,62.4,99,61,30.9,24,38.4,1931,6.5,12.992,28,9.9
1683.3,86,559.0,62.4,99,61,43.9,24,48.6,1907,7.6,12.972,28,11.6
1686.4,86,560.0,62.0,99,61,54.7,24,62.4,1910,11.8,12.998,28,15.7
1689.5,86,559.9,62.0,99,63,30.1,24,36.2,1931,7.6,12.960,28,14.0
1692.6,86,552.2,62.5,100,63,12.0,24,13.9,1887,0.0,13.030,28,4.7
1695.7,86,544.2,62.7,100,63,20.1,24,22.7,1894,1.8,13.009,28,6.9
1698.8,86,546.2,62.7,99,64,59.5,24,69.0,2201,16.5,13.037,28,19.0
1701.9,86,540.0,62.7,100,65,21.7,24,28.7,2080,1.6,12.960,28,6.1
1705.0,86,540.0,62.7,100,64,45.2,24,55.1,2149,7.6,12.960,28,9.0
1708.1,86,540.7,62.7,100,65,39.9,24,45.9,2036,8.8,13.002,28,12.6
1711.2,86,544.0,62.7,99,65,45.7,24,52.2,1978,9.2,12.960,28,14.5
1714.3,86,544.5,62.7,99,65,45.4,24,55.6,1987,10.3,12.960,28,14.5
1717.4,86,548.0,62.7,99,66,47.9,24,56.4,1997,4.5,13.033,28,11.3
1720.5,86,548.0,62.6,99,66,49.2,24,56.8,2025,11.0,12.960,29,14.9
1723.6,86,551.2,62.4,99,66,51.9,24,58.4,2005,10.9,12.960,29,15.7
1726.7,86,550.0,62.2,99,64,46.7,24,44.3,1947,1.7,12.960,29,8.7
1729.8,86,539.9,62.4,100,61,11.8,24,13.3,1838,0.0,12.993,29,4.8
1732.9,86,536.0,62.4,100,60,27.1,24,29.1,1805,6.5,12.970,29,10.7
1736.0,86,535.6,62.4,100,61,17.2,24,22.7,1880,3.5,12.960,29,5.7
1739.1,86,522.1,62.4,100,60,9.8,24,11.3,1837,0.4,12.960,29,3.9
1742.2,86,509.5,62.5,100,61,9.4,24,11.0,1848,0.4,13.013,29,3.9
1745.3,86,500.5,62.7,100,61,9.8,24,11.2,1831,0.3,12.960,29,3.9
1748.4,86,492.0,63.1,100,59,16.5,24,17.8,1777,2.1,12.960,29,6.4
1751.5,86,496.1,63.1,99,58,63.5,24,75.3,1996,16.0,13.011,29,19.0
1754.6,86,508.1,62.9,99,60,72.9,24,84.8,2230,22.2,12.960,29,27.5
1757.7,86,522.7,62.4,99,61,65.3,24,70.6,2137,20.1,12.924,29,22.8
1760.8,86,524.0,62.4,100,60,16.9,24,20.7,1795,2.6,12.937,29,7.4
1763.9,86,520.0,62.4,100,57,30.5,24,34.5,1729,5.2,13.002,29,8.7
1767.0,86,520.0,62.4,100,57,42.4,24,47.1,1741,7.3,12.806,29,12.3
1770.1,86,520.0,62.7,100,57,26.5,24,33.3,1727,4.4,13.040,29,7.4
1773.2,86,517.0,62.5,100,57,13.3,24,15.5,1708,0.1,12.960,29,4.5
1776.3,86,508.0,62.3,100,57,19.9,24,22.3,1710,2.4,12.904,29,6.7
1779.4,86,504.3,62.0,100,58,25.6,24,30.2,1779,4.6,12.980,29,7.9
1782.5,86,504.0,62.0,100,58,29.2,24,34.2,1836,5.1,12.980,29,9.1
1785.6,86,504.0,62.0,100,59,43.1,24,49.1,1866,8.4,13.040,29,12.4
1788.7,86,509.9,62.0,100,60,56.4,24,65.2,1895,11.8,12.895,29,15.2
1791.8,86,515.7,62.0,100,59,54.4,24,62.8,1818,11.2,13.017,29,15.8
1794.9,86,521.8,62.0,100,58,62.3,24,72.4,1910,17.0,12.960,29,21.0
1798.0,86,532.1,62.0,99,59,62.9,24,74.6,1961,17.2,12.960,29,20.1
1801.1,86,536.0,62.5,99,60,60.6,24,69.8,1886,11.7,12.960,29,16.0
1804.2,86,540.3,62.7,100,61,54.6,24,63.4,1845,12.3,12.917,29,15.5
1807.3,86,541.5,62.4,100,61,40.3,24,42.6,1837,4.8,13.038,29,11.4
1810.4,87,544.0,62.4,100,61,51.4,24,59.0,1852,10.3,12.929,29,15.4
1813.5,87,546.1,62.4,100,61,54.1,24,60.4,1875,11.8,12.809,29,16.0
1816.6,87,548.0,62.4,100,62,46.2,24,52.2,1894,8.9,12.960,30,12.6
1819.7,87,548.0,62.4,100,63,43.9,24,50.6,1912,9.1,12.821,30,13.7
1822.8,87,548.0,62.4,100,63,38.8,24,43.1,1901,6.6,12.960,30,10.8
1825.9,87,548.0,62.4,100,63,38.4,24,43.7,1894,6.7,12.990,30,11.4
1829.0,87,545.8,62.4,100,63,27.5,24,24.0,1882,0.8,12.963,30,6.4
1832.1,87,535.1,62.4,100,61,20.3,24,25.0,1840,3.7,13.009,30,5.3
1835.2,87,532.0,62.4,100,61,12.0,24,13.2,1812,2.2,12.892,30,5.9
1838.3,87,524.7,62.5,100,59,9.4,24,11.0,1812,0.4,12.960,30,3.9
1841.4,87,513.0,62.7,100,58,11.4,24,13.2,1764,0.4,12.849,30,4.3
1844.5,86,498.3,62.7,100,58,13.7,24,15.9,1872,0.0,12.960,30,5.2
1847.6,86,483.9,62.7,100,57,14.5,24,16.5,1730,0.2,12.991,30,5.3
1850.7,86,474.1,62.6,100,54,14.6,24,14.5,1725,1.5,12.837,30,5.6
1853.8,86,472.0,62.4,100,52,30.6,24,36.1,1616,5.1,12.960,30,7.7
1856.9,86,474.5,62.4,100,52,36.7,24,46.3,1708,10.5,12.960,30,7.3
1860.0,86,476.0,62.4,100,51,33.1,24,38.4,1555,5.2,12.960,30,8.8
1863.1,86,481.0,62.4,100,50,64.8,24,73.8,1690,13.9,13.039,30,17.8
1866.2,86,493.2,62.4,100,49,69.1,24,78.7,1852,18.2,12.960,30,23.1
1869.3,86,505.6,62.4,99,48,70.5,24,81.5,1972,20.1,13.034,30,23.9
1872.4,86,517.8,62.7,99,48,72.7,24,84.0,2065,22.6,12.960,30,26.9
1875.5,86,532.9,62.5,99,50,72.6,24,83.6,2177,23.4,12.960,30,27.9
1878.6,87,544.8,62.4,99,53,72.2,24,82.7,2187,22.7,12.960,29,27.4
1881.7,87,554.3,62.0,99,57,70.4,24,80.1,2089,20.5,12.887,29,25.6
1884.8,87,564.0,62.0,99,63,65.7,24,75.8,2040,17.5,12.960,29,20.2
1887.9,87,558.8,62.0,100,65,9.9,24,11.4,1952,0.4,12.960,29,4.6
1891.0,87,546.4,62.1,100,63,9.4,24,11.1,1912,0.2,12.960,29,4.1
1894.1,87,534.8,62.4,100,61,10.1,24,12.9,1828,0.6,12.960,30,3.9
1897.2,87,527.2,62.4,100,60,34.4,24,37.4,1790,3.4,12.914,30,8.4
1900.3,87,526.8,62.4,100,60,43.1,24,52.8,1840,8.7,12.960,30,13.3
1903.4,87,531.7,62.4,100,61,48.5,24,48.0,1872,6.9,12.960,30,12.9
1906.5,86,523.8,62.4,100,61,10.7,24,12.0,1825,0.5,12.960,30,4.1
1909.6,86,515.6,62.4,100,61,12.7,24,16.6,1817,1.4,12.960,30,4.7
1912.7,86,512.0,62.7,100,61,22.7,24,26.4,1839,3.5,12.960,30,7.4
1915.8,86,512.0,62.7,100,61,34.5,24,39.2,1882,6.7,12.927,30,10.5
1918.9,86,512.0,62.7,100,61,39.3,24,44.9,1906,7.2,12.965,30,11.8
1922.0,86,511.3,62.4,100,62,33.1,24,38.6,1859,4.7,12.997,30,7.9
1925.1,86,502.8,62.6,100,60,10.6,24,12.3,1832,0.4,13.040,30,4.4
1928.2,86,493.9,62.6,100,58,9.5,24,11.1,1791,0.0,13.040,30,3.7
1931.3,86,488.0,62.4,100,58,11.3,24,14.9,1727,0.1,12.944,30,3.5
1934.4,86,480.0,62.0,100,56,20.5,24,23.6,1688,4.2,12.937,31,7.2
1937.5,86,483.9,61.6,100,57,38.4,24,43.9,1762,6.3,12.941,32,10.7
1940.6,86,486.5,61.4,100,58,40.8,24,46.9,1787,7.1,12.965,32,12.2
1943.7,86,488.0,60.8,100,58,26.9,24,33.0,1787,3.7,13.002,32,7.2
1946.8,86,488.0,60.8,100,58,25.9,24,26.3,1869,0.8,12.960,32,5.0
1949.9,86,480.0,60.4,101,57,9.4,24,11.0,1744,0.6,12.960,32,3.8
1953.0,86,480.0,60.7,100,57,27.2,24,28.6,1771,4.0,12.960,32,8.7
1956.1,86,486.4,60.7,100,58,68.4,24,77.7,1982,16.0,12.960,32,20.2
1959.2,86,498.5,60.4,100,60,67.9,24,78.0,2146,18.4,12.891,32,23.1
1962.3,86,509.4,60.8,100,62,65.2,24,75.8,2118,17.8,12.960,32,20.7
1965.4,86,515.5,60.8,100,64,51.6,24,56.6,1955,10.2,12.960,32,14.8
1968.5,86,520.0,60.8,100,65,33.6,24,37.9,1952,6.4,12.960,32,11.2
1971.6,86,519.9,61.2,101,64,19.6,24,26.1,1930,4.8,12.960,32,5.3
1974.7,86,512.0,61.2,101,62,21.2,24,25.4,1875,2.4,12.960,32,7.1
1977.8,86,504.2,61.2,101,61,16.1,24,18.3,1823,0.6,12.960,32,5.0
1980.9,86,504.0,61.6,101,59,17.2,24,20.5,1790,2.2,12.960,32,5.5
1984.0,86,499.9,61.6,101,58,25.7,24,23.6,1834,2.7,12.914,32,7.7
1987.1,86,493.6,62.2,101,57,9.4,24,11.0,1754,0.4,12.962,32,3.5
1990.2,86,490.9,62.5,101,53,9.4,24,13.0,1641,0.4,12.988,32,3.8
1993.3,86,485.0,62.7,101,52,33.1,24,35.3,1614,4.9,12.960,32,9.7
1996.4,86,490.2,62.6,100,54,69.9,24,82.8,1956,19.8,12.907,32,23.7
1999.5,86,505.4,62.4,100,56,71.0,24,81.6,2225,21.8,12.972,32,25.9
2002.6,86,516.8,62.0,100,58,53.0,24,63.5,1871,14.5,12.989,32,17.1
2005.7,86,516.6,62.3,101,59,14.8,24,12.4,1749,0.4,13.040,32,3.5
2008.8,86,506.0,62.2,101,56,12.2,24,13.3,1649,0.0,12.968,32,4.9
2011.9,86,500.0,61.6,101,53,16.8,24,18.8,1609,0.5,12.960,32,7.5
2015.0,86,502.8,61.6,100,53,61.6,24,72.4,1765,14.3,12.960,32,18.8
2018.1,86,513.1,61.2,100,54,65.9,24,76.0,1952,16.5,12.960,32,20.6
2021.2,86,522.3,60.9,100,55,65.1,24,74.0,1946,16.8,12.992,32,20.0
2024.3,86,529.4,60.8,100,57,65.0,24,73.7,1926,15.9,12.841,32,19.8
2027.4,86,535.3,61.1,100,58,69.7,24,78.4,1981,18.6,12.964,32,21.8
2030.5,86,547.0,61.2,100,61,76.1,24,85.2,2075,28.2,12.972,32,33.2
2033.6,87,558.4,61.3,100,65,76.0,24,86.7,2540,31.3,13.016,32,36.7
2036.7,87,571.3,61.6,100,68,75.3,24,85.5,2655,31.8,12.909,32,37.3
2039.8,87,578.2,61.6,100,71,71.7,24,82.9,2638,28.7,12.947,32,33.1
2042.9,87,584.0,62.0,100,72,64.7,24,71.8,2221,16.9,12.960,32,22.1
2046.0,87,586.7,61.8,100,73,68.3,24,79.1,2261,21.3,12.951,32,25.5
2049.1,87,592.0,61.7,100,74,72.3,24,82.4,2453,22.6,12.938,32,27.9
2052.2,87,596.0,62.0,100,75,72.9,24,82.4,2557,24.0,12.855,32,29.2
2055.3,87,602.0,62.4,100,75,71.6,24,82.2,2656,25.9,12.960,32,32.3
2058.4,87,608.6,62.4,100,78,72.2,24,81.2,2760,26.7,12.917,32,32.9
2061.5,87,614.7,62.4,100,79,71.8,24,81.3,2817,27.1,12.963,32,33.0
2064.6,87,617.1,62.7,100,80,69.8,24,82.8,2598,25.0,13.002,31,30.7
2067.7,87,620.0,62.7,100,81,43.9,24,52.3,2435,16.2,12.971,32,24.4
2070.8,87,608.3,62.7,101,78,11.7,24,13.2,2331,0.1,12.982,32,5.1
2073.9,87,600.0,62.7,101,76,26.3,24,35.9,2274,8.3,12.960,32,14.1
2077.0,87,600.0,62.4,100,73,55.8,24,59.1,2294,12.2,12.960,32,17.3
2080.1,87,600.0,62.4,100,73,66.0,24,77.0,2296,19.4,12.960,32,23.5
2083.2,87,605.0,62.3,100,72,73.7,24,84.0,2431,24.5,12.911,32,29.4
2086.3,87,611.3,62.0,100,69,75.0,24,85.1,2603,29.0,12.960,32,35.4
2089.4,87,617.4,62.0,100,67,76.1,24,86.2,2625,33.1,12.903,32,39.0
2092.5,87,623.5,62.0,100,65,76.1,24,85.5,2733,37.1,12.960,32,42.7
2095.6,87,629.5,61.7,100,64,76.1,24,85.5,2846,36.7,12.960,30,42.6
2098.7,87,635.7,61.6,100,65,75.5,24,84.5,2873,35.9,12.880,30,41.2
2101.8,87,638.2,61.4,100,66,74.8,24,83.5,2902,34.8,12.957,30,40.0
2104.9,87,640.0,61.6,100,68,70.2,24,78.2,2886,25.7,12.960,30,30.7
2108.0,87,640.0,61.2,100,70,65.4,24,73.9,2961,22.7,12.960,30,28.3
2111.1,87,640.0,61.2,100,72,59.9,24,67.9,2677,18.0,13.015,30,25.5
2114.2,87,640.0,61.2,100,73,71.6,24,81.9,2426,23.4,12.960,30,28.4
2117.3,87,644.0,61.6,100,75,72.9,24,82.1,2728,28.6,12.905,29,32.7
2120.4,87,644.0,61.6,100,76,49.7,24,66.9,2401,20.3,12.960,29,24.8
2123.5,87,639.4,62.0,100,76,42.8,24,47.2,2266,9.6,12.960,29,13.8
2126.6,87,634.1,62.0,100,74,37.9,24,47.6,2246,2.3,13.031,29,8.2
2129.7,87,627.9,62.0,100,72,24.0,24,25.2,2153,4.6,13.011,29,9.4
2132.8,87,622.1,62.0,100,70,27.7,24,30.9,2101,5.1,12.994,29,11.0
2135.9,87,616.1,62.0,101,69,23.5,24,28.4,2049,3.6,12.985,29,7.0
2139.0,86,612.0,61.6,100,67,46.8,24,52.6,2051,10.1,12.963,29,14.0
2142.1,86,606.7,61.6,101,66,18.9,24,25.8,1980,1.7,13.000,29,5.1
2145.2,86,596.0,61.6,101,63,11.3,24,16.3,1898,0.4,12.963,29,5.4
2148.3,86,583.6,61.6,101,61,16.4,24,20.8,1854,2.7,13.040,29,5.7
2151.4,86,580.0,62.4,101,61,27.7,24,35.5,1959,6.6,12.960,29,5.5
2154.5,86,570.6,63.1,101,59,9.6,24,11.0,1840,0.0,12.960,29,4.1
2157.6,86,556.4,63.1,101,57,14.1,24,16.0,1745,0.3,13.017,29,4.8
2160.7,86,544.6,63.0,101,55,18.8,24,20.5,1652,0.7,12.960,29,6.4
2163.8,86,540.0,62.4,101,55,34.7,24,40.3,1738,5.1,12.936,29,9.0
2166.9,86,534.6,61.9,101,55,16.7,24,20.5,1632,2.3,12.998,29,4.9
2170.0,86,532.0,61.9,101,53,23.8,24,26.8,1658,3.3,12.960,29,6.3
2173.1,86,528.0,62.0,101,53,37.3,24,41.3,1758,6.5,12.960,29,10.3
2176.2,86,531.7,62.0,101,53,44.2,24,51.3,1689,8.1,12.960,29,12.3
2179.3,86,532.0,62.2,101,55,42.3,24,53.2,1772,2.1,12.821,29,8.1
2182.4,86,527.4,62.4,101,52,10.4,24,12.4,1633,0.4,12.995,29,3.5
2185.5,86,517.3,62.7,101,42,10.1,24,12.0,1487,0.4,13.040,29,3.5
2188.6,86,507.0,63.1,101,29,11.7,24,13.4,1324,0.2,12.881,29,3.5
2191.7,86,497.6,63.7,101,16,14.5,24,18.3,1123,0.4,13.041,29,4.1
2194.8,86,485.2,64.2,101,2,30.3,24,38.2,771,0.0,13.046,29,5.1
2197.9,86,472.1,64.3,101,0,31.2,24,40.3,779,0.0,12.735,29,4.7
2201.0,86,463.6,63.9,101,0,24.6,24,35.7,823,0.2,12.932,29,4.8
2204.1,86,453.9,63.9,101,0,21.7,24,27.8,748,0.4,12.811,29,3.5
2207.2,86,444.0,63.9,101,0,21.2,24,27.9,652,0.4,12.951,29,3.0
2210.3,86,441.3,63.9,101,0,23.9,24,30.5,633,0.8,12.881,29,2.7
2213.4,87,427.3,63.5,101,0,28.2,24,39.5,697,0.4,12.800,29,4.2
2216.5,87,418.4,63.5,101,0,30.0,24,39.1,751,0.3,12.969,29,4.4
2219.6,87,410.1,63.1,101,0,28.9,24,37.6,817,0.0,13.040,29,4.7
2222.7,87,401.6,63.1,101,0,20.4,24,26.3,759,0.0,12.962,29,3.4
2225.8,88,395.6,62.7,101,0,20.4,24,26.3,679,0.4,12.998,29,3.0
2228.9,88,389.6,62.5,101,0,22.5,24,27.5,605,0.4,12.891,29,2.5
2232.0,88,383.3,62.4,101,0,27.4,24,36.6,697,0.4,12.877,30,4.0
2235.1,88,373.5,62.4,101,0,30.1,24,38.5,744,0.4,12.960,30,4.3
2238.2,88,367.6,62.4,101,0,29.0,24,37.5,811,0.0,12.960,30,4.7
2241.3,88,361.6,62.0,101,1,29.1,24,30.8,920,0.6,12.960,30,3.7
2244.4,88,360.8,62.0,101,6,42.0,24,49.3,1526,7.4,13.003,30,11.0
2247.5,88,367.3,62.0,101,15,53.2,24,61.9,1427,9.2,12.975,30,12.9
2250.6,88,376.0,62.0,101,20,59.9,24,69.7,1307,9.8,12.980,30,13.8
2253.7,88,387.5,62.0,101,24,65.0,24,77.3,1450,12.6,13.040,30,16.5
2256.8,88,402.9,61.8,101,28,67.0,24,77.3,1550,14.5,13.040,30,18.5
2259.9,88,422.0,61.6,101,32,64.4,24,74.0,1550,13.2,12.960,30,17.5
2263.0,88,438.0,61.6,101,36,61.6,24,70.7,1504,12.3,13.027,29,15.7
2266.1,88,450.1,61.2,101,37,60.4,24,69.1,1534,12.5,12.960,29,15.7
2269.2,88,459.2,61.2,101,41,52.1,24,60.3,1401,9.0,12.960,29,10.6
2272.3,88,464.8,61.6,101,41,49.2,24,57.6,1308,6.3,12.960,29,11.4
2275.4,88,468.0,61.6,101,42,38.5,24,48.6,1362,4.8,13.031,29,6.7
2278.5,88,462.3,61.2,101,40,16.5,24,19.8,1200,0.4,12.960,29,4.1
2281.6,88,456.0,61.2,101,39,21.0,24,26.6,1159,3.3,13.037,29,6.0
2284.7,88,456.6,60.8,101,39,50.9,24,47.3,1287,4.9,13.001,29,10.7
2287.8,88,460.0,60.8,101,40,41.5,24,48.2,1314,5.4,12.960,29,9.7
2290.9,88,462.7,60.8,101,40,19.9,24,28.6,1250,0.6,13.005,29,4.9
2294.0,88,450.0,61.5,101,37,24.3,24,29.3,1205,0.0,12.967,29,5.5
2297.1,88,437.3,62.0,101,33,19.4,24,23.0,1198,0.3,13.040,29,4.7
2300.2,87,428.8,62.3,101,31,15.5,24,18.7,1225,0.4,12.960,29,3.6
2303.3,86,420.0,62.4,101,29,17.0,24,22.1,1162,1.9,12.960,29,6.0
2306.4,86,427.3,62.2,101,30,56.8,24,56.8,1405,4.4,12.882,29,11.4
2309.5,86,438.0,62.0,101,32,59.3,24,68.0,1489,9.4,12.960,29,13.2
2312.6,86,448.0,62.0,101,32,35.4,24,34.1,1347,0.4,13.039,29,6.8
2315.7,86,440.2,62.0,101,30,29.0,24,32.6,1216,1.4,12.960,29,5.7
2318.8,86,437.7,62.0,101,30,19.8,24,20.7,1258,0.8,13.037,29,5.2
2321.9,86,431.6,62.4,101,28,16.2,24,21.5,1233,0.6,12.922,29,3.5
2325.0,86,424.0,62.9,101,20,15.5,24,17.2,1187,0.4,13.056,29,4.3
2328.1,86,419.3,63.5,101,9,24.1,24,28.7,1021,0.2,12.931,29,4.6
2331.2,86,410.2,64.3,101,2,29.2,24,38.1,739,0.4,13.017,29,4.6
2334.3,86,403.9,64.3,101,0,22.8,24,31.4,790,0.4,12.914,29,3.4
2337.4,86,395.9,64.3,101,0,20.4,24,26.7,694,0.4,12.960,29,3.1
2340.5,86,388.4,64.3,101,0,19.9,24,26.3,620,0.4,12.906,29,2.7
2343.6,86,382.3,64.3,101,0,20.7,24,26.2,600,0.4,12.960,29,3.2
2346.7,87,376.2,64.3,101,0,29.9,24,39.3,675,0.2,12.908,29,4.0
2349.8,87,365.7,64.3,101,0,29.3,24,37.8,756,0.0,12.811,29,4.3
2352.9,87,359.5,64.3,101,0,27.6,24,33.4,817,0.0,13.001,29,4.4
2356.0,87,353.4,63.9,101,0,20.1,24,25.9,735,0.0,12.955,29,3.2
2359.1,87,347.4,63.9,101,0,19.6,24,25.9,655,0.4,12.836,30,2.6
2362.2,88,341.7,63.9,101,0,26.0,24,29.6,710,0.5,12.880,30,5.0
2365.3,88,344.2,63.5,101,8,49.9,24,49.8,1541,6.9,12.960,30,12.6
2368.4,88,350.3,63.1,101,15,58.8,24,67.5,1423,9.0,13.035,30,14.3
2371.5,88,357.4,63.1,101,20,51.3,24,61.4,1472,7.6,12.960,30,12.3
2374.6,88,366.7,63.1,101,24,45.9,24,53.8,1411,8.7,13.039,30,10.7
2377.7,88,374.7,62.7,101,26,38.5,24,46.4,1320,6.2,12.960,30,8.8
2380.8,87,383.2,62.5,101,28,40.2,24,48.0,1316,6.3,12.960,30,10.1
2383.9,87,389.1,62.4,101,29,32.2,24,38.3,1228,3.4,12.960,30,7.6
2387.0,87,394.9,62.4,101,30,44.7,24,47.4,1245,5.4,13.021,30,9.0
2390.1,87,400.0,62.0,101,31,18.7,24,23.7,1230,1.7,12.947,30,5.2
2393.2,87,393.7,62.3,101,29,15.6,24,18.5,1225,0.6,12.960,30,3.9
2396.3,87,389.5,62.4,101,28,31.1,24,40.3,1176,2.7,12.960,30,6.1
2399.4,87,392.0,62.4,101,29,20.1,24,26.4,1166,2.2,12.960,30,6.1
2402.5,87,385.3,62.5,101,26,19.7,24,23.5,1187,0.4,12.960,30,5.1
2405.6,87,377.0,63.0,101,17,23.9,24,28.3,1136,0.0,13.023,30,5.5
2408.7,87,375.4,62.7,101,10,16.8,24,18.7,1084,0.2,12.917,30,5.0
2411.8,87,369.7,62.7,101,8,15.1,24,18.6,1009,0.4,12.960,30,3.2
2414.9,87,364.0,62.7,101,5,16.4,24,22.1,803,0.4,12.960,30,2.8
2418.0,87,360.8,62.7,101,4,25.3,24,31.1,915,2.0,12.960,30,7.0
2421.1,87,356.0,62.6,101,3,26.5,24,35.1,1062,0.4,12.810,30,5.7
2424.2,87,352.5,62.6,101,0,33.8,24,43.8,856,0.4,12.960,30,5.5
2427.3,87,346.0,62.7,101,0,18.5,24,24.4,947,0.4,12.887,30,3.6
2430.4,87,340.3,62.7,101,0,57.5,24,68.0,336,0.8,12.745,30,8.6
2433.5,87,334.2,62.7,101,0,0.0,9,0.0,0,1.6,12.640,30,26.0
2436.6,87,332.0,62.7,101,0,0.0,9,0.0,0,1.6,12.640,30,6.3
2439.7,87,332.0,62.7,101,0,0.0,9,0.0,0,1.6,12.640,30,6.3
2442.8,87,332.1,62.7,101,0,0.0,9,0.0,0,1.6,12.640,30,6.3
2445.9,87,332.0,62.7,101,0,9,0.1,4,1.6,12.640,30,6.3
2449.0,87,332.3,62.7,101,0,9,0.0,1,1.6,12.640,30,6.3
2452.1,87,332.0,62.7,101,0,9,0.0,0,1.6,12.640,30,6.3
2455.2,87,332.0,62.7,101,0
