BlueDriver Data Log
Dec 15, 2018 6:21:27 PM
Time (s),Accelerator Pedal Position E (%),Mass Air Flow Rate (g/s),Intake Air Temperature (°C),O2 Bank 1 - Sensor 2 - Oxygen Sensor Voltage (V),Absolute Throttle Position B (%),Fuel Level Input (%),Ambient Air Temperature (°C),Calculated Engine Load Value (%),Absolute Throttle Position (%),Engine Coolant Temperature (°C),Catalyst Temperature Bank 1 - Sensor 1 (°C),Absolute Load Value (%),Long Term Fuel Trim Bank 1 (%),Commanded Throttle Actuator (%),Wide Range O2S: Bank 1 - Sensor 1 - Equivalence Ratio (λ),Short Term Fuel Trim Bank 1 (%),Relative Throttle Position (%),Commanded Evaporative Purge (%),Evap. System Vapor Pressure (Pa),Barometric Pressure (kPa),Vehicle Speed (km/h),Wide Range O2S: Bank 1 - Sensor 1 - Voltage (V),Timing Advance for #1 cylinder (°),Commanded Equivalence Ratio (λ),O2 Bank 1 - Sensor 2 - Short Term Fuel Trim (%),Engine RPM (rpm),Accelerator Pedal Position D (%),Control Module Voltage (V)
0.0,,,,,,,,,,,,,,,,,,,,,,,,,,,,
17.2,14.2,11.10,34,0.280,11.9,62.4,18,52.1,11.4,77,12.0,40.8,-0.8,9.9,1.005,-2.7,5.7,0.0,1.5,102,6,2.190,4.4,0.998,99.2,1071,13.8,13.101
34.4,6.1,6.20,27,0.283,8.2,62.1,12,21.9,5.1,79,12.0,25.6,-0.2,6.6,1.013,-1.2,3.3,3.9,0.0,102,48,2.333,12.7,0.999,99.2,1248,5.7,12.960
51.6,15.1,13.99,27,0.293,15.9,62.9,12,68.3,15.2,81,21.5,58.3,-0.0,14.9,1.087,-2.8,12.2,17.9,35.4,101,28,2.619,8.7,1.042,99.2,1412,13.7,12.960
68.8,9.7,7.46,25,0.245,8.5,62.4,10,52.0,10.4,82,149.8,43.2,-0.2,9.9,0.974,0.2,6.2,11.6,32.9,101,53,2.165,31.0,0.989,99.2,1180,7.8,12.880
86.0,4.2,3.88,24,0.673,4.5,62.4,9,25.9,4.3,84,207.6,20.4,-0.6,5.0,1.003,2.6,1.7,3.0,0.0,102,53,2.164,36.0,0.991,99.2,1076,4.3,12.960
103.2,0.6,3.23,24,0.000,3.9,63.1,9,17.3,3.9,84,213.2,14.9,-0.8,4.3,1.999,0.0,0.8,0.0,0.0,102,41,3.785,6.0,0.349,99.2,1206,1.1,12.897
120.4,8.6,5.53,23,0.714,10.2,63.5,8,50.6,9.8,84,249.4,32.7,0.0,6.0,1.038,4.6,2.7,11.7,0.0,101,46,2.379,17.6,1.032,99.2,1268,2.1,12.951
137.6,7.7,6.08,21,0.893,5.7,63.5,6,28.1,4.2,84,282.5,15.2,-0.8,4.3,1.999,0.0,0.8,0.0,0.0,102,47,2.493,36.9,0.906,99.2,1116,7.7,12.953
154.8,0.0,3.53,20,0.605,4.1,63.7,5,17.1,3.9,85,297.1,20.7,-0.8,7.1,1.105,-4.2,4.4,1.9,10.9,102,46,2.210,36.1,0.990,99.2,1212,1.8,12.938
172.0,9.1,7.53,20,0.769,9.6,64.1,5,49.3,9.6,85,301.9,40.0,0.0,9.0,1.022,-3.8,6.2,10.7,0.0,102,45,2.193,27.8,1.000,99.2,1247,9.0,12.810
189.2,10.4,8.82,19,0.751,9.7,63.8,4,48.2,9.8,85,340.6,31.5,0.0,4.8,1.095,6.2,1.3,2.9,2.4,102,52,2.154,34.9,0.997,99.2,1187,10.2,12.986
206.4,5.7,5.77,18,0.702,6.8,63.0,3,36.8,7.6,86,367.8,36.8,0.0,9.3,1.013,-2.2,6.6,11.1,4.4,102,54,2.247,19.5,0.993,99.2,1294,8.6,12.960
223.6,0.0,3.04,18,0.028,3.5,64.7,3,28.3,3.6,86,351.0,18.5,-1.8,3.9,1.312,2.4,0.8,0.0,1.0,102,15,2.856,-10.4,0.293,99.2,925,0.0,12.942
240.8,15.0,14.80,18,0.715,15.9,64.7,3,72.3,14.1,86,365.6,58.0,0.0,13.6,0.996,-1.4,11.2,45.7,14.1,101,38,2.177,11.4,1.002,99.2,1502,15.4,12.905
258.0,0.0,2.93,17,0.000,3.9,64.7,2,16.5,3.9,87,388.6,14.8,-0.8,4.3,1.715,0.0,0.8,0.0,0.7,102,46,2.979,-10.4,0.000,99.2,1225,0.0,12.985
275.2,13.6,11.95,18,0.800,12.0,65.9,2,47.5,10.8,87,353.3,35.9,0.2,9.0,0.981,-5.8,5.0,0.0,44.5,102,11,2.154,5.7,1.007,99.2,967,11.3,12.880
292.4,0.0,3.07,17,0.000,3.6,65.4,2,18.4,3.9,87,361.0,15.0,-0.8,4.3,1.999,0.0,0.8,0.0,0.0,102,25,3.217,-5.4,0.167,99.2,1140,0.2,12.954
309.6,0.0,2.17,18,0.789,3.1,66.3,2,22.6,2.7,87,334.3,18.8,-2.3,3.0,0.980,-7.5,0.9,2.2,5.0,102,0,2.198,2.2,1.008,99.2,602,0.0,12.730
326.8,0.0,1.66,18,0.740,2.4,66.3,2,19.2,2.4,87,332.0,13.3,-2.3,2.7,0.975,6.3,1.2,2.7,19.3,102,0,1.981,3.5,0.999,99.2,712,0.0,12.880
344.0,0.0,1.66,18,0.740,2.4,66.3,2,19.2,2.4,87,332.0,13.3,-2.3,2.7,0.975,6.3,1.2,2.7,19.3,102,0,1.981,3.5,0.999,99.2,712,0.0,12.880
361.2,0.0,1.66,18,0.740,2.4,66.3,2,19.2,2.4,87,332.0,13.3,-2.3,2.7,0.975,6.3,1.2,2.7,19.3,102,0,0.999,99.2,712,0.0,12.880
