BlueDriver Data Log
Jul 1, 2018 6:10:48 PM
Time (s),Engine RPM (rpm),Vehicle Speed (km/h),Timing Advance for #1 cylinder (°),Intake Air Temperature (°C)
0.0,,,,
0.6,,0,10.5,32
1.2,969,0,10.5,32
1.8,962,0,10.2,32
2.4,964,0,9.9,32
3.0,962,0,9.6,32
3.6,962,0,9.6,32
4.2,965,0,10.0,32
4.8,963,0,10.1,32
5.4,962,0,10.5,32
6.0,962,0,9.9,32
6.6,963,0,9.6,32
7.2,962,0,10.0,32
7.8,962,0,9.9,32
8.4,951,0,9.5,30
9.0,937,0,9.7,30
9.6,939,0,10.0,30
10.2,938,0,10.2,30
10.8,951,0,10.5,30
11.4,946,0,10.5,30
12.0,937,0,10.2,30
12.6,945,0,9.5,30
13.2,950,0,10.0,30
13.8,951,0,10.3,30
14.4,950,0,8.6,30
15.0,950,0,8.6,30
15.6,950,0,9.5,30
16.2,950,0,9.2,30
16.8,950,0,9.1,30
17.4,941,0,9.5,30
18.0,925,0,9.7,30
18.6,938,0,10.0,30
19.2,936,0,10.5,30
19.8,926,0,10.5,30
20.4,927,0,9.9,30
21.0,937,0,9.5,30
21.6,937,0,9.5,30
22.2,937,0,9.9,30
22.8,938,0,10.5,30
23.4,937,0,10.3,30
24.0,938,0,9.9,30
24.6,933,0,9.0,30
25.2,925,0,9.2,30
25.8,926,0,9.5,30
26.4,919,0,9.5,30
27.0,912,0,9.5,30
27.6,913,0,9.5,30
28.2,915,0,10.0,30
28.8,925,0,9.8,30
29.4,918,0,9.5,30
30.0,947,0,11.9,30
30.6,1074,0,12.0,30
31.2,947,0,-0.5,30
31.8,769,0,4.1,30
32.4,727,0,7.3,30
33.0,720,0,6.5,30
33.6,712,0,6.8,30
34.2,705,0,7.5,30
34.8,700,0,7.1,30
35.4,716,0,6.5,30
36.0,713,0,6.7,30
36.6,727,0,7.0,30
37.2,725,0,7.0,30
37.8,725,0,7.5,30
38.4,716,0,8.5,30
39.0,712,0,7.7,30
39.6,714,0,6.5,30
40.2,709,0,4.7,30
40.8,701,0,6.2,30
41.4,648,0,14.0,30
42.0,611,0,15.7,30
42.6,651,0,14.4,30
43.2,693,0,4.0,30
43.8,763,0,2.6,30
44.4,723,0,0.5,30
45.0,676,0,2.5,30
45.6,740,0,5.5,30
46.2,736,0,6.6,30
46.8,714,0,8.0,30
47.4,692,0,4.7,30
48.0,638,0,3.9,30
48.6,600,0,7.4,30
49.2,574,0,2.1,30
49.8,738,0,2.2,30
50.4,737,0,5.0,30
51.0,738,0,5.0,30
51.6,751,0,4.6,30
52.2,745,0,2.5,30
52.8,735,0,4.7,30
53.4,725,0,6.4,30
54.0,725,0,7.5,30
54.6,725,0,7.5,30
55.2,715,0,7.7,30
55.8,706,0,8.5,30
56.4,687,0,3.4,30
57.0,638,0,3.1,30
57.6,644,0,11.0,30
58.2,657,0,6.7,30
58.8,689,0,1.5,30
59.4,678,0,1.8,30
60.0,627,0,2.2,30
60.6,653,0,3.5,30
61.2,726,0,3.3,30
61.8,670,0,2.5,29
62.4,611,0,5.2,29
63.0,602,0,8.5,29
63.6,602,0,8.5,29
64.2,614,0,8.5,29
64.8,612,0,9.2,30
65.4,611,0,9.3,30
66.0,589,0,9.1,30
66.6,592,0,11.0,30
67.2,599,0,9.8,30
67.8,588,0,8.5,30
68.4,577,0,8.5,30
69.0,563,0,10.6,30
69.6,642,0,18.5,30
70.2,775,0,18.5,30
70.8,874,0,17.9,30
71.4,906,0,12.0,30
72.0,862,0,12.2,29
72.6,796,0,13.0,29
73.2,745,0,11.5,29
73.8,950,0,11.5,29
74.4,952,0,22.7,29
75.0,1075,0,38.5,29
75.6,1101,4,35.5,29
76.2,1161,4,35.2,29
76.8,1099,4,37.9,29
77.4,1112,6,37.0,29
78.0,1187,7,36.1,29
78.6,1249,10,36.4,29
79.2,1361,12,36.3,29
79.8,1334,12,36.0,29
80.4,1297,14,35.1,29
81.0,1274,15,34.1,29
81.6,1269,16,32.5,29
82.2,1259,17,31.4,29
82.8,1237,19,30.3,29
83.4,1232,20,29.5,29
84.0,1225,21,29.5,29
84.6,1219,22,29.5,29
85.2,1210,24,29.8,29
85.8,1200,24,30.7,29
86.4,1153,24,32.5,29
87.0,1100,24,35.8,29
87.6,1037,25,34.9,29
88.2,1052,26,26.0,29
88.8,1074,24,9.9,29
89.4,1050,24,-10.5,29
90.0,1050,24,20.2,29
90.6,1050,24,32.3,29
91.2,1078,24,25.4,29
91.8,1087,24,38.4,29
92.4,1050,24,37.9,29
93.0,1040,24,36.8,29
93.6,1054,24,35.4,29
94.2,1087,24,36.0,29
94.8,1104,24,37.5,29
95.4,1125,24,38.1,29
96.0,1125,24,38.0,29
96.6,1140,24,36.4,28
97.2,1162,24,36.9,28
97.8,1154,24,37.5,28
98.4,1155,24,37.5,28
99.0,1162,26,37.7,28
99.6,1161,26,38.0,28
100.2,1164,26,37.9,28
100.8,1175,26,37.8,28
101.4,1175,26,37.5,28
102.0,1171,26,37.4,28
102.6,1162,27,37.5,28
103.2,1155,28,37.5,28
103.8,1146,28,38.9,28
104.4,1137,28,39.1,28
105.0,1120,28,40.4,28
105.6,1087,28,32.0,28
106.2,1029,28,13.0,28
106.8,1062,26,13.0,28
107.4,1212,26,12.4,28
108.0,1146,26,9.5,28
108.6,1064,24,7.5,28
109.2,987,24,7.4,28
109.8,1042,24,41.9,28
110.4,1250,24,42.0,28
111.0,1243,24,42.0,28
111.6,1241,24,42.2,28
112.2,1274,24,42.4,28
112.8,1223,24,38.9,28
113.4,1112,24,37.6,28
114.0,1100,24,34.5,28
114.6,1088,24,27.4,28
115.2,1112,23,18.0,28
115.8,1112,22,11.5,28
116.4,1110,22,9.0,28
117.0,1100,21,7.0,28
117.6,1094,20,7.0,28
118.2,1083,19,6.6,28
118.8,1050,17,6.0,28
119.4,1036,14,4.5,28
120.0,862,13,4.6,28
120.6,843,10,9.0,28
121.2,737,9,9.4,28
121.8,679,6,11.5,28
122.4,620,0,1.4,28
123.0,650,0,-3.7,28
123.6,644,0,-1.7,28
124.2,701,0,4.5,28
124.8,1012,1,11.9,28
125.4,1156,2,33.5,28
126.0,1329,6,32.3,28
126.6,1575,7,32.7,28
127.2,1608,10,36.5,28
127.8,1604,12,34.6,28
128.4,1386,13,30.6,28
129.0,1397,16,20.0,28
129.6,1424,17,22.3,28
130.2,1355,20,30.0,28
130.8,1273,21,26.1,28
131.4,1261,23,21.3,28
132.0,1268,24,19.5,27
132.6,1268,26,20.7,27
133.2,1211,26,22.1,27
133.8,1194,28,24.5,27
134.4,1137,28,26.5,27
135.0,1116,28,39.9,27
135.6,1076,28,38.8,27
136.2,825,28,35.7,27
136.8,941,28,29.0,27
137.4,1101,28,32.7,27
138.0,1112,28,37.0,27
138.6,1109,28,19.9,27
139.2,1100,27,2.7,27
139.8,1104,26,-10.5,27
140.4,1112,25,-10.7,27
141.0,1100,24,-11.0,27
141.6,1103,24,20.3,27
142.2,1112,24,29.7,27
142.8,1112,24,17.0,27
143.4,1111,22,13.0,27
144.0,1100,22,8.0,27
144.6,1100,20,7.4,27
145.2,1100,19,6.9,27
145.8,1100,18,6.5,27
146.4,1082,18,6.2,27
147.0,1025,17,5.7,27
147.6,995,16,5.0,27
148.2,951,12,6.3,27
148.8,862,11,8.0,27
149.4,849,8,12.0,27
150.0,800,8,13.5,27
150.6,829,8,27.5,27
151.2,908,8,31.2,27
151.8,1225,8,33.7,27
152.4,1187,8,19.0,27
153.0,1125,8,16.5,27
153.6,995,8,9.0,27
154.2,837,4,4.4,27
154.8,866,4,5.0,27
155.4,1086,4,31.5,27
156.0,1384,5,34.7,27
156.6,1586,7,38.4,27
157.2,1622,10,38.0,27
157.8,1666,11,37.5,27
158.4,1698,13,36.1,27
159.0,1659,14,27.9,27
159.6,1386,15,27.9,27
160.2,1363,18,26.5,27
160.8,1319,20,28.0,27
161.4,1262,21,28.9,27
162.0,1255,22,28.5,27
162.6,1243,24,28.0,27
163.2,1225,25,27.8,27
163.8,1216,26,26.5,27
164.4,1200,26,28.2,27
165.0,1176,26,27.5,27
165.6,1043,28,4.5,27
166.2,676,28,4.8,27
166.8,826,26,12.5,26
167.4,1137,25,11.5,26
168.0,1033,23,9.0,26
168.6,984,22,6.5,26
169.2,965,22,21.4,26
169.8,1287,22,35.6,27
170.4,1292,22,42.5,27
171.0,1302,22,42.5,27
171.6,1375,22,42.4,26
172.2,1382,22,41.5,26
172.8,1330,22,31.4,26
173.4,1187,23,31.2,26
174.0,1192,24,29.5,26
174.6,1200,25,29.6,26
175.2,1194,26,30.0,26
175.8,1187,28,29.8,26
176.4,1179,28,29.5,26
177.0,1175,28,30.5,26
177.6,1169,29,32.1,26
178.2,1112,30,34.5,26
178.8,1112,30,34.5,26
179.4,1075,30,34.5,26
180.0,1076,30,34.7,26
180.6,1087,31,35.1,26
181.2,1092,32,35.5,26
181.8,1100,32,35.8,26
182.4,1087,32,36.5,26
183.0,1098,32,29.4,26
183.6,1162,32,28.0,26
184.2,1150,32,36.9,26
184.8,1125,32,35.4,26
185.4,1158,32,31.0,26
186.0,1186,32,31.0,26
186.6,1175,32,30.7,26
187.2,1178,34,11.0,26
187.8,1187,33,7.2,26
188.4,1167,32,-7.0,26
189.0,1137,32,5.0,26
189.6,1127,32,39.5,26
190.2,1110,32,39.2,26
190.8,1087,32,32.5,26
191.4,1135,32,12.0,26
192.0,1186,31,3.6,26
192.6,1162,30,-11.0,26
193.2,1162,30,-11.0,26
193.8,1162,29,-11.0,26
194.4,1155,28,-11.0,26
195.0,1147,26,-11.0,26
195.6,1137,26,-11.0,26
196.2,1125,26,-11.0,26
196.8,1125,24,-11.0,26
197.4,1123,23,-11.3,26
198.0,1087,21,-11.5,26
198.6,1077,20,-11.5,26
199.2,1062,19,-11.8,26
199.8,1042,18,-12.5,26
200.4,982,14,-12.8,26
201.0,812,13,-11.5,26
201.6,805,12,0.5,26
202.2,775,10,0.5,26
202.8,733,8,0.5,26
203.4,666,6,-0.1,26
204.0,601,4,-1.0,26
204.6,622,2,6.7,26
205.2,925,3,16.1,26
205.8,1215,4,29.0,26
206.4,1558,6,26.2,26
207.0,1899,7,24.3,26
207.6,1924,10,26.0,26
208.2,1962,14,25.8,26
208.8,1762,15,24.6,26
209.4,1587,20,18.5,25
210.0,1462,21,19.8,25
210.6,1349,23,22.0,25
211.2,1279,26,19.5,25
211.8,1243,28,18.5,25
212.4,1225,29,18.6,25
213.0,1200,31,20.3,25
213.6,1165,32,25.0,25
214.2,1100,32,14.2,25
214.8,993,32,-1.3,25
215.4,1094,32,42.0,25
216.0,1378,32,41.6,25
216.6,1436,32,41.0,25
217.2,1416,32,40.9,25
217.8,1337,32,40.6,25
218.4,1268,32,38.0,25
219.0,1160,33,37.8,25
219.6,1137,34,37.5,25
220.2,1122,34,38.1,25
220.8,1075,34,32.5,25
221.4,1129,34,11.0,25
222.0,1186,33,0.8,25
222.6,1175,32,-11.5,25
223.2,1175,32,-11.5,25
223.8,1173,32,-1.0,25
224.4,1150,32,14.5,25
225.0,1149,30,0.8,25
225.6,1125,29,-11.5,25
226.2,1120,28,-11.5,25
226.8,1108,24,-11.5,25
227.4,1075,24,-11.5,25
228.0,1059,22,-11.5,25
228.6,999,16,-12.0,25
229.2,737,14,-11.3,25
229.8,751,10,8.5,25
230.4,800,9,7.5,25
231.0,800,6,4.5,25
231.6,905,6,17.2,25
232.2,1611,7,30.6,25
232.8,1649,10,31.0,25
233.4,1824,11,30.8,25
234.0,1787,14,29.5,25
234.6,1674,15,28.4,25
235.2,1549,16,24.0,25
235.8,1337,18,23.5,25
236.4,1326,20,22.0,25
237.0,1312,21,24.7,25
237.6,1260,22,29.9,25
238.2,1203,24,23.0,25
238.8,1112,24,23.0,25
239.4,1112,24,18.2,25
240.0,1085,24,11.0,25
240.6,1062,22,7.9,25
241.2,1062,22,5.5,25
241.8,1067,22,5.5,25
242.4,1077,20,5.8,25
243.0,1087,20,6.0,25
243.6,1082,20,6.0,25
244.2,1075,20,5.8,25
244.8,1075,20,5.6,25
245.4,1003,18,6.5,25
246.0,887,17,5.7,25
246.6,915,16,4.4,25
247.2,920,14,4.0,25
247.8,912,14,4.0,25
248.4,917,14,4.0,25
249.0,925,13,4.0,25
249.6,1045,12,4.0,25
250.2,1194,11,20.4,25
250.8,1362,10,41.0,25
251.4,1400,12,40.5,25
252.0,1487,12,40.5,25
252.6,1487,12,40.5,25
253.2,1455,14,40.8,25
253.8,1325,15,40.6,25
254.4,1276,16,39.0,25
255.0,1150,16,33.8,25
255.6,1129,16,17.0,25
256.2,1100,16,14.0,25
256.8,995,16,8.8,25
257.4,920,14,5.5,25
258.0,945,14,4.8,25
258.6,1187,14,5.7,25
259.2,1181,14,27.0,25
259.8,1112,14,27.0,25
260.4,1090,14,20.1,25
261.0,1000,13,13.0,25
261.6,995,12,5.5,25
262.2,975,12,14.9,25
262.8,1074,12,39.0,25
263.4,1214,12,39.5,25
264.0,1361,12,40.5,25
264.6,1328,12,32.4,25
265.2,1193,12,22.2,25
265.8,1012,12,13.4,25
266.4,977,12,6.5,25
267.0,900,11,5.5,25
267.6,1076,10,7.1,25
268.2,1228,8,39.0,25
268.8,1310,10,39.7,25
269.4,1350,10,39.4,25
270.0,1285,10,23.0,25
270.6,1168,10,18.4,25
271.2,1000,9,12.2,25
271.8,965,8,5.5,25
272.4,899,7,5.3,25
273.0,862,6,5.4,25
273.6,800,6,6.9,25
274.2,717,4,-1.5,25
274.8,637,3,-1.4,25
275.4,631,2,-1.0,25
276.0,623,1,-1.6,25
276.6,612,0,-1.8,25
277.2,622,0,-1.7,25
277.8,619,0,-3.0,25
278.4,612,0,-3.4,25
279.0,601,0,-4.5,25
279.6,600,0,-2.9,25
280.2,679,0,1.0,25
280.8,796,0,13.5,25
281.4,1075,1,25.7,25
282.0,1148,2,34.0,25
282.6,1271,3,31.0,25
283.2,1187,5,27.9,25
283.8,1183,6,34.5,25
284.4,1175,6,31.6,25
285.0,1159,6,24.8,25
285.6,1029,6,10.0,25
286.2,675,5,9.7,25
286.8,635,2,7.5,25
287.4,566,1,2.0,25
288.0,587,0,2.2,25
288.6,581,0,14.5,25
289.2,612,0,18.6,25
289.8,1250,1,22.4,25
290.4,1157,2,24.5,25
291.0,1023,3,18.4,25
291.6,850,4,9.5,25
292.2,835,4,5.9,25
292.8,737,3,3.1,25
293.4,762,0,1.5,25
294.0,812,0,5.7,25
294.6,907,0,20.5,25
295.2,1075,0,26.5,25
295.8,1164,1,38.6,25
296.4,1241,6,39.9,25
297.0,1300,6,39.8,25
297.6,1287,8,34.0,25
298.2,1262,8,35.4,25
298.8,1244,8,38.5,25
299.4,1221,8,29.2,25
300.0,1087,8,17.4,25
300.6,999,8,6.0,25
301.2,762,7,6.5,25
301.8,786,6,8.5,25
302.4,825,6,7.9,25
303.0,825,5,8.3,25
303.6,865,4,11.5,25
304.2,925,4,9.2,25
304.8,834,4,3.0,25
305.4,716,4,2.8,25
306.0,587,3,2.3,25
306.6,594,0,1.0,25
307.2,612,0,0.8,25
307.8,600,0,-0.5,25
308.4,598,0,1.7,25
309.0,712,0,6.0,25
309.6,712,0,3.6,25
310.2,712,0,0.9,25
310.8,743,0,0.5,25
311.4,768,0,0.1,25
312.0,750,1,0.6,25
312.6,741,2,1.5,25
313.2,734,2,2.5,25
313.8,725,2,2.6,25
314.4,729,2,3.0,25
315.0,735,2,4.1,25
315.6,700,2,5.3,25
316.2,695,2,3.0,25
316.8,687,1,2.4,25
317.4,707,0,1.5,25
318.0,730,2,1.8,25
318.6,762,2,1.8,25
319.2,758,0,0.0,25
319.8,750,0,0.5,25
320.4,738,0,3.0,25
321.0,728,0,4.2,25
321.6,750,0,2.6,25
322.2,657,0,-2.7,25
322.8,586,0,7.0,25
323.4,650,0,6.5,25
324.0,684,0,4.5,25
324.6,737,0,4.0,25
325.2,686,0,2.5,25
325.8,587,0,2.2,25
326.4,576,0,1.0,25
327.0,580,0,8.6,25
327.6,725,0,13.6,25
328.2,725,0,2.5,25
328.8,731,0,2.3,25
329.4,762,0,2.0,25
330.0,762,0,2.6,25
330.6,762,0,3.6,25
331.2,734,0,4.3,25
331.8,725,0,3.0,25
332.4,725,0,3.2,25
333.0,720,0,4.0,25
333.6,712,0,2.6,25
334.2,674,0,-1.0,25
334.8,587,0,2.2,25
335.4,587,0,9.5,25
336.0,586,0,5.0,25
336.6,575,0,-0.1,25
337.2,592,0,6.0,25
337.8,625,0,1.9,25
338.4,617,0,-2.7,25
339.0,609,0,-4.5,25
339.6,600,0,-3.5,25
340.2,600,0,0.0,25
340.8,605,0,6.3,25
341.4,700,0,16.5,25
342.0,717,0,4.3,25
342.6,743,0,1.9,25
343.2,700,0,3.2,25
343.8,684,0,8.0,25
344.4,650,0,6.7,25
345.0,700,0,4.0,25
345.6,730,0,0.3,25
346.2,712,0,0.2,25
346.8,722,0,2.8,25
347.4,721,0,5.0,25
348.0,712,0,5.4,25
348.6,729,0,7.0,25
349.2,762,0,10.4,25
349.8,756,0,17.0,25
350.4,750,0,10.4,25
351.0,750,0,3.8,25
351.6,742,0,0.5,25
352.2,725,0,1.5,25
352.8,718,0,3.5,25
353.4,714,0,0.5,25
354.0,725,0,-2.2,25
354.6,698,0,-3.5,25
355.2,625,0,-2.7,25
355.8,617,0,0.5,25
356.4,600,0,-1.0,25
357.0,609,0,-3.4,25
357.6,596,0,-5.5,25
358.2,576,0,-2.0,25
358.8,600,0,2.3,25
359.4,597,0,0.0,25
360.0,593,0,0.2,25
360.6,750,0,0.5,25
361.2,747,0,0.5,25
361.8,737,0,1.5,25
362.4,726,0,8.5,25
363.0,688,0,8.7,25
363.6,288,0,9.0,25
364.2,250,0,9.0,25
364.8,1,0,9.0,26
365.4,0,0,9.0,26
366.0,0,0,9.0,26
366.6,0,0,9.0,26
367.2,0,0,9.0,26
367.8,0,0,9.0,26
368.4,2,0,9.0,26
369.0,0,0,9.0,26
369.6,0,0,9.0,26
370.2,2,0,9.0,26
370.8,0,0,9.0,26
371.4,3,0,9.0,26
372.0,2,0,9.0,26
372.6,0,26
373.2,0
