BlueDriver Data Log
Jul 17, 2018 8:15:00 AM
Time (s),Barometric Pressure (kPa),Vehicle Speed (MPH),Absolute Load Value (%),Ambient Air Temperature (째C),Intake Air Temperature (째C),Engine Coolant Temperature (째C),Catalyst Temperature Bank 1 - Sensor 1 (째C),Engine RPM (rpm),Fuel Level Input (%)
0.0,,,,,,,,,
1.3,,0,28.2,18,20,30,4.0,800,49.4
2.6,102,0,28.2,18,20,30,4.0,800,49.4
3.9,102,0,28.9,18,20,30,4.0,811,49.4
5.2,102,0,29.9,18,20,31,4.0,801,49.4
6.5,102,0,28.2,18,20,31,4.0,811,49.7
7.8,102,1,27.9,18,20,31,4.0,802,49.8
9.1,102,1,27.7,18,20,31,4.0,789,49.5
10.4,102,0,28.2,18,20,31,4.0,808,49.7
11.7,102,0,28.9,18,20,31,4.0,843,49.8
13.0,102,0,33.5,18,20,32,4.0,980,49.5
14.3,102,2,42.3,18,20,32,4.0,1389,49.4
15.6,102,6,49.8,18,20,32,4.0,1487,49.2
16.9,102,9,47.1,18,20,33,4.0,1428,49.0
18.2,102,12,51.2,18,20,33,4.0,1358,48.9
19.5,102,12,52.9,18,20,33,4.0,1304,48.5
20.8,102,15,37.1,18,20,34,4.0,1332,48.2
22.1,102,16,27.6,18,20,34,4.0,1391,48.2
23.4,102,16,31.7,18,20,34,4.0,887,48.2
24.7,102,16,31.4,18,19,35,4.0,1294,48.2
26.0,102,16,26.3,18,19,35,4.0,1228,48.2
27.3,102,16,27.0,18,19,35,4.0,1212,48.2
28.6,102,16,27.5,18,19,36,4.0,1220,48.2
29.9,102,15,27.5,18,19,36,4.0,1225,48.2
31.2,102,13,28.0,18,19,37,4.0,1209,48.2
32.5,102,9,31.3,18,19,37,4.0,1100,48.4
33.8,102,4,39.9,18,19,37,4.0,939,48.7
35.1,102,2,37.6,18,19,38,4.0,1032,49.0
36.4,102,5,47.9,18,19,38,4.0,1525,49.0
37.7,102,9,57.3,18,19,38,4.0,1902,48.9
39.0,102,12,64.6,18,19,38,4.0,1979,48.6
40.3,102,16,70.9,18,19,39,4.0,1598,48.3
41.6,102,20,73.7,18,19,39,4.4,1624,48.2
42.9,101,22,71.9,18,19,40,16.2,1658,47.9
44.2,101,24,71.7,18,19,40,28.6,1614,47.8
45.5,101,26,70.3,18,19,41,45.1,1601,47.8
46.8,101,27,65.5,18,19,41,56.8,1564,47.6
48.1,101,28,57.6,18,19,42,79.9,1464,47.5
49.4,101,29,46.3,18,19,42,87.6,1270,47.5
50.7,101,30,41.5,18,19,42,97.9,1207,47.5
52.0,101,30,38.7,18,19,43,103.2,1236,47.5
53.3,101,30,23.1,18,19,43,107.0,1375,47.5
54.6,102,30,20.4,18,19,43,113.4,1356,47.6
55.9,102,27,20.4,18,19,44,118.6,1319,48.0
57.2,102,24,20.4,18,19,44,120.0,1314,48.2
58.5,102,21,20.4,18,19,44,121.9,1268,48.4
59.8,102,19,21.1,18,19,45,126.1,1223,49.0
61.1,102,16,21.2,18,19,45,128.0,1200,49.1
62.4,102,14,21.9,18,19,45,129.5,1189,49.4
63.7,102,11,22.5,18,19,45,132.0,1149,49.5
65.0,102,8,23.8,18,19,45,132.0,1088,49.8
66.3,102,5,26.6,18,19,46,132.0,970,49.8
67.6,102,3,29.7,18,19,46,133.2,897,49.8
68.9,102,3,41.8,18,19,46,137.2,1112,49.7
70.2,101,6,47.2,18,19,46,140.5,1901,49.4
71.5,101,10,48.3,18,19,47,145.5,1916,49.4
72.8,101,13,54.8,18,19,47,156.9,1492,49.0
74.1,101,15,62.0,18,19,47,164.1,1325,48.6
75.4,101,17,65.9,18,19,47,167.9,1414,48.6
76.7,101,19,68.0,18,19,48,181.2,1487,48.6
78.0,101,21,67.5,18,19,48,194.4,1472,48.4
79.3,101,24,69.5,18,19,48,204.5,1426,48.2
80.6,100,25,64.0,18,19,49,212.2,1442,48.2
81.9,100,26,62.1,18,19,49,219.9,1430,48.2
83.2,100,27,44.8,18,19,50,227.5,1318,48.2
84.5,99,27,39.2,18,19,50,233.4,1267,48.2
85.8,99,27,38.4,18,19,50,237.6,1228,48.2
87.1,99,27,34.0,18,19,51,244.0,1111,48.2
88.4,100,27,28.0,18,19,51,244.0,1257,48.2
89.7,101,27,23.2,18,19,51,243.7,1226,48.2
91.0,102,25,20.4,18,19,52,239.9,1213,48.5
92.3,102,24,20.4,18,19,52,240.0,1212,48.6
93.6,102,23,21.6,18,19,52,239.6,1252,48.6
94.9,102,22,24.0,18,19,52,240.0,1246,48.6
96.2,102,22,20.4,18,19,52,240.0,1210,48.8
97.5,102,20,21.1,18,19,52,237.7,1168,49.0
98.8,102,19,26.0,18,19,52,236.0,1174,48.8
100.1,102,20,56.0,18,19,53,237.9,1270,48.6
101.4,102,21,65.0,18,19,53,243.7,1380,48.6
102.7,102,23,34.7,18,19,53,249.9,1363,48.6
104.0,102,24,23.1,18,19,53,252.0,1296,48.6
105.3,102,24,21.1,18,19,53,250.0,1221,48.6
106.6,102,23,20.8,18,19,53,244.0,1204,48.6
107.9,102,23,33.3,18,19,53,244.2,1249,48.6
109.2,102,24,54.7,18,19,53,251.9,1330,48.3
110.5,102,26,56.5,18,19,53,255.5,1295,48.2
111.8,102,28,56.2,18,19,53,263.0,1284,48.0
113.1,101,29,54.9,18,19,54,269.3,1294,47.8
114.4,101,30,54.2,18,19,54,275.9,1287,47.8
115.7,101,31,47.0,18,19,54,281.4,1234,47.8
117.0,101,31,40.6,18,19,54,284.9,1127,47.5
118.3,101,32,38.6,18,19,54,288.5,1052,47.5
119.6,101,32,39.2,18,19,54,292.1,1100,47.5
120.9,101,32,37.8,18,19,55,295.9,1145,47.5
122.2,102,33,39.6,18,19,55,296.0,1194,47.5
123.5,101,34,44.2,18,19,55,303.2,1251,47.5
124.8,100,34,44.9,18,19,55,307.5,1293,47.2
126.1,100,35,36.9,18,19,55,308.0,1178,47.1
127.4,100,35,33.0,18,19,56,311.0,1093,47.3
128.7,100,35,35.6,18,19,56,312.0,1082,47.5
130.0,99,35,43.1,18,19,56,314.5,1117,47.5
131.3,99,35,46.7,18,19,56,318.1,1164,47.5
132.6,99,35,46.4,18,19,56,321.7,1206,47.4
133.9,99,35,49.8,18,19,56,325.4,1262,47.1
135.2,99,36,49.9,18,19,57,330.7,1300,47.1
136.5,99,36,43.2,18,19,57,336.0,1290,47.1
137.8,100,36,35.1,18,19,57,335.8,1149,47.1
139.1,100,36,29.1,18,19,57,339.3,1116,47.1
140.4,100,35,29.8,18,19,58,340.0,1086,47.3
141.7,100,35,25.2,18,19,58,340.0,1109,47.5
143.0,101,34,25.0,18,19,58,340.0,1109,47.5
144.3,101,34,21.6,18,19,58,338.3,1103,47.6
145.6,102,29,19.9,18,19,58,334.7,1210,47.8
146.9,102,24,19.6,18,19,58,332.0,1194,47.8
148.2,102,21,20.1,18,19,58,330.9,1156,48.2
149.5,102,17,20.9,18,19,58,326.6,1113,48.2
150.8,102,14,21.7,18,19,58,322.8,1065,48.2
152.1,102,11,22.7,18,19,59,319.4,1006,48.6
153.4,102,9,23.8,18,19,59,315.8,712,48.9
154.7,102,6,24.3,18,19,59,312.2,990,49.0
156.0,102,4,26.1,18,19,59,312.0,925,49.3
157.3,102,2,30.9,18,19,59,309.2,782,49.4
158.6,102,0,32.2,18,19,59,308.0,693,49.4
159.9,102,0,31.9,18,19,59,305.0,675,49.4
161.2,102,0,30.5,18,19,59,301.2,675,49.4
162.5,102,0,30.9,18,19,59,297.5,743,49.4
163.8,102,0,43.1,18,19,59,296.0,1188,49.2
165.1,102,5,48.3,18,19,59,298.0,1652,48.9
166.4,102,10,57.5,18,19,59,302.0,1644,48.5
167.7,102,14,60.6,18,19,59,307.3,1531,48.2
169.0,102,17,64.2,18,19,59,313.0,1432,48.2
170.3,102,19,65.1,18,19,59,316.7,1462,47.8
171.6,102,21,64.0,18,19,59,320.6,1462,47.8
172.9,102,22,62.8,18,19,60,327.7,1366,47.8
174.2,102,23,59.7,18,19,60,331.0,1352,47.7
175.5,101,25,60.2,18,19,60,336.9,1320,47.5
176.8,100,26,54.9,18,19,61,341.9,1260,47.5
178.1,100,27,41.8,18,19,61,345.7,1194,47.5
179.4,99,27,38.1,18,19,61,348.0,1112,47.5
180.7,99,27,38.3,18,19,61,349.7,1125,47.5
182.0,99,27,41.2,18,19,62,352.0,1154,47.5
183.3,99,27,43.8,18,19,62,353.5,1184,47.5
184.6,99,28,44.2,18,19,62,357.0,1230,47.5
185.9,99,29,41.0,18,19,62,360.7,1193,47.5
187.2,99,29,37.1,18,19,62,364.0,1138,47.5
188.5,99,29,37.7,18,19,62,364.2,1162,47.5
189.8,99,29,41.3,18,19,62,367.9,1207,47.5
191.1,99,30,40.8,18,19,63,371.9,1212,47.5
192.4,100,30,34.9,18,19,63,375.9,1190,47.2
193.7,101,29,18.8,18,19,63,376.0,1216,47.4
195.0,101,28,18.8,18,19,63,370.1,1225,47.5
196.3,102,27,18.8,18,19,63,365.3,1225,47.6
197.6,102,25,18.8,18,19,63,362.1,1220,47.9
198.9,102,23,19.4,18,19,63,358.6,1207,48.2
200.2,102,21,19.6,18,19,63,354.6,1180,48.3
201.5,102,19,19.6,18,19,63,350.9,1155,48.6
202.8,102,17,20.1,18,19,63,347.2,1122,48.6
204.1,102,15,20.8,18,19,63,343.6,1099,49.0
205.4,102,13,21.2,18,19,63,339.9,1075,49.0
206.7,102,12,20.7,18,19,63,336.5,1034,49.3
208.0,102,11,18.8,18,19,63,336.0,1195,49.4
209.3,102,10,19.0,18,19,63,332.5,1167,49.4
210.6,102,8,20.6,18,19,63,332.0,1110,49.4
211.9,102,7,23.9,18,19,63,332.0,947,49.6
213.2,102,5,26.1,18,19,63,329.1,860,49.8
214.5,102,3,28.1,18,19,63,324.9,732,49.8
215.8,102,0,32.9,18,19,63,321.3,682,50.0
217.1,102,0,32.9,18,19,63,320.0,681,50.1
218.4,102,0,31.5,18,19,63,317.8,670,49.8
219.7,101,0,30.7,18,19,63,314.2,659,49.8
221.0,101,0,29.4,18,19,63,310.4,653,49.8
222.3,101,0,28.4,18,19,63,306.4,659,49.8
223.6,101,0,28.2,18,19,63,304.0,650,49.8
224.9,101,0,27.8,18,19,64,302.9,648,49.4
226.2,101,0,27.0,18,19,64,298.8,637,49.4
227.5,101,0,26.2,18,19,64,296.0,637,49.4
228.8,101,0,25.9,18,19,64,295.2,637,49.4
230.1,101,0,25.5,18,19,65,292.0,637,49.4
231.4,101,0,24.7,18,19,65,291.9,637,49.0
232.7,101,0,24.3,18,19,65,288.0,613,49.0
234.0,101,0,24.1,18,19,65,287.9,612,48.9
235.3,101,0,23.5,18,19,65,282.6,612,48.6
236.6,81,0,23.5,18,19,65,283.5,611,48.6
237.9,101,0,23.0,18,19,65,280.0,601,48.6
239.2,101,0,23.2,18,19,65,279.0,611,48.6
240.5,101,0,29.4,18,19,65,276.0,677,48.6
241.8,102,2,40.8,18,19,65,276.9,1460,48.2
243.1,101,6,49.1,18,19,65,280.4,1725,47.9
244.4,100,11,52.7,18,19,65,284.4,1571,47.8
245.7,100,14,56.5,18,19,65,288.4,1448,47.5
247.0,100,16,58.2,18,19,65,292.1,1375,47.1
248.3,100,18,55.9,18,19,65,296.4,1285,47.1
249.6,100,19,53.8,18,19,66,300.5,1237,47.1
250.9,99,21,47.6,18,19,66,304.0,1222,46.7
252.2,99,21,35.6,18,19,66,304.0,1137,46.7
253.5,100,21,26.0,18,19,67,303.8,1127,46.7
254.8,101,19,19.0,18,19,67,304.0,1114,47.0
256.1,102,17,19.6,18,19,67,300.7,1093,47.1
257.4,102,16,19.6,18,19,67,297.2,1072,47.3
258.7,102,12,20.4,18,19,67,293.6,1040,47.6
260.0,102,10,21.1,18,19,67,289.9,929,47.8
261.3,102,8,21.2,18,19,67,288.0,852,47.8
262.6,102,6,22.4,18,19,67,288.0,949,47.9
263.9,102,4,24.5,18,19,67,286.7,847,48.2
265.2,102,3,28.5,18,19,67,284.0,781,48.2
266.5,102,2,31.0,18,19,67,283.5,673,48.2
267.8,102,0,30.9,18,19,67,279.2,626,48.2
269.1,102,0,31.1,18,19,67,276.0,652,48.2
270.4,102,0,30.5,18,19,67,275.3,751,47.8
271.7,101,0,29.1,18,19,68,272.0,661,47.8
273.0,101,0,28.2,18,19,68,271.9,637,47.8
274.3,101,0,28.1,18,19,68,267.9,648,47.8
275.6,101,0,27.3,18,19,68,268.0,633,47.8
276.9,101,0,25.9,18,19,68,265.0,617,47.8
278.2,101,0,25.9,18,19,68,261.1,620,47.8
279.5,101,0,25.1,18,19,68,260.0,625,47.7
280.8,101,0,25.1,18,19,68,257.9,619,47.5
282.1,101,0,24.4,18,19,68,256.0,618,47.5
283.4,101,0,24.3,18,19,68,256.0,625,47.5
284.7,101,0,24.3,18,19,68,254.1,625,47.5
286.0,101,0,23.7,18,19,68,252.0,625,47.5
287.3,101,0,23.5,18,19,69,250.6,622,47.5
288.6,101,0,23.5,18,19,69,246.7,612,47.5
289.9,101,0,23.5,18,19,69,244.0,614,47.5
291.2,101,0,23.5,18,19,69,243.3,624,47.5
292.5,101,0,23.5,18,20,69,240.0,612,47.1
293.8,101,0,23.1,18,20,69,240.0,612,47.1
295.1,101,0,22.7,18,20,69,239.6,625,47.1
296.4,101,0,23.8,18,20,69,236.0,612,47.1
297.7,101,0,28.2,18,20,69,236.0,969,46.8
299.0,100,2,34.9,18,20,69,236.0,1228,46.7
300.3,99,4,37.0,18,20,69,236.0,1586,46.4
301.6,99,7,42.1,18,20,69,243.1,1511,46.3
302.9,99,9,48.0,18,20,69,244.0,1402,46.1
304.2,99,12,51.0,18,20,69,248.4,1362,45.8
305.5,99,12,55.9,18,20,69,254.1,1372,45.5
306.8,99,17,56.5,18,20,69,258.1,1392,45.4
308.1,99,20,55.8,18,19,69,263.9,1371,45.1
309.4,100,21,39.1,18,20,70,268.0,1258,45.1
310.7,101,21,23.3,18,19,70,268.0,1162,45.1
312.0,102,20,18.0,18,19,70,268.0,1143,45.2
313.3,101,19,22.9,18,19,70,268.0,1093,45.5
314.6,100,19,21.4,18,20,70,268.0,1107,45.5
315.9,101,19,17.6,18,20,70,266.8,1183,45.5
317.2,102,17,20.0,18,19,71,264.0,1163,45.5
318.5,102,16,32.4,18,20,71,264.4,1175,45.5
319.8,101,17,44.3,18,20,71,268.2,1272,45.5
321.1,101,19,46.2,18,19,71,272.4,1311,45.5
322.4,101,21,48.2,18,19,71,276.0,1301,45.5
323.7,102,23,48.3,18,19,71,280.1,1288,45.5
325.0,101,25,44.1,18,19,71,283.8,1231,45.5
326.3,101,26,35.0,18,19,71,286.8,1142,45.5
327.6,102,26,18.6,18,19,71,288.0,1146,45.5
328.9,102,26,16.5,18,19,71,285.5,1200,45.7
330.2,101,26,17.3,18,19,71,284.0,1152,45.9
331.5,101,26,20.3,18,19,72,284.0,1077,45.9
332.8,102,26,22.9,18,19,72,285.7,1058,45.8
334.1,102,26,24.1,18,19,72,288.0,1082,45.5
335.4,102,26,24.7,18,19,72,288.0,1136,45.1
336.7,102,26,25.1,18,19,72,288.0,1112,44.7
338.0,102,26,26.1,18,19,72,288.0,1112,44.7
339.3,102,26,29.4,18,19,72,288.2,1124,44.3
340.6,102,26,33.2,18,19,72,292.0,1173,44.3
341.9,102,26,33.4,18,19,72,292.1,1163,43.9
343.2,102,26,33.2,18,19,72,296.1,1174,43.9
344.5,102,27,34.6,18,19,72,299.9,1186,43.9
345.8,101,27,37.1,18,19,72,300.0,1207,44.2
347.1,100,28,38.2,18,19,72,302.8,1212,44.3
348.4,99,29,40.8,18,19,72,306.2,1195,44.3
349.7,99,29,29.6,18,19,73,308.0,1123,44.4
351.0,100,29,31.1,18,19,73,310.3,1074,44.7
352.3,100,29,32.1,18,19,73,312.0,1133,44.7
353.6,100,29,19.2,18,19,73,312.0,1198,44.8
354.9,101,29,16.5,18,19,73,312.0,1218,45.1
356.2,102,27,16.5,18,19,73,310.1,1225,45.2
357.5,102,26,16.5,18,19,73,306.4,1225,45.5
358.8,102,25,18.2,18,19,74,304.0,1205,45.5
360.1,101,25,25.0,18,19,74,304.0,1147,45.5
361.4,101,25,23.0,18,19,74,304.0,1127,45.5
362.7,101,25,24.8,18,19,74,304.0,1103,45.5
364.0,100,25,27.5,18,19,74,304.0,1107,45.5
365.3,100,25,22.3,18,19,74,304.0,1078,45.5
366.6,101,24,16.5,18,19,74,304.0,1225,45.9
367.9,102,23,16.5,18,19,74,303.9,1212,45.9
369.2,102,22,16.5,18,19,74,299.9,1191,46.2
370.5,102,21,16.5,18,19,74,296.1,1187,46.6
371.8,102,19,16.7,18,19,74,296.0,1167,46.4
373.1,102,18,17.4,18,19,74,292.5,1122,46.6
374.4,102,14,18.1,18,19,74,288.5,1075,46.7
375.7,102,11,18.9,18,19,74,288.0,1037,46.9
377.0,102,8,19.5,18,19,74,284.8,1127,47.1
378.3,102,7,18.9,18,19,74,284.0,1016,47.3
379.6,102,5,22.7,18,19,74,281.6,851,47.5
380.9,102,5,22.7,18,19,74,280.0,842,47.5
382.2,102,4,24.0,18,19,74,278.8,802,47.6
383.5,102,2,27.6,18,19,73,275.3,650,47.8
384.8,102,1,28.8,18,19,73,272.0,654,47.8
386.1,102,0,25.5,18,19,73,272.0,737,47.8
387.4,102,0,20.2,18,19,73,271.9,880,47.8
388.7,102,0,31.6,18,19,73,267.9,413,47.8
390.0,102,0,62.4,16,19,73,268.0,74,47.8
391.3,102,0,0.0,3,20,73,264.8,0,47.8
392.6,102,0,0.0,3,20,73,264.0,0,47.8
393.9,102,0,0.0,3,20,73,264.0,0,47.8
395.2,102,0,0.0,3,20,73,263.7,2,47.8
396.5,102,0,0.1,3,20,73,264.0,0,47.8
397.8,102,0,0.0,3,20,73,263.3,3,47.8
399.1,102,0,3,20,73,264.0,0,47.8
400.4,102,0,47.8
