BlueDriver Data Log
Dec 10, 2018 7:01:44 AM
Time (s),Accelerator Pedal Position E (%),Mass Air Flow Rate (g/s),Intake Air Temperature (°C),O2 Bank 1 - Sensor 2 - Oxygen Sensor Voltage (V),Absolute Throttle Position B (%),Fuel Level Input (%),Ambient Air Temperature (°C),Calculated Engine Load Value (%),Absolute Throttle Position (%),Engine Coolant Temperature (°C),Catalyst Temperature Bank 1 - Sensor 1 (°C),Absolute Load Value (%),Long Term Fuel Trim Bank 1 (%),Commanded Throttle Actuator (%),Wide Range O2S: Bank 1 - Sensor 1 - Equivalence Ratio (λ),Short Term Fuel Trim Bank 1 (%),Relative Throttle Position (%),Commanded Evaporative Purge (%),Evap. System Vapor Pressure (Pa),Barometric Pressure (kPa),Vehicle Speed (km/h),Wide Range O2S: Bank 1 - Sensor 1 - Voltage (V),Timing Advance for #1 cylinder (°),Commanded Equivalence Ratio (λ),O2 Bank 1 - Sensor 2 - Short Term Fuel Trim (%),Engine RPM (rpm),Accelerator Pedal Position D (%),Control Module Voltage (V)
0.0,,,,,,,,,,,,,,,,,,,,,,,,,,,,
17.2,0.0,4.66,9,0.280,5.5,100.0,8,25.8,5.5,25,0.0,22.3,0.0,5.5,0.999,0.8,0.4,0.0,0.0,102,0,2.200,13.5,0.999,99.2,1243,0.0,14.551
34.4,0.0,4.68,9,0.280,5.1,100.0,8,26.9,5.6,28,0.0,23.1,0.0,5.9,1.006,0.1,0.4,0.0,0.0,102,0,2.190,13.4,0.999,99.2,1128,0.0,14.376
51.6,0.0,3.80,9,0.280,4.7,100.0,8,35.3,4.7,31,0.0,27.5,-5.5,4.7,1.006,6.2,0.4,0.0,0.0,102,0,2.196,10.8,0.999,99.2,825,0.0,13.551
68.8,0.0,3.67,9,0.307,4.7,100.0,8,41.0,5.4,33,0.0,31.6,-5.5,5.3,0.997,3.7,0.4,0.0,0.0,102,1,2.172,9.4,0.999,99.2,833,0.0,13.680
86.0,0.0,4.28,10,0.285,5.1,100.0,8,40.4,5.1,34,0.0,29.1,-5.5,5.0,1.006,5.2,0.4,0.0,1.1,102,1,2.211,8.8,0.999,99.2,848,0.0,13.579
103.2,0.0,5.01,9,0.300,5.7,100.0,8,33.1,6.1,36,0.0,33.6,-5.3,6.2,0.978,-3.8,0.4,0.0,3.3,102,3,2.185,6.5,0.999,99.2,995,0.0,13.677
120.4,19.2,22.94,9,0.299,23.3,100.0,8,81.2,23.4,39,3.5,74.5,1.6,26.3,0.997,-0.3,21.3,0.0,0.0,102,37,2.155,13.1,0.997,99.2,2161,19.8,13.760
137.6,11.1,12.20,9,0.685,12.3,100.0,8,66.6,12.8,43,150.7,59.5,0.0,13.1,1.000,-0.9,7.5,96.2,0.0,100,60,2.190,16.0,1.010,99.2,1427,11.6,13.740
154.8,11.7,12.57,9,0.607,12.8,100.0,8,69.3,13.3,48,249.9,60.8,0.1,14.4,1.007,-5.9,9.7,95.7,29.8,100,61,2.202,14.5,0.992,99.2,1537,7.0,13.790
172.0,11.3,12.80,9,0.362,11.8,100.0,8,61.9,12.6,51,314.9,58.2,0.0,13.1,0.967,0.3,6.0,22.5,11.3,101,62,2.181,13.4,0.992,99.2,1402,11.3,13.596
189.2,7.2,7.09,9,0.771,7.3,100.0,8,48.8,9.4,52,293.7,41.4,0.0,8.7,1.552,-5.2,3.1,0.1,0.0,102,40,3.426,-1.9,1.101,99.2,1290,3.2,13.608
206.4,13.3,14.48,8,0.806,12.4,100.0,8,65.1,13.0,52,356.2,60.8,0.5,14.6,1.004,1.5,10.3,95.2,1.2,101,54,2.157,10.1,0.995,99.2,1547,14.5,13.061
223.6,0.0,4.41,9,0.000,5.1,100.0,8,23.4,5.1,55,369.1,20.6,0.0,5.1,1.999,0.0,0.4,0.0,0.0,102,44,3.489,-5.2,0.000,99.2,1250,0.0,13.109
240.8,24.8,27.16,8,0.722,32.2,100.0,8,90.4,32.0,55,383.1,80.2,1.6,32.0,0.999,-1.0,27.8,0.0,112.4,102,43,2.154,8.0,1.010,99.2,2109,25.3,13.094
258.0,20.4,23.05,8,0.727,24.1,100.0,8,81.1,23.8,59,499.7,72.5,1.6,24.1,1.002,-0.9,20.1,91.8,0.0,101,74,2.190,8.6,1.000,99.2,2012,21.3,13.015
275.2,22.0,25.00,8,0.712,28.4,100.0,8,84.0,28.9,64,552.5,70.7,1.6,18.0,0.989,-0.9,14.9,93.2,20.9,100,82,2.197,15.7,0.999,99.2,1993,20.8,12.960
292.4,22.9,27.00,7,0.748,30.2,100.0,7,84.6,30.3,69,588.6,73.8,1.6,29.4,0.995,0.7,25.1,89.8,2.1,101,84,2.193,12.7,1.000,99.2,2211,23.1,13.040
309.6,21.2,24.63,7,0.731,13.1,100.0,7,66.7,16.9,72,608.0,62.7,-1.4,18.7,1.000,2.8,15.7,92.6,13.5,100,94,2.180,12.5,0.998,99.2,2081,20.8,13.006
326.8,13.9,13.61,7,0.702,11.1,81.3,-13,50.3,15.9,75,602.4,59.5,-0.3,14.5,1.001,0.9,17.9,78.8,22.9,101,85,2.189,13.2,1.001,99.2,1852,18.7,13.072
344.0,16.0,16.61,7,0.710,18.3,100.0,7,80.7,25.5,76,600.0,74.1,-0.1,24.3,0.996,-0.4,19.3,81.3,19.9,101,87,2.177,11.4,0.998,99.2,1852,18.0,13.120
361.2,3.3,3.64,7,0.017,6.2,100.0,7,19.9,8.3,77,584.7,19.1,-3.7,5.6,1.000,4.9,1.7,17.4,0.0,101,101,2.922,-2.8,0.468,99.2,1886,0.0,13.040
378.4,22.7,30.83,7,0.717,28.6,100.0,7,86.1,28.5,77,573.5,75.8,0.0,28.4,1.001,-0.1,23.7,87.5,3.6,101,109,2.179,12.5,1.009,99.2,2442,22.7,13.040
395.6,20.0,24.73,6,0.721,24.2,100.0,6,80.4,24.1,78,584.0,70.7,0.0,24.3,0.999,0.4,19.9,90.2,3.1,101,109,2.188,14.8,0.996,99.2,2164,20.0,13.040
412.8,20.3,25.48,6,0.713,25.2,100.0,6,81.0,25.1,81,588.0,72.0,0.0,24.9,1.002,0.0,20.5,86.1,0.0,107,110,2.199,14.5,0.994,99.2,2220,20.4,12.910
430.0,17.1,20.38,6,0.713,19.6,100.0,6,68.5,20.7,82,584.0,69.6,0.0,23.7,0.996,-0.9,19.9,31.1,0.0,101,104,2.193,13.8,1.002,99.2,2028,18.7,13.044
447.2,23.4,29.35,6,0.700,29.7,100.0,6,85.8,29.2,84,598.3,74.0,0.0,26.5,1.001,-0.8,22.7,88.7,5.9,101,110,2.179,12.4,1.005,99.2,2394,23.3,13.040
464.4,20.4,24.62,6,0.696,25.7,100.0,6,81.9,25.8,86,596.0,71.9,0.0,25.5,1.000,0.7,21.4,89.7,0.6,101,110,2.186,13.4,0.999,99.2,2172,20.6,13.040
481.6,19.3,23.75,6,0.694,23.3,100.0,6,78.4,23.6,86,596.0,70.2,0.0,23.8,1.002,-0.8,19.9,90.2,3.2,100,108,2.174,13.3,0.996,99.2,2129,20.0,13.040
498.8,22.2,27.38,6,0.704,27.3,100.0,6,83.3,27.2,86,597.9,73.6,0.0,26.8,0.997,-0.5,22.4,89.0,0.2,100,108,2.192,13.2,1.006,99.2,2334,22.6,13.033
516.0,22.5,27.82,6,0.713,29.7,100.0,6,85.0,29.2,87,612.0,75.6,0.0,30.2,0.999,-1.6,23.7,87.7,16.8,100,108,2.196,13.4,0.993,99.2,2285,22.0,12.881
533.2,23.9,29.98,6,0.720,28.8,100.0,6,82.2,27.7,87,616.0,73.9,0.0,29.1,1.000,1.3,24.9,79.3,0.0,100,108,2.144,11.1,1.007,99.2,2434,24.1,12.975
550.4,25.9,31.99,7,0.714,33.9,100.0,6,84.3,32.4,87,621.3,75.5,0.0,33.6,0.995,-0.1,29.2,86.9,0.4,100,108,2.190,13.0,1.000,99.2,2585,25.8,13.040
567.6,1.9,4.86,7,0.349,4.4,100.0,6,12.7,4.7,87,606.7,17.1,-3.9,8.7,1.026,-3.9,6.0,58.8,79.0,100,104,2.230,26.9,0.997,99.2,1957,8.2,13.040
584.8,19.5,21.59,7,0.700,24.0,100.0,6,80.6,24.8,86,572.5,69.9,-0.3,18.4,1.003,0.8,15.6,85.1,16.4,100,98,2.170,17.8,0.994,99.2,1942,18.7,13.040
602.0,21.1,25.47,7,0.745,26.7,100.0,6,85.5,23.2,86,594.6,37.8,-1.2,15.7,0.945,-1.4,16.4,92.9,5.3,100,92,2.194,9.8,0.995,99.2,2165,22.9,13.040
619.2,16.2,16.91,7,0.815,17.7,100.0,6,72.9,20.3,87,588.0,65.0,-1.0,14.9,1.047,-1.1,16.6,48.5,57.2,100,95,2.227,4.1,0.999,99.2,1770,13.4,13.029
636.4,6.9,7.79,7,0.700,12.0,100.0,6,47.9,16.8,87,579.8,37.6,-1.6,10.1,0.997,-1.7,7.0,91.3,28.6,99,96,2.235,21.9,1.004,99.2,1825,7.6,13.040
653.6,12.9,14.84,7,0.413,5.9,100.0,6,53.0,16.0,87,576.3,52.2,-0.8,15.3,1.020,-2.3,11.7,42.0,7.7,99,95,2.208,16.0,1.000,99.2,1985,12.9,12.964
670.8,14.1,17.26,7,0.702,20.3,100.0,6,75.5,22.3,87,584.0,68.7,0.0,23.6,0.999,-1.0,21.0,0.0,0.0,100,100,2.199,12.8,0.999,99.2,2156,16.3,13.040
688.0,17.6,19.77,7,0.874,21.9,100.0,6,78.3,20.2,87,569.4,50.5,-1.6,16.0,1.159,-0.8,10.5,41.7,0.8,100,97,2.152,21.9,0.907,99.2,1849,16.5,13.040
705.2,19.9,21.59,7,0.806,22.1,100.0,6,84.0,12.0,87,584.0,44.9,-2.0,18.5,0.983,-0.8,16.1,66.9,5.0,100,97,2.160,18.3,1.002,99.2,1943,11.3,13.040
722.4,16.7,17.95,7,0.474,22.0,100.0,6,79.6,22.4,87,572.0,66.2,-1.2,15.0,1.024,0.0,11.7,93.4,40.8,99,94,2.234,38.7,1.010,99.2,1787,16.0,13.040
739.6,20.5,22.80,7,0.733,25.6,100.0,6,83.1,24.8,87,569.0,69.8,0.0,24.2,0.998,0.0,21.0,87.9,0.0,100,94,2.149,11.3,1.002,99.2,2035,20.6,13.040
756.8,12.7,12.72,7,0.715,13.7,100.0,6,61.0,14.9,87,582.8,56.4,-1.6,15.8,0.996,0.0,13.2,93.8,1.3,99,96,2.192,20.1,0.994,99.2,1783,6.9,13.040
774.0,14.8,16.12,7,0.779,16.7,100.0,6,46.9,22.7,87,568.0,73.5,-0.1,25.3,1.002,-0.8,21.1,90.1,0.0,100,97,2.173,14.4,0.994,99.2,2000,17.4,13.040
791.2,18.4,20.35,7,0.712,21.5,100.0,6,77.3,23.7,87,591.4,69.0,0.0,22.2,1.014,-0.8,19.2,31.4,0.0,100,101,2.190,14.3,1.000,99.2,2278,22.2,13.040
808.4,22.5,28.60,7,0.695,28.6,100.0,6,85.8,28.3,87,604.0,74.5,0.0,29.0,1.006,-0.7,24.4,87.8,4.8,99,109,2.194,13.1,0.998,99.2,2496,23.1,13.040
825.6,0.8,6.02,7,0.704,6.2,100.0,6,21.4,9.8,87,606.5,33.3,-2.5,15.4,1.583,-0.4,13.4,43.9,0.0,99,114,2.567,18.6,0.966,99.2,2483,19.6,13.040
842.8,15.5,18.55,7,0.688,17.4,100.0,6,66.9,16.9,87,585.2,55.5,-1.6,16.0,0.994,2.0,10.6,57.3,0.0,98,103,2.178,13.5,0.734,99.2,1951,13.0,13.050
860.0,9.4,8.15,7,0.432,11.7,100.0,6,55.7,15.7,87,558.3,54.8,-1.6,15.4,1.006,-2.2,11.3,94.4,5.6,98,94,2.200,23.1,0.992,99.2,1796,0.5,12.974
877.2,21.5,25.59,7,0.598,27.1,100.0,6,85.8,27.4,87,550.5,73.7,0.0,26.3,1.001,1.7,21.5,87.5,0.5,99,94,2.179,12.3,1.000,99.2,2189,21.5,13.015
894.4,19.1,21.47,7,0.751,22.7,100.0,6,80.7,22.2,87,564.6,65.4,0.0,20.0,0.998,0.8,16.1,92.9,0.4,99,94,2.192,19.3,0.997,99.2,1904,19.5,13.092
911.6,16.2,18.01,7,0.715,21.9,100.0,6,82.4,25.5,87,584.0,71.3,0.0,25.1,1.000,0.8,19.3,91.0,1.7,99,96,2.177,14.3,1.002,99.2,2058,17.7,13.094
928.8,21.4,25.38,7,0.676,26.9,100.0,6,83.0,22.7,87,596.2,68.3,0.0,25.2,0.986,-0.8,22.0,74.8,0.0,99,94,2.196,11.2,1.001,99.2,2133,21.6,13.081
946.0,12.8,13.55,8,0.553,6.4,100.0,6,18.8,4.5,87,600.2,15.6,-3.4,8.3,0.968,-1.1,7.4,31.5,5.8,99,98,2.124,21.8,0.988,99.2,2054,11.8,12.971
963.2,19.7,21.86,8,0.678,25.2,100.0,6,85.3,25.9,87,576.0,71.8,-0.2,24.2,0.998,0.2,19.5,90.9,11.6,99,94,2.202,18.2,0.997,99.2,1948,18.0,13.040
980.4,18.8,19.76,8,0.707,23.9,100.0,6,83.0,23.8,87,580.7,31.3,-1.6,12.8,0.942,-0.5,14.5,93.8,0.0,98,94,2.215,13.6,0.996,99.2,1792,17.9,12.984
997.6,10.9,10.13,8,0.768,9.1,100.0,6,35.3,5.0,87,571.0,17.5,-2.3,5.4,1.046,-3.3,2.4,47.6,29.1,98,97,2.130,37.5,1.011,99.2,1796,11.1,13.057
1014.8,21.0,24.25,8,0.685,26.5,100.0,6,75.6,21.6,87,570.9,47.8,-1.1,19.9,0.978,-3.2,18.1,92.0,8.2,99,96,2.228,12.5,0.991,99.2,1992,20.1,13.040
1032.0,18.7,19.24,7,0.715,25.4,100.0,6,83.6,24.3,87,574.8,71.0,0.0,24.7,0.990,0.4,20.8,78.6,16.0,99,94,2.193,13.9,1.004,99.2,1910,19.0,13.106
1049.2,22.7,27.46,7,0.705,29.0,100.0,6,86.7,29.5,87,589.8,74.3,0.0,29.3,0.993,-0.5,24.7,0.0,0.0,99,94,2.181,12.3,1.004,99.2,2356,23.2,13.120
1066.4,23.8,28.11,8,0.705,29.9,100.0,6,86.5,30.0,87,609.9,73.6,0.0,29.8,1.000,0.3,25.2,88.2,6.5,98,96,2.176,12.9,1.001,99.2,2363,23.9,13.120
1083.6,25.2,29.11,8,0.703,32.2,100.0,6,87.7,32.0,87,629.3,74.1,0.0,32.1,0.998,-0.1,27.5,87.8,3.9,98,96,2.188,12.0,1.001,99.2,2416,25.9,13.022
1100.8,26.8,29.13,8,0.708,34.3,100.0,6,88.4,33.6,87,637.4,74.6,0.0,31.8,1.005,-0.4,27.5,81.6,0.0,98,96,2.186,12.4,1.004,99.2,2437,27.1,13.120
1118.0,0.0,4.05,9,0.071,4.9,100.0,6,14.2,5.2,87,607.0,12.6,-3.9,5.2,1.784,0.9,0.9,0.2,0.0,98,102,3.560,-11.5,0.103,99.2,1898,2.2,13.120
1135.2,0.0,4.02,9,0.000,4.7,100.0,6,12.1,4.7,86,533.7,10.4,-3.9,4.7,1.999,0.0,0.4,0.0,0.0,99,108,3.630,-11.1,0.000,99.2,2124,0.0,13.120
1152.4,0.0,4.43,9,0.000,5.1,100.0,6,12.5,5.1,84,455.5,11.0,-3.9,5.1,1.999,0.0,0.4,0.0,0.0,99,104,3.567,-9.3,0.000,99.2,2260,0.0,13.150
1169.6,0.0,4.60,9,0.000,5.1,100.0,6,12.6,5.4,84,382.0,11.0,-3.9,5.5,1.999,0.0,0.4,0.0,0.0,100,104,3.691,-8.0,0.000,99.2,2323,0.0,13.120
1186.8,0.0,3.87,10,0.000,4.7,100.0,6,11.8,4.7,83,342.1,10.2,-3.9,4.7,1.987,-0.1,0.4,0.0,0.0,100,112,3.418,-11.1,0.000,99.2,2073,0.0,13.084
1204.0,0.0,4.68,10,0.000,5.3,100.0,6,15.6,5.0,83,292.7,11.7,-3.9,4.7,1.999,0.0,0.4,0.0,0.0,101,105,2.621,-3.8,0.000,99.2,2008,0.0,13.074
1221.2,13.4,15.14,9,0.771,13.8,100.0,6,56.2,13.9,82,304.2,47.3,-1.6,13.6,1.008,-0.3,9.5,25.7,52.2,100,100,2.189,25.4,0.995,99.2,1967,13.1,13.100
1238.4,11.5,13.60,9,0.747,12.8,100.0,6,47.2,12.8,83,364.5,25.2,-3.1,7.9,1.133,1.4,4.5,12.8,3.7,100,108,2.690,13.0,0.698,99.2,2054,10.0,13.120
1255.6,13.1,14.43,10,0.769,13.7,100.0,6,53.6,13.5,84,344.6,48.7,-1.6,13.7,0.954,4.5,9.7,25.5,31.2,101,99,2.132,25.9,1.007,99.2,1947,13.0,13.128
1272.8,16.5,21.68,10,0.741,19.0,100.0,6,71.6,18.9,86,409.7,62.1,-1.6,19.4,1.001,1.2,15.0,49.7,29.2,100,113,2.195,19.4,1.003,99.2,2134,16.9,13.120
1290.0,2.2,6.76,10,0.161,7.3,100.0,6,27.6,9.5,86,456.0,30.2,-2.6,11.0,0.962,6.4,7.6,24.3,0.0,101,120,2.136,27.8,1.002,99.2,2274,0.2,13.043
1307.2,5.5,6.69,10,0.423,6.9,100.0,6,21.0,6.7,86,432.0,21.5,-3.7,7.8,0.881,6.0,3.9,10.0,11.9,101,103,2.194,31.9,0.809,99.2,1977,6.7,13.090
1324.4,3.5,5.47,10,0.374,6.4,100.0,6,20.0,6.5,86,430.3,19.4,-1.8,7.0,1.002,-2.3,3.5,9.5,2.4,101,104,2.233,16.9,0.996,99.2,2063,2.7,13.019
1341.6,5.0,6.60,10,0.692,7.8,100.0,6,25.7,8.3,86,407.6,26.1,-3.9,9.0,1.002,2.0,4.6,12.7,1.8,102,106,2.174,39.2,0.999,99.2,2002,8.3,12.967
1358.8,15.7,19.63,10,0.716,18.4,100.0,6,71.3,18.9,86,427.6,60.5,-1.6,18.0,1.000,0.3,13.2,42.1,16.7,101,107,2.180,21.5,0.997,99.2,2103,15.9,13.040
1376.0,8.3,7.05,11,0.613,5.8,100.0,6,15.5,6.5,86,463.9,50.9,-1.6,17.6,1.011,-0.3,13.2,39.8,13.3,101,116,2.192,24.3,0.982,99.2,2193,16.1,13.003
1393.2,27.6,32.82,11,0.734,38.2,100.0,6,88.6,38.0,86,511.4,78.3,0.0,37.0,0.997,-0.1,32.1,87.5,0.0,101,104,2.184,13.0,1.001,99.2,2600,28.0,13.120
1410.4,22.0,25.48,11,0.722,28.7,100.0,6,85.1,29.0,86,555.0,75.4,0.0,28.9,0.988,1.0,24.3,88.5,3.5,101,109,2.198,15.2,1.004,99.2,2242,20.7,13.067
1427.6,16.6,20.70,12,0.196,19.4,100.0,6,71.8,21.0,87,573.1,64.9,0.0,17.0,1.004,-1.7,11.6,47.6,10.2,101,116,2.586,26.6,0.983,99.2,2194,15.1,13.102
1444.8,21.4,29.51,14,0.701,28.6,100.0,6,81.2,29.8,87,587.0,71.8,0.0,29.2,1.000,-1.3,23.7,0.0,0.0,102,136,2.185,16.9,1.000,99.2,2598,21.3,13.120
1462.0,18.3,25.31,14,0.702,25.4,100.0,6,80.1,22.4,86,583.0,32.5,-1.1,18.9,0.987,-1.6,18.0,74.6,1.7,101,126,2.175,18.7,0.994,99.2,2384,17.1,13.040
1479.2,0.5,6.10,14,0.639,7.2,100.0,6,21.4,10.3,86,569.5,33.8,-2.9,12.6,1.004,-2.2,11.9,47.1,0.0,101,118,2.154,21.1,0.986,99.2,2272,18.2,13.120
1496.4,14.1,17.58,14,0.693,15.5,100.0,6,39.7,9.9,86,560.0,23.3,-3.1,8.9,1.001,-0.9,2.9,10.2,18.7,102,118,2.160,32.5,1.001,99.2,2385,13.1,13.080
1513.6,7.0,10.51,14,0.502,5.1,100.0,6,13.3,4.6,86,541.6,10.2,-3.9,4.7,1.999,0.0,0.4,0.0,0.3,102,107,3.327,-0.5,0.254,99.2,2057,5.3,13.120
1530.8,17.1,21.41,14,0.724,20.5,100.0,6,75.3,22.1,86,524.8,70.5,0.0,23.5,0.996,1.4,19.0,82.8,1.6,101,101,2.181,16.1,1.002,99.2,2159,18.7,13.077
1548.0,21.7,26.57,14,0.726,26.1,100.0,6,82.6,27.6,87,555.3,75.5,0.0,28.0,1.001,-0.9,23.2,88.4,0.5,101,109,2.186,13.2,0.996,99.2,2324,21.7,13.085
1565.2,3.5,4.55,14,0.083,5.4,100.0,6,15.0,5.6,87,560.8,19.3,-3.3,7.8,0.993,0.3,2.9,7.2,0.0,102,110,2.868,13.1,0.555,99.2,2049,0.0,13.096
1582.4,25.4,32.67,14,0.714,34.8,100.0,6,85.5,34.7,86,557.8,76.4,0.0,34.5,1.002,-0.3,29.1,86.3,0.0,101,111,2.184,13.7,0.998,99.2,2664,25.9,13.065
1599.6,20.3,25.63,14,0.714,24.9,100.0,6,80.4,25.5,86,579.4,70.5,0.0,25.2,0.997,1.0,20.8,89.7,4.6,101,120,2.192,15.5,1.000,99.2,2292,20.7,13.120
1616.8,24.5,28.86,15,0.705,32.6,100.0,6,86.3,29.3,87,580.0,73.2,0.0,30.7,0.999,0.0,24.7,83.5,19.9,101,116,2.207,15.7,0.997,99.2,2225,22.7,13.106
1634.0,24.2,33.21,14,0.711,32.2,100.0,6,83.4,31.7,87,594.3,74.1,0.0,31.2,1.001,-0.8,25.6,35.1,8.9,102,125,2.191,14.2,1.000,99.2,2743,24.1,13.153
1651.2,22.6,29.54,15,0.705,29.2,100.0,6,82.2,29.6,87,605.8,72.3,0.0,29.4,1.002,-0.8,24.3,87.8,7.8,101,122,2.187,16.0,0.998,99.2,2574,23.1,13.120
1668.4,20.0,26.29,15,0.701,24.2,100.0,6,78.0,24.1,87,608.0,68.5,0.0,24.0,1.003,-0.8,19.3,81.0,2.7,101,129,2.176,19.0,1.002,99.2,2461,20.0,13.049
1685.6,20.3,26.88,15,0.703,24.8,100.0,6,78.5,24.7,87,604.0,68.7,0.0,24.7,0.999,-0.2,19.5,83.7,13.7,101,130,2.182,18.0,0.999,99.2,2463,20.2,13.120
1702.8,21.8,28.06,15,0.703,27.1,100.0,6,82.4,27.1,87,608.0,72.4,0.0,26.8,0.998,-1.6,21.9,87.8,1.1,101,124,2.186,14.0,1.003,99.2,2454,21.9,13.109
1720.0,20.7,27.81,15,0.706,26.1,100.0,6,79.6,27.2,87,612.0,70.2,0.0,24.9,1.003,-1.3,20.6,79.8,2.8,101,128,2.173,16.1,0.997,99.2,2442,19.9,13.120
1737.2,21.2,28.13,15,0.696,26.9,100.0,6,81.5,27.0,87,612.0,72.6,0.0,26.9,1.001,-1.3,22.0,88.2,3.8,101,129,2.187,15.3,0.999,99.2,2501,22.0,13.041
1754.4,21.2,27.85,14,0.707,26.4,100.0,6,80.7,26.3,87,612.0,70.6,0.0,26.3,0.999,-1.0,21.5,88.2,6.0,101,131,2.200,16.8,0.998,99.2,2485,21.2,13.119
1771.6,19.1,24.69,15,0.691,22.6,100.0,6,75.9,23.1,87,608.0,67.5,0.0,22.9,1.004,-1.3,18.2,72.2,0.0,101,123,2.183,18.5,0.998,99.2,2336,19.4,13.114
1788.8,24.7,33.34,15,0.708,33.3,100.0,6,82.5,33.7,87,613.7,73.7,0.0,33.6,0.999,0.1,28.1,85.8,0.0,101,126,2.194,15.1,1.003,99.2,2824,25.1,13.106
1806.0,25.3,33.68,15,0.712,35.3,100.0,6,84.2,35.6,87,624.0,75.2,0.0,35.3,0.995,-0.8,29.8,85.9,6.7,101,120,2.185,14.9,0.998,99.2,2762,25.9,13.120
1823.2,21.9,29.09,15,0.708,24.2,100.0,6,72.1,23.6,87,620.0,65.2,0.0,24.9,1.003,-1.5,21.2,88.1,11.2,101,133,2.203,17.6,0.999,99.2,2588,21.8,13.083
1840.4,10.4,11.78,14,0.519,13.1,100.0,6,45.1,13.6,86,612.0,41.3,0.0,15.0,1.001,-0.3,4.3,15.3,0.0,102,133,2.738,2.7,0.400,99.2,2468,9.8,13.042
1857.6,6.9,7.27,15,0.763,6.2,100.0,6,18.7,12.0,86,560.9,40.8,-1.6,12.6,0.995,-1.3,8.3,23.7,0.0,101,115,2.144,27.9,1.005,99.2,2217,14.1,12.960
1874.8,21.8,29.12,15,0.719,27.6,100.0,6,82.0,28.3,86,579.1,72.7,0.0,27.9,1.000,-0.3,22.9,87.2,4.4,101,124,2.188,15.5,0.999,99.2,2533,22.3,13.058
1892.0,21.3,26.07,14,0.696,26.2,100.0,6,81.4,25.8,86,586.7,72.6,0.0,27.1,1.001,-0.9,22.6,88.7,1.5,101,119,2.195,14.5,0.998,99.2,2347,21.5,13.051
1909.2,24.4,29.60,14,0.730,31.8,100.0,6,84.9,31.6,86,599.0,72.1,0.0,29.7,0.999,0.6,24.8,88.0,6.0,101,118,2.177,13.7,0.998,99.2,2431,24.2,13.120
1926.4,24.8,32.10,12,0.715,33.8,100.0,6,83.5,33.7,86,611.3,74.5,0.0,33.8,0.998,0.6,28.7,86.6,0.0,101,118,2.181,14.5,1.000,99.2,2704,24.8,13.120
1943.6,25.2,34.07,14,0.705,35.3,100.0,6,83.6,35.3,86,620.0,75.3,0.0,34.9,0.998,-0.3,29.6,85.1,1.2,101,125,2.190,15.0,1.012,99.2,2810,25.9,13.040
1960.8,23.9,33.34,14,0.740,32.1,100.0,6,81.3,33.5,86,628.0,74.0,0.0,34.2,1.004,-0.1,29.1,85.3,5.5,101,129,2.193,16.5,0.997,99.2,2884,24.7,13.105
1978.0,22.0,28.76,14,0.705,27.8,100.0,6,80.8,27.8,86,624.0,70.6,0.0,27.9,0.999,0.0,22.8,88.0,6.0,101,134,2.186,17.1,0.999,99.2,2554,22.0,13.063
1995.2,21.4,28.23,14,0.695,27.1,100.0,6,78.9,27.0,86,620.0,69.2,0.0,26.7,0.996,-0.8,21.6,88.2,0.0,101,135,2.182,18.2,1.000,99.2,2564,21.5,13.023
2012.4,22.0,28.98,14,0.705,27.8,100.0,6,81.5,28.5,86,616.0,73.1,0.0,30.0,1.005,-0.4,24.6,87.3,2.6,101,132,2.182,16.3,1.002,99.2,2561,22.5,13.122
2029.6,26.4,33.42,14,0.710,37.8,100.0,6,85.4,38.3,86,618.9,77.3,0.0,38.4,0.998,-1.3,33.0,42.3,0.9,101,120,2.197,13.7,1.000,99.2,2654,26.2,13.054
2046.8,19.9,24.92,15,0.712,24.6,100.0,6,77.7,24.2,86,610.6,67.4,0.0,23.2,1.001,1.0,18.5,74.5,24.9,101,118,2.185,18.0,0.999,99.2,2261,20.1,12.960
2064.0,17.9,24.67,15,0.681,21.9,100.0,6,73.7,22.7,86,606.4,54.7,0.0,16.0,0.984,-2.5,14.6,50.1,0.0,101,130,2.207,22.4,1.000,99.2,2474,17.6,13.120
2081.2,2.1,5.07,15,0.208,7.6,100.0,6,49.4,19.2,86,594.4,67.2,0.0,23.9,0.994,-1.6,18.9,76.3,32.0,101,127,2.153,19.1,0.995,99.2,2382,2.0,13.117
2098.4,14.8,18.49,15,0.699,14.0,100.0,6,48.9,13.7,86,594.5,41.7,0.0,16.0,1.006,-0.3,6.1,25.9,0.0,101,126,2.190,23.8,1.007,99.2,2436,15.9,13.108
2115.6,21.4,28.66,15,0.719,26.5,100.0,6,79.3,26.1,86,585.0,69.6,0.0,26.1,1.002,-0.8,21.0,88.5,0.0,101,134,2.180,18.5,1.002,99.2,2536,21.4,13.101
2132.8,19.6,26.46,14,0.690,24.2,100.0,6,74.9,22.2,86,592.0,66.0,0.0,24.0,0.994,-1.7,19.6,0.0,0.0,102,130,2.174,19.3,1.000,99.2,2471,19.8,13.058
2150.0,17.9,21.97,14,0.692,19.8,100.0,6,49.2,12.9,86,584.0,34.5,-1.2,18.7,0.962,-2.8,17.6,68.0,23.8,101,120,2.203,18.1,0.987,99.2,2298,18.4,13.058
2167.2,15.9,20.31,14,0.666,14.6,100.0,6,53.1,16.2,86,579.0,52.2,-1.6,14.6,1.008,3.5,11.6,27.5,0.0,101,118,2.172,28.0,0.995,99.2,2265,14.0,13.129
2184.4,4.9,10.44,14,0.266,11.5,100.0,6,42.0,14.6,86,578.5,53.7,-0.5,20.1,0.971,1.2,16.6,65.2,13.6,101,124,2.194,19.5,0.996,99.2,2340,2.2,12.974
2201.6,9.0,11.96,14,0.328,14.9,100.0,6,45.0,13.5,86,573.3,21.8,-2.4,9.0,0.980,-0.7,7.9,28.6,1.7,101,126,2.260,36.4,0.988,99.2,2329,3.4,13.104
2218.8,18.6,24.01,14,0.714,22.2,100.0,6,76.8,24.1,86,573.4,69.7,0.0,24.2,1.003,-0.8,19.5,85.3,5.1,101,118,2.199,15.6,0.997,99.2,2275,19.7,12.988
2236.0,7.9,9.44,14,0.619,8.7,100.0,6,20.3,5.7,86,553.5,11.3,-3.9,5.1,1.756,0.0,0.4,0.0,0.0,102,118,3.428,22.3,0.884,99.2,2204,8.3,13.120
2253.2,17.9,23.40,14,0.768,21.5,100.0,6,73.4,20.8,86,537.7,57.2,-0.6,17.7,0.987,-1.4,14.3,55.9,21.7,101,114,2.197,20.5,1.003,99.2,2259,18.2,12.899
2270.4,16.7,19.59,12,0.707,18.4,100.0,6,75.1,23.4,86,552.0,69.2,0.0,23.3,0.999,-0.6,18.6,59.7,20.0,101,106,2.252,21.4,0.995,99.2,2006,16.8,13.120
2287.6,17.2,21.15,14,0.717,20.4,100.0,6,73.6,20.0,86,568.0,65.1,-0.2,20.0,1.004,0.0,9.5,25.9,36.7,101,108,2.183,22.2,0.991,99.2,2067,17.0,13.120
2304.8,16.1,20.47,14,0.746,16.8,100.0,6,57.9,17.3,86,567.7,50.7,-1.7,17.2,0.999,3.0,7.9,19.7,0.6,101,116,2.201,12.1,1.001,99.2,2159,13.6,13.087
2322.0,7.2,10.06,14,0.370,8.9,100.0,6,25.3,7.6,86,563.3,16.2,-3.6,6.4,0.947,4.6,0.8,9.6,11.8,102,117,2.001,33.7,0.913,99.2,2210,8.5,13.040
2339.2,3.5,6.06,14,0.056,7.6,100.0,6,25.6,9.3,86,545.8,36.8,-2.0,14.9,0.989,0.8,11.3,36.1,0.9,101,116,2.236,20.6,0.864,99.2,2200,2.2,13.120
2356.4,14.4,17.12,14,0.674,15.6,100.0,6,58.0,15.6,86,537.1,54.7,-1.6,17.2,0.999,2.3,14.9,60.3,1.7,101,112,2.167,17.6,1.010,99.2,2140,13.7,13.060
2373.6,16.5,21.56,14,0.718,19.1,100.0,6,68.1,18.8,86,540.4,60.2,-1.6,19.5,0.993,3.1,15.3,51.4,8.0,101,115,2.183,20.4,1.011,99.2,2195,16.9,13.120
2390.8,14.3,17.42,14,0.679,15.3,100.0,6,56.6,15.3,86,544.0,50.3,-1.6,15.3,0.996,1.6,11.0,32.8,0.0,101,116,2.189,25.1,0.999,99.2,2200,14.5,13.074
2408.0,7.0,11.01,12,0.401,9.7,100.0,6,36.9,11.1,86,545.3,39.8,-1.9,13.0,0.994,2.3,9.6,27.5,0.0,101,112,2.224,11.0,0.999,99.2,2081,5.1,13.069
2425.2,0.0,2.83,12,0.000,3.5,100.0,6,13.9,3.5,86,492.9,12.3,-3.9,3.5,1.999,0.0,0.4,0.0,0.0,102,60,3.621,-12.7,0.000,99.2,1351,0.0,13.075
2442.4,18.8,19.83,12,0.741,22.4,100.0,6,81.1,22.8,86,484.5,74.7,0.0,37.7,1.000,0.0,21.9,91.8,21.6,101,46,2.206,9.3,0.992,99.2,1730,19.3,13.096
2459.6,0.0,2.80,12,0.000,3.5,100.0,6,14.8,3.5,87,463.6,13.3,-3.9,3.5,1.999,0.0,0.4,0.0,0.0,102,61,3.566,-12.7,0.000,99.2,1273,0.0,13.120
2476.8,3.9,4.78,12,0.842,5.9,100.0,6,32.3,6.5,86,422.3,27.1,-1.3,6.6,0.999,-2.8,2.9,0.0,0.0,102,20,2.325,35.5,1.027,99.2,1100,2.2,13.064
2494.0,0.0,2.52,14,0.746,3.3,100.0,6,26.9,3.0,86,381.5,22.4,-7.8,2.8,0.998,-7.7,0.3,0.0,0.0,102,0,2.228,-1.8,1.007,99.2,796,0.0,13.025
2511.2,0.0,0.72,14,0.790,6.3,100.0,-9,0.0,6.3,86,364.0,0.0,5.5,6.7,1.050,0.0,1.6,0.0,0.0,102,0,2.219,9.0,0.999,99.2,0,0.0,12.560
2528.4,0.0,0.72,14,0.790,6.3,100.0,-9,0.0,6.3,86,364.0,0.0,5.5,6.7,1.050,0.0,1.6,0.0,0.0,102,0,2.219,9.0,0.999,99.2,0,0.0,12.560
