BlueDriver Data Log
Oct 25, 2018 6:07:11 AM
Time (s),Engine Coolant Temperature (°C),Catalyst Temperature Bank 1 - Sensor 1 (°C),Absolute Throttle Position B (%),Evap. System Vapor Pressure (Pa),Fuel Level Input (%),Barometric Pressure (kPa),Vehicle Speed (km/h),Absolute Load Value (%),Ambient Air Temperature (°C),Long Term Fuel Trim Bank 1 (%),Commanded Throttle Actuator (%),Commanded Equivalence Ratio (λ),Timing Advance for #1 cylinder (°),Accelerator Pedal Position E (%),Short Term Fuel Trim Bank 1 (%),Calculated Engine Load Value (%),Accelerator Pedal Position D (%),Engine RPM (rpm),Mass Air Flow Rate (g/s),Relative Throttle Position (%),Control Module Voltage (V),Intake Air Temperature (°C),Commanded Evaporative Purge (%),Absolute Throttle Position (%)
0.0,,,,,,,,,,,,,,,,,,,,,,,,
3.0,37,0.0,6.7,0.0,87.5,101,4,35.5,15,-5.1,6.7,0.998,9.9,,,,,,,,,,,
6.0,38,0.0,8.4,0.0,87.4,101,8,42.7,15,-3.8,9.3,0.998,9.5,2.8,,,,,,,,,,
9.0,38,0.0,10.1,0.0,87.3,101,13,50.0,15,-2.6,12.0,0.998,9.1,6.3,,,,8058,6.19,,,,,
12.0,39,0.0,11.8,0.0,87.2,101,17,57.2,15,-1.3,14.7,0.997,8.6,9.7,,,,480,9.74,2.9,13.029,,,
15.0,39,0.0,13.6,0.0,87.2,101,21,64.4,15,-0.1,17.3,0.997,8.2,13.2,,,,907,13.29,7.6,12.983,16,10.6,9.8
18.0,41,0.0,16.5,4.3,87.1,101,25,71.6,15,1.1,20.0,0.997,7.8,16.6,,,,1335,16.84,12.4,12.937,9,24.6,14.9
21.0,42,0.0,21.3,16.7,87.2,101,34,73.2,15,1.6,21.7,0.997,7.7,19.1,-3.6,83.4,19.2,1741,20.39,17.2,12.891,13,38.6,20.0
24.0,42,8.7,23.7,19.2,87.1,101,45,70.7,15,1.0,21.5,0.996,9.1,16.2,-1.8,82.5,18.8,1548,21.03,17.0,12.938,15,52.1,21.8
27.0,43,69.5,20.0,17.9,87.1,101,50,69.2,15,1.3,21.5,0.996,9.3,18.1,0.1,81.6,18.4,1850,21.14,14.5,13.040,14,64.8,17.4
30.0,43,80.4,14.9,14.8,87.1,101,53,54.2,15,-0.3,12.2,0.996,14.2,9.4,2.4,70.0,14.4,1694,17.41,11.4,13.040,15,61.2,17.0
33.0,45,113.5,14.0,6.4,87.1,101,56,58.2,15,0.5,13.2,0.996,13.8,10.8,3.4,60.9,10.4,1451,11.86,5.0,13.040,14,30.2,10.7
36.0,46,130.6,14.5,0.0,87.1,100,59,63.5,15,1.4,14.9,0.996,10.5,13.3,-0.5,76.3,15.1,1435,13.85,7.7,13.040,15,49.3,12.1
39.0,47,171.0,13.8,0.0,87.1,100,62,63.7,15,1.6,14.6,0.996,11.0,13.4,0.8,73.7,14.0,1533,15.37,10.6,13.040,14,88.2,14.6
42.0,48,184.7,14.5,0.0,87.1,100,63,62.1,15,1.4,12.7,0.998,12.8,9.2,4.5,64.7,10.9,1138,10.62,4.4,13.040,15,95.5,14.5
45.0,49,212.1,9.2,18.5,87.1,100,64,48.5,15,1.0,10.5,0.999,8.4,8.9,4.8,60.2,9.6,1236,11.04,4.7,13.040,15,93.9,10.5
48.0,49,224.2,9.2,23.3,87.1,100,64,34.7,15,0.0,6.3,1.000,-9.3,4.3,-0.1,38.1,6.7,1185,8.22,2.8,12.880,15,47.6,10.0
51.0,50,234.7,9.5,5.0,87.1,101,63,66.3,15,1.5,13.0,1.009,5.3,9.5,-2.7,56.2,10.0,1293,10.46,5.8,12.890,15,3.0,11.5
54.0,51,252.1,18.6,77.5,87.1,101,65,68.1,15,1.6,17.3,1.000,11.6,14.2,-2.9,73.9,14.2,1460,14.97,11.7,13.040,15,0.4,18.3
57.0,52,269.8,18.8,52.5,87.1,101,68,68.7,15,1.6,19.0,0.990,8.3,16.5,0.7,77.9,16.9,1738,18.54,14.4,13.040,15,57.7,18.4
60.0,52,291.0,18.2,19.3,87.1,100,70,67.6,15,1.6,18.3,1.002,9.5,16.4,-0.0,76.6,16.5,1734,18.61,13.9,13.027,15,53.2,18.4
63.0,53,313.8,16.8,0.0,87.1,101,72,63.2,15,1.5,15.5,1.007,12.5,15.0,0.0,73.8,14.7,1663,13.20,9.5,13.028,15,24.5,17.2
66.0,54,328.8,14.0,0.0,87.1,101,73,63.5,15,0.7,15.7,1.005,10.0,14.7,-1.4,74.3,14.1,1557,10.14,4.1,13.040,15,4.5,13.7
69.0,55,344.1,9.3,0.0,87.1,101,74,46.6,15,-0.5,12.5,0.743,2.6,13.2,-3.4,72.8,14.2,1498,15.98,3.1,13.040,15,94.2,12.4
72.0,55,347.8,5.4,0.0,87.1,101,73,19.0,15,-1.6,5.1,0.001,-5.4,0.0,-0.1,23.6,0.3,1279,4.36,1.6,13.040,15,47.8,9.0
75.0,56,339.2,5.1,0.0,87.1,101,63,21.3,15,-1.7,5.1,0.000,-5.8,0.0,0.0,24.2,0.0,1265,4.38,0.8,13.040,15,0.0,5.1
78.0,57,324.6,5.1,0.0,87.1,101,59,21.2,15,-1.6,5.1,0.000,-6.0,0.0,0.0,25.4,0.0,1222,4.43,0.8,13.040,15,0.0,5.1
81.0,57,321.1,5.1,0.0,87.1,101,52,20.9,15,-1.6,5.1,0.000,-6.0,0.0,0.0,25.1,0.0,1212,4.39,0.8,13.040,15,0.0,5.1
84.0,57,312.0,5.1,0.0,87.2,101,42,20.6,15,-1.6,5.1,0.000,-5.9,0.0,-0.0,25.3,0.2,1212,4.35,0.8,13.040,15,0.0,5.1
87.0,57,303.5,5.2,0.0,87.5,101,32,22.1,15,-1.6,5.1,0.014,-7.6,0.0,0.0,26.1,0.0,1167,4.35,0.6,13.040,15,0.0,5.4
90.0,57,294.1,11.4,83.0,87.5,101,28,47.0,15,0.2,10.1,0.482,-2.6,5.6,-4.0,44.2,4.4,1217,6.95,2.3,13.040,15,0.0,6.8
93.0,57,305.9,9.1,47.1,87.5,101,30,45.6,15,1.1,12.4,1.006,12.5,13.4,-9.4,74.2,13.8,1435,14.81,11.0,13.040,15,0.4,16.0
96.0,57,313.6,11.2,0.0,87.5,101,35,30.5,15,0.1,7.1,0.986,39.5,10.2,-0.8,53.1,11.5,1228,12.98,10.7,12.987,15,0.4,16.3
99.0,57,320.8,18.3,0.0,87.5,101,40,73.7,15,1.6,19.9,0.992,12.3,16.0,-1.4,74.2,15.7,1509,16.57,14.1,12.997,15,33.5,18.5
102.0,57,343.6,22.7,0.0,87.5,101,50,73.1,15,1.6,21.8,0.997,5.3,18.6,0.3,83.4,18.5,1719,19.70,18.0,13.040,15,92.2,22.4
105.0,58,367.7,22.7,0.0,87.5,101,54,73.3,15,1.6,22.9,1.000,6.5,19.3,2.7,83.0,19.3,1798,20.78,18.8,13.040,14,91.8,22.6
108.0,58,388.9,23.2,2.5,87.5,101,60,73.9,14,1.4,23.1,1.001,6.6,19.5,3.8,83.9,19.6,1854,21.76,19.0,13.040,14,91.7,23.4
111.0,59,408.0,22.8,7.1,87.5,101,64,74.3,14,0.8,23.0,1.003,7.5,17.8,2.2,80.7,18.2,1796,19.95,16.5,13.040,14,92.4,21.6
114.0,60,426.4,16.1,15.7,87.1,100,67,68.0,14,1.3,13.9,1.003,21.2,12.1,0.1,59.7,13.1,1612,14.78,10.8,13.010,14,85.3,15.8
117.0,61,430.4,9.8,7.3,87.3,100,66,48.0,14,1.1,6.2,0.738,28.4,4.0,-2.7,26.9,4.4,1281,5.04,0.4,12.881,14,14.0,4.7
120.0,61,426.7,5.1,0.0,87.5,101,62,19.9,14,0.0,5.1,0.000,-7.4,0.0,-0.0,25.1,0.2,1141,4.07,0.4,12.979,14,6.7,4.7
123.0,62,415.7,5.4,0.0,87.5,101,50,22.7,14,-0.0,5.5,0.000,-6.8,0.0,0.0,27.0,0.0,1176,4.29,1.6,13.055,14,0.1,7.2
126.0,62,411.0,21.1,7.5,87.5,101,46,60.3,14,1.0,17.1,0.558,0.2,9.2,-3.0,49.2,7.2,1392,9.28,7.3,13.072,14,8.1,15.6
129.0,62,429.0,25.5,3.6,87.5,101,49,77.0,14,1.3,26.1,1.012,8.4,21.7,-6.2,86.5,22.1,1866,22.39,22.7,13.040,14,90.7,27.0
132.0,62,449.3,28.0,0.5,87.5,101,56,74.9,14,0.8,27.4,1.010,10.5,22.0,0.0,85.5,22.4,1994,24.55,23.8,13.040,14,90.4,27.6
135.0,62,469.6,28.8,0.0,87.5,101,62,76.1,14,0.8,28.9,0.998,10.5,22.9,-0.0,85.5,23.1,2079,25.24,24.8,13.040,14,90.0,28.6
138.0,63,488.7,29.8,0.0,87.5,101,69,75.5,14,0.8,29.3,0.998,10.8,22.9,0.0,85.3,23.3,2130,25.64,25.5,13.040,14,89.8,29.8
141.0,65,509.9,28.5,6.9,87.5,101,73,74.8,14,0.8,28.6,0.998,11.4,22.4,0.6,84.7,22.8,2134,25.60,25.2,13.040,14,89.8,29.8
144.0,66,520.2,28.6,4.9,87.5,101,77,74.1,14,0.8,28.0,0.998,12.1,22.1,1.5,83.9,22.0,2127,25.37,23.1,13.040,14,89.5,28.5
147.0,66,531.2,28.6,1.6,87.4,101,81,73.7,14,0.8,28.2,0.999,12.5,22.4,0.8,83.9,22.4,2142,25.53,24.0,12.923,14,90.0,28.2
150.0,67,542.5,28.6,0.0,87.1,101,84,73.6,14,0.8,28.1,0.998,12.5,22.2,1.8,83.4,22.4,2157,25.52,24.3,12.914,14,90.1,28.3
153.0,68,553.5,28.5,0.0,87.1,101,85,73.2,14,0.8,28.6,0.998,12.9,22.4,2.1,83.2,22.5,2177,25.48,24.4,12.960,14,89.8,28.6
156.0,69,562.9,29.2,0.0,87.1,101,86,73.1,14,0.8,29.4,1.001,13.3,22.5,1.4,83.5,22.7,2222,25.68,24.6,12.960,14,89.2,29.5
159.0,69,572.0,30.0,0.0,87.1,101,86,73.7,14,0.8,30.6,1.007,12.5,23.0,-1.6,83.9,23.0,2225,26.26,25.5,13.010,14,40.8,30.0
162.0,70,581.0,30.8,0.0,87.1,101,88,73.6,14,0.8,30.6,1.002,12.9,23.1,-1.1,84.6,23.3,2251,26.98,26.4,13.040,14,0.0,30.8
165.0,71,586.2,32.4,0.0,87.1,101,88,75.2,14,-0.1,32.1,1.001,12.5,23.6,-1.4,85.8,23.8,2311,28.00,27.3,13.040,14,8.5,32.2
168.0,72,595.9,32.1,2.0,87.1,101,88,74.6,14,-0.8,31.8,0.999,12.3,24.0,-1.6,86.6,24.2,2391,29.35,28.2,13.040,14,87.9,32.8
171.0,73,600.0,31.5,3.5,87.1,101,88,72.5,14,-0.8,28.5,0.992,13.5,22.4,3.1,82.0,23.1,2215,25.96,26.5,13.068,14,88.9,31.8
174.0,74,601.5,31.8,3.0,87.1,101,90,73.7,12,-0.8,30.9,0.998,13.5,23.2,2.5,82.8,23.9,2289,27.27,28.1,13.059,14,88.8,32.6
177.0,75,608.2,35.7,0.0,87.1,101,90,75.6,12,-1.4,34.3,0.998,12.9,24.7,1.5,84.8,25.1,2371,28.54,29.1,13.040,13,87.8,35.1
180.0,76,613.5,33.2,0.0,87.1,100,91,76.6,12,-1.6,34.3,0.998,12.5,25.7,1.3,86.9,25.9,2422,29.32,27.8,13.034,12,87.8,32.5
183.0,77,618.5,33.3,1.9,87.1,100,94,76.9,12,-1.6,32.8,1.000,12.6,25.8,2.1,88.2,25.8,2413,29.73,28.2,12.960,12,87.8,33.1
186.0,78,621.7,32.6,4.4,87.1,100,96,76.1,12,-1.5,32.4,1.004,13.0,25.1,0.8,87.8,24.7,2426,29.61,27.1,12.960,12,87.8,32.0
189.0,78,624.8,31.5,5.4,87.1,100,98,71.4,12,-0.8,30.1,0.999,11.9,24.5,1.4,87.3,24.7,2388,29.09,26.9,13.033,12,87.8,31.3
192.0,78,627.3,32.1,1.8,87.1,100,100,75.4,12,-1.3,31.7,0.997,12.3,24.7,2.3,87.3,24.9,2406,29.12,27.2,13.105,12,87.8,31.9
195.0,79,631.1,32.4,1.8,87.1,100,101,76.5,12,-1.6,32.5,0.995,13.2,25.1,2.9,87.3,25.1,2505,30.12,27.5,13.058,12,87.5,32.5
198.0,80,634.1,32.5,3.4,87.1,100,103,75.8,12,-1.6,32.5,0.995,13.4,25.1,2.3,86.7,25.1,2525,30.53,27.7,13.040,12,87.5,32.8
201.0,80,636.0,31.1,10.5,87.1,100,104,74.9,12,-1.6,32.5,0.993,13.0,25.0,2.3,85.9,25.1,2525,30.41,27.8,13.064,12,87.5,32.7
204.0,81,636.0,27.7,25.9,87.1,100,104,71.3,12,-0.8,27.9,0.999,11.6,22.7,2.3,85.2,23.5,2314,27.92,26.6,13.095,12,88.1,31.5
207.0,81,634.5,29.7,4.2,87.1,100,104,73.9,12,-0.8,28.1,1.002,11.5,22.6,1.4,85.6,23.1,2236,26.79,25.3,13.106,12,89.2,29.1
210.0,82,638.5,30.7,3.3,87.1,100,104,75.3,12,-1.0,30.1,1.002,12.1,24.0,0.3,87.0,24.4,2416,29.24,25.9,13.040,12,87.5,30.9
213.0,82,640.0,31.9,3.3,87.1,100,104,75.4,12,-1.6,32.2,0.997,12.5,24.7,2.3,86.3,25.1,2491,29.90,27.1,13.053,12,87.8,31.8
216.0,82,640.0,32.4,4.8,87.1,100,104,76.0,12,-1.6,32.1,1.002,15.0,21.8,2.3,82.4,22.5,2257,26.93,24.3,13.016,12,88.5,30.8
219.0,83,638.7,28.9,0.8,87.1,100,105,74.5,12,-1.1,30.3,1.008,14.1,21.5,1.7,82.3,21.6,2172,25.23,21.5,12.960,12,89.7,27.1
222.0,84,640.0,28.8,2.6,87.1,100,107,73.7,12,-0.8,25.9,1.008,13.5,22.2,1.4,85.0,22.7,2372,28.05,24.3,12.960,12,87.8,28.5
225.0,84,638.7,25.4,3.1,87.1,100,108,72.7,12,-0.8,19.6,0.997,19.5,17.3,5.5,73.7,17.6,2029,22.58,18.9,13.009,12,91.2,22.6
228.0,84,635.7,17.9,0.1,87.1,100,108,65.8,12,-0.8,19.1,1.008,19.5,15.5,4.0,65.7,15.9,2050,19.03,14.0,13.040,12,93.8,16.5
231.0,85,629.8,15.7,4.2,87.1,99,109,58.4,12,-1.6,17.5,1.012,21.1,14.6,2.3,60.4,14.6,2081,17.41,11.1,13.020,12,94.1,15.3
234.0,85,629.8,16.1,4.2,87.1,99,112,49.2,12,-2.3,13.6,1.009,24.3,14.6,0.9,61.1,14.9,2135,17.95,11.8,12.880,12,93.3,16.2
237.0,85,625.7,15.6,10.6,87.1,99,116,39.7,12,-2.3,5.1,0.999,31.5,11.0,2.3,35.5,13.7,2191,16.66,10.6,12.973,12,93.7,15.4
240.0,85,619.3,12.9,33.2,87.1,99,120,33.7,12,-2.3,5.4,0.985,13.5,4.5,1.0,23.6,6.6,2224,10.97,6.3,13.040,12,73.9,12.6
243.0,85,602.5,12.2,95.4,87.1,100,120,40.4,12,-2.3,11.8,0.996,11.3,5.8,0.3,29.1,4.4,2255,8.13,2.1,13.026,12,0.0,5.9
246.0,85,604.0,18.8,53.1,87.1,100,121,55.7,12,-1.8,20.6,1.009,20.8,17.2,0.6,67.8,16.9,2331,21.17,13.7,12.880,14,89.9,18.7
249.0,85,605.4,26.5,0.5,87.1,100,122,73.4,12,-0.9,28.5,0.998,12.0,24.3,-0.8,87.1,24.3,2567,31.28,23.1,12.981,13,87.7,28.1
252.0,85,608.0,31.1,2.2,87.1,100,124,71.3,12,-1.6,25.0,0.994,17.7,18.1,1.8,68.1,17.8,2434,24.29,21.2,13.040,12,87.4,29.3
255.0,85,606.7,17.6,11.2,87.1,99,123,64.1,12,-1.1,24.2,1.001,18.8,17.4,1.4,66.3,16.5,2317,19.99,14.2,13.040,12,92.0,18.4
258.0,85,608.0,22.4,5.8,87.1,99,121,65.1,12,-0.8,23.4,1.004,18.3,19.1,-0.1,77.4,20.4,2294,25.85,21.6,13.040,12,89.2,26.2
261.0,85,608.0,18.9,43.5,87.1,100,119,65.1,12,-1.0,22.3,0.997,21.0,15.7,3.1,63.5,15.3,2233,13.59,5.8,13.070,12,30.3,14.6
264.0,85,606.7,13.6,77.0,87.1,100,116,46.4,12,-2.2,17.0,0.999,20.0,17.3,-0.3,72.4,17.5,2180,20.13,11.3,13.055,12,49.2,14.5
267.0,85,604.0,20.9,3.3,87.1,100,114,66.6,12,-0.8,21.1,0.999,18.7,17.5,-0.8,74.3,17.8,2162,22.60,16.7,13.007,13,91.4,20.9
270.0,85,601.7,22.3,0.0,87.1,100,113,68.4,12,-0.8,22.1,1.000,16.9,18.1,-1.0,75.7,18.0,2154,22.66,17.3,12.971,14,91.4,21.2
273.0,86,604.0,22.7,1.5,87.1,100,112,69.6,12,-0.8,23.1,1.001,15.0,19.2,-1.6,78.8,19.2,2122,23.54,19.2,13.040,12,25.0,22.5
276.0,86,604.0,22.7,3.8,87.1,101,112,68.2,12,-0.8,23.1,1.000,14.5,18.8,-1.6,79.4,18.9,2133,23.59,19.2,12.997,12,0.0,23.4
279.0,86,604.0,21.6,5.2,87.1,101,112,57.2,12,-2.3,19.3,0.997,17.0,18.3,-0.2,77.7,18.6,2125,23.26,18.9,12.984,12,6.8,23.7
282.0,86,604.0,22.2,10.7,86.8,100,112,63.5,12,-1.5,20.1,0.993,17.7,18.1,0.5,77.0,18.5,2118,22.96,18.4,13.040,12,33.7,22.7
285.0,86,604.0,16.9,6.9,86.7,100,112,65.7,12,-1.2,21.6,0.992,17.0,18.2,0.1,78.8,18.7,2137,23.43,18.0,13.040,12,76.2,22.5
288.0,86,602.7,12.9,0.9,86.8,100,112,60.2,12,-2.3,18.4,0.999,20.0,16.5,0.8,70.6,16.5,2117,21.25,16.0,13.040,12,91.6,20.6
291.0,86,600.0,16.6,4.1,87.1,99,110,57.2,12,-2.3,16.9,0.996,20.6,15.8,1.6,68.1,15.9,2100,19.59,13.8,13.040,12,92.5,18.3
294.0,86,597.9,10.6,36.6,87.1,99,109,47.9,12,-2.3,14.3,0.998,23.6,14.2,2.1,61.1,14.2,2070,16.88,11.2,13.040,12,93.2,16.9
297.0,86,596.1,9.5,21.7,87.1,100,106,46.1,12,-2.3,12.2,1.004,28.5,11.5,1.6,44.7,9.8,1984,6.32,0.4,13.040,12,31.9,9.2
300.0,86,592.0,10.0,1.9,87.1,101,102,62.0,12,-2.3,18.0,1.013,18.5,16.1,-0.8,63.5,14.1,1955,13.92,7.6,13.040,12,39.1,10.1
303.0,86,592.0,17.3,13.0,87.1,100,102,54.4,12,-2.3,15.6,1.002,20.9,14.7,0.9,65.2,14.6,1932,16.95,10.8,13.017,12,91.0,16.7
306.0,86,586.5,19.7,3.5,87.1,100,101,61.2,12,-1.5,17.7,0.997,19.7,15.0,1.5,64.3,14.2,1944,15.53,5.5,12.960,12,82.0,9.0
309.0,86,588.0,20.6,0.0,87.1,100,101,67.2,12,-0.8,21.2,1.001,15.6,17.4,-1.4,76.5,17.6,2002,21.38,16.5,12.960,12,91.6,18.0
312.0,86,589.4,21.8,1.2,87.1,100,102,67.3,12,-0.8,21.2,1.012,16.0,18.0,-0.0,76.5,18.0,2031,21.81,17.2,12.985,13,91.4,22.6
315.0,86,592.0,23.9,4.2,87.1,100,104,70.5,12,-0.8,23.0,1.000,15.0,18.3,0.5,77.4,16.3,2017,19.84,18.1,12.985,14,91.1,23.9
318.0,86,591.4,25.5,0.8,87.4,100,104,72.6,12,-0.8,24.4,0.996,12.8,19.2,0.5,79.6,16.8,2051,19.47,17.3,12.936,14,89.4,22.1
321.0,86,594.7,13.0,0.0,87.5,100,104,51.7,12,-1.3,20.9,0.995,13.8,19.1,-0.2,79.3,20.1,2163,24.82,10.6,12.800,14,64.2,11.0
324.0,86,592.7,8.9,0.0,87.5,100,104,29.1,12,-2.3,11.9,0.994,26.8,12.4,-1.6,51.4,12.5,1934,14.07,8.8,12.857,14,82.3,11.8
327.0,86,587.4,14.7,0.0,87.5,99,102,55.7,12,-2.3,15.3,1.002,22.5,7.8,1.1,39.6,11.3,1922,12.43,4.8,12.918,14,95.2,12.0
330.0,86,583.6,13.3,0.0,87.5,99,101,59.9,12,-2.3,17.4,0.996,19.3,12.0,1.0,50.4,13.2,1933,14.32,5.2,12.960,14,95.3,11.6
333.0,86,586.6,17.5,1.0,87.5,99,100,57.7,12,-2.3,17.9,0.993,17.0,16.8,-0.6,75.3,17.3,1969,20.53,16.5,12.960,14,91.6,19.6
336.0,86,586.3,15.4,1.2,87.5,100,100,47.2,12,-2.3,15.0,0.998,20.0,14.9,0.8,67.1,14.9,1896,13.94,10.4,12.960,14,48.7,11.4
339.0,86,582.4,7.5,0.0,87.5,100,98,26.7,12,-2.3,5.1,1.012,9.5,6.9,0.8,34.6,9.9,1831,9.51,5.2,12.960,14,14.4,5.1
342.0,86,575.6,7.5,0.0,87.5,100,92,46.2,12,-1.9,11.4,1.005,13.5,9.0,0.1,38.1,10.1,1813,9.90,4.9,12.960,14,17.9,6.0
345.0,86,576.0,6.3,0.0,87.5,100,92,38.8,12,-2.1,12.8,0.998,24.1,14.0,-0.7,63.7,14.5,1852,17.13,11.4,12.960,14,93.9,15.3
348.0,86,573.3,8.8,0.0,87.4,100,92,20.9,12,-3.1,7.7,0.994,39.0,9.8,-0.0,38.9,10.6,1708,10.58,6.0,13.011,14,95.0,14.3
351.0,86,568.4,16.4,0.0,87.1,99,90,64.3,12,-2.3,19.6,0.988,23.4,14.4,0.5,60.7,15.1,1828,16.15,9.5,12.953,14,94.5,15.6
354.0,86,571.2,6.3,0.0,87.1,100,91,58.5,12,-1.9,18.4,0.998,16.6,17.1,0.2,75.0,18.1,1900,20.74,16.3,12.818,14,91.5,22.4
357.0,86,572.0,6.3,0.0,87.1,101,92,53.8,12,-1.6,16.5,1.010,18.0,17.0,-0.8,74.0,17.2,1835,19.12,7.8,12.960,14,94.7,14.5
360.0,86,572.0,9.2,0.0,87.1,100,92,53.0,12,-1.6,14.5,1.008,21.0,14.9,-0.8,67.8,14.9,1744,17.25,10.3,13.007,14,94.3,15.4
363.0,86,572.0,16.5,0.0,87.1,100,92,64.2,12,-1.6,17.4,1.001,18.8,15.1,0.6,68.4,15.3,1762,16.57,12.1,13.040,14,93.7,16.7
366.0,86,571.2,19.6,0.0,87.1,100,93,58.5,12,-2.0,14.7,0.997,22.3,13.8,0.8,62.0,14.3,1766,15.80,12.1,13.032,14,93.7,17.3
369.0,86,572.0,15.9,5.3,87.1,100,93,53.5,12,-2.1,11.8,0.995,28.8,11.3,-0.7,46.3,10.6,1736,12.15,9.4,12.960,14,93.8,14.5
372.0,86,572.0,12.9,18.8,87.1,99,92,50.6,12,-1.6,14.1,0.996,21.5,14.1,0.8,63.9,13.6,1747,15.09,11.6,13.007,14,93.9,16.0
375.0,86,572.0,13.4,42.0,87.1,99,92,46.3,12,-1.6,11.3,0.999,20.8,13.3,-0.2,59.8,13.6,1729,15.39,12.9,13.010,14,93.7,17.8
378.0,86,571.4,22.0,0.0,87.1,100,91,65.8,12,-1.1,20.8,0.999,14.7,17.3,-0.1,69.6,16.5,1848,17.45,15.2,12.960,14,93.2,19.1
381.0,86,577.6,26.2,0.0,87.1,100,91,75.0,12,-0.8,25.9,1.000,8.5,22.2,0.3,87.4,22.4,2108,25.34,23.9,12.960,14,88.5,28.2
384.0,86,582.1,29.0,0.0,87.1,100,93,74.0,12,-0.8,23.1,1.001,8.7,21.7,-1.6,87.1,22.4,2074,25.26,23.9,12.960,14,88.6,28.2
387.0,86,586.6,28.9,1.9,87.1,100,94,73.7,12,-0.8,30.1,0.998,11.0,23.9,-0.0,88.2,23.9,2297,27.89,25.4,12.960,14,87.6,29.5
390.0,86,592.0,25.8,7.8,87.1,100,96,66.6,12,-0.8,25.0,1.002,11.3,21.4,-0.5,85.2,19.5,2176,24.85,23.1,12.960,14,74.1,25.1
393.0,86,591.1,5.1,0.0,87.1,100,95,51.0,12,-1.6,18.7,1.008,20.9,16.7,1.7,71.4,14.7,1947,19.03,16.3,12.960,14,44.1,7.8
396.0,86,589.7,10.1,0.0,87.1,100,93,50.4,12,-1.6,13.6,1.009,31.6,12.1,5.2,49.6,12.4,1762,12.56,4.3,12.960,14,88.0,7.5
399.0,86,588.0,15.4,0.0,87.1,99,92,65.7,12,-0.0,17.6,0.996,17.5,16.5,-2.3,71.4,16.5,1790,16.34,10.8,12.960,14,43.4,11.7
402.0,86,588.0,18.8,0.0,87.1,101,92,62.6,12,-1.6,13.7,0.997,21.0,14.3,-0.0,65.0,16.1,1769,17.19,14.1,12.960,14,0.0,16.9
405.0,86,586.3,18.2,0.0,87.1,101,92,61.9,12,-1.6,16.2,0.997,20.4,14.9,1.1,65.7,16.8,1767,17.66,14.9,12.960,14,0.0,18.4
408.0,86,588.0,17.7,1.0,87.1,101,93,63.1,12,-1.4,19.1,0.997,15.7,19.0,0.0,82.4,20.4,1874,22.97,23.1,12.960,14,62.7,23.9
411.0,86,588.0,16.8,2.0,87.1,100,94,67.5,12,-0.8,18.4,0.998,17.5,14.9,0.8,70.6,16.6,1797,18.78,17.1,12.960,14,87.1,19.6
414.0,86,588.0,15.3,0.0,87.1,99,92,58.0,12,-1.4,16.4,1.004,19.1,14.4,0.3,65.3,14.9,1744,15.90,12.1,12.960,14,80.1,9.5
417.0,86,587.3,10.7,39.0,87.1,99,89,60.5,12,-1.6,16.9,1.006,17.9,15.7,-0.3,69.2,16.0,1746,16.37,13.4,12.960,14,69.1,6.8
420.0,86,588.0,20.5,21.0,87.1,99,88,67.6,12,-1.3,21.8,1.004,14.0,19.2,-0.5,80.6,19.9,1811,20.37,21.6,12.960,14,90.0,27.4
423.0,86,591.0,28.9,3.0,87.0,100,89,76.2,12,-0.8,29.9,1.000,10.0,24.3,1.6,87.5,24.7,2258,26.20,25.1,13.013,14,88.7,29.6
426.0,86,596.5,29.4,11.3,86.7,100,92,76.9,12,-0.8,31.0,0.997,11.4,24.3,0.6,87.7,24.0,2335,28.32,24.9,13.008,14,72.4,24.4
429.0,86,599.1,16.1,37.7,86.7,99,93,63.7,12,-0.8,26.4,0.998,11.3,22.5,-0.6,86.7,22.9,2242,27.39,22.8,12.970,14,42.5,8.0
432.0,86,600.0,24.1,17.0,86.9,99,95,65.0,12,-0.8,24.8,1.001,11.5,19.8,-1.2,83.9,21.3,1827,22.57,25.1,13.040,14,89.2,29.0
435.0,86,601.5,24.1,0.0,87.1,100,96,73.5,12,-1.0,29.1,1.005,15.5,18.8,1.6,76.9,17.6,1873,20.21,22.5,13.040,14,72.6,16.0
438.0,86,603.4,14.8,1.2,87.1,100,94,58.8,12,-2.3,17.3,0.990,18.0,17.7,1.1,76.6,17.6,1818,19.00,19.2,13.004,14,73.6,11.1
441.0,86,599.2,19.6,13.0,87.1,99,91,66.3,12,-1.4,22.6,0.995,13.1,20.3,0.8,80.8,19.8,1852,20.09,18.8,12.946,14,92.5,21.3
444.0,86,602.7,27.7,7.2,87.1,100,89,73.0,12,-0.8,28.2,0.998,8.7,24.1,0.7,87.8,24.4,2064,25.01,27.5,12.880,14,88.5,32.2
447.0,86,607.6,29.5,2.1,87.1,100,88,75.5,12,-0.8,30.9,0.996,11.0,24.7,-0.0,87.5,24.7,2322,27.97,26.0,12.995,14,88.3,26.6
450.0,86,612.0,24.4,0.1,87.1,100,88,73.7,12,-0.8,26.7,0.994,12.0,18.4,1.2,79.8,18.9,2032,21.45,19.4,13.002,14,90.3,21.2
453.0,86,611.5,16.9,0.8,87.1,99,90,64.6,12,-0.3,22.1,0.997,14.1,17.9,1.6,76.2,16.1,1881,14.89,11.8,12.960,14,93.9,17.6
456.0,87,612.0,11.8,19.8,87.1,99,93,40.6,12,-1.3,14.6,0.994,22.2,14.6,0.8,66.0,14.5,1900,10.88,7.5,12.960,14,95.2,13.3
459.0,87,608.7,7.7,21.6,87.1,99,96,17.6,12,-3.5,6.8,0.985,39.5,5.5,-2.3,20.0,5.5,1810,6.29,2.4,12.903,14,43.4,8.5
462.0,87,602.6,6.3,0.0,87.1,100,98,22.0,12,-5.5,7.5,0.979,27.0,9.4,-3.4,35.2,9.9,1857,10.50,4.4,12.845,14,38.4,6.4
465.0,87,595.2,6.3,0.0,86.7,100,100,25.8,12,-3.5,6.1,0.979,14.3,6.2,-2.3,32.4,8.0,1870,11.09,6.6,12.813,14,80.9,8.8
468.0,87,585.9,5.6,0.0,86.9,100,98,21.9,12,-3.4,5.9,0.955,7.3,0.0,0.2,16.7,0.0,1832,4.51,0.4,12.880,14,0.0,5.1
471.0,87,575.6,6.7,7.3,87.1,100,95,20.2,12,-5.3,8.0,0.884,36.5,0.0,1.6,24.0,0.0,1758,4.56,0.4,12.981,14,0.0,5.7
474.0,87,568.0,10.0,22.8,87.1,100,92,53.3,12,-2.3,14.1,1.010,32.1,5.6,0.6,31.3,6.7,1756,9.04,4.0,13.011,14,24.4,8.3
477.0,86,567.3,18.4,4.8,87.1,99,91,60.4,12,-2.3,16.6,1.000,24.6,11.8,0.9,49.7,13.4,1803,15.33,10.5,12.960,14,93.3,14.8
480.0,86,568.0,19.1,0.0,87.1,99,88,65.3,12,-1.5,21.3,0.995,15.2,17.7,1.8,76.1,17.3,1932,19.63,14.5,12.960,14,78.3,11.0
483.0,86,571.3,25.1,1.2,87.1,99,86,69.2,12,-0.1,27.6,1.006,7.1,23.1,-0.8,89.0,24.3,2010,24.99,22.6,12.960,14,84.6,24.6
486.0,86,578.8,34.0,2.9,87.0,100,86,78.4,12,-0.8,34.9,1.000,10.5,26.2,-0.2,89.6,26.5,2237,27.76,28.1,12.960,14,87.5,34.1
489.0,86,588.2,35.3,0.0,86.7,100,86,78.3,12,-0.8,35.2,0.997,11.1,27.1,0.0,89.8,27.5,2373,29.93,30.5,12.960,14,86.7,35.1
492.0,86,595.2,29.4,4.0,86.7,100,87,75.6,12,-0.8,32.2,0.995,11.5,25.3,0.6,88.1,25.8,2351,29.23,28.9,12.950,14,86.8,34.4
495.0,86,600.5,28.6,7.3,86.7,100,91,73.2,12,-0.8,28.5,0.994,11.9,22.1,1.8,84.4,21.4,2250,25.54,21.6,12.880,14,88.4,28.1
498.0,86,605.2,27.8,7.5,86.7,99,96,72.2,12,-0.8,26.7,0.997,14.0,20.4,3.1,80.8,17.3,2132,22.06,17.2,12.880,14,90.0,26.4
501.0,87,608.0,27.5,0.1,86.7,99,98,72.9,12,-0.8,27.0,0.990,14.3,20.9,2.6,81.7,19.3,2186,22.87,17.8,12.910,14,91.1,23.7
504.0,87,607.1,21.2,7.0,86.4,99,99,70.7,12,-0.8,24.6,0.994,16.6,18.6,1.8,76.2,19.3,2149,23.37,19.9,12.972,14,90.2,21.2
507.0,87,608.0,12.4,3.3,86.3,99,99,52.2,12,-2.1,18.8,1.002,19.6,14.4,0.2,62.0,14.5,1887,16.07,10.2,13.040,14,93.3,16.5
510.0,87,606.6,11.7,0.0,86.3,99,98,28.2,12,-5.1,9.8,1.000,20.0,14.1,-5.5,62.4,16.1,1847,18.84,16.8,13.065,14,91.9,20.5
513.0,87,604.0,24.8,0.8,86.3,99,98,71.4,12,-0.8,23.5,0.996,19.0,12.6,-0.6,47.9,6.9,1850,12.47,15.2,13.034,14,83.2,24.0
516.0,87,603.5,18.8,33.1,86.3,99,98,65.6,12,-1.7,21.0,0.993,17.8,13.8,1.1,51.3,0.0,1850,5.35,7.2,12.971,14,63.1,18.1
519.0,87,598.9,14.0,86.5,86.3,99,97,60.5,12,-2.3,18.3,0.998,17.6,16.2,-0.8,70.9,1.4,1846,6.05,0.8,13.040,14,0.0,5.1
522.0,87,594.4,12.3,91.6,86.3,99,96,57.2,12,-2.3,16.2,1.012,19.5,14.9,-0.8,54.5,11.4,1810,12.37,5.2,13.040,14,57.3,9.8
525.0,87,591.4,15.1,0.7,86.3,99,96,56.5,12,-2.3,12.5,0.990,23.5,12.7,1.3,50.8,11.4,1819,11.51,4.6,12.966,14,95.2,12.0
528.0,87,587.8,9.8,8.8,86.3,98,96,46.7,12,-2.3,12.3,0.996,25.3,10.4,0.5,42.7,9.6,1817,9.66,2.4,12.913,14,93.4,9.2
531.0,87,582.1,9.2,2.8,86.3,98,96,40.3,12,-2.3,10.2,0.999,25.2,6.5,0.6,30.5,5.2,1800,6.77,2.3,13.040,14,77.6,7.1
534.0,87,575.9,7.2,0.0,86.3,99,95,30.9,12,-2.5,6.8,0.867,21.8,0.1,6.8,18.0,0.0,1799,4.53,0.4,12.979,14,24.2,5.8
537.0,87,567.6,6.9,0.0,86.3,100,94,15.3,12,-3.1,5.1,0.001,-10.5,1.6,-0.0,17.2,3.2,1749,5.79,2.7,13.015,14,0.0,8.4
540.0,87,556.0,12.7,0.0,86.3,100,92,43.1,12,-2.5,10.2,0.696,12.5,8.1,-0.9,36.4,8.4,1760,9.41,5.9,13.025,14,0.0,12.3
543.0,86,555.3,5.1,2.7,86.3,100,92,42.7,12,-1.9,12.3,0.994,24.9,12.5,-1.3,54.3,12.5,1797,13.70,9.0,12.960,14,4.3,11.9
546.0,86,556.0,11.1,1.7,86.3,100,91,51.4,12,-1.1,15.3,0.984,21.5,14.1,-0.8,61.0,14.0,1795,14.97,11.0,12.960,14,94.0,15.3
549.0,86,558.8,20.5,1.7,86.3,99,90,67.0,12,-0.0,23.7,1.001,10.0,20.8,-0.8,88.2,22.7,1959,23.75,21.0,13.011,14,91.0,23.4
552.0,86,565.6,29.7,6.1,86.3,100,90,75.3,12,-0.8,30.2,0.999,10.7,22.7,-0.3,87.5,23.2,2170,26.15,25.2,13.008,14,88.3,30.1
555.0,86,575.7,25.9,7.0,86.3,99,92,70.8,12,-0.8,26.3,1.001,12.7,21.3,0.3,82.2,21.1,2219,25.87,22.3,12.960,14,88.2,28.9
558.0,86,578.9,28.5,2.5,86.3,99,93,72.2,12,-0.8,25.1,0.998,14.8,18.9,1.3,75.2,16.9,1899,18.71,15.0,12.960,14,91.3,27.1
561.0,86,581.9,25.8,2.7,86.3,99,95,71.8,12,-0.8,26.3,0.991,15.7,19.2,3.1,78.4,19.2,1986,21.39,18.4,13.019,14,91.1,24.3
564.0,86,581.8,18.4,6.4,86.3,99,98,62.0,12,-0.8,17.3,1.002,23.5,14.0,2.5,47.2,6.3,1882,11.14,9.1,13.040,14,55.7,16.3
567.0,87,571.7,7.1,1.8,86.3,100,96,30.3,12,-4.1,9.1,0.928,10.8,5.8,1.2,25.6,0.0,1805,4.65,0.4,13.040,14,0.0,5.1
570.0,87,560.7,5.8,0.6,86.3,100,95,16.8,12,-4.4,5.1,0.562,-2.5,0.0,0.0,16.3,0.0,1764,4.40,0.5,13.039,14,0.0,5.1
573.0,87,550.1,5.1,0.0,86.3,100,93,14.5,12,-3.1,5.1,0.102,-9.9,0.0,0.0,16.9,0.0,1711,4.42,1.2,12.960,14,0.3,5.1
576.0,87,539.7,6.3,18.2,86.3,100,92,15.7,12,-3.1,5.1,0.884,1.0,0.0,-0.0,17.2,0.0,1688,4.43,1.4,12.960,14,9.7,7.5
579.0,87,528.2,10.6,106.2,86.3,99,90,46.0,12,-2.0,11.5,0.970,13.7,8.7,-1.2,45.7,8.1,1756,10.74,6.9,12.960,14,35.9,12.8
582.0,86,535.3,19.8,30.0,86.0,99,90,63.3,12,-1.2,18.7,1.005,18.1,16.9,-1.6,76.7,18.3,1907,20.98,17.5,12.960,14,91.8,22.4
585.0,86,542.0,24.2,0.0,85.9,99,90,71.6,12,-0.8,24.9,0.995,11.1,20.0,-0.0,82.7,20.4,2073,24.87,21.6,12.960,14,90.2,24.9
588.0,86,549.6,26.3,1.2,85.9,99,90,72.2,12,-0.8,25.9,0.993,13.0,20.8,1.2,82.7,20.9,2147,25.19,22.2,12.960,14,89.1,27.0
591.0,86,556.2,28.6,8.8,86.3,99,90,72.2,12,-0.8,25.4,1.005,12.4,19.2,0.3,79.1,19.3,2058,22.96,21.1,12.984,14,89.0,27.7
594.0,86,563.4,26.2,2.3,86.3,99,91,73.6,12,-0.8,25.9,1.005,12.6,18.8,0.1,77.5,18.0,1940,19.79,17.7,13.030,14,90.3,25.4
597.0,86,568.9,22.6,0.4,86.3,99,93,68.3,12,-1.2,23.8,0.998,14.5,19.0,1.5,78.5,18.9,2046,21.83,16.1,12.960,14,92.8,19.6
600.0,86,570.6,16.1,0.6,86.3,99,94,55.2,12,-2.3,15.1,1.002,19.5,12.9,0.8,52.9,9.4,1797,12.23,6.8,13.007,14,88.7,13.9
603.0,86,567.4,7.6,0.4,86.3,98,96,36.9,12,-2.3,7.1,1.007,33.3,9.3,0.3,39.0,7.8,1788,6.92,0.7,13.040,14,66.7,7.2
606.0,86,559.4,10.2,24.5,86.3,99,95,28.5,12,-2.3,6.4,1.000,40.0,6.8,0.3,27.3,7.2,1765,6.22,0.9,13.040,14,5.9,4.7
609.0,86,557.6,9.3,30.2,86.3,99,94,34.9,12,-2.1,8.5,0.994,35.9,7.6,0.4,29.7,9.6,1738,9.77,5.9,13.040,14,95.2,9.8
612.0,86,556.0,10.4,23.8,86.3,98,94,53.7,12,-1.6,14.4,1.001,21.5,14.1,-2.3,63.5,13.7,1772,11.71,5.6,12.932,14,95.3,11.0
615.0,86,556.0,13.6,0.5,86.3,98,94,51.0,12,-1.6,13.3,0.998,22.2,13.6,-0.4,61.2,13.5,1768,13.31,7.1,12.880,14,94.9,11.4
618.0,86,555.4,12.5,7.0,86.3,99,93,31.9,12,-1.6,12.7,1.000,23.4,13.3,-0.5,59.6,13.3,1762,14.30,9.1,12.892,14,94.1,13.3
621.0,86,556.0,13.6,3.4,86.3,99,92,33.4,12,-1.6,14.2,1.000,23.1,13.8,-2.9,60.4,13.4,1762,14.40,9.4,12.960,14,94.7,13.7
624.0,86,556.0,14.2,5.9,86.3,98,92,56.6,12,-1.6,20.0,0.998,15.5,18.0,-0.8,79.2,18.0,1847,18.44,12.9,13.005,14,86.9,13.3
627.0,86,555.9,13.3,25.2,86.3,98,94,27.5,12,-2.7,9.5,0.990,5.6,7.4,-0.4,48.1,12.3,1806,15.09,12.9,12.965,14,80.8,13.3
630.0,86,551.3,7.8,6.6,86.3,99,92,37.1,12,-2.3,10.1,0.998,6.2,6.6,-1.6,35.5,9.0,1725,8.97,9.2,12.816,14,88.7,14.9
633.0,86,554.2,15.4,0.0,86.3,100,91,52.1,12,-1.4,17.2,1.010,16.1,17.3,-4.0,75.1,17.1,1812,18.59,16.1,12.960,14,92.8,18.9
636.0,86,557.2,21.2,0.0,86.3,99,92,69.5,12,-0.8,23.1,0.998,16.5,17.3,1.6,73.3,14.9,1834,16.60,12.0,13.010,14,93.5,17.9
639.0,86,560.2,18.0,0.0,86.3,99,92,63.5,12,-0.2,22.4,1.001,14.5,17.9,0.3,75.8,16.4,1848,17.69,12.3,13.040,14,93.8,15.7
642.0,86,563.2,20.7,0.0,86.3,99,91,68.9,12,-0.4,23.6,1.000,11.7,19.5,-0.2,80.2,18.9,1904,21.03,17.1,13.037,14,92.9,18.8
645.0,86,567.9,24.3,0.0,86.3,99,91,73.3,12,-0.8,25.1,0.998,10.2,21.9,1.6,86.7,22.4,2111,25.37,23.5,12.960,14,90.1,24.3
648.0,86,572.7,26.0,0.5,86.3,99,92,72.2,12,-0.8,21.6,0.999,20.5,14.9,1.6,74.3,18.2,1901,20.37,17.9,12.988,14,90.4,24.3
651.0,86,575.6,18.4,3.5,86.7,99,95,65.8,12,-1.7,17.2,0.996,21.2,14.6,1.9,66.5,15.3,1779,16.42,10.5,13.023,14,87.3,17.4
654.0,86,573.5,10.6,1.6,86.7,99,95,44.7,12,-3.4,12.0,0.961,25.9,12.4,4.0,58.5,13.7,1807,15.26,3.5,13.040,14,10.2,5.1
657.0,86,568.9,6.4,7.7,86.7,100,94,22.2,12,-5.3,7.6,0.884,40.0,5.5,12.5,24.4,7.8,1760,7.34,2.9,13.040,14,50.9,6.2
660.0,86,564.0,9.5,25.5,86.7,98,94,40.8,12,-2.3,12.5,0.990,27.3,12.2,2.3,53.4,12.8,1784,13.00,7.7,13.040,14,83.6,9.3
663.0,86,563.7,12.9,29.0,86.7,98,94,41.3,12,-2.3,8.2,0.999,15.3,8.4,2.2,49.4,12.8,1787,14.32,12.2,13.040,14,84.7,14.0
666.0,86,561.3,13.9,46.1,86.7,99,94,43.9,12,-2.1,8.2,0.988,12.9,0.0,9.0,17.7,6.3,1761,6.81,7.5,13.040,14,60.0,12.9
669.0,86,556.5,10.7,35.3,86.8,99,93,41.5,12,-1.8,14.1,0.983,30.7,0.0,7.0,20.0,0.0,1748,4.49,0.8,12.981,14,22.1,8.3
672.0,86,551.2,8.4,0.0,87.1,100,90,17.3,12,-3.1,7.5,0.884,40.0,8.6,8.2,44.6,9.5,1787,12.52,8.4,12.960,14,0.0,11.4
675.0,86,547.7,25.1,0.0,87.1,100,92,55.9,12,-1.6,18.4,0.944,25.4,15.7,4.7,66.7,16.8,1910,20.22,16.7,12.974,14,3.4,23.6
678.0,86,553.1,18.9,39.8,87.1,100,92,70.4,12,-0.5,24.0,0.990,12.7,19.2,0.1,80.1,19.6,2103,24.22,20.8,13.020,14,29.4,18.8
681.0,86,556.0,15.5,46.4,87.1,99,92,66.1,12,-0.1,21.5,0.998,15.0,16.1,0.8,65.1,13.3,1810,14.67,13.9,12.980,14,67.9,17.3
684.0,86,556.6,17.1,0.0,87.1,98,90,62.0,12,-1.6,19.6,1.000,15.0,17.4,0.3,71.6,16.4,1841,17.58,13.4,12.960,14,93.7,17.1
687.0,86,559.7,22.4,0.0,87.1,99,91,68.3,12,-1.1,21.4,1.000,16.6,15.8,0.0,68.9,17.3,1830,19.15,16.3,12.974,14,92.9,19.3
690.0,86,562.4,23.5,0.0,87.1,99,93,73.5,12,-0.8,26.4,0.999,16.8,15.4,-0.1,60.5,16.1,1777,17.31,16.9,13.040,14,92.8,20.4
693.0,86,568.1,30.6,0.6,87.0,99,95,77.1,12,-0.8,35.0,0.997,9.0,31.4,-0.8,91.8,31.8,2372,27.40,29.7,13.040,14,89.1,32.1
696.0,86,577.6,44.5,2.3,86.7,99,98,79.2,12,-1.6,39.6,0.999,14.3,29.8,0.2,88.5,30.2,2711,33.47,33.2,13.006,14,85.4,40.5
699.0,86,587.5,31.0,0.0,87.0,99,101,71.3,12,-1.2,35.1,0.997,14.0,27.6,1.1,86.9,28.1,2844,34.46,29.9,12.946,14,84.4,33.7
702.0,86,590.3,32.7,0.0,86.9,99,104,69.0,12,-1.0,31.2,0.996,10.8,25.5,1.6,88.2,25.9,2424,29.58,28.6,12.880,14,86.2,33.3
705.0,86,594.5,33.3,0.0,86.7,99,106,75.1,12,-1.6,33.7,1.001,13.0,25.1,2.3,86.7,25.3,2530,30.28,27.9,12.927,14,86.5,32.9
708.0,86,600.3,31.3,0.0,86.7,99,108,73.7,12,-1.6,29.1,1.010,13.3,23.0,0.3,85.7,23.9,2461,29.52,26.3,12.960,14,86.9,31.8
711.0,86,603.5,30.2,0.0,86.7,99,109,74.2,12,-1.6,29.1,1.008,13.3,22.6,-0.2,85.1,23.2,2415,28.73,24.8,12.960,14,87.5,29.8
714.0,86,606.4,30.4,3.7,86.7,99,110,74.2,12,-1.6,30.4,1.001,13.2,23.6,0.8,85.0,23.5,2514,29.66,25.5,12.960,14,87.4,30.2
717.0,86,609.4,27.0,20.6,86.7,99,110,72.5,12,-1.6,31.0,0.999,14.0,23.9,0.8,84.3,23.9,2547,29.52,25.5,12.960,14,87.5,29.1
720.0,86,612.0,19.4,54.4,86.7,98,110,63.5,12,-0.8,24.8,1.003,15.3,21.1,-0.1,82.3,21.8,2337,26.90,23.2,12.960,13,88.1,27.5
723.0,86,611.1,25.5,0.0,86.4,99,110,68.3,12,-0.8,24.8,1.002,15.1,20.1,0.2,81.1,20.1,2131,24.08,19.8,12.965,12,89.8,25.5
726.0,86,612.0,26.3,2.8,86.3,99,110,72.4,12,-0.8,27.4,0.997,13.6,22.0,3.1,83.5,22.0,2274,26.57,22.0,13.040,12,88.6,26.9
729.0,86,612.0,26.2,8.0,86.3,99,110,72.5,12,-0.8,27.1,0.997,14.0,21.6,-0.0,83.8,21.7,2338,26.83,21.5,13.040,12,88.2,26.9
732.0,86,612.0,23.7,14.7,86.3,99,112,67.5,12,-0.8,23.0,0.999,14.3,20.6,-1.0,83.7,21.2,2225,25.88,21.0,13.009,12,88.5,26.3
735.0,86,611.7,20.4,38.5,86.3,98,111,62.4,12,-0.8,21.1,1.001,16.6,18.9,-1.0,81.1,19.9,2093,24.07,19.9,12.960,12,89.5,26.2
738.0,86,612.0,21.6,18.7,86.3,98,109,59.6,12,-0.8,19.3,0.999,19.5,16.9,0.3,75.4,17.8,2074,22.23,16.5,12.960,12,91.3,22.4
741.0,86,610.6,21.8,2.5,86.3,99,108,58.3,12,-0.9,16.9,0.993,21.5,14.9,2.3,64.7,14.9,2034,19.18,13.8,13.036,13,91.8,21.5
744.0,86,607.7,20.4,0.0,86.3,98,106,46.3,12,-2.3,14.4,0.998,20.5,14.6,1.3,62.8,15.6,2018,18.64,13.3,13.032,14,92.2,20.1
747.0,86,603.6,20.4,0.0,86.3,98,105,58.2,12,-1.4,17.8,1.007,18.4,15.7,0.1,67.2,16.5,1996,19.65,14.8,12.960,14,92.2,19.3
750.0,86,604.0,19.2,0.0,86.3,98,104,60.7,12,-1.3,19.4,1.008,18.6,13.5,0.6,67.2,15.3,1982,19.76,16.1,12.960,14,92.1,20.4
753.0,86,600.5,14.7,8.0,86.3,98,104,53.0,12,-2.3,15.6,0.996,25.0,0.0,6.2,23.5,0.0,1923,4.63,4.3,12.841,14,31.2,10.8
756.0,86,594.9,11.6,17.4,86.3,99,102,49.1,12,-2.3,14.5,1.013,23.7,11.3,1.9,52.5,11.0,1925,13.92,8.1,12.888,14,43.7,11.2
759.0,86,592.0,19.7,0.8,86.3,98,102,65.9,12,-1.1,19.4,1.003,18.9,16.0,0.3,70.3,16.4,1964,19.88,14.5,12.960,14,92.5,19.6
762.0,86,591.8,21.6,1.7,86.3,98,103,65.4,12,-0.8,20.6,0.996,20.7,13.4,0.9,61.8,15.2,2004,18.30,13.8,12.944,14,91.7,21.0
765.0,86,592.0,18.5,0.7,86.3,98,105,67.1,12,-0.8,23.1,0.998,21.6,11.4,1.8,43.0,12.3,2037,12.61,6.7,12.880,14,94.0,13.3
768.0,86,593.6,22.9,0.0,86.3,98,106,70.5,12,-0.9,28.5,1.010,9.5,23.9,-0.8,88.2,24.7,2285,28.18,27.1,12.932,14,89.7,24.2
771.0,86,596.4,32.7,0.1,86.3,99,108,75.3,12,-1.6,34.5,0.999,12.2,24.9,0.7,87.1,25.4,2472,29.87,28.0,12.989,13,86.3,34.0
774.0,86,599.6,9.8,89.4,86.3,99,108,73.8,12,-1.1,29.5,1.006,15.8,22.3,1.0,82.5,23.0,2455,28.43,26.3,13.040,12,83.6,34.3
777.0,86,597.5,7.1,42.5,86.3,99,106,50.7,12,-2.3,19.6,0.977,22.8,16.8,1.3,73.0,16.8,2045,19.81,11.0,13.040,12,31.0,6.3
780.0,86,592.9,11.3,0.0,86.3,99,104,20.6,12,-5.2,7.6,0.889,40.0,12.5,10.2,51.8,15.7,1923,19.68,14.7,12.988,12,65.4,15.0
783.0,86,587.3,20.5,0.0,86.3,99,102,43.1,12,-2.3,13.3,0.990,28.7,11.2,5.5,47.8,12.7,1897,15.58,10.1,12.994,13,74.2,17.0
786.0,86,583.9,6.3,0.0,86.3,99,97,35.6,12,-2.3,8.7,1.004,17.4,5.2,3.1,35.3,6.3,1823,9.79,2.1,13.022,14,35.5,6.5
789.0,86,581.1,13.1,2.7,86.3,99,94,44.7,12,-2.0,10.4,1.012,14.8,4.3,2.1,31.0,3.1,1735,7.21,1.6,12.960,14,0.0,15.3
792.0,86,580.0,20.8,2.4,86.3,99,91,61.3,12,-1.4,18.3,1.007,19.9,14.1,-0.8,62.4,15.7,1724,17.14,17.6,12.960,14,0.0,21.6
795.0,86,582.3,24.6,2.2,86.3,99,90,75.3,12,-0.8,28.2,0.993,9.5,22.0,-0.2,81.1,20.3,2015,22.90,21.2,12.960,14,0.0,23.4
798.0,86,588.1,20.8,9.5,86.3,99,92,75.3,12,-0.8,27.7,1.000,9.8,21.8,0.9,86.3,21.8,2126,25.32,22.9,12.960,14,19.4,22.6
801.0,86,591.3,22.2,27.1,86.5,98,92,72.6,12,-0.8,25.8,1.004,11.1,21.0,1.0,84.8,21.3,2104,24.70,22.0,12.955,14,89.8,27.5
804.0,86,593.9,24.9,24.1,86.7,98,92,68.5,12,-1.0,22.3,1.004,13.7,19.6,-0.8,82.4,20.0,2060,23.67,22.0,12.880,14,89.5,27.5
807.0,86,596.0,26.1,9.4,86.7,99,92,63.5,12,-2.3,15.3,0.994,18.0,19.3,0.2,80.4,19.8,1912,21.71,20.6,12.880,13,73.9,23.0
810.0,86,595.7,17.6,0.8,86.7,98,91,62.0,12,-1.9,17.1,0.996,17.1,18.7,0.8,79.6,19.9,1789,20.03,19.9,12.895,12,46.8,13.4
813.0,87,598.6,24.1,3.7,86.7,98,90,66.0,12,-1.3,21.3,0.997,15.1,18.6,0.8,80.8,20.4,1780,20.04,22.4,12.960,12,90.1,28.6
816.0,87,601.5,27.4,6.0,86.6,99,90,73.4,12,-0.8,27.6,0.998,11.0,22.0,0.8,84.7,20.8,2135,24.26,20.1,12.960,12,90.2,26.6
819.0,87,604.0,24.4,5.8,86.3,98,90,71.4,12,-0.8,24.7,0.998,17.7,17.3,1.3,73.4,16.7,1902,18.05,14.6,12.960,12,90.4,21.9
822.0,87,603.6,15.3,0.0,86.3,99,89,60.8,12,-1.3,21.4,1.000,18.6,15.6,1.6,68.8,14.5,1708,13.30,10.8,12.973,12,91.0,13.3
825.0,87,604.0,22.8,0.0,86.3,99,88,63.0,12,-1.3,21.7,0.999,14.5,18.2,1.6,77.3,17.8,1792,18.11,18.4,13.040,12,91.3,24.5
828.0,87,605.6,28.6,0.0,86.3,99,88,72.8,12,-0.8,27.0,0.994,11.0,22.0,1.6,85.1,22.4,2174,25.52,23.0,12.984,12,89.7,28.6
831.0,87,608.9,29.7,0.0,86.3,98,88,65.9,12,-0.8,18.0,1.000,17.0,18.7,-0.7,79.4,19.9,1993,22.89,22.1,12.999,12,89.2,28.3
834.0,87,611.9,29.0,0.0,86.3,98,88,72.4,12,-0.8,25.3,0.997,13.5,20.6,0.4,80.8,20.6,2014,22.73,21.4,13.040,12,89.9,26.8
837.0,87,615.2,29.6,7.1,86.3,98,89,74.5,12,-0.8,29.6,0.998,11.2,23.2,1.3,86.1,22.5,2225,25.24,24.5,13.031,12,88.3,30.2
840.0,87,618.4,28.5,11.8,86.1,98,92,69.3,12,-0.8,25.1,1.001,12.9,20.1,0.3,80.6,18.2,2204,21.90,18.4,12.960,12,90.1,28.4
843.0,87,614.5,21.0,10.5,86.0,98,94,55.7,12,-0.8,11.4,1.001,19.5,0.0,8.6,22.8,0.0,1748,5.57,6.5,12.960,12,42.2,16.9
846.0,87,603.2,5.9,0.0,86.3,99,92,18.0,12,-3.1,7.2,0.322,2.3,0.0,3.7,21.2,0.0,1713,5.24,0.4,12.960,12,0.0,6.3
849.0,87,583.3,9.4,18.5,86.3,99,91,26.9,12,-2.4,7.2,0.422,3.0,0.0,1.7,20.2,0.0,1672,4.81,0.4,12.966,12,0.0,7.5
852.0,87,575.1,7.2,14.0,86.1,99,89,36.0,12,-1.6,10.3,0.992,22.0,1.0,5.2,21.7,0.0,1662,4.65,0.8,13.040,12,0.0,5.8
855.0,87,568.0,8.2,0.4,85.9,99,88,42.0,12,-1.6,14.1,0.884,22.0,13.7,-1.6,61.2,10.0,1732,11.28,7.4,12.996,12,9.5,10.8
858.0,87,568.0,16.5,1.8,85.9,99,88,58.0,12,-1.6,15.9,0.962,20.4,14.4,0.6,64.6,14.3,1750,15.29,12.4,12.960,12,20.9,17.7
861.0,87,567.5,19.2,1089.1,85.9,99,88,61.8,12,-1.2,19.5,0.999,16.9,16.5,1.5,72.6,16.2,1795,17.55,13.9,12.952,12,25.8,18.4
864.0,87,572.6,22.1,717.5,85.9,99,89,67.0,12,-0.8,23.1,1.006,13.0,19.3,0.0,83.5,19.2,1953,22.16,19.6,12.880,12,90.9,22.6
867.0,87,577.3,24.1,0.0,85.8,98,90,71.3,12,-0.8,24.3,1.000,13.0,20.0,-0.0,83.1,20.0,2085,23.28,19.9,12.930,12,90.6,24.1
870.0,87,580.0,24.5,0.0,85.5,98,90,70.6,12,-0.8,18.8,0.999,18.6,16.3,0.5,76.6,18.6,1908,20.89,18.1,12.960,12,91.1,23.3
873.0,87,579.5,20.4,0.0,85.8,99,90,67.0,11,-0.8,18.8,1.001,19.2,15.4,0.5,73.1,17.5,1760,18.00,15.5,12.960,12,93.3,20.0
876.0,87,582.1,21.5,5.2,85.9,99,90,65.2,11,-0.8,21.1,1.006,15.5,17.5,0.0,77.6,18.0,1887,19.93,16.9,12.960,11,91.9,22.7
879.0,87,584.0,21.4,9.5,85.9,98,90,67.5,11,-0.8,22.4,1.013,15.0,16.5,1.6,72.9,16.7,1820,18.37,15.1,12.960,11,60.6,21.5
882.0,87,584.0,16.1,0.0,85.5,99,90,54.0,11,-1.4,16.7,1.001,18.8,14.7,2.3,66.8,14.7,1746,16.05,12.5,12.978,11,19.5,17.5
885.0,87,584.0,15.3,393.6,85.5,99,90,54.1,11,-1.6,15.5,0.997,20.7,13.8,2.5,62.8,13.6,1697,14.26,9.7,13.040,11,12.2,13.7
888.0,87,584.0,19.2,367.4,85.4,99,91,62.0,11,-1.4,19.1,1.001,17.4,16.1,0.8,74.1,16.5,1749,17.58,16.9,12.865,11,63.8,19.6
891.0,87,584.8,24.4,1.3,85.1,98,92,71.3,11,-0.8,24.3,0.990,14.0,18.5,1.4,77.7,17.8,1915,19.79,17.9,12.839,11,91.5,23.3
894.0,87,587.9,22.7,8.8,85.1,98,96,65.1,11,-0.8,18.5,0.995,18.0,16.9,1.2,72.7,17.0,1935,19.58,16.8,12.901,11,91.5,22.4
897.0,87,588.0,17.9,5.4,84.9,97,97,43.2,11,-1.5,13.2,0.995,24.0,13.8,-0.5,61.3,14.5,1850,16.40,11.8,12.960,11,93.7,16.5
900.0,87,586.0,14.4,2.1,84.6,98,98,20.1,11,-2.3,11.1,0.989,28.9,11.7,-3.9,47.5,11.8,1850,12.89,8.2,12.960,11,36.4,14.1
903.0,87,584.0,14.1,0.0,84.3,99,98,15.7,11,-2.3,17.6,0.979,16.0,18.0,-4.7,69.8,16.0,1858,17.69,13.1,12.960,11,48.9,16.5
906.0,87,584.0,18.8,0.0,84.3,98,98,55.7,11,-2.3,15.2,0.988,20.4,15.1,-0.9,67.1,15.3,1845,17.46,13.9,12.960,11,74.2,20.0
909.0,87,580.9,19.4,36.8,84.3,99,97,60.2,11,-1.5,17.2,1.000,18.0,15.3,0.9,64.9,14.6,1852,15.23,9.8,12.960,11,14.1,15.3
912.0,87,582.2,21.7,28.1,84.5,99,96,65.6,11,-0.8,21.5,1.007,8.8,20.3,-2.1,85.0,19.6,1950,21.69,16.5,12.960,11,69.6,20.4
915.0,87,584.0,21.9,1.9,84.7,98,96,69.1,11,-0.8,23.9,1.000,14.5,19.2,0.8,81.6,18.1,2013,17.24,11.9,12.911,10,92.9,19.3
918.0,87,584.0,17.5,8.2,84.7,97,96,55.7,10,-2.0,19.3,0.996,16.6,17.4,1.3,76.9,17.0,1927,16.53,11.5,12.911,10,93.5,18.1
921.0,87,583.7,26.7,0.0,84.4,98,96,66.9,10,-1.4,21.3,0.994,19.2,13.2,2.9,63.1,15.4,1821,18.08,14.8,12.967,10,82.7,25.1
924.0,87,584.0,22.3,0.0,84.3,99,96,68.7,10,-0.8,22.6,0.995,19.8,11.2,3.7,52.4,14.3,1815,18.72,16.1,13.000,10,0.0,20.4
927.0,87,584.0,20.4,0.0,84.4,99,96,64.6,10,-0.8,20.5,0.998,16.3,17.0,-0.0,74.5,17.3,1836,19.21,16.5,12.969,10,0.0,20.4
930.0,87,584.9,22.8,0.0,84.7,99,96,68.0,10,-0.8,23.5,1.010,11.5,20.0,-0.6,81.4,19.4,1925,21.42,19.0,12.960,10,0.0,22.6
933.0,87,587.8,30.2,0.0,84.7,98,96,75.2,10,-0.8,28.6,0.999,11.0,22.1,0.6,85.0,18.7,2006,20.23,16.5,12.960,10,0.0,24.0
936.0,87,585.4,14.7,0.0,84.7,99,93,48.3,10,-1.6,23.4,0.700,5.6,19.1,1.9,74.9,14.2,2019,13.64,1.6,12.960,10,0.0,5.5
939.0,87,575.0,5.1,0.6,84.7,99,87,16.1,10,-3.1,5.1,0.000,-9.5,0.0,-0.0,19.6,0.0,1561,4.62,0.8,13.013,10,0.0,5.3
942.0,87,558.2,5.4,1.7,84.7,99,78,18.0,10,-3.1,5.1,0.001,-8.8,0.0,0.0,21.5,0.0,1460,4.62,0.4,13.040,10,0.0,5.1
945.0,87,543.9,8.2,0.0,85.0,99,72,44.2,10,-2.1,11.4,0.615,1.0,8.6,-1.5,49.5,7.5,1424,8.56,4.8,12.989,10,11.8,7.4
948.0,87,546.9,21.6,2.8,85.3,98,70,64.3,10,-1.2,20.3,1.005,9.2,18.2,-1.7,83.8,18.3,1569,17.59,19.1,12.800,10,92.2,27.1
951.0,87,552.3,22.7,2.2,85.5,98,71,69.8,10,-0.6,25.0,0.996,9.3,20.1,2.1,85.6,19.6,1950,20.91,16.1,12.800,10,64.2,22.0
954.0,87,557.3,18.6,2.4,85.5,98,72,60.6,10,-0.0,17.6,1.003,15.5,16.1,-1.6,74.5,16.5,1736,17.83,15.3,12.946,10,55.3,19.8
957.0,87,560.8,21.1,8.6,85.5,98,70,64.3,10,0.0,21.4,0.998,13.7,17.6,-0.1,77.9,17.8,1745,18.49,17.2,12.979,10,67.7,21.8
960.0,87,567.7,26.7,0.0,85.5,98,71,72.3,10,-0.5,27.3,0.998,11.3,21.4,0.8,83.6,21.4,1925,22.18,22.3,12.892,10,90.8,26.9
963.0,87,575.3,33.1,3.9,85.5,98,74,77.4,10,-1.0,33.6,0.999,10.2,25.8,0.9,89.4,27.2,2211,27.29,31.0,12.960,10,87.7,36.9
966.0,87,585.2,35.8,11.3,85.4,98,77,78.2,10,-1.6,39.2,0.998,13.0,29.0,1.6,89.4,29.0,2647,33.12,34.3,12.960,10,86.6,39.5
969.0,87,596.2,31.4,22.8,85.1,98,82,75.3,10,-1.6,35.9,1.006,13.6,26.9,1.2,88.0,27.5,2684,33.15,34.0,12.960,10,85.6,41.1
972.0,87,607.6,33.8,15.4,84.8,98,84,71.4,10,-1.6,32.1,1.005,16.5,24.6,0.8,85.2,25.4,2768,33.00,29.8,12.960,10,85.9,36.5
975.0,87,610.3,29.1,6.2,84.7,98,87,71.0,10,-1.4,30.8,0.998,18.7,23.9,0.8,81.6,23.9,2936,32.40,23.9,12.960,10,87.7,28.6
978.0,87,614.4,29.1,0.0,84.7,98,88,76.9,10,-0.8,35.3,0.995,9.5,29.0,0.8,91.8,28.0,2493,30.08,29.4,12.960,10,87.7,32.0
981.0,87,620.0,40.4,0.0,84.7,98,90,76.9,10,-1.3,39.7,0.998,11.8,29.4,0.8,90.4,29.6,2479,30.10,32.3,12.960,10,87.3,38.4
984.0,87,625.8,35.5,8.6,84.9,98,91,75.0,10,-1.6,38.4,1.000,14.1,28.2,1.0,87.8,28.7,2713,32.03,29.7,12.960,10,86.7,34.5
987.0,87,629.8,32.4,12.7,85.1,98,93,71.1,10,-1.5,31.7,1.002,15.4,23.9,1.6,83.1,23.5,2635,29.60,24.7,12.960,10,87.2,33.1
990.0,87,632.0,31.8,10.8,85.1,97,94,64.3,10,-0.8,25.9,1.004,8.5,24.5,-0.1,86.7,25.3,2308,27.30,27.5,12.885,10,87.7,33.3
993.0,87,631.8,36.5,0.0,84.7,98,93,72.2,10,-0.8,29.9,1.002,10.1,24.7,-0.1,88.0,24.8,2187,25.44,28.1,12.847,10,88.4,35.1
996.0,87,634.8,33.2,0.0,84.7,98,92,74.5,10,-0.8,27.6,0.999,13.7,23.1,0.6,83.4,19.9,2269,23.31,21.3,13.040,10,90.2,28.6
999.0,87,634.0,28.3,18.3,84.7,98,91,73.7,10,-0.8,20.8,0.995,19.2,18.4,-0.0,68.6,7.8,1699,5.95,1.2,12.980,10,38.2,18.6
1002.0,87,632.0,25.0,41.4,84.7,98,88,73.7,10,-0.8,30.6,0.988,9.0,23.9,1.2,81.8,18.6,1974,17.65,14.7,13.000,10,43.7,19.3
1005.0,87,631.8,27.8,10.5,84.7,97,86,71.4,10,-0.8,28.5,1.001,10.8,23.7,1.2,87.3,23.9,2164,25.55,25.9,13.020,10,88.7,29.2
1008.0,87,632.0,21.2,3.4,84.7,98,86,69.2,10,-0.5,26.5,1.008,12.1,22.6,1.0,86.3,23.3,2172,25.32,25.6,12.960,10,89.4,24.3
1011.0,87,632.0,17.8,9.6,84.7,98,85,65.9,10,0.0,24.3,1.004,11.4,19.8,1.5,83.0,20.4,1850,20.86,21.2,12.960,10,85.2,22.9
1014.0,87,630.5,20.8,13.5,84.7,98,84,65.9,10,-0.1,20.8,1.008,14.5,18.0,-0.8,79.6,18.7,1749,19.13,18.9,13.014,10,88.3,24.4
1017.0,87,628.5,27.3,0.2,84.7,97,86,73.7,10,-0.8,28.6,1.001,12.4,20.7,0.7,83.4,20.5,1963,22.04,20.3,13.004,10,91.1,26.0
1020.0,87,631.7,22.0,4.2,84.4,97,90,69.3,10,-0.8,25.1,1.002,13.0,20.6,1.3,83.6,20.9,2095,23.84,21.1,12.947,10,85.3,24.6
1023.0,87,629.5,11.9,1.8,84.3,97,93,47.9,10,-1.5,17.5,0.740,10.9,15.9,0.7,74.3,17.5,1957,20.57,15.3,12.880,10,0.0,5.5
1026.0,87,617.3,5.1,0.0,84.3,98,94,14.9,10,-3.1,5.5,0.000,-9.5,0.0,-0.0,17.6,0.0,1748,8.73,4.9,12.934,10,0.0,5.5
1029.0,87,597.4,5.1,0.0,84.3,98,94,14.9,10,-3.1,5.5,0.000,-9.5,0.0,0.0,17.6,0.0,1765,4.73,0.4,12.960,10,0.0,5.5
1032.0,87,583.9,5.1,0.0,84.7,98,97,13.1,10,-4.7,5.5,0.000,-10.3,0.0,0.0,16.3,0.0,1917,4.73,0.4,12.940,11,0.0,5.4
1035.0,87,566.1,5.1,0.0,84.7,98,98,12.1,10,-5.5,5.5,0.000,-10.5,0.0,0.0,14.7,0.0,2137,4.76,0.4,12.882,11,0.0,5.1
1038.0,86,547.7,5.1,0.0,84.9,98,97,11.8,10,-5.5,5.5,0.000,-9.5,0.0,-0.0,14.1,0.0,2261,4.80,0.4,12.960,11,0.0,5.4
1041.0,86,530.6,5.1,0.0,85.1,98,94,11.8,10,-5.5,5.5,0.000,-10.0,0.0,0.0,14.1,0.0,2219,4.76,0.4,12.960,11,0.0,5.3
1044.0,85,516.0,5.1,0.0,85.1,98,94,11.8,10,-5.5,5.5,0.000,-10.0,0.0,0.0,14.1,0.0,2206,4.73,0.5,12.960,11,0.0,5.1
1047.0,84,502.7,5.1,0.0,85.4,98,95,12.7,10,-5.5,5.9,0.000,-9.4,0.0,0.0,14.8,0.0,2218,4.90,0.7,12.960,11,0.0,5.1
1050.0,84,488.0,5.8,0.0,85.5,98,96,14.2,10,-5.5,6.4,0.000,-8.3,0.0,0.0,16.6,0.0,2237,5.59,0.4,12.960,11,0.0,6.3
1053.0,84,471.4,6.2,0.0,85.6,98,96,15.3,10,-5.5,6.7,0.000,-7.5,0.0,-0.0,17.3,0.0,2248,5.69,0.4,12.960,11,0.0,6.1
1056.0,84,454.1,5.8,0.0,85.9,98,96,13.3,10,-5.5,5.9,0.001,-8.3,0.0,0.0,16.0,0.0,2264,5.47,0.6,12.926,11,0.0,5.8
1059.0,84,439.7,5.1,0.0,85.9,99,95,12.3,10,-5.5,5.7,0.000,-9.2,0.0,0.0,14.7,0.0,2253,5.08,0.8,12.896,11,0.0,5.5
1062.0,84,427.2,5.1,0.0,85.9,99,94,11.8,10,-5.5,5.5,0.000,-9.9,0.0,0.0,13.7,0.0,2202,4.71,0.8,12.960,11,0.0,5.2
1065.0,84,413.8,5.1,0.0,85.9,99,94,11.8,10,-5.5,5.5,0.000,-9.5,0.0,-0.0,13.7,0.0,2235,4.70,0.8,12.960,11,0.0,5.1
1068.0,84,402.5,5.1,0.0,85.9,99,94,11.8,10,-5.5,5.1,0.000,-9.5,0.3,0.0,13.7,0.0,2231,4.70,0.8,12.929,11,0.0,5.1
1071.0,84,387.8,5.1,0.0,85.9,99,95,11.8,10,-5.5,5.1,0.000,-9.5,0.3,0.0,13.7,0.0,2228,4.71,0.8,12.894,11,0.0,5.1
1074.0,84,379.2,5.1,0.0,85.9,99,96,12.9,10,-5.5,5.5,0.172,-5.9,0.0,1.1,13.8,0.0,2237,4.74,0.8,13.040,11,0.0,5.1
1077.0,84,372.0,5.1,0.0,85.9,99,96,14.7,10,-5.5,6.7,0.884,18.0,0.0,14.1,16.1,0.0,2132,4.73,0.8,12.990,11,0.0,5.1
1080.0,84,369.2,5.1,0.0,85.9,99,98,12.5,10,-5.5,5.4,0.194,-3.0,0.0,4.7,14.8,0.0,2165,4.74,0.8,12.960,11,0.0,5.1
1083.0,84,355.9,5.1,0.0,86.3,99,96,12.0,10,-5.5,5.1,0.000,-10.5,0.0,0.0,14.1,0.0,2202,4.99,0.7,12.960,11,0.0,5.2
1086.0,84,347.4,5.6,0.0,86.3,99,95,13.0,10,-5.5,5.6,0.000,-9.3,0.0,0.0,14.8,0.0,2194,5.54,0.4,12.960,11,0.0,5.9
1089.0,83,337.3,5.7,0.0,86.3,99,94,13.3,10,-5.5,6.0,0.000,-8.2,0.0,0.0,16.7,0.0,2225,5.90,0.8,12.960,11,0.0,6.2
1092.0,83,327.3,5.4,0.0,86.3,99,94,11.8,10,-5.5,5.1,0.000,-9.5,0.0,-0.0,13.3,0.0,2214,4.93,0.5,12.960,11,0.0,5.7
1095.0,83,317.8,5.1,0.0,86.3,99,96,11.8,10,-5.5,5.1,0.001,-9.1,0.0,0.0,13.3,0.0,2235,4.70,0.6,12.960,11,0.0,5.2
1098.0,83,308.0,5.1,0.0,86.3,99,96,11.8,10,-5.5,5.4,0.000,-9.0,0.0,0.0,13.3,0.0,2250,4.70,0.7,12.960,11,0.0,5.4
1101.0,83,298.8,5.1,0.0,86.3,100,96,11.8,10,-5.5,5.3,0.000,-9.0,0.0,0.0,13.3,0.0,2248,4.69,0.4,12.960,11,0.0,5.1
1104.0,83,290.2,5.1,0.0,86.3,100,96,11.8,10,-5.5,5.1,0.000,-9.0,0.0,-0.0,13.3,0.0,2236,4.77,0.4,12.960,11,0.0,5.1
1107.0,83,282.4,5.1,0.0,86.3,100,96,11.8,10,-5.5,5.1,0.001,-9.5,0.0,0.0,13.3,0.0,2253,4.72,0.6,13.000,11,0.0,5.3
1110.0,83,275.9,5.1,0.0,86.3,100,97,11.8,10,-5.5,5.3,0.000,-9.3,0.0,0.0,13.5,0.0,2258,4.71,0.8,13.023,11,0.0,5.5
1113.0,83,268.1,5.1,0.0,86.3,100,98,11.8,10,-5.5,5.4,0.000,-9.1,0.0,0.0,13.7,0.0,2250,4.76,0.8,12.960,11,0.0,5.1
1116.0,83,260.9,5.1,0.0,86.3,100,98,11.8,10,-5.5,5.1,0.000,-9.5,0.0,-0.0,13.3,0.0,2248,4.70,0.8,12.960,11,0.0,5.1
1119.0,83,254.5,5.1,0.0,86.3,100,98,11.8,10,-5.5,5.1,0.001,-9.5,0.0,0.0,13.3,0.0,2250,4.70,0.6,12.960,11,0.0,5.1
1122.0,83,243.9,5.1,0.0,86.3,100,97,12.2,10,-5.5,5.5,0.000,-9.1,0.0,0.0,14.2,0.0,2214,4.85,0.4,12.960,11,0.0,5.1
1125.0,83,239.4,5.9,0.0,86.3,100,95,14.0,10,-5.5,6.0,0.000,-8.2,0.0,0.0,16.6,0.0,2100,5.43,0.4,12.960,11,0.0,6.3
1128.0,83,234.9,7.6,0.0,86.3,100,92,18.2,10,-5.5,6.3,0.000,-6.5,0.0,-0.0,18.5,0.0,2066,5.57,0.6,13.003,11,4.0,6.1
1131.0,82,232.0,10.6,0.0,86.3,100,90,38.4,10,-2.8,7.1,0.620,18.6,4.2,-0.8,26.9,4.2,1921,7.62,2.4,13.040,11,11.7,6.8
1134.0,82,241.8,8.1,0.0,86.3,100,91,28.6,10,-2.1,7.5,1.007,39.1,8.8,-1.7,38.5,10.0,1716,11.42,6.7,13.040,11,26.3,14.1
1137.0,82,251.8,8.5,0.0,86.3,100,92,17.9,10,-3.1,7.5,0.993,37.5,11.0,-2.3,47.5,11.4,1773,12.32,7.2,12.988,11,24.0,13.2
1140.0,82,260.8,14.0,0.0,86.3,100,94,38.4,10,-1.6,9.1,1.000,36.6,10.1,-1.5,43.1,10.4,1775,11.13,6.6,12.960,11,18.7,11.0
1143.0,82,271.8,7.5,0.0,86.3,100,94,26.3,10,-2.3,7.8,0.614,22.1,7.2,-0.6,34.0,8.0,1769,8.88,4.7,12.960,11,7.8,6.3
1146.0,82,272.0,9.2,4.0,86.3,100,94,25.3,10,-2.9,6.7,0.143,-7.7,1.2,-0.0,16.9,2.4,1736,4.64,0.4,12.960,11,3.7,6.3
1149.0,82,273.1,9.5,6.9,86.3,100,94,53.5,10,-2.3,14.1,1.013,31.0,0.0,2.4,21.0,0.7,1754,4.71,0.6,12.960,11,1.0,5.8
1152.0,82,276.0,5.1,0.0,86.3,100,92,14.9,10,-2.9,7.8,0.337,28.2,3.2,3.5,21.8,3.5,1727,5.74,2.0,12.960,11,3.8,6.3
1155.0,82,275.8,9.8,0.0,86.3,100,91,30.2,10,-2.7,5.1,0.439,19.9,3.6,3.4,20.2,5.3,1707,6.59,3.9,12.965,11,15.7,10.6
1158.0,82,276.0,8.0,0.0,86.3,100,89,32.3,10,-2.5,5.3,0.790,6.7,0.0,2.1,17.9,0.0,1775,4.73,0.4,13.040,11,4.0,6.7
1161.0,82,272.5,5.7,0.0,86.3,100,88,17.0,10,-3.1,6.0,0.084,-6.4,0.0,-0.0,22.4,0.0,1700,5.65,0.4,12.983,11,0.0,6.1
1164.0,82,268.0,6.7,0.0,86.4,100,86,22.2,10,-3.1,7.1,0.999,40.0,4.6,4.8,26.7,3.8,1629,6.31,0.9,13.010,11,4.2,6.9
1167.0,82,269.4,7.4,4.6,86.7,100,88,23.5,10,-3.1,7.1,1.010,40.0,5.6,1.1,27.9,5.4,1666,6.71,1.9,13.005,11,10.2,8.1
1170.0,82,279.9,13.7,66.8,86.7,100,91,19.9,10,-4.5,6.2,0.471,17.4,3.4,-1.0,24.5,4.1,1737,6.39,2.2,12.960,11,13.1,10.9
1173.0,82,277.3,8.1,25.4,86.9,100,91,16.6,10,-5.5,5.4,0.000,-8.8,1.0,0.0,17.5,0.6,1797,4.86,0.4,12.960,11,0.0,5.1
1176.0,82,274.2,5.3,0.0,87.1,100,89,15.1,10,-5.0,5.2,0.147,-5.9,4.5,-0.0,19.2,7.1,1750,6.57,2.2,12.960,11,6.7,6.8
1179.0,82,275.6,8.3,0.0,87.1,100,88,17.9,10,-3.1,5.9,1.119,36.0,9.0,-0.8,34.1,12.1,1708,14.06,9.7,13.001,11,30.6,12.7
1182.0,82,288.0,19.6,0.0,87.1,100,90,66.7,10,-1.4,15.4,1.034,24.6,11.9,-0.4,49.4,12.6,1709,15.35,12.7,12.995,11,48.7,18.7
1185.0,83,300.1,10.7,0.0,87.1,100,91,42.6,10,-1.2,14.6,0.996,24.7,12.4,-0.2,52.3,10.5,1743,10.29,6.8,12.883,11,14.1,12.5
1188.0,84,306.1,7.3,0.0,87.1,100,93,31.7,10,-1.6,10.0,1.004,37.2,9.0,-0.8,34.1,9.0,1762,9.07,4.3,12.960,11,6.6,8.7
1191.0,84,310.4,9.5,0.0,87.1,100,94,52.3,10,-1.6,15.3,1.012,21.0,9.0,-1.6,34.9,7.2,1772,7.03,2.7,12.960,11,10.2,8.9
1194.0,84,317.0,15.1,0.0,87.1,100,96,63.5,10,-0.4,18.4,1.006,17.2,14.1,-2.0,58.6,12.6,1837,12.73,7.4,12.960,11,30.8,13.5
1197.0,84,335.8,21.6,0.0,87.1,100,99,56.7,10,-1.3,17.2,0.996,17.3,16.5,-0.6,74.8,17.3,1900,20.52,16.2,12.960,11,67.9,21.2
1200.0,85,343.5,12.3,0.0,86.9,100,99,38.8,10,-3.3,12.1,0.724,14.3,12.6,2.0,63.2,14.2,1893,18.36,10.6,12.960,11,0.0,6.3
1203.0,85,343.3,5.4,0.0,86.7,101,98,18.4,10,-5.3,6.1,0.019,-10.0,0.0,-0.0,16.5,0.0,1799,4.58,3.2,13.015,11,0.0,5.7
1206.0,85,338.9,7.3,0.0,86.7,101,96,36.9,10,-2.3,18.0,0.884,5.6,12.3,1.0,58.6,12.3,1877,14.50,10.8,13.040,11,28.0,11.4
1209.0,86,355.9,27.8,0.0,86.7,100,99,61.8,10,-1.4,23.6,0.943,11.5,20.0,1.3,85.6,21.3,2076,24.71,22.3,13.040,11,89.7,27.1
1212.0,86,376.4,25.4,5.0,86.7,100,102,73.8,10,-0.8,27.0,0.993,11.6,22.1,1.0,86.7,22.3,2382,28.65,23.1,13.040,11,88.1,27.8
1215.0,86,395.1,19.5,9.0,86.7,100,106,67.6,10,-0.9,24.7,0.994,14.0,20.4,2.3,81.2,20.4,2173,25.93,20.7,13.040,11,51.9,21.4
1218.0,86,408.3,10.7,10.2,86.7,101,108,33.7,10,-2.3,9.0,1.000,31.6,10.9,2.8,47.5,14.0,2104,17.15,13.7,13.040,11,18.1,14.1
1221.0,86,411.9,12.5,43.0,86.7,100,109,31.2,10,-2.3,8.6,0.996,39.5,6.6,3.8,23.3,8.3,2041,8.68,5.6,13.025,11,15.3,12.6
1224.0,86,414.7,10.3,16.6,86.7,101,110,26.3,10,-2.3,8.2,0.993,39.4,7.7,4.1,25.2,7.6,2048,7.73,4.7,12.960,11,14.9,9.4
1227.0,86,417.7,7.4,0.0,86.7,101,110,19.4,10,-2.8,7.9,0.923,37.8,8.6,1.6,27.5,6.7,2036,4.67,0.8,13.076,11,5.3,7.3
1230.0,86,416.9,5.2,0.0,86.7,101,110,11.9,10,-5.5,5.1,0.000,-12.5,2.2,0.4,17.9,2.2,2021,4.47,0.6,13.082,11,0.0,5.6
1233.0,86,403.9,5.5,0.0,87.1,101,106,14.9,10,-5.5,5.8,0.000,-9.3,0.0,0.0,16.3,0.0,1998,4.96,0.4,13.040,11,0.0,5.3
1236.0,86,389.7,6.0,0.0,87.1,101,101,17.3,10,-5.5,6.3,0.000,-6.2,0.0,0.0,19.6,0.0,1962,6.14,0.4,13.040,11,0.0,6.7
1239.0,86,379.8,8.9,31.4,87.1,101,95,29.8,10,-4.6,7.9,0.161,-3.0,1.1,-0.1,20.6,0.0,1862,5.42,0.8,12.914,11,5.3,7.0
1242.0,86,381.1,13.9,61.3,87.1,101,93,54.3,10,-1.6,14.9,1.013,19.5,14.9,-2.3,67.5,11.2,1819,13.41,8.0,12.968,11,26.1,12.2
1245.0,86,393.1,19.4,26.2,87.1,100,98,66.7,10,-0.8,18.7,1.005,17.1,16.3,-1.1,71.9,16.1,1868,18.74,10.9,13.015,11,37.8,15.8
1248.0,86,407.7,5.1,7.2,87.1,101,99,36.3,10,-3.3,14.4,0.991,22.5,15.2,0.5,67.3,15.3,1941,17.47,5.7,12.966,11,7.5,5.5
1251.0,86,405.7,5.7,7.1,87.1,101,100,14.8,10,-5.5,8.4,0.956,35.0,10.9,2.8,44.3,10.8,1910,7.45,0.8,13.040,11,1.7,5.2
1254.0,86,404.0,7.0,14.9,87.1,101,100,15.8,10,-5.3,6.8,0.884,40.0,7.8,11.7,25.5,8.2,1873,8.01,2.8,13.040,11,5.5,6.4
1257.0,86,403.7,8.5,17.5,87.1,101,100,34.5,10,-2.3,9.4,0.973,39.1,3.1,5.9,22.0,3.9,1875,6.36,2.8,13.040,11,8.5,7.2
1260.0,86,399.7,5.1,5.2,87.1,101,100,22.0,10,-3.9,7.4,0.571,19.5,0.0,1.1,17.8,0.0,1878,4.39,0.8,13.040,11,0.0,4.7
1263.0,86,391.5,5.7,0.0,87.1,101,101,19.4,10,-4.7,6.7,0.168,-7.1,1.3,0.3,16.2,0.3,1887,4.39,0.4,13.040,11,0.0,5.0
1266.0,86,386.4,7.1,0.0,87.1,101,103,33.6,10,-2.3,12.5,0.884,26.0,12.2,3.9,49.0,12.2,2050,11.79,5.5,13.040,11,11.5,8.8
1269.0,86,393.4,9.7,0.0,87.1,101,106,32.9,10,-2.3,13.3,0.971,26.0,12.6,2.9,50.6,12.6,2119,15.18,8.6,13.040,11,24.1,13.1
1272.0,86,403.8,13.7,0.0,87.4,101,110,42.4,10,-2.3,14.6,1.003,24.8,13.7,2.6,55.1,13.5,2144,16.64,9.0,13.040,11,26.9,13.7
1275.0,86,413.0,12.9,0.0,87.5,101,113,45.5,10,-2.3,13.8,1.003,20.4,13.1,2.8,58.5,14.2,2161,19.09,11.0,13.040,11,33.7,15.1
1278.0,86,418.9,11.1,0.0,87.5,101,116,38.5,10,-2.3,8.2,0.999,5.5,0.0,-0.0,14.1,0.0,2135,4.38,4.5,13.040,11,22.5,12.0
1281.0,86,416.0,7.5,0.0,87.1,101,114,22.7,10,-4.6,9.0,0.986,25.1,5.4,1.7,22.6,4.5,2131,6.68,2.6,13.040,11,9.6,7.9
1284.0,86,419.1,11.5,0.0,87.1,101,114,32.5,10,-4.0,11.5,0.987,34.1,10.6,2.9,35.9,10.1,2146,10.79,6.1,13.040,11,10.5,12.2
1287.0,86,427.9,13.3,1.5,87.1,101,114,39.0,10,-2.3,13.4,1.000,26.5,13.3,2.3,52.2,13.7,2224,16.45,10.2,13.040,11,29.8,13.7
1290.0,86,437.6,13.8,3.1,87.1,101,114,31.4,10,-2.3,10.2,1.004,26.0,13.3,1.3,52.7,13.4,2194,16.36,10.0,13.040,11,29.3,14.4
1293.0,86,444.0,14.1,0.0,87.1,101,114,36.0,10,-2.3,10.7,1.001,29.4,12.6,1.2,48.5,12.7,2166,15.36,9.2,13.040,11,27.7,13.9
1296.0,86,446.8,12.3,0.0,87.1,101,114,37.6,10,-2.3,11.5,0.999,30.2,13.0,1.4,48.7,12.8,2168,14.90,8.1,13.040,11,22.0,12.2
1299.0,86,452.0,15.1,0.0,87.2,101,115,44.6,10,-2.3,13.6,1.000,24.7,16.1,0.8,69.0,16.9,2250,22.38,14.9,12.974,11,23.9,17.3
1302.0,86,459.4,19.5,0.0,87.5,101,116,62.6,10,-2.3,19.2,0.998,20.5,16.5,1.6,69.4,16.9,2241,22.32,14.9,13.008,11,36.5,19.4
1305.0,86,468.2,19.2,0.0,87.5,101,118,59.6,10,-2.3,18.4,0.999,22.6,15.6,2.0,64.4,15.9,2248,20.99,13.0,13.013,11,44.1,18.1
1308.0,86,479.7,16.0,0.0,87.5,101,118,54.2,10,-2.3,17.4,1.002,23.7,15.4,1.9,62.7,15.4,2257,19.68,10.2,12.960,11,25.9,13.7
1311.0,86,484.2,19.0,16.1,87.3,101,117,55.3,10,-2.0,18.1,1.004,22.1,16.7,0.8,72.5,17.3,2236,22.70,15.7,12.960,12,29.0,19.5
1314.0,86,491.4,22.6,36.7,87.1,101,116,69.7,10,-0.8,24.3,0.992,15.5,20.0,2.3,77.9,19.2,2254,24.48,18.0,13.006,12,57.4,21.6
1317.0,86,500.5,21.3,45.5,87.1,101,112,66.7,10,-1.9,16.1,0.996,21.6,18.1,1.0,77.1,19.2,2181,24.54,19.4,13.040,12,87.0,22.1
1320.0,86,507.7,25.5,10.5,87.1,100,108,70.4,10,-1.5,19.6,1.003,20.1,18.7,-0.3,77.6,19.4,2148,24.27,19.7,13.040,12,90.9,25.2
1323.0,86,515.2,28.8,0.0,87.1,100,105,74.7,10,-1.0,28.4,1.006,12.9,22.2,-0.5,83.8,22.3,2345,27.47,22.4,13.040,12,88.6,27.8
1326.0,86,525.6,32.4,3.1,87.1,101,104,77.4,10,-1.6,33.3,0.995,12.5,25.9,1.6,87.1,25.9,2523,31.17,27.1,13.040,12,88.0,31.5
1329.0,86,537.0,34.5,10.3,87.1,101,104,76.1,10,-1.6,34.5,0.998,12.8,25.9,1.6,86.6,25.9,2558,31.35,29.4,13.040,12,87.5,34.9
1332.0,86,547.8,34.9,0.8,87.1,101,105,76.1,10,-10.7,34.5,0.998,13.0,25.7,1.6,86.1,25.9,2591,31.50,29.2,13.040,12,87.5,34.7
1335.0,86,556.0,33.4,6.1,87.1,100,107,71.2,10,-10.9,31.6,1.003,13.1,24.5,1.4,85.2,25.2,2556,30.96,28.5,13.040,12,87.8,32.9
1338.0,86,561.7,30.3,5.9,87.0,100,109,67.6,10,-0.8,26.4,1.012,13.5,21.2,0.8,82.4,21.6,2286,26.71,22.4,13.040,12,88.3,29.4
1341.0,86,564.8,26.1,0.0,86.7,100,112,72.9,10,-0.8,27.1,1.001,13.9,21.2,0.2,81.8,20.8,2247,25.37,20.1,13.040,12,81.5,25.1
1344.0,86,568.0,21.2,0.0,86.7,100,114,67.5,10,-0.8,23.6,1.001,16.5,19.1,0.4,73.9,17.4,2209,20.54,14.9,13.040,12,62.0,20.7
1347.0,86,571.1,17.3,28.0,86.7,101,114,61.2,10,-1.5,19.9,1.001,19.5,16.8,1.2,65.4,14.1,2182,15.32,8.6,13.040,12,19.2,14.5
1350.0,86,572.0,17.8,19.6,86.7,101,113,58.8,10,-2.3,18.1,1.002,21.3,15.8,2.3,65.3,15.7,2162,20.02,12.9,13.040,12,18.9,16.5
1353.0,86,572.0,19.4,641.4,86.7,101,112,62.1,10,-2.3,19.6,1.002,19.5,16.9,1.6,72.2,17.3,2144,21.10,14.8,13.040,12,23.2,18.8
1356.0,86,571.9,20.0,2906.4,86.7,101,112,63.5,10,-2.3,16.7,1.001,21.4,16.1,1.6,69.0,16.6,2126,20.75,15.1,13.040,12,29.8,20.3
1359.0,86,572.0,16.5,1006.2,86.7,101,112,53.3,10,-2.3,15.0,1.000,23.4,15.1,1.8,64.1,15.6,2118,19.24,13.1,13.040,14,37.6,17.6
1362.0,86,572.0,20.6,0.0,86.7,101,113,52.6,10,-2.0,17.3,1.000,23.5,14.9,2.2,58.8,14.9,2150,18.80,15.3,13.040,14,73.8,23.0
1365.0,86,573.8,27.3,0.0,86.7,100,117,75.2,10,-0.8,28.6,1.004,12.5,22.7,-0.0,83.9,20.7,2411,26.15,19.7,13.040,14,53.2,26.8
1368.0,86,579.9,26.7,0.0,86.7,101,124,73.7,10,-0.8,27.6,1.005,13.1,22.3,-0.8,83.5,22.4,2514,29.49,23.0,13.040,14,0.0,28.3
1371.0,86,582.8,28.8,0.0,86.7,101,127,73.7,10,-1.1,27.9,1.003,14.0,22.1,-1.1,82.7,22.1,2511,29.05,22.7,13.040,14,0.0,28.6
1374.0,86,587.7,28.9,0.0,86.7,101,131,72.9,10,-1.6,29.1,0.998,15.5,22.4,0.8,81.2,22.4,2574,29.25,22.7,13.040,14,0.0,28.1
1377.0,86,592.0,27.7,0.0,86.7,101,134,69.8,10,-1.6,26.7,1.000,17.5,21.8,0.2,81.2,22.1,2559,29.11,22.5,13.040,14,38.1,27.7
1380.0,86,592.1,27.5,0.0,86.7,101,136,68.2,10,-1.6,26.7,1.001,18.1,21.6,0.4,80.6,22.0,2565,29.11,22.6,13.040,14,88.2,27.7
1383.0,86,595.5,29.4,0.0,86.4,101,136,70.3,10,-1.6,28.0,1.001,17.7,21.9,0.8,80.1,22.2,2607,29.49,23.2,13.040,14,88.2,28.6
1386.0,86,597.9,26.4,0.0,86.3,101,135,70.5,10,-1.6,28.8,1.000,16.4,22.5,0.8,80.4,23.1,2711,31.02,24.7,13.040,15,88.2,27.6
1389.0,86,600.9,23.7,0.0,86.3,101,134,65.1,10,-1.6,23.5,0.998,20.0,19.6,0.8,77.6,21.0,2582,28.39,22.0,13.040,15,88.7,26.9
1392.0,86,604.0,27.8,0.0,86.3,101,130,70.9,10,-1.6,26.6,0.999,17.8,21.0,0.8,78.8,21.0,2527,27.84,21.0,13.040,15,89.2,27.0
1395.0,86,603.5,23.7,0.0,86.3,101,129,69.8,10,-1.6,25.9,1.000,17.5,18.4,0.8,71.0,18.9,2519,27.21,22.0,13.040,15,88.2,28.2
1398.0,86,597.9,13.9,0.0,86.3,101,126,52.3,10,-2.4,19.7,1.017,21.8,6.4,0.8,24.3,0.0,2311,5.62,0.8,13.040,15,27.0,13.2
1401.0,86,589.9,8.6,9.0,86.3,101,120,14.0,10,-5.5,5.9,1.119,35.5,11.0,6.2,34.8,8.7,2254,11.85,6.5,13.040,15,8.0,10.1
1404.0,86,583.9,19.6,41.2,86.3,101,118,62.0,10,-3.2,16.4,1.043,25.8,15.2,2.7,56.3,15.3,2251,18.80,12.9,13.040,15,26.4,17.6
1407.0,86,584.0,21.7,14.8,86.3,100,120,64.4,10,-1.6,22.0,1.001,18.7,18.9,-0.6,76.6,19.1,2294,24.60,18.1,13.040,15,71.0,22.7
1410.0,86,585.9,24.1,0.0,86.3,100,122,68.2,10,-0.8,23.0,1.002,18.8,19.2,0.0,79.6,20.4,2325,25.92,20.4,13.040,15,84.0,24.6
1413.0,86,588.0,22.5,6.8,86.3,100,122,70.4,10,-0.8,24.3,1.000,16.5,18.4,0.8,73.8,16.7,2308,19.15,10.9,13.040,15,53.0,19.0
1416.0,86,588.0,11.0,34.2,86.3,101,118,32.9,10,-1.9,17.6,0.996,22.0,16.6,1.6,67.9,15.9,2277,18.22,7.2,13.040,15,11.0,11.8
1419.0,86,583.6,13.9,566.9,86.3,101,119,41.4,10,-2.3,13.5,0.993,27.3,14.1,3.0,58.1,15.4,2253,20.84,14.4,13.040,15,24.7,19.6
1422.0,86,584.0,14.3,1833.3,86.1,101,121,50.3,10,-2.3,13.6,0.995,29.7,12.1,4.6,42.4,12.2,2262,14.11,8.2,13.040,15,15.4,14.9
1425.0,86,584.0,16.0,2407.6,85.9,101,122,56.2,10,-2.3,20.0,1.013,20.5,18.0,-1.6,68.3,17.2,2326,21.63,14.2,12.994,15,42.5,17.7
1428.0,86,584.0,22.6,0.0,85.9,100,126,62.0,10,-1.1,20.3,0.997,20.8,17.5,-1.1,72.9,18.1,2364,24.55,17.0,12.990,15,68.7,22.4
1431.0,86,583.8,20.8,0.0,85.9,101,125,63.6,10,-0.8,20.8,0.997,20.5,17.8,-1.1,72.8,17.9,2371,24.02,16.0,13.040,15,58.3,20.5
1434.0,86,586.6,21.5,0.0,85.9,101,124,65.0,10,-0.8,21.2,1.001,20.1,18.2,-1.5,74.5,18.3,2360,24.44,17.3,13.040,15,64.3,22.0
1437.0,86,588.0,21.1,0.0,85.9,101,124,65.4,10,-0.9,21.2,1.000,20.5,17.6,-0.8,72.2,17.6,2336,23.94,16.7,13.040,16,47.9,19.1
1440.0,86,588.0,18.5,0.0,85.9,101,122,62.7,10,-2.3,20.4,1.000,20.9,17.4,-0.2,71.9,17.4,2337,23.55,16.1,12.969,16,33.9,18.1
1443.0,86,587.8,10.6,0.0,85.9,101,123,45.8,10,-2.3,15.9,0.998,24.5,15.3,1.4,61.7,15.6,2333,20.95,14.4,12.915,16,27.6,20.7
1446.0,86,588.0,15.5,148.9,85.9,101,123,28.6,10,-3.5,11.9,0.996,28.7,12.9,2.3,47.3,12.9,2324,16.37,11.0,13.040,16,20.8,18.4
1449.0,86,586.4,18.0,174.4,85.8,101,121,16.7,10,-5.5,9.7,0.997,31.0,12.9,-1.6,46.3,12.9,2311,15.64,8.6,13.040,16,22.6,16.0
1452.0,86,583.6,17.2,0.0,85.5,101,118,22.0,10,-5.5,5.5,0.242,19.1,10.2,1.7,32.8,12.1,2241,14.76,9.1,13.072,16,26.4,14.5
1455.0,86,579.8,15.7,57.0,85.5,101,115,45.4,10,-3.7,13.0,0.509,16.1,11.7,2.0,38.2,13.0,2185,15.67,10.7,13.120,16,31.1,15.5
1458.0,86,580.0,17.4,47.9,85.5,101,114,61.0,10,-1.8,19.5,1.008,20.3,16.9,-1.6,70.8,16.9,2212,21.50,14.5,13.120,16,11.0,7.5
1461.0,86,580.0,19.9,35.9,85.5,101,114,63.9,10,-0.8,20.4,1.000,19.0,17.3,-1.6,73.7,17.6,2198,22.54,16.3,13.120,16,42.9,15.0
1464.0,86,580.0,22.7,24.5,85.5,101,114,67.5,10,-0.8,20.4,0.998,20.3,16.6,0.2,70.6,17.3,2188,22.66,16.8,13.064,16,69.4,22.4
1467.0,86,579.7,21.6,18.6,85.5,101,114,66.6,10,-0.8,21.0,0.997,19.5,17.4,1.4,70.7,17.7,2182,22.77,16.7,12.965,16,60.4,21.2
1470.0,86,582.2,24.1,8.1,85.3,101,114,67.5,10,-0.8,22.7,0.998,16.8,20.0,0.8,79.2,20.4,2212,25.23,22.0,13.040,16,15.1,24.8
1473.0,86,585.3,26.2,0.0,85.1,101,114,70.5,10,-0.8,25.7,1.001,15.0,20.4,-0.0,80.8,20.7,2284,26.10,21.5,13.040,16,0.0,26.1
1476.0,86,588.0,25.8,0.0,85.1,101,116,69.8,10,-0.8,19.6,0.999,18.8,18.3,0.0,75.7,19.5,2262,24.99,20.2,13.040,16,0.0,25.5
1479.0,86,587.9,25.1,0.0,84.8,101,116,69.8,10,-0.8,22.9,0.998,17.9,18.7,0.0,74.9,19.2,2235,24.03,19.3,13.055,16,9.1,24.4
1482.0,86,590.7,23.1,0.0,84.7,101,117,68.0,10,-0.8,22.2,0.998,17.9,19.0,0.6,75.6,19.9,2280,25.56,21.2,13.120,16,89.4,25.5
1485.0,86,592.0,22.0,0.0,84.7,101,118,66.1,10,-0.8,16.4,0.998,26.3,14.1,3.1,55.3,14.9,2224,20.12,14.9,13.063,16,65.9,22.4
1488.0,86,592.0,21.6,0.0,84.7,101,118,66.7,10,-0.8,22.0,1.003,19.0,17.2,1.5,68.0,16.6,2247,21.65,14.0,13.040,16,40.5,19.4
1491.0,87,591.8,18.0,0.0,84.7,101,119,50.1,10,-1.7,13.2,0.999,25.6,15.4,0.1,60.5,15.5,2254,20.19,11.9,13.040,16,18.6,17.1
1494.0,87,589.4,14.3,1.9,84.9,101,119,34.4,10,-2.3,7.2,0.997,30.3,9.4,1.0,35.6,10.6,2231,13.19,7.8,13.040,16,11.0,12.2
1497.0,87,584.6,9.3,9.0,85.1,101,117,22.3,10,-2.7,8.8,1.000,21.0,0.0,9.4,14.9,2.0,2174,4.83,3.4,13.040,17,9.5,9.2
1500.0,87,579.3,7.0,18.2,85.1,101,114,13.3,10,-5.5,6.7,0.979,32.2,5.6,4.4,22.2,8.1,2139,10.22,6.7,13.003,17,13.0,10.6
1503.0,87,575.8,18.4,0.0,84.8,101,113,43.7,10,-3.6,12.8,0.983,31.8,9.5,2.8,33.3,12.8,2108,15.58,12.1,12.975,16,21.1,18.1
1506.0,86,576.0,19.6,232.1,84.7,101,111,62.3,10,-1.8,18.3,0.990,24.6,12.5,3.9,48.5,14.4,2101,17.99,14.5,13.040,16,26.3,20.4
1509.0,86,576.0,20.8,282.8,84.6,101,110,65.6,10,-0.8,20.5,0.996,17.5,18.0,-0.8,75.3,18.0,2111,22.46,16.4,13.040,16,45.0,20.8
1512.0,86,576.4,21.7,0.4,84.3,101,112,68.2,10,-0.8,22.4,1.000,17.5,18.3,0.7,75.8,18.4,2139,22.73,17.8,13.040,16,66.1,21.7
1515.0,86,579.8,23.1,8.8,84.0,100,113,68.2,10,-0.8,23.0,0.999,17.1,18.7,1.6,76.6,19.0,2172,23.28,18.5,13.040,17,78.9,23.1
1518.0,86,580.0,23.7,5.2,83.9,100,115,68.5,10,-0.8,23.9,0.999,16.6,19.3,1.7,77.6,19.6,2201,24.16,19.2,13.040,17,81.9,23.5
1521.0,86,581.2,24.4,2.0,83.8,100,116,68.9,10,-0.8,24.7,0.998,17.0,20.0,2.3,78.0,20.4,2260,24.72,19.7,13.040,16,85.4,23.7
1524.0,86,583.0,23.3,2.7,83.5,100,118,68.2,10,-0.8,21.4,0.997,25.4,14.5,2.3,49.7,12.2,2224,15.43,12.0,13.010,16,62.9,19.0
1527.0,86,575.8,5.1,7.8,83.5,101,115,44.6,10,-1.7,15.6,0.937,28.3,12.5,3.2,38.8,8.8,2173,9.69,4.0,12.973,16,4.9,5.9
1530.0,86,576.0,14.6,3.5,83.5,101,113,46.8,10,-1.7,15.0,0.919,24.2,15.5,4.0,62.0,17.0,2137,22.59,16.9,13.040,16,62.7,21.2
1533.0,86,576.0,21.3,0.6,83.4,101,112,67.1,10,-0.8,21.4,0.997,17.5,18.0,-0.0,75.7,18.4,2136,22.83,17.4,13.040,16,63.9,21.4
1536.0,86,576.7,21.9,1.6,83.1,101,112,69.0,10,-0.8,23.5,0.997,17.5,19.4,1.6,78.3,19.7,2205,24.18,18.8,13.040,16,73.2,22.5
1539.0,86,580.0,23.9,0.0,83.1,100,114,69.0,10,-0.8,23.8,0.998,17.0,19.8,1.2,79.4,20.1,2230,24.87,19.9,13.040,16,87.4,24.2
1542.0,86,580.0,23.6,0.0,83.1,100,114,68.6,10,-0.8,23.7,0.998,16.3,19.5,0.2,79.0,18.4,2191,23.63,19.2,13.040,17,85.5,23.9
1545.0,86,580.0,22.7,12.5,83.1,100,114,69.0,10,-0.8,24.2,0.998,15.6,19.5,1.0,78.6,14.2,2150,19.82,15.7,13.040,17,41.1,21.3
1548.0,86,581.4,22.1,17.7,83.1,101,115,70.1,10,-0.8,26.2,0.994,13.5,21.2,2.3,80.8,21.6,2250,24.96,20.2,13.092,17,45.2,19.8
1551.0,86,584.0,22.6,0.7,83.1,101,118,67.5,10,-0.8,23.5,0.993,16.1,20.1,2.8,78.5,20.3,2267,25.73,20.9,13.084,17,66.4,20.8
1554.0,86,584.0,23.9,7.0,83.1,100,121,67.5,10,-1.8,19.7,0.992,20.6,17.4,2.7,63.1,16.8,2282,22.64,18.1,13.040,17,77.7,23.9
1557.0,86,587.0,24.5,3.5,83.1,100,122,68.7,10,-1.6,20.7,0.994,21.2,16.8,1.7,53.5,14.5,2312,19.77,15.8,13.040,16,63.9,23.9
1560.0,86,588.0,25.1,2.6,83.1,100,121,69.8,10,-0.8,25.2,0.997,16.5,20.4,0.1,80.0,20.8,2312,26.34,20.8,13.040,16,82.8,25.0
1563.0,86,589.1,26.9,2.8,83.1,100,120,70.0,10,-0.8,25.5,0.999,16.0,20.4,2.3,80.0,21.4,2303,27.15,22.9,13.040,16,88.8,27.3
1566.0,86,592.4,31.4,0.0,83.1,101,118,74.5,10,-1.4,30.2,0.995,14.7,22.6,1.9,81.5,22.8,2484,29.27,25.1,12.981,16,87.5,29.9
1569.0,86,599.9,31.0,0.0,83.4,101,119,73.5,10,-1.6,31.6,0.996,14.9,23.7,1.6,82.3,23.9,2662,31.30,26.2,12.920,16,86.8,31.2
1572.0,86,602.5,29.0,10.7,83.5,101,121,70.5,10,-1.3,28.8,0.999,16.6,22.6,1.3,81.1,23.5,2638,31.13,25.9,13.079,17,87.8,27.8
1575.0,86,604.0,27.0,18.9,83.4,100,122,67.5,10,-0.8,23.3,1.002,18.5,19.2,-0.0,77.3,19.6,2336,25.07,20.4,13.052,17,80.6,25.2
1578.0,86,604.0,26.1,15.1,83.1,100,124,72.9,10,-0.8,27.1,0.999,15.0,21.0,0.0,80.7,20.9,2404,26.96,20.4,13.040,17,49.0,24.7
1581.0,86,603.9,27.8,6.0,83.1,101,125,72.9,10,-1.3,27.1,0.999,16.4,20.4,0.0,82.9,20.1,2439,27.02,20.7,13.055,17,0.0,27.7
1584.0,86,606.8,21.6,2.2,83.1,101,126,66.6,10,-1.9,24.3,1.001,20.2,17.9,0.2,79.4,16.5,2385,22.59,13.8,13.117,17,0.0,18.8
1587.0,86,606.1,18.9,5.4,83.1,101,126,59.3,10,-2.3,19.6,1.004,22.0,16.5,0.8,67.5,16.5,2374,22.48,14.9,13.040,17,0.0,19.1
1590.0,86,601.9,16.5,10.5,83.1,101,126,59.5,10,-2.3,19.6,0.999,22.0,16.5,0.8,66.9,5.5,2358,12.16,7.0,13.040,17,0.0,13.1
1593.0,86,595.8,7.0,0.8,83.1,101,124,21.2,10,-4.7,13.3,0.918,25.6,14.0,5.9,54.1,7.1,2350,10.13,3.8,13.013,17,3.2,7.2
1596.0,86,591.7,17.6,27.8,83.1,101,125,44.9,10,-3.8,14.7,0.940,25.8,13.0,5.9,51.1,11.5,2361,15.11,8.1,12.970,17,12.2,12.9
1599.0,86,589.7,13.3,236.4,83.1,101,125,46.3,10,-2.3,16.4,1.002,25.6,13.1,0.3,60.8,8.7,2383,14.66,7.8,13.040,17,11.8,12.9
1602.0,86,586.6,8.3,292.4,83.1,101,123,24.5,10,-2.5,10.5,1.006,35.5,9.8,2.3,32.2,9.8,2299,11.90,6.3,12.989,17,9.8,9.1
1605.0,86,582.1,5.8,4.6,83.1,101,118,11.8,10,-5.5,5.5,0.884,33.7,6.0,9.1,21.2,6.4,2220,8.15,4.1,12.994,17,11.4,7.4
1608.0,86,571.9,10.6,44.8,83.1,101,115,27.1,10,-3.5,9.5,0.952,30.8,8.8,7.1,31.7,8.2,2188,9.40,4.5,13.040,17,19.4,11.1
1611.0,86,572.0,13.9,18.8,82.9,101,113,41.4,10,-2.3,11.0,1.005,31.0,12.8,0.2,51.0,12.5,2215,16.92,11.4,13.040,17,32.9,15.7
1614.0,86,567.5,12.3,0.0,82.8,101,111,44.5,10,-2.6,7.9,0.993,39.0,8.2,0.8,25.5,0.0,2049,4.84,3.9,13.040,17,13.6,9.5
1617.0,86,560.0,6.9,1.3,83.1,101,108,13.3,10,-5.5,10.6,0.884,31.9,12.9,5.9,49.0,9.9,2085,13.77,8.8,13.040,17,28.0,10.4
1620.0,86,559.9,25.9,17.5,82.7,101,108,54.7,10,-2.5,20.3,0.949,21.2,18.1,5.4,71.2,18.5,2194,23.25,19.3,13.028,17,86.4,24.1
1623.0,86,565.0,27.0,7.7,82.9,101,109,73.2,10,-1.1,27.0,0.997,12.9,22.0,0.8,84.7,22.4,2379,28.24,22.7,12.960,16,87.8,27.8
1626.0,86,570.8,27.9,1.7,83.0,101,110,73.8,10,-1.6,27.8,0.998,12.5,22.0,0.8,84.7,22.4,2461,28.67,22.7,13.010,16,88.0,28.0
1629.0,86,576.7,28.1,6.0,82.7,101,112,74.5,10,-1.6,28.2,0.999,13.5,22.3,1.3,84.5,22.6,2481,28.85,23.0,13.011,16,88.1,28.2
1632.0,86,583.7,26.3,0.0,82.7,100,116,70.8,10,-1.2,27.1,0.997,14.4,22.0,1.8,83.2,22.4,2460,28.67,23.3,12.968,16,87.8,28.2
1635.0,86,584.0,23.9,0.0,82.7,100,119,65.4,10,-0.8,24.8,0.994,15.8,20.7,2.1,80.1,21.4,2312,26.94,22.0,13.040,17,85.9,23.9
1638.0,86,584.0,19.0,115.0,82.7,101,120,59.8,10,-0.9,21.1,0.997,20.0,17.3,-0.0,71.4,16.9,2274,22.92,15.6,13.040,17,45.7,20.6
1641.0,86,582.3,9.4,531.1,82.7,101,120,54.1,10,-2.3,18.0,1.000,21.0,16.7,0.4,68.8,16.6,2265,21.05,12.5,13.064,17,16.5,18.5
1644.0,86,583.3,13.2,1689.5,82.7,101,119,54.5,10,-2.3,17.9,1.003,22.0,16.1,0.8,65.5,16.1,2250,20.35,12.5,13.120,17,18.8,17.3
1647.0,86,584.0,16.0,2449.9,82.6,101,118,55.4,10,-2.3,17.6,1.002,22.5,15.7,1.6,63.9,15.5,2241,19.53,12.7,13.073,17,30.2,17.8
1650.0,86,583.8,12.1,0.0,82.4,101,118,49.4,10,-2.3,16.0,0.999,24.4,15.2,2.4,60.2,15.1,2237,18.22,8.8,13.067,17,32.2,16.2
1653.0,86,579.6,9.0,32.1,82.4,101,117,37.0,10,-2.3,12.5,0.995,30.0,13.1,2.6,49.7,13.7,2220,16.24,2.3,13.107,17,5.9,9.0
1656.0,86,576.0,7.2,26.6,82.5,101,115,22.6,10,-3.1,8.4,0.799,36.4,9.6,2.1,30.2,10.2,2162,12.74,9.0,12.880,17,11.8,8.2
1659.0,86,568.7,6.0,0.0,82.7,101,112,12.8,10,-5.5,4.7,0.000,29.0,11.0,8.6,31.4,11.8,2118,13.84,9.0,12.975,17,19.4,9.7
1662.0,86,560.0,9.2,0.0,82.7,101,110,47.1,10,-3.1,14.0,0.701,23.6,14.7,3.7,52.7,14.5,2139,17.86,11.7,13.040,17,28.2,12.8
1665.0,86,559.7,16.5,1.3,82.7,101,111,36.8,10,-2.3,14.9,1.008,22.4,16.2,0.0,68.3,16.5,2182,21.50,16.1,13.040,17,38.8,15.7
1668.0,86,560.0,14.6,1.0,82.7,101,112,33.4,10,-2.3,12.9,1.005,26.6,13.0,2.3,50.2,12.5,2161,15.07,11.4,13.040,17,34.5,15.7
1671.0,86,560.0,11.9,0.0,82.7,101,112,47.1,10,-2.3,16.9,1.003,20.5,16.5,-0.0,63.5,15.3,2178,18.85,13.0,13.040,17,35.4,16.4
1674.0,86,559.8,10.2,0.0,82.4,101,115,20.2,10,-4.6,8.4,0.987,10.0,7.4,0.0,40.8,8.7,2171,14.63,10.0,13.040,17,32.8,15.6
1677.0,86,543.7,6.4,0.0,82.6,101,115,12.0,10,-5.5,4.7,0.549,-2.6,0.0,0.0,13.1,2.3,2133,5.57,1.7,13.031,17,0.1,5.1
1680.0,86,537.3,13.8,16.0,82.7,101,113,29.5,10,-4.2,9.4,0.221,-7.7,1.8,0.0,15.5,9.0,2075,10.38,9.4,12.960,16,51.0,16.2
1683.0,86,534.5,23.3,29.6,82.7,101,110,68.6,10,-0.8,23.5,1.011,17.5,19.6,-0.0,79.2,20.8,2251,21.73,17.0,13.007,16,69.0,23.1
1686.0,86,540.8,25.9,9.5,82.4,101,112,73.7,10,-0.8,25.8,1.003,14.7,20.8,-0.5,81.7,21.4,2379,27.49,21.8,13.067,16,68.5,26.3
1689.0,86,551.8,25.9,4.2,82.4,101,113,72.0,10,-0.8,26.1,0.996,14.1,21.2,0.4,83.0,21.7,2424,28.58,22.5,13.120,16,0.0,27.8
1692.0,86,554.5,18.2,1.2,82.4,101,115,67.6,10,-1.2,23.8,0.993,18.4,17.5,3.3,75.9,20.0,2332,26.98,21.2,13.120,16,0.0,18.7
1695.0,86,556.0,13.3,0.0,82.4,101,116,60.3,10,-2.3,18.9,1.000,30.0,0.0,5.5,16.9,4.7,2124,12.04,12.0,13.067,17,0.0,15.1
1698.0,86,556.0,15.2,0.0,82.4,101,114,50.2,10,-2.3,14.9,0.995,27.0,8.9,3.6,35.6,7.1,2125,8.13,6.8,13.040,17,7.3,14.4
1701.0,86,555.8,21.2,0.0,82.4,101,113,60.4,10,-1.5,19.4,0.999,21.3,16.6,1.8,59.9,12.9,2169,13.61,8.3,13.040,17,28.1,14.1
1704.0,86,558.3,24.6,2.9,82.4,101,113,69.8,10,-1.0,24.5,1.001,15.8,20.3,0.9,80.3,21.7,2284,26.90,22.4,13.040,17,88.6,23.8
1707.0,86,562.6,26.4,5.0,82.4,101,114,74.3,10,-1.6,27.8,0.992,20.0,16.5,1.6,64.3,15.3,2149,23.91,17.7,13.040,17,84.0,25.1
1710.0,86,568.0,22.6,1.7,82.4,101,114,65.1,10,-0.8,19.7,0.996,21.4,16.0,1.6,64.5,16.0,2157,22.30,15.5,13.040,17,73.0,22.3
1713.0,86,567.9,21.2,0.0,82.4,101,114,67.3,10,-0.8,21.0,1.000,19.4,17.4,1.3,70.3,17.6,2170,22.54,16.5,13.025,17,59.4,20.6
1716.0,86,570.7,22.7,23.8,82.4,101,115,63.2,10,-1.4,22.1,1.000,16.9,19.3,1.0,78.2,19.5,2189,24.24,19.6,12.960,17,85.9,23.9
1719.0,86,572.0,23.2,37.5,82.4,101,116,59.5,10,-2.1,20.4,0.997,18.0,18.4,1.6,75.3,18.8,2199,23.41,18.4,13.047,17,76.5,23.0
1722.0,86,572.9,22.4,28.0,82.4,101,116,68.2,10,-0.8,23.5,0.998,15.5,19.6,1.6,77.7,19.9,2208,24.54,19.7,12.979,17,78.6,23.2
1725.0,86,575.9,21.2,0.0,82.4,101,117,66.1,10,-0.8,22.6,1.006,16.8,20.0,0.9,79.1,20.6,2226,25.53,21.1,12.922,17,90.1,25.0
1728.0,86,578.8,25.2,0.0,82.2,100,119,68.4,10,-0.8,22.3,1.009,18.3,19.6,0.3,79.0,20.6,2251,25.93,21.9,13.040,17,89.4,27.5
1731.0,86,580.0,22.7,0.0,82.0,100,119,67.3,10,-1.1,20.4,1.003,20.3,18.2,1.5,75.7,19.6,2261,24.61,19.2,13.040,17,80.8,24.7
1734.0,86,580.9,18.9,4.7,82.0,101,118,52.5,10,-2.3,9.4,1.000,33.0,16.1,-1.6,71.6,18.6,2208,23.56,17.9,13.040,17,69.7,22.8
1737.0,86,583.9,23.5,25.2,82.0,100,114,64.8,10,-1.3,19.6,0.994,23.2,18.2,0.3,74.1,19.1,2197,23.57,17.3,13.040,17,61.0,22.6
1740.0,86,584.0,25.1,20.3,82.0,100,113,59.5,10,-1.2,21.9,0.991,17.5,19.8,3.1,80.4,21.2,2250,25.56,18.8,13.040,17,70.2,25.5
1743.0,86,584.0,27.1,14.0,82.0,100,110,37.6,10,-2.3,11.8,0.994,31.5,8.2,2.3,29.9,14.9,2123,17.89,12.9,13.040,17,50.4,22.8
1746.0,86,581.0,18.0,4.9,82.0,101,107,51.0,10,-1.6,15.8,1.000,25.2,11.8,0.7,43.3,12.3,2016,11.71,6.0,13.040,17,15.3,9.8
1749.0,86,581.8,19.0,0.0,82.0,101,105,65.5,10,-0.8,21.8,1.007,13.5,19.6,-3.1,80.4,20.4,2036,23.60,21.2,12.960,17,63.2,19.3
1752.0,86,584.7,25.9,0.0,82.0,100,106,72.2,10,-0.8,27.1,0.996,13.5,21.6,0.6,82.7,21.9,2227,26.03,22.4,12.960,17,89.1,26.1
1755.0,86,587.9,25.9,0.0,82.0,100,110,70.5,10,-0.8,25.4,0.998,14.2,21.3,2.0,82.5,21.8,2293,26.75,22.6,12.978,17,86.1,27.8
1758.0,86,588.0,22.1,23.9,81.6,100,114,54.6,10,-1.4,19.6,0.998,16.2,15.5,1.3,70.1,18.2,2186,23.27,19.6,13.040,17,67.8,21.2
1761.0,86,584.6,15.6,26.4,81.2,101,116,33.8,10,-2.3,11.2,0.996,19.5,0.0,-0.0,14.5,2.4,2174,5.00,2.4,13.040,17,32.8,14.0
1764.0,86,579.3,8.5,5.3,81.2,101,116,27.5,10,-2.3,9.4,0.979,33.2,6.9,3.2,25.2,7.1,2168,9.23,5.8,13.040,17,18.0,10.8
1767.0,86,575.8,5.5,0.0,81.2,101,116,19.7,10,-2.3,11.8,0.979,30.2,13.2,2.7,47.0,13.1,2185,16.01,11.6,13.040,17,33.3,15.0
1770.0,86,573.6,15.6,0.0,81.4,101,118,36.1,10,-1.8,16.9,0.984,20.6,17.3,0.2,71.6,18.3,2239,23.88,19.2,13.040,16,90.2,25.1
1773.0,86,572.0,21.8,0.0,81.6,101,120,69.4,10,-0.9,24.6,0.999,17.0,17.3,1.6,69.4,16.9,2286,22.42,8.7,13.040,16,55.8,20.3
1776.0,86,572.3,18.2,0.0,81.6,101,120,60.4,10,-2.3,20.8,0.998,18.0,18.3,1.1,73.2,18.2,2294,23.64,9.7,13.011,16,41.0,17.7
1779.0,86,575.8,22.7,0.0,81.6,101,121,45.3,10,-2.3,15.1,0.997,12.7,11.9,0.5,54.9,15.9,2282,20.55,16.4,12.970,16,79.7,23.9
1782.0,86,573.5,18.7,25.4,81.4,101,121,45.7,10,-2.3,12.5,0.999,8.2,3.7,0.1,18.2,8.9,2238,8.77,7.1,13.040,16,24.7,16.0
1785.0,86,572.0,14.1,29.4,81.2,101,120,55.3,10,-2.3,18.1,1.011,22.5,15.3,0.8,62.4,15.7,2274,17.37,11.6,13.040,16,15.4,9.8
1788.0,86,572.0,11.6,1.2,81.2,101,118,43.9,10,-2.3,19.2,0.999,19.6,18.0,-0.8,71.3,17.8,2275,22.55,15.8,13.008,16,29.2,11.2
1791.0,86,572.0,22.7,21.0,81.2,101,120,45.6,10,-2.3,18.4,0.996,20.3,17.9,-0.2,71.8,16.4,2275,21.86,16.9,12.977,17,69.7,22.6
1794.0,86,575.0,21.1,12.8,81.4,101,120,57.2,10,-1.6,20.0,0.998,21.1,16.9,1.2,66.8,12.8,2277,17.01,12.6,13.040,17,40.4,18.0
1797.0,86,576.0,12.7,4.6,81.6,101,119,52.2,10,-1.9,19.2,0.841,15.9,16.6,0.0,72.4,18.0,2287,23.72,16.9,13.040,17,11.1,12.3
1800.0,86,569.6,5.3,0.0,81.6,101,117,11.8,10,-5.5,5.1,0.000,-10.5,0.0,-0.0,12.9,3.5,2190,9.37,6.4,12.991,17,0.0,7.9
1803.0,86,555.1,6.7,0.0,81.6,101,114,11.8,10,-5.5,5.1,0.000,-11.2,1.5,0.0,12.9,5.3,2116,8.00,1.1,13.024,17,0.0,9.1
1806.0,86,547.8,17.6,0.0,81.6,101,113,33.8,10,-3.6,9.7,0.533,5.0,6.6,0.8,25.8,10.6,2099,12.59,3.2,13.107,17,0.5,18.0
1809.0,86,548.0,14.1,0.0,81.6,101,113,43.4,10,-2.3,12.9,1.000,27.9,13.3,2.4,51.8,13.4,2163,15.81,9.8,13.040,17,21.2,13.2
1812.0,86,549.8,16.6,6.9,81.6,101,114,45.4,10,-2.1,13.5,0.996,29.2,13.3,3.1,54.9,14.9,2186,18.74,12.2,13.069,17,44.5,17.6
1815.0,86,553.1,24.3,15.9,81.6,101,116,70.1,10,-0.8,24.3,0.990,16.0,19.3,2.4,74.8,19.4,2285,24.35,18.0,12.963,17,72.8,23.4
1818.0,86,556.9,26.9,4.0,81.6,101,118,74.5,10,-1.4,26.7,0.992,14.0,21.4,1.9,82.3,21.7,2418,28.15,22.0,12.912,17,88.3,26.7
1821.0,86,563.9,28.6,0.0,81.6,101,119,73.9,10,-1.6,28.1,0.996,13.5,22.2,1.6,83.4,22.5,2521,29.41,23.3,12.975,16,87.5,28.6
1824.0,86,569.7,28.9,0.0,81.4,101,120,73.3,10,-1.6,28.6,0.998,14.0,22.4,1.6,82.8,22.6,2554,29.80,23.8,13.040,16,87.5,29.0
1827.0,86,574.1,27.1,6.8,81.2,101,120,70.8,10,-1.4,27.4,0.997,14.4,22.2,1.6,83.1,22.4,2512,29.40,22.4,13.040,16,86.4,25.5
1830.0,86,577.2,23.0,11.0,81.1,101,120,65.5,10,-0.8,21.6,0.999,19.5,18.0,0.8,76.0,18.5,2339,24.24,17.7,13.085,16,66.3,21.6
1833.0,86,580.0,17.7,1.2,80.8,101,118,60.4,10,-2.0,19.5,0.998,20.5,17.0,1.7,71.3,17.1,2255,22.01,14.8,13.064,16,47.1,19.0
1836.0,86,579.8,19.6,50.0,80.8,101,117,60.9,10,-2.3,19.2,0.998,20.8,16.7,2.0,70.0,17.0,2225,22.34,15.6,12.973,16,52.7,19.7
1839.0,86,580.0,21.7,25.3,80.8,101,116,64.0,10,-1.8,20.7,0.999,19.7,17.3,1.3,72.0,17.5,2198,22.38,16.9,13.040,15,68.2,22.7
1842.0,86,581.6,23.8,5.4,80.8,101,116,68.6,10,-0.8,23.3,1.000,17.0,18.8,-0.0,77.6,18.8,2174,23.74,18.0,13.040,15,77.3,23.4
1845.0,86,584.0,25.4,0.7,80.8,101,114,71.4,10,-0.8,26.3,0.991,15.1,20.5,2.1,80.2,20.5,2248,25.31,20.4,13.066,15,85.4,24.9
1848.0,86,584.0,27.5,0.0,80.8,101,114,74.8,10,-1.3,28.5,0.992,13.1,22.2,2.4,83.2,22.4,2381,27.67,23.2,13.082,15,88.1,27.5
1851.0,86,589.9,29.4,7.7,80.8,101,114,75.3,10,-1.6,30.0,0.996,12.3,23.2,1.6,84.7,23.6,2524,29.75,25.2,13.037,16,87.5,30.2
1854.0,86,593.9,27.7,6.3,80.8,101,114,74.3,10,-1.4,30.0,1.001,12.9,23.5,1.6,83.1,23.9,2599,30.52,25.9,12.960,16,87.5,28.7
1857.0,86,596.9,27.0,0.0,80.8,101,114,73.7,10,-0.8,29.0,0.996,11.5,23.5,0.5,84.5,23.9,2508,29.88,26.3,12.999,16,87.2,30.0
1860.0,86,600.0,36.5,0.0,80.8,101,116,76.9,10,-1.3,34.1,0.997,12.8,24.9,1.1,85.4,25.0,2550,30.72,28.1,13.040,16,86.7,33.9
1863.0,86,602.9,33.0,0.0,80.8,101,116,75.7,10,-1.6,36.6,0.998,14.0,26.4,2.1,85.8,26.7,2712,33.06,31.7,13.040,16,86.7,32.2
1866.0,86,606.1,31.2,0.0,80.8,101,116,75.3,10,-1.6,36.2,1.001,13.9,26.7,1.6,85.5,26.7,2712,32.96,30.2,13.040,16,87.3,27.7
1869.0,86,609.1,30.2,5.4,80.7,101,116,77.4,10,-1.6,36.5,1.009,12.5,27.5,1.6,86.7,27.5,2634,32.40,31.8,13.040,16,86.9,29.0
1872.0,86,612.0,27.8,23.5,80.4,101,116,72.9,10,-1.6,28.4,1.003,14.3,24.0,1.6,84.0,25.4,2433,30.07,30.4,13.040,16,86.7,33.0
1875.0,86,612.0,28.6,10.0,80.4,101,116,73.3,10,-1.6,25.2,0.996,15.5,21.2,1.8,81.5,22.6,2232,26.90,24.6,13.040,16,88.2,29.0
1878.0,86,614.0,28.4,5.9,80.4,101,117,73.7,10,-1.4,25.9,0.990,15.6,21.2,2.3,82.4,22.0,2262,26.85,23.9,13.040,16,88.2,28.2
1881.0,86,616.0,26.7,6.7,80.4,100,118,72.3,10,-0.8,25.9,0.995,16.0,21.2,3.1,80.8,21.4,2253,26.13,22.7,13.040,16,89.0,26.3
1884.0,87,615.5,24.0,0.1,80.4,100,118,59.6,10,-0.8,20.9,1.003,17.7,19.6,0.7,76.9,20.1,2243,25.17,21.5,13.040,16,89.9,24.8
1887.0,87,611.9,25.1,3.5,80.4,100,118,66.4,10,-0.8,22.6,1.003,17.3,19.3,0.5,76.3,19.6,2241,24.57,20.7,13.040,16,90.1,25.1
1890.0,87,612.0,23.7,3.5,80.4,100,119,66.9,10,-0.8,23.5,1.003,16.6,19.5,2.2,78.0,20.1,2251,24.51,20.2,13.040,16,89.4,24.7
1893.0,87,612.0,23.9,3.5,80.4,100,120,63.9,10,-0.8,21.4,1.007,18.5,17.6,1.6,71.0,17.6,2261,22.83,11.0,13.040,16,67.3,22.2
1896.0,87,612.0,26.7,3.4,80.4,100,120,71.4,10,-0.8,26.7,1.003,15.8,19.9,1.1,77.5,19.8,2296,24.66,15.2,13.061,16,60.4,21.6
1899.0,87,611.8,26.7,0.0,80.4,100,119,71.4,10,-0.8,25.7,0.998,15.3,20.4,1.6,79.7,20.3,2296,25.52,21.1,13.081,15,86.2,26.1
1902.0,87,609.7,21.0,0.0,80.6,100,117,63.4,10,-1.2,21.9,0.995,17.7,18.7,3.0,74.1,17.2,2224,22.03,16.1,12.960,15,40.0,16.5
1905.0,87,606.8,16.4,0.0,80.7,101,116,49.9,10,-2.3,13.7,0.999,25.0,14.9,2.3,58.0,14.9,2161,19.76,13.9,13.006,15,20.0,16.9
1908.0,87,604.0,17.3,0.0,80.4,101,114,56.5,10,-2.3,16.2,0.998,23.2,15.1,2.7,60.4,15.3,2168,18.88,12.5,13.040,15,0.0,17.2
1911.0,87,603.7,14.0,0.0,80.4,101,114,54.3,10,-2.3,17.3,1.000,21.5,15.7,2.5,65.5,16.3,2177,19.86,13.1,13.040,16,0.0,16.9
1914.0,87,601.9,19.0,0.0,80.6,101,115,57.5,10,-2.0,18.6,1.001,20.1,16.7,0.8,74.9,18.8,2187,23.56,18.8,13.040,16,0.0,21.8
1917.0,87,600.0,24.4,0.0,80.8,101,116,69.7,10,-0.8,24.3,0.994,16.0,20.0,2.3,77.6,17.7,2204,22.36,16.4,13.040,16,26.0,22.6
1920.0,87,600.0,22.4,0.0,80.8,100,116,66.7,10,-0.8,22.6,0.995,17.9,19.0,2.3,76.7,17.9,2218,22.61,16.0,13.040,16,58.1,20.9
1923.0,87,599.8,22.4,0.0,80.8,100,117,66.7,10,-0.8,22.2,0.993,19.0,17.3,2.0,70.8,17.6,2228,22.91,16.9,13.040,16,66.6,22.3
1926.0,87,600.0,21.4,5.6,80.8,101,118,64.9,10,-1.4,19.8,0.993,20.6,15.9,1.7,63.7,16.3,2237,20.64,13.7,13.040,16,47.5,20.0
1929.0,87,600.0,22.6,8.0,80.8,101,118,64.4,10,-2.1,15.6,0.996,25.5,16.5,2.3,69.0,17.3,2236,23.06,16.8,13.095,16,73.6,23.0
1932.0,87,600.0,25.3,4.5,80.8,100,118,70.6,10,-0.8,25.9,0.995,17.9,19.6,2.3,77.0,19.5,2274,24.70,19.6,13.082,16,87.3,24.7
1935.0,87,600.0,24.3,0.0,80.4,100,120,67.6,10,-0.8,22.5,1.000,17.9,20.0,2.0,79.3,20.3,2291,25.84,21.5,13.054,16,83.7,24.4
1938.0,87,600.0,26.2,2.3,80.4,100,120,70.3,10,-1.1,23.5,1.002,17.5,20.1,1.2,78.8,20.2,2313,25.80,22.4,13.098,16,88.6,27.1
1941.0,87,602.0,27.1,6.5,80.4,100,121,73.1,10,-1.4,27.8,1.001,12.2,22.3,0.0,85.1,22.7,2525,29.19,23.9,12.990,15,87.8,28.1
1944.0,87,604.0,26.2,9.1,80.4,100,122,70.7,10,-0.8,25.8,1.000,15.0,21.2,1.6,82.6,21.5,2394,27.70,22.5,12.914,15,88.0,27.3
1947.0,87,604.0,23.5,4.2,80.4,100,124,63.5,10,-0.8,20.8,1.001,18.4,19.1,0.7,76.2,19.2,2362,25.08,19.1,12.935,15,78.9,24.5
1950.0,87,603.7,16.9,1.1,80.4,101,125,60.0,10,-1.5,20.1,1.000,21.1,17.6,0.3,71.9,17.6,2377,22.91,15.3,13.040,15,52.2,20.0
1953.0,87,604.0,22.2,0.9,80.4,101,127,62.5,10,-2.1,21.0,0.995,21.1,18.1,0.9,73.9,18.5,2387,24.85,18.4,13.040,15,79.4,23.5
1956.0,87,605.4,26.8,2.8,80.4,100,128,72.8,10,-1.6,27.1,0.988,16.0,21.6,2.3,81.6,21.6,2475,27.45,20.7,13.040,15,88.0,25.9
1959.0,87,608.6,27.3,5.1,80.4,101,130,72.2,10,-1.6,27.5,1.000,15.6,22.1,0.8,82.1,22.1,2550,28.86,22.6,13.040,15,88.1,27.5
1962.0,87,611.8,29.4,2.5,80.1,101,127,72.2,10,-1.6,28.4,1.001,16.0,22.4,0.7,82.1,22.5,2587,29.35,23.6,13.040,15,87.8,28.6
1965.0,87,612.0,29.2,1.5,80.0,101,125,72.5,10,-1.6,29.0,0.999,16.1,22.5,1.5,81.8,22.8,2589,29.63,23.9,13.040,15,87.8,29.4
1968.0,87,613.5,30.0,1.9,79.9,101,123,72.9,10,-1.6,29.1,0.998,14.5,22.7,0.8,82.7,23.5,2611,30.50,25.6,13.040,15,87.6,30.7
1971.0,87,616.0,31.8,3.9,79.6,101,120,72.9,10,-1.6,31.8,0.999,14.9,23.5,1.8,82.7,23.7,2652,30.85,26.3,13.040,15,87.2,31.8
1974.0,87,615.8,31.8,0.0,79.6,101,119,73.4,10,-1.6,31.1,1.000,14.5,23.9,2.0,82.9,24.0,2663,31.22,26.6,13.040,15,86.7,31.8
1977.0,87,618.7,32.3,3.2,79.6,101,118,73.1,10,-1.6,29.8,1.000,14.0,23.6,1.6,83.2,24.2,2603,31.18,27.7,13.040,15,86.7,32.9
1980.0,87,620.0,31.9,3.1,79.6,101,118,72.3,10,-1.6,28.7,0.999,14.0,22.7,1.6,83.5,23.5,2524,29.61,25.1,13.040,15,86.7,31.5
1983.0,87,620.9,31.7,1.2,79.6,100,116,72.9,10,-1.6,32.5,0.997,15.0,23.9,1.6,82.7,24.3,2619,30.99,26.6,12.998,15,86.7,32.2
1986.0,87,624.0,34.5,7.0,79.2,101,116,74.0,10,-1.6,33.5,0.998,14.7,24.7,1.6,82.5,24.9,2680,31.96,28.2,12.982,16,86.6,34.4
1989.0,87,627.0,34.5,2.2,79.2,100,116,74.1,10,-1.6,34.1,1.000,14.3,25.1,1.6,82.8,25.2,2684,32.03,28.9,13.040,16,86.3,34.1
1992.0,87,628.0,31.6,0.3,79.2,100,116,73.7,10,-1.6,33.2,1.001,13.9,25.1,1.6,83.1,25.5,2662,31.62,27.1,13.040,16,87.4,29.7
1995.0,87,628.0,30.5,1.0,79.2,100,116,73.9,10,-1.6,29.8,0.996,13.5,25.1,1.6,84.3,26.1,2680,32.59,29.8,13.040,15,86.9,32.2
1998.0,87,628.1,38.4,1.8,79.2,101,116,76.1,10,-1.6,35.9,0.998,13.8,26.3,1.6,84.9,26.7,2711,33.27,32.0,13.040,15,85.8,37.8
2001.0,87,631.7,38.7,0.5,79.2,101,118,76.1,10,-1.6,37.1,0.999,14.2,26.7,1.6,85.0,26.9,2743,33.50,32.5,13.040,15,85.5,38.8
2004.0,87,632.0,35.9,0.9,79.4,101,121,75.8,10,-1.6,35.9,1.001,14.5,25.9,1.6,83.9,26.3,2762,33.23,30.6,13.040,15,85.9,36.7
2007.0,87,633.3,31.7,9.2,79.5,100,123,74.2,10,-1.6,35.1,1.003,14.5,25.9,1.6,83.9,25.9,2762,33.21,30.3,13.040,16,85.9,36.3
2010.0,87,635.7,28.1,28.5,79.2,100,126,66.7,10,-1.6,24.3,1.007,16.1,22.7,0.2,83.9,24.3,2598,31.22,28.2,12.987,16,63.5,35.0
2013.0,87,631.7,34.1,0.0,79.2,101,127,71.7,10,-1.6,29.4,1.005,16.1,22.4,-0.3,84.0,23.4,2500,29.61,24.8,12.880,16,0.0,30.2
2016.0,87,634.0,28.4,0.0,79.3,101,129,60.9,10,-1.4,29.7,1.020,15.9,25.1,0.8,84.3,25.9,2850,34.26,26.3,13.002,16,0.0,27.5
2019.0,87,634.1,23.8,3.3,79.6,101,130,20.6,10,-0.8,5.9,1.119,30.5,15.3,-3.9,68.6,21.5,2589,29.50,24.9,13.040,16,0.0,28.1
2022.0,87,628.0,34.9,21.0,79.6,101,132,77.6,10,-1.4,27.2,1.042,22.3,19.9,-1.5,73.2,21.5,2605,28.98,24.5,13.040,16,13.3,31.7
2025.0,87,628.0,14.5,7.0,79.6,101,132,45.0,10,-1.2,24.5,1.046,20.7,20.9,1.8,76.7,21.9,2738,29.84,24.0,13.040,16,86.7,31.4
2028.0,87,624.1,5.9,0.0,79.6,101,131,11.8,10,-0.8,6.5,0.963,28.9,13.0,4.7,49.4,13.7,2437,16.65,9.4,13.040,16,43.0,18.8
2031.0,87,615.4,5.4,0.0,79.6,101,128,11.8,10,-0.8,5.5,0.000,-8.5,0.0,1.2,24.5,4.6,2366,9.39,4.3,13.040,16,12.1,9.0
2034.0,87,600.0,5.1,0.0,79.6,101,122,24.4,10,-1.8,13.6,0.563,8.2,10.3,2.0,42.8,8.3,2325,12.49,6.5,13.040,16,14.7,8.4
2037.0,86,599.8,21.7,3.2,79.6,100,122,54.9,10,-2.0,22.0,0.930,17.9,19.5,3.2,78.3,20.2,2361,26.30,20.5,13.034,16,88.6,26.3
2040.0,86,600.0,28.7,3.8,79.6,100,123,72.9,10,-1.6,28.2,0.993,14.5,21.9,1.5,83.1,22.5,2516,29.83,24.7,12.960,16,87.1,29.9
2043.0,86,602.8,31.0,2.5,79.6,100,124,72.9,10,-1.6,31.0,1.000,14.5,23.5,0.8,82.7,23.9,2736,31.71,25.5,13.011,16,86.5,31.4
2046.0,86,608.0,31.3,0.0,79.6,100,124,72.9,10,-1.6,24.3,0.995,16.3,21.4,1.8,81.7,22.0,2533,29.33,22.4,13.073,16,84.6,29.5
2049.0,86,607.9,26.3,0.0,79.6,100,125,73.4,10,-1.6,26.3,0.997,15.3,21.3,1.7,82.8,21.5,2439,27.40,19.1,13.106,16,80.1,24.1
2052.0,86,608.0,22.1,0.0,79.6,100,126,59.1,10,-1.9,24.1,0.997,16.5,20.7,1.0,81.1,21.8,2523,28.82,23.1,13.040,16,70.2,21.6
2055.0,86,608.0,22.1,7.9,79.6,100,127,42.7,10,-2.3,17.3,0.994,24.8,15.4,1.6,63.1,16.5,2400,22.11,15.3,13.101,16,69.7,22.8
2058.0,86,608.0,22.9,18.4,79.6,100,128,45.8,10,-2.3,20.0,0.997,20.0,19.2,1.0,72.7,18.4,2425,24.41,17.0,13.078,16,70.7,23.3
2061.0,86,608.0,16.1,14.8,79.6,101,130,52.5,10,-2.3,18.5,0.995,22.6,17.6,1.7,70.4,18.0,2449,24.57,17.0,13.040,16,66.1,22.4
2064.0,86,607.9,19.6,2.3,79.6,101,130,55.8,10,-2.3,11.3,0.995,14.5,8.8,1.3,45.9,11.0,2446,17.94,11.2,13.040,16,42.4,19.0
2067.0,86,599.9,12.5,0.0,79.6,101,129,41.3,10,-1.7,7.4,1.002,14.7,2.2,0.5,15.9,1.1,2411,5.35,0.5,13.040,16,2.7,8.2
2070.0,86,591.1,7.4,0.0,79.6,101,128,20.6,10,-1.5,8.4,1.002,35.9,7.8,2.3,23.9,8.2,2399,8.71,3.9,13.040,16,4.4,6.9
2073.0,86,583.4,7.6,2.2,79.6,101,126,11.8,10,-5.5,7.1,0.884,32.5,11.4,5.5,33.5,11.8,2392,14.67,8.4,13.077,16,19.0,10.1
2076.0,86,579.9,25.5,29.8,79.6,100,127,52.1,10,-3.1,18.9,0.950,24.2,16.3,3.7,55.7,17.1,2476,22.50,15.1,13.105,16,44.2,18.9
2079.0,86,582.8,20.2,36.1,79.8,101,128,69.9,10,-1.6,26.9,1.007,15.4,21.9,-0.6,81.6,22.1,2627,29.69,23.0,13.040,16,54.1,20.4
2082.0,86,585.8,20.5,29.7,79.9,101,128,69.4,10,-1.6,25.1,1.003,16.5,20.4,-0.0,80.0,20.4,2462,27.68,20.0,13.040,16,76.5,23.3
2085.0,86,588.7,24.7,10.7,79.6,100,128,70.6,10,-1.6,25.1,0.998,17.0,20.4,0.6,81.1,20.4,2454,27.70,20.0,13.040,16,86.9,24.8
2088.0,86,591.9,22.7,0.0,79.6,100,126,68.3,10,-1.6,23.6,0.999,18.3,19.8,0.0,79.8,19.9,2435,26.96,19.7,13.040,16,83.3,24.2
2091.0,86,594.9,20.6,0.0,79.6,100,126,65.0,10,-1.6,22.1,1.001,19.8,18.8,-0.4,76.7,19.0,2405,25.45,18.7,13.040,16,77.3,23.5
2094.0,86,596.0,21.4,0.0,79.6,100,125,63.8,10,-1.6,20.6,1.002,21.0,17.7,0.9,73.5,18.4,2375,23.96,16.9,13.040,16,71.5,22.9
2097.0,86,596.0,22.3,12.2,79.6,100,124,65.4,10,-1.7,19.0,1.000,24.0,15.3,1.6,63.1,17.6,2355,23.78,16.3,13.040,16,62.4,21.7
2100.0,86,596.0,20.7,33.5,79.6,100,124,62.7,10,-2.3,20.8,0.995,21.7,17.0,1.0,69.0,17.6,2350,23.60,16.1,13.040,16,56.8,20.8
2103.0,86,596.0,20.0,0.0,79.6,101,124,59.9,10,-2.3,19.5,0.999,21.5,17.2,0.4,70.7,17.3,2350,23.16,15.7,13.018,16,55.5,20.6
2106.0,86,596.0,18.1,0.0,79.4,101,124,56.4,10,-2.3,18.2,0.999,22.9,15.0,1.0,61.9,15.7,2346,21.31,14.4,12.962,17,47.8,19.2
2109.0,86,593.9,14.4,5.6,79.2,101,123,51.9,10,-2.3,17.0,0.995,25.1,10.4,3.8,36.5,11.0,2325,12.42,6.3,13.040,17,26.2,13.4
2112.0,86,592.0,14.8,9.0,79.2,101,122,49.3,10,-2.3,15.7,1.005,26.0,14.5,0.8,51.7,13.7,2315,16.38,9.5,13.089,17,8.7,14.7
2115.0,86,592.0,23.2,0.0,79.2,101,122,69.0,10,-0.8,22.0,1.001,20.6,17.8,-0.2,69.4,17.3,2332,21.70,14.7,13.088,17,0.0,20.0
2118.0,86,591.9,23.9,0.0,79.5,101,123,68.5,10,-0.8,23.7,0.998,18.2,19.4,-0.8,77.9,19.6,2353,25.64,19.2,13.040,17,0.0,23.9
2121.0,86,594.5,23.9,0.0,79.6,101,124,68.2,10,-0.8,23.6,0.996,18.5,19.3,-0.8,76.8,19.6,2363,25.83,19.2,13.040,17,0.0,23.9
2124.0,86,596.0,22.1,14.5,79.6,101,124,67.2,10,-0.9,23.7,0.993,18.5,20.0,-0.8,78.8,19.6,2374,25.46,16.1,13.040,16,21.2,20.5
2127.0,86,596.0,18.5,49.0,79.6,101,124,59.6,10,-2.3,19.2,1.004,20.8,17.8,0.1,72.4,17.9,2362,23.83,14.6,13.040,16,41.1,17.8
2130.0,86,595.8,19.6,12.3,79.6,101,124,61.1,10,-2.3,19.8,1.001,21.4,17.1,0.8,69.2,17.0,2356,22.71,14.8,13.040,17,48.8,19.3
2133.0,86,596.0,21.2,12.3,79.4,101,125,64.0,10,-1.8,21.1,0.998,20.4,17.8,0.6,72.2,18.2,2375,24.85,18.4,13.040,17,71.8,23.1
2136.0,86,596.0,21.9,19.5,79.2,100,126,67.0,10,-0.9,22.6,0.999,20.0,16.5,-1.6,62.7,14.5,2374,19.99,13.4,13.040,17,52.0,19.6
2139.0,86,596.0,19.5,0.0,79.2,101,126,62.0,10,-2.3,20.0,1.006,20.0,17.0,-1.1,66.7,15.8,2381,18.11,10.4,13.040,17,32.0,15.6
2142.0,86,595.8,15.3,37.6,79.2,101,125,53.5,10,-2.3,17.6,1.005,22.4,16.1,0.3,65.0,16.2,2377,18.01,10.2,13.040,16,31.4,15.3
2145.0,86,593.7,17.1,26.5,79.2,101,124,53.2,10,-1.9,17.4,1.002,24.7,14.8,2.0,56.6,14.8,2351,17.86,10.6,13.040,16,32.9,15.6
2148.0,86,593.4,20.6,0.0,79.2,101,124,64.4,10,-0.8,23.2,1.003,18.0,19.6,-0.8,78.0,20.0,2386,23.85,16.8,13.040,16,63.1,20.3
2151.0,86,596.4,25.0,0.0,79.2,100,126,72.2,10,-1.6,26.3,0.990,16.2,21.0,0.3,80.3,21.0,2461,27.45,21.2,13.040,16,88.5,25.6
2154.0,86,599.9,27.8,0.0,78.8,101,129,71.1,10,-1.6,26.1,0.994,16.0,21.2,0.4,81.3,21.4,2503,28.55,22.4,13.040,16,88.2,27.7
2157.0,86,600.0,27.8,0.0,78.8,101,131,71.4,10,-1.6,26.8,0.999,16.9,21.1,0.4,80.6,21.4,2506,28.30,21.8,13.038,15,88.2,26.7
2160.0,86,602.1,30.9,0.0,78.6,101,133,72.4,10,-1.6,29.2,0.998,18.1,22.1,1.6,80.0,22.4,2612,29.84,24.7,12.960,15,86.9,32.2
2163.0,86,605.2,30.8,9.7,78.4,101,134,72.8,10,-1.6,32.9,0.997,19.5,24.3,0.8,79.2,23.5,2814,31.63,25.2,13.008,15,86.5,32.9
2166.0,86,608.2,22.2,40.2,78.4,101,132,71.4,10,-1.6,28.3,0.998,17.9,22.5,1.6,80.2,23.3,2716,31.12,25.2,13.040,15,86.9,30.1
2169.0,86,611.8,29.8,10.2,78.7,101,132,71.4,10,-1.6,26.7,0.998,18.1,20.1,1.8,77.2,21.2,2494,28.15,23.5,13.040,15,87.8,29.8
2172.0,86,609.8,19.9,0.0,78.8,101,131,61.4,10,-1.8,21.6,0.999,15.0,15.9,0.7,64.0,16.6,2475,23.33,14.9,13.040,15,58.4,22.7
2175.0,86,605.8,11.9,13.9,78.8,101,130,40.1,10,-2.3,5.9,0.999,-8.0,0.0,-0.0,14.1,0.0,2403,10.50,6.0,13.040,15,32.2,16.1
2178.0,86,599.9,13.3,61.5,78.8,101,124,41.6,10,-2.3,10.7,1.007,12.4,6.7,1.2,29.3,5.9,2369,9.19,2.9,13.040,15,13.7,10.9
2181.0,86,597.4,14.5,51.7,78.8,101,124,44.8,10,-2.3,14.1,1.008,28.3,13.1,2.3,47.1,13.0,2360,15.67,8.6,13.040,16,28.2,14.5
2184.0,86,594.1,14.8,27.4,78.8,101,124,48.2,10,-2.3,15.2,1.000,26.5,13.7,2.3,52.5,13.7,2350,17.06,9.5,12.979,16,25.6,13.5
2187.0,86,592.0,14.4,6.0,78.8,101,124,47.0,10,-2.3,14.9,1.002,26.5,13.3,1.6,51.7,13.4,2358,16.88,9.6,13.002,16,26.6,13.6
2190.0,86,592.0,15.3,30.8,78.8,101,126,43.9,10,-2.3,11.5,0.996,20.2,6.2,0.8,33.6,7.2,2357,12.35,6.7,13.018,16,23.6,13.4
2193.0,86,583.2,16.9,57.4,78.8,101,126,52.0,10,-2.3,13.8,1.000,17.5,5.5,0.9,29.5,4.1,2372,8.17,1.4,12.964,16,0.0,7.8
2196.0,86,581.9,21.0,45.1,78.8,101,127,61.2,10,-2.2,19.8,1.010,21.4,17.9,2.9,73.7,18.4,2475,26.43,18.4,13.120,15,61.5,19.1
2199.0,86,584.0,23.9,9.2,78.8,101,130,67.5,10,-1.6,22.7,0.995,20.0,17.3,-0.8,53.7,14.9,2450,22.62,16.4,13.076,15,71.6,23.2
2202.0,86,584.1,19.6,0.0,78.8,101,128,61.0,10,-2.1,21.9,1.002,19.7,18.4,-0.8,66.0,16.1,2454,22.86,16.2,13.040,15,58.5,21.2
2205.0,86,587.8,22.4,0.0,78.8,101,128,63.7,10,-1.9,22.6,1.003,19.1,19.4,-0.5,77.8,19.5,2468,26.66,18.9,13.040,15,88.4,24.7
2208.0,86,590.4,23.5,0.0,79.0,101,128,67.5,10,-1.6,22.9,1.000,19.5,18.5,0.1,74.5,19.1,2444,26.38,19.6,13.040,15,83.9,24.3
2211.0,86,592.0,22.5,0.0,79.2,101,127,67.9,10,-1.7,21.5,0.999,23.0,14.1,0.8,49.0,12.2,2386,15.65,14.5,13.040,15,45.5,19.9
2214.0,86,592.0,18.4,0.0,79.2,101,124,58.8,10,-2.3,18.4,1.011,23.7,15.5,0.3,58.8,15.3,2358,19.73,13.8,13.040,15,10.5,17.4
2217.0,86,591.9,14.5,0.0,78.9,101,121,56.7,10,-2.3,20.1,1.009,21.8,17.0,0.0,67.4,17.6,2301,23.04,16.1,13.040,15,0.0,20.5
2220.0,86,592.0,19.5,0.0,79.0,101,118,60.9,10,-1.7,21.5,1.005,19.1,18.0,-0.2,72.3,18.0,2227,23.25,17.3,13.040,15,0.0,21.6
2223.0,86,592.0,21.2,18.9,79.2,101,115,64.7,10,-1.1,21.3,1.002,18.2,17.7,-0.8,74.5,18.0,2162,23.21,17.3,13.040,16,45.2,21.6
2226.0,86,590.9,19.8,31.6,79.1,101,112,58.8,10,-2.3,18.0,1.001,21.0,9.4,2.3,42.7,13.7,2109,17.31,13.1,13.088,16,49.0,18.9
2229.0,86,588.0,16.9,0.0,78.8,101,110,58.8,10,-2.3,18.0,1.002,19.0,13.9,0.9,55.5,14.7,2087,17.79,13.0,13.090,16,39.8,17.0
2232.0,86,587.8,17.6,0.0,78.8,101,110,51.6,10,-2.3,16.1,0.994,24.0,14.4,1.8,60.5,15.3,2083,20.11,16.1,13.040,16,57.7,20.8
2235.0,86,585.6,20.5,0.0,78.8,101,110,57.4,10,-1.8,17.9,0.986,27.9,13.1,4.3,46.3,13.2,2091,16.49,14.1,13.040,16,59.2,21.2
2238.0,86,585.4,21.0,0.0,78.8,101,110,68.8,10,-0.9,24.4,0.986,15.5,20.0,2.3,78.8,20.4,2249,24.85,18.8,13.040,16,33.0,14.5
2241.0,86,588.0,17.7,0.1,78.8,101,112,59.6,10,-2.3,20.0,1.005,17.5,18.3,0.4,74.6,18.8,2189,23.53,19.3,13.040,16,31.0,12.6
2244.0,86,587.8,24.7,5.2,78.8,100,113,66.0,10,-1.5,18.2,0.997,21.8,13.8,0.9,57.3,15.1,2137,19.68,16.2,13.040,16,72.9,22.7
2247.0,86,585.7,21.3,32.2,78.8,100,114,53.3,10,-1.2,16.4,0.994,25.8,9.2,3.4,31.7,9.8,2138,11.58,11.0,13.040,17,42.4,19.4
2250.0,86,584.0,19.0,42.1,78.7,101,114,22.6,10,-2.4,16.1,1.013,22.5,15.3,-0.0,63.9,15.7,2161,18.89,14.6,13.040,17,50.3,19.4
2253.0,86,583.7,20.0,0.0,78.4,101,116,21.2,10,-5.5,5.1,0.262,26.6,12.4,1.0,44.3,13.7,2155,17.98,13.5,13.040,17,49.0,18.8
2256.0,86,579.9,13.7,0.0,78.7,101,115,38.9,10,-3.6,10.5,0.544,27.0,13.0,1.3,46.3,14.1,2162,16.50,11.2,13.040,17,33.9,15.1
2259.0,86,580.0,20.0,0.0,78.8,100,115,57.7,10,-1.7,17.9,1.001,23.1,16.3,1.0,69.7,17.7,2193,22.24,17.6,13.040,17,70.2,22.4
2262.0,86,580.0,22.5,0.0,78.8,100,117,67.8,10,-0.8,23.2,0.994,17.1,19.2,1.6,77.3,19.6,2225,24.10,19.6,13.040,17,78.3,23.1
2265.0,86,581.1,22.9,0.0,78.8,101,118,64.9,10,-0.8,22.0,1.001,18.0,19.6,1.6,77.5,20.2,2252,24.79,20.1,13.040,17,86.3,24.6
2268.0,86,584.4,28.8,0.0,78.8,101,120,76.1,10,-1.4,28.6,0.997,15.6,22.1,1.6,81.3,22.3,2464,27.97,22.8,13.040,17,89.2,27.6
2271.0,86,587.8,31.0,0.0,78.8,101,122,74.3,10,-1.6,30.0,0.996,14.7,23.1,1.3,83.5,23.5,2644,30.87,25.2,13.040,17,86.7,32.2
2274.0,86,590.2,27.4,9.8,78.8,101,125,71.3,10,-1.6,27.6,0.998,15.8,21.8,0.8,82.7,22.4,2587,29.61,18.8,13.040,16,77.7,25.8
2277.0,86,593.3,19.6,14.0,78.8,100,126,65.4,10,-1.6,20.8,1.003,21.5,16.5,-0.0,66.7,17.7,2453,23.93,15.3,13.040,16,59.0,21.0
2280.0,86,595.4,8.7,0.0,78.8,101,126,40.8,10,-2.3,15.5,0.994,26.1,14.0,1.3,51.1,13.3,2377,17.39,10.4,13.040,16,37.3,16.6
2283.0,86,587.8,11.4,0.0,78.8,101,125,51.8,10,-2.3,16.9,1.001,25.2,14.2,1.0,48.4,12.4,2355,14.18,7.1,13.040,17,17.6,11.0
2286.0,86,588.0,16.1,0.0,78.8,101,125,62.1,10,-2.0,21.1,1.012,19.8,17.4,-1.6,71.8,17.6,2375,23.64,15.7,13.040,17,44.0,17.6
2289.0,86,589.1,20.6,0.0,78.8,101,126,65.5,10,-0.8,23.9,1.009,17.5,20.0,-2.3,80.8,19.6,2408,25.74,17.9,13.040,17,69.7,22.3
2292.0,86,592.0,20.0,0.0,78.8,101,128,60.4,10,-1.4,21.1,0.997,20.5,18.3,-0.7,74.7,18.9,2430,25.75,18.2,13.040,16,80.7,23.9
2295.0,86,591.8,20.6,0.6,78.8,101,128,62.2,10,-1.6,20.4,0.994,18.2,13.1,1.0,56.0,15.6,2420,21.93,14.3,13.040,16,51.8,20.4
2298.0,86,589.8,14.8,0.4,78.8,101,127,51.5,10,-2.6,18.2,0.994,13.7,5.9,1.7,22.7,10.6,2362,14.26,8.2,13.040,16,34.6,16.5
2301.0,86,586.9,9.6,12.6,78.8,101,124,24.9,10,-5.5,9.8,0.979,36.5,11.0,4.7,34.9,11.2,2302,13.57,7.5,13.040,16,18.9,11.5
2304.0,86,584.0,11.4,61.5,78.8,101,118,50.2,10,-3.2,14.2,0.998,29.4,13.1,2.7,46.7,13.0,2259,12.63,6.1,13.040,16,6.5,6.7
2307.0,86,580.9,8.0,29.3,78.8,101,116,48.5,10,-2.3,16.6,0.995,23.5,15.3,0.6,61.7,15.5,2240,13.82,5.9,13.040,16,0.0,5.1
2310.0,86,580.0,14.4,29.2,78.8,101,115,52.7,10,-2.3,18.2,0.982,22.2,16.2,0.2,68.8,17.3,2250,22.90,16.5,13.040,16,44.4,16.6
2313.0,86,580.0,20.8,43.8,78.7,101,116,63.5,10,-2.3,20.8,0.995,20.0,17.3,2.3,71.8,17.6,2240,22.60,16.2,13.040,16,57.6,20.8
2316.0,86,580.0,20.9,45.4,78.4,101,118,63.5,10,-2.3,20.4,0.993,20.0,18.0,2.8,73.3,18.0,2256,23.11,16.7,12.978,16,58.8,21.2
2319.0,86,579.8,22.4,38.5,78.4,101,119,64.9,10,-1.5,21.0,0.994,20.6,17.1,2.4,69.8,17.5,2272,22.70,16.8,12.907,16,65.2,22.4
2322.0,86,580.0,14.5,20.6,78.6,101,119,52.9,10,-1.2,19.0,0.999,23.0,14.3,0.8,56.9,14.9,2262,18.25,11.8,13.120,16,0.0,18.1
2325.0,86,580.0,9.1,0.7,78.8,101,118,24.4,10,-2.3,10.6,1.013,33.0,11.8,0.8,41.6,13.4,2236,16.42,9.1,13.096,16,0.0,15.6
2328.0,86,580.0,18.5,0.0,78.8,101,118,62.0,10,-2.3,17.8,1.007,25.3,15.1,1.3,57.1,15.1,2249,18.66,10.7,13.065,16,11.9,15.9
2331.0,86,579.8,19.6,0.0,78.8,101,118,59.6,10,-2.3,19.6,1.001,21.2,17.0,2.1,69.3,17.1,2272,22.40,15.6,13.040,16,51.0,19.6
2334.0,86,580.0,19.8,26.0,78.8,101,119,59.5,10,-2.3,19.1,0.995,21.5,16.6,3.0,67.6,16.5,2263,21.91,15.3,13.040,16,51.9,19.9
2337.0,86,580.0,19.9,37.2,78.9,101,120,61.8,10,-2.3,20.0,0.994,21.5,16.9,2.3,68.6,16.9,2286,22.36,15.3,12.991,15,51.1,20.0
2340.0,86,580.0,19.6,0.0,79.2,101,120,60.4,10,-2.3,19.2,0.997,21.2,16.6,1.9,68.4,16.9,2281,22.09,15.1,12.988,15,49.5,19.8
2343.0,86,579.8,19.2,0.0,79.2,101,120,36.3,10,-4.0,12.2,0.520,24.2,13.5,0.2,53.8,15.2,2256,19.97,14.4,13.033,15,47.5,19.2
2346.0,86,580.0,18.6,0.0,79.2,101,119,22.2,10,-5.5,5.5,0.188,29.4,8.1,-2.1,24.2,10.9,2200,13.75,11.4,12.960,15,42.5,18.4
2349.0,86,577.9,14.9,0.0,79.2,101,115,25.4,10,-5.5,5.5,1.012,32.5,3.5,0.8,14.1,3.9,2130,7.99,5.5,13.006,15,24.9,12.8
2352.0,86,572.0,5.1,0.0,79.2,101,108,11.8,10,-5.5,5.0,0.379,7.2,1.6,0.4,13.7,2.1,2043,4.69,1.2,13.040,15,6.2,5.7
2355.0,86,557.6,4.8,0.0,79.2,101,104,12.1,10,-5.5,5.0,0.298,-0.5,0.9,1.7,14.2,0.1,1947,4.16,0.4,13.040,15,0.0,4.7
2358.0,86,544.7,4.7,0.0,79.3,101,99,12.5,10,-5.5,5.4,0.825,36.5,4.3,8.6,18.8,0.8,1836,4.24,0.8,13.040,15,0.0,4.7
2361.0,86,532.1,4.7,0.0,79.6,101,94,12.5,10,-5.5,4.7,0.000,2.3,1.4,3.0,16.6,0.3,1751,4.21,0.6,13.040,15,0.0,4.7
2364.0,86,516.0,4.7,0.0,79.6,101,85,14.2,10,-3.9,4.7,0.000,-10.8,0.0,0.0,16.8,0.0,1585,4.15,0.4,13.056,15,0.0,4.7
2367.0,86,504.9,4.7,0.0,79.6,101,73,17.1,10,-3.1,4.7,0.000,-9.7,0.0,0.0,19.9,0.0,1371,4.09,0.4,13.119,15,0.0,4.7
2370.0,86,491.8,4.7,0.0,79.6,101,59,19.6,10,-3.1,4.7,0.000,-9.0,0.0,-0.0,23.1,0.0,1250,4.20,0.4,13.040,15,0.0,4.7
2373.0,86,478.1,4.7,0.0,79.6,101,40,19.6,10,-3.1,4.7,0.000,-9.0,0.0,0.0,23.3,0.0,1216,4.15,0.4,13.040,15,0.0,4.7
2376.0,86,463.9,4.7,0.0,79.9,101,26,21.5,10,-3.1,4.7,0.000,-13.0,0.0,0.0,25.0,0.0,1153,3.81,0.5,13.040,16,0.0,4.7
2379.0,86,454.3,4.2,0.0,79.8,101,15,21.6,10,-4.8,4.4,0.268,-14.2,0.0,-0.2,28.4,0.0,1051,2.93,0.8,13.040,16,0.0,4.1
2382.0,86,445.5,7.2,0.0,79.6,101,10,22.9,10,-8.3,3.8,1.013,2.5,0.0,-2.3,30.6,0.0,600,2.59,0.8,13.040,16,0.0,7.7
2385.0,86,440.0,15.3,0.0,79.6,101,12,54.9,10,-2.3,16.9,0.994,14.1,9.2,-0.7,49.6,8.4,1227,10.18,6.1,13.040,16,0.0,14.0
2388.0,86,445.7,20.9,12.6,79.6,101,25,63.6,10,-1.7,19.8,0.989,19.0,17.5,0.4,71.4,18.1,2016,21.26,16.5,13.040,16,0.0,22.7
2391.0,86,457.1,20.2,33.9,79.6,101,40,68.8,10,-1.0,22.9,0.993,12.2,19.2,-0.8,79.6,18.4,1962,21.78,16.9,13.040,16,0.0,20.5
2394.0,86,468.9,13.6,56.0,79.6,101,50,56.3,10,-2.3,15.3,0.996,20.5,3.6,6.5,33.9,6.2,1601,9.89,8.2,13.040,16,0.0,13.2
2397.0,86,471.8,3.9,56.0,79.2,101,54,11.8,10,-2.9,7.6,0.364,1.6,0.0,4.1,16.9,0.8,1421,3.25,1.1,13.062,16,0.0,3.9
2400.0,86,459.8,3.9,20.0,79.2,102,55,11.4,10,-3.1,3.9,0.000,-12.6,0.0,0.0,14.1,0.0,1424,3.05,0.8,13.120,16,0.0,3.9
2403.0,86,453.1,3.7,0.0,79.2,102,53,11.2,10,-3.1,3.9,0.000,-13.0,0.0,-0.0,12.5,0.0,1575,3.06,0.8,13.006,16,0.0,3.9
2406.0,86,441.8,3.6,0.0,79.2,102,45,11.8,10,-3.1,3.5,0.000,-12.6,0.0,0.0,15.0,0.0,1330,2.99,0.8,12.999,16,0.0,3.9
2409.0,86,432.0,3.9,0.0,79.6,102,18,16.1,10,-7.0,3.2,0.649,-4.8,0.0,1.7,21.2,0.0,996,2.76,0.8,13.040,16,0.0,3.8
2412.0,86,423.9,5.1,9.3,79.6,101,9,34.8,10,-5.0,7.3,1.004,10.1,4.9,1.6,32.9,3.6,1041,4.63,1.5,13.040,16,0.0,3.1
2415.0,86,421.8,9.3,37.9,79.6,101,12,51.5,10,-1.6,12.4,1.009,23.4,13.8,-1.5,50.8,13.8,2038,14.43,9.0,13.040,16,19.0,10.1
2418.0,86,423.1,13.6,53.6,79.6,101,29,59.6,10,-1.6,14.1,1.004,14.0,14.9,-0.0,71.0,14.9,1449,14.14,10.6,13.040,16,28.9,13.9
2421.0,86,431.9,16.1,0.0,79.6,101,42,62.9,10,-0.6,17.1,1.007,11.6,13.8,-0.7,63.4,9.3,1384,10.73,9.3,13.040,16,30.2,14.5
2424.0,86,436.8,9.0,0.0,79.4,101,43,43.4,10,-1.0,14.8,1.002,8.4,10.3,-1.5,48.2,0.0,1257,3.79,0.8,13.040,16,0.0,3.9
2427.0,86,437.5,3.7,0.0,79.1,102,42,14.8,10,-3.1,4.0,0.979,6.0,0.0,-0.8,17.3,0.0,1186,3.56,0.5,13.090,16,0.0,4.1
2430.0,86,431.6,4.3,0.0,78.8,102,30,25.1,10,-3.1,6.7,0.979,25.6,5.0,-2.7,26.6,0.0,1170,3.38,0.6,13.092,16,0.0,4.2
2433.0,86,423.8,3.5,0.0,78.8,102,27,20.2,10,-3.1,5.5,0.573,17.9,5.2,-2.7,31.0,0.0,1127,3.19,0.8,13.040,16,0.0,3.5
2436.0,86,417.9,7.3,0.0,78.8,102,22,23.3,10,-2.8,4.6,0.128,-11.6,0.0,-0.0,22.4,0.0,1025,3.57,0.4,13.040,16,0.0,6.3
2439.0,86,410.9,9.5,0.0,78.8,101,18,43.1,10,-1.6,8.2,1.013,32.0,9.0,-1.2,36.6,6.4,1170,6.00,2.0,13.040,16,0.0,6.1
2442.0,86,407.7,3.9,0.0,78.8,102,24,14.9,10,-2.8,4.9,0.998,14.1,3.3,2.7,29.5,4.3,1171,5.60,2.1,13.040,16,0.0,4.0
2445.0,86,403.9,4.3,0.0,78.5,102,20,16.7,10,-3.1,4.1,0.998,6.2,2.0,3.5,21.6,1.9,1131,3.91,0.8,13.040,16,0.0,4.3
2448.0,86,399.7,4.1,0.0,78.4,102,18,17.0,10,-3.1,4.2,1.002,8.4,4.7,0.1,23.9,6.7,1225,5.43,3.1,13.040,16,0.0,5.7
2451.0,86,394.9,4.0,0.0,78.4,102,18,15.0,10,-3.1,3.9,0.995,11.5,0.0,2.3,21.2,1.7,1171,4.18,1.7,13.040,16,0.0,5.4
2454.0,86,391.4,4.3,0.0,78.4,102,16,16.5,10,-3.1,3.9,0.996,6.0,0.0,2.3,20.8,0.0,1014,3.18,0.8,13.040,16,0.0,4.1
2457.0,86,383.9,3.1,0.0,78.4,102,11,17.8,10,-5.6,3.5,1.003,6.7,0.0,-1.3,23.4,0.0,791,2.63,0.9,13.022,16,0.0,3.5
2460.0,86,376.9,3.1,0.0,78.6,102,5,18.8,10,-7.8,3.1,1.006,12.2,0.0,-6.8,30.3,0.0,550,2.52,1.2,12.883,16,0.0,3.2
2463.0,86,369.0,3.0,0.0,78.8,102,0,18.5,10,-7.8,3.1,0.987,0.5,0.0,24.2,17.6,0.0,790,2.21,0.9,12.881,16,0.0,2.9
2466.0,87,362.6,2.3,0.0,78.8,102,0,15.7,10,-7.8,2.7,1.008,3.9,0.0,1.8,18.4,0.0,775,1.60,0.4,12.809,16,0.0,1.8
2469.0,87,356.0,0.0,0.0,78.8,102,0,4.3,-0,-0.8,5.2,1.005,7.1,0.0,-4.5,10.3,0.0,449,1.00,0.4,12.701,16,0.0,0.6
2472.0,87,353.1,4.3,0.0,78.8,102,0,0.0,-5,3.1,6.7,0.999,9.0,0.0,0.0,0.0,0.0,0,0.67,1.6,12.640,17,0.0,6.3
2475.0,87,352.0,6.3,0.0,78.8,102,0,0.0,-5,3.1,6.7,0.999,9.0,0.0,-0.0,0.1,0.0,0,0.68,1.6,12.641,17,0.0,6.3
2478.0,87,351.4,6.3,0.0,78.8,102,0,-5,3.1,6.7,0.999,9.0,0.0,0.0,0.0,0.0,0,0.67,1.6,12.640,17,0.0,6.3
2481.0,87,351.8,6.3,0.0,78.8,102,0,9.0,0.0,-0.0,0.4,0.0,0,0.67,1.6,12.640,17,0.0,6.3
2484.0,87,352.0,6.3,0.0,78.8,102,0,9.0,0.0,-0.0,0.3,0.1,0,0.69,1.6,12.642,17,0.0,6.3
