BlueDriver Data Log
Aug 6, 2018 6:57:54 AM
Time (s),Engine Coolant Temperature (째C),Catalyst Temperature Bank 1 - Sensor 1 (째C),Fuel Level Input (%),Barometric Pressure (kPa),Vehicle Speed (MPH),Absolute Load Value (%),Ambient Air Temperature (째C),Calculated Engine Load Value (%),Engine RPM (rpm),Relative Throttle Position (%),Control Module Voltage (V),Intake Air Temperature (째C),Absolute Throttle Position (%)
0.0,,,,,,,,,,,,,
3.1,,186.3,87.3,101,,,,,,,,,
6.2,,184.6,87.4,101,,,,17.8,817,0.4,13.551,17,4.7
9.3,52,184.0,87.5,101,0,27.3,16,35.9,821,0.4,13.680,17,4.3
12.4,52,181.6,87.5,101,0,26.0,16,33.9,809,0.4,13.654,17,4.1
15.5,52,178.5,87.5,101,0,25.0,16,32.8,797,0.4,13.680,17,3.9
18.6,53,176.0,87.5,101,0,24.3,16,32.1,750,0.4,13.601,17,3.9
21.7,53,173.2,87.5,101,1,36.0,16,40.9,1108,2.4,13.834,17,5.6
24.8,53,182.5,87.5,100,8,45.7,16,53.7,1563,5.9,13.760,17,11.4
27.9,53,197.6,87.5,100,15,62.1,16,71.9,1378,8.6,13.760,17,13.7
31.0,54,216.7,87.1,100,21,65.1,16,75.7,1497,9.9,13.702,17,14.7
34.1,54,239.6,87.1,99,25,61.6,16,73.8,1430,8.3,13.760,17,12.7
37.2,55,248.6,87.1,99,26,43.1,16,53.5,1257,3.8,13.760,17,6.9
40.3,56,256.8,87.1,98,26,40.5,16,49.3,1187,2.7,13.760,17,7.1
43.4,56,264.5,87.1,98,27,38.6,16,45.4,1169,1.2,13.760,17,6.2
46.5,57,264.0,87.1,100,25,18.8,16,22.4,1246,0.4,13.622,17,4.6
49.6,57,256.3,87.1,101,22,18.8,16,22.8,1206,0.4,13.378,17,4.7
52.7,58,253.2,87.1,101,19,24.6,16,34.6,1118,6.2,13.144,17,9.0
55.8,58,261.2,87.1,101,23,24.3,16,25.5,1299,2.7,13.048,17,8.3
58.9,58,267.9,86.7,99,26,43.2,16,50.7,1280,3.9,13.040,17,8.5
62.0,58,277.9,87.1,99,29,36.2,16,46.0,1223,1.4,13.040,17,5.2
65.1,59,280.0,87.1,101,29,29.9,16,35.3,1197,2.3,13.040,17,6.0
68.2,59,290.2,87.1,101,30,43.7,16,55.0,1284,6.3,13.040,17,9.9
71.3,59,301.8,87.1,100,32,40.4,16,47.8,1237,2.9,12.974,17,7.6
74.4,59,308.0,87.1,99,32,27.1,16,38.6,1140,1.5,13.040,17,4.8
77.5,60,310.0,87.1,100,33,33.0,16,40.8,1087,1.1,13.040,17,5.4
80.6,60,312.0,87.1,99,34,37.5,16,44.7,1196,2.6,13.031,17,6.6
83.7,61,319.0,87.1,99,34,46.7,16,55.7,1286,4.7,12.960,17,8.3
86.8,61,329.8,87.1,99,35,49.4,16,59.9,1334,5.9,12.983,17,10.1
89.9,61,341.6,87.1,99,36,48.3,16,60.2,1350,5.9,13.043,17,9.7
93.0,61,350.1,87.1,99,36,45.3,16,55.5,1332,5.4,13.040,17,9.3
96.1,62,362.6,87.1,99,36,36.7,16,43.8,1253,4.1,13.040,17,8.6
99.2,63,366.7,87.1,100,37,35.1,16,44.7,1136,2.0,13.041,17,5.6
102.3,63,368.0,87.1,99,36,30.9,16,39.6,1107,1.6,13.109,17,6.1
105.4,64,371.7,87.1,99,35,33.4,16,41.2,1141,1.8,13.040,17,6.0
108.5,64,377.1,87.1,98,35,37.4,16,45.0,1193,2.4,13.040,17,6.7
111.6,65,380.0,87.1,98,35,37.2,16,45.7,1200,2.4,12.960,17,6.7
114.7,2,385.4,87.1,99,35,34.8,16,43.3,1151,2.1,12.960,17,5.5
117.8,37,388.0,87.1,99,34,32.4,16,40.2,1102,1.6,12.960,17,5.5
120.9,65,388.0,87.1,99,34,32.4,16,40.5,1157,1.9,12.960,17,5.5
124.0,66,393.4,87.1,99,34,36.9,16,45.5,1197,2.6,12.960,17,6.5
127.1,67,396.0,87.1,99,34,34.7,16,42.6,1158,1.6,13.027,17,6.0
130.2,67,400.0,87.1,99,32,32.2,16,39.4,1130,1.3,12.960,17,4.8
133.3,67,396.6,87.1,100,32,21.2,16,23.4,1210,0.5,13.018,17,4.6
136.4,67,394.5,87.1,100,29,34.3,16,42.0,1170,2.6,12.961,17,6.4
139.5,67,396.0,87.1,100,28,29.5,16,38.7,1216,0.4,13.043,17,5.1
142.6,67,391.2,87.1,101,25,18.2,16,21.4,1216,0.4,13.040,17,4.3
145.7,68,380.8,87.1,101,17,25.0,16,23.1,1099,0.4,13.040,17,5.1
148.8,68,380.3,87.3,101,14,67.4,16,79.8,1421,12.9,12.968,17,13.6
151.9,68,391.1,87.2,100,21,64.8,16,76.4,1522,11.9,12.983,17,16.3
155.0,68,402.7,87.1,99,25,58.0,16,63.1,1349,6.1,12.958,17,10.9
158.1,68,409.2,87.5,99,27,37.9,16,46.6,1243,3.0,12.973,17,7.1
161.2,69,414.4,87.5,98,29,43.9,16,53.2,1199,3.9,13.040,17,8.4
164.3,69,420.0,87.5,99,30,42.8,16,52.1,1219,3.7,13.080,17,7.5
167.4,69,423.0,87.5,98,31,39.3,16,48.6,1202,2.5,13.040,17,6.4
170.5,69,428.0,87.5,99,31,32.1,16,40.0,1114,2.2,13.040,17,5.7
173.6,70,424.7,87.5,101,32,19.0,16,22.4,1241,0.4,12.960,17,4.3
176.7,70,412.5,87.5,101,31,18.0,16,22.0,1225,0.4,13.019,17,4.3
179.8,70,400.6,87.5,101,30,18.0,16,21.4,1219,0.4,13.040,17,4.3
182.9,70,392.3,87.5,101,24,18.0,16,21.2,1236,0.4,13.040,17,4.3
186.0,70,383.8,87.5,101,22,18.6,16,22.1,1187,0.4,13.040,17,4.3
189.1,70,372.0,87.6,101,15,21.8,16,25.2,1076,0.4,13.040,17,4.3
192.2,70,363.7,87.8,101,4,25.5,16,35.3,869,0.4,13.002,17,4.3
195.3,70,357.4,87.7,100,1,36.3,16,41.9,906,0.9,13.036,17,9.0
198.4,70,360.7,87.8,99,11,48.5,16,48.2,1510,5.2,12.964,17,10.2
201.5,70,364.0,87.8,101,16,45.9,16,55.2,1192,5.5,13.040,17,8.6
204.6,70,368.0,87.8,101,20,47.9,16,56.3,1224,6.9,13.040,17,10.1
207.7,70,375.3,87.8,101,23,59.3,16,69.2,1345,7.5,13.040,17,12.1
210.8,70,386.0,88.0,101,25,34.7,16,46.3,1289,5.4,13.040,17,7.9
213.9,71,383.8,88.2,101,24,17.3,16,20.2,1200,0.4,12.993,17,3.9
217.0,71,373.0,88.2,101,22,16.5,16,19.7,1174,0.4,13.040,17,3.9
220.1,71,364.7,88.2,101,15,17.4,16,21.2,1090,0.4,12.974,17,3.9
223.2,71,354.5,88.2,101,7,36.8,16,23.9,959,0.4,12.981,17,3.9
226.3,71,355.9,88.2,101,9,53.5,16,62.3,2130,10.7,12.934,17,14.0
229.4,71,366.1,88.2,100,17,48.0,16,54.9,1681,6.7,13.035,17,10.1
232.5,71,372.0,88.2,99,21,40.3,16,48.5,1381,4.7,12.976,17,8.8
235.6,72,376.0,88.2,99,23,31.3,16,32.7,1242,2.0,13.028,17,6.4
238.7,72,376.0,88.2,101,24,25.2,16,30.2,1141,1.7,13.076,17,5.4
241.8,72,372.9,88.2,101,23,16.9,16,19.8,1212,0.4,13.040,17,4.0
244.9,72,367.0,88.2,101,19,16.5,16,20.3,1137,0.4,12.989,17,3.9
248.0,72,357.3,88.2,101,10,22.8,16,22.9,1023,1.0,12.980,17,4.1
251.1,72,358.6,88.2,101,10,55.5,16,61.4,2075,8.4,12.987,17,16.3
254.2,72,371.3,88.5,100,19,57.2,16,64.9,1490,9.9,13.040,17,14.4
257.3,73,379.8,88.6,99,23,45.6,16,56.2,1477,7.1,13.040,17,9.7
260.4,73,384.0,88.2,101,25,29.7,16,33.9,1311,3.1,13.040,17,6.7
263.5,73,387.1,88.2,101,26,35.8,16,38.9,1235,3.5,13.027,17,7.4
266.6,74,386.4,88.2,101,24,15.8,16,18.8,1212,0.4,13.018,17,3.9
269.7,74,376.0,88.2,101,18,16.5,16,20.5,1124,0.4,13.040,17,3.9
272.8,74,371.0,88.2,101,7,20.5,16,26.2,817,0.4,13.119,17,3.9
275.9,74,360.0,88.2,101,0,26.9,16,34.9,658,0.4,13.078,17,5.3
279.0,74,360.0,88.2,100,5,50.2,16,56.1,1685,7.7,12.903,17,11.7
282.1,74,366.6,88.2,99,16,56.5,16,67.2,1422,8.3,13.094,17,11.6
285.2,74,375.3,88.2,99,21,57.8,16,68.5,1337,8.6,13.109,17,11.8
288.3,74,388.0,88.2,99,24,58.8,16,68.7,1342,8.6,13.040,17,12.2
291.4,74,394.6,88.2,99,27,52.3,16,57.6,1350,7.4,13.120,17,11.8
294.5,74,405.3,88.2,99,29,39.1,16,48.1,1312,4.2,12.944,17,7.3
297.6,75,408.0,88.2,101,29,19.2,16,20.5,1206,0.4,12.903,17,3.9
300.7,75,400.4,88.2,101,23,14.9,16,17.7,1186,0.4,13.098,17,3.5
303.8,75,391.5,88.2,101,16,15.6,16,19.3,1126,1.2,12.995,17,6.0
306.9,75,390.6,88.2,101,17,48.2,16,55.9,1337,4.3,12.886,17,8.7
310.0,75,391.3,88.2,101,19,18.8,16,23.2,1127,1.5,12.914,17,5.6
313.1,75,384.8,88.2,101,15,16.6,16,19.9,1085,0.4,13.023,17,3.5
316.2,75,378.9,88.2,101,9,21.9,16,25.1,1163,0.4,12.960,17,4.2
319.3,75,381.8,88.2,100,10,34.6,16,42.9,1783,7.1,12.970,17,10.9
322.4,75,378.5,88.2,101,9,15.8,16,21.1,1116,0.3,12.862,17,4.0
325.5,75,375.8,88.2,101,2,23.4,16,29.4,833,0.2,12.864,17,3.5
328.6,75,365.7,88.2,101,0,24.0,16,31.5,674,0.4,13.032,17,3.2
331.7,75,359.9,88.2,101,0,66.7,16,77.5,361,0.2,12.803,17,17.8
334.8,75,353.5,88.2,101,0,0.0,1,0.0,0,1.6,12.642,17,15.5
337.9,75,352.0,88.2,101,0,0.0,1,0.0,0,1.6,12.640,17,6.3
341.0,75,352.0,88.2,101,0,0.0,1,0.0,0,1.6,12.643,17,6.3
344.1,75,352.0,88.2,101,0,0.0,1,0,1.6,12.640,17,6.3
347.2,75,349.7,88.2,101,0,0.0,1,17,6.3
350.3,75,351.1,88.2,101,0,17,6.3
353.4,75,352.0,88.2,101,0,17,6.3
