BlueDriver Data Log
Aug 29, 2018 5:17:16 PM
Time (s),Engine Coolant Temperature (째C),Catalyst Temperature Bank 1 - Sensor 1 (째C),Fuel Level Input (%),Barometric Pressure (kPa),Vehicle Speed (MPH),Absolute Load Value (%),Ambient Air Temperature (째C),Calculated Engine Load Value (%),Engine RPM (rpm),Relative Throttle Position (%),Control Module Voltage (V),Intake Air Temperature (째C),Absolute Throttle Position (%)
0.0,,,,,,,,,,,,,
3.1,44,56.0,86.7,101,0,37.0,29,46.8,882,0.4,13.618,31,5.7
6.2,45,60.0,86.7,101,3,37.6,29,45.2,1205,1.2,13.512,32,7.2
9.3,46,72.4,86.7,101,6,26.7,29,31.0,1409,0.4,13.372,32,6.6
12.4,46,81.1,86.7,101,7,27.2,29,30.9,1351,0.6,12.962,32,7.4
15.5,47,90.5,86.7,101,7,28.8,29,35.2,1164,0.4,13.039,32,6.3
18.6,47,100.6,87.1,101,7,32.6,29,35.8,1304,0.7,12.921,32,7.6
21.7,48,108.3,87.1,101,7,28.0,29,33.6,1174,0.4,12.960,32,6.3
24.8,48,112.3,87.1,101,3,32.5,29,39.4,1003,0.4,12.960,32,5.9
27.9,49,120.7,87.1,101,4,45.2,29,55.9,1530,4.3,12.960,32,9.1
31.0,50,135.2,87.1,101,10,33.2,29,40.5,1606,3.2,12.837,32,7.4
34.1,51,141.7,87.1,101,10,24.8,29,31.2,1171,0.4,13.025,32,6.3
37.2,51,147.2,87.1,101,8,36.9,29,37.3,1489,2.0,13.022,32,7.4
40.3,52,163.2,87.0,101,12,47.1,29,55.3,1435,5.0,13.022,32,10.7
43.4,52,172.1,86.7,101,15,33.1,29,39.1,1253,0.7,12.990,32,6.6
46.5,53,178.2,87.1,101,13,27.5,29,32.6,1204,0.4,13.040,32,6.0
49.6,53,180.6,87.1,101,4,28.9,29,36.8,969,0.4,12.960,32,5.9
52.7,54,189.4,87.1,101,3,45.4,29,61.8,1405,7.8,13.037,32,13.0
55.8,55,197.5,87.1,101,11,55.7,29,60.0,1488,4.3,12.960,32,10.7
58.9,55,206.9,87.1,101,14,23.1,29,26.6,1260,0.4,13.040,32,5.9
62.0,56,212.0,87.1,101,10,20.5,29,24.2,1215,0.4,13.030,32,5.0
65.1,57,217.1,87.1,101,8,47.5,29,53.1,1899,8.3,12.960,32,11.2
68.2,57,232.8,87.1,101,15,65.7,29,74.2,1576,11.8,12.987,32,17.2
71.3,58,248.7,87.1,100,22,69.0,29,79.0,1658,13.2,12.960,32,19.2
74.4,58,279.0,87.1,100,26,63.6,29,75.6,1545,11.3,12.960,32,16.7
77.5,59,299.0,87.1,100,30,65.6,29,75.4,1560,10.7,12.957,30,16.8
80.6,60,321.9,87.1,100,32,64.3,29,74.8,1604,11.4,12.920,30,16.8
83.7,61,339.9,87.1,101,35,55.5,29,66.7,1562,11.1,12.960,30,15.8
86.8,62,352.0,87.1,101,36,24.5,29,28.6,1267,2.4,12.911,30,8.1
89.9,62,355.0,87.1,101,36,40.4,29,50.6,1165,3.7,12.960,30,8.3
93.0,63,358.8,87.1,101,36,42.5,29,43.0,1167,1.8,13.018,30,8.2
96.1,64,358.6,87.1,101,35,27.3,29,34.5,1230,0.4,12.966,30,6.3
99.2,64,360.5,87.1,101,35,27.9,29,32.2,1364,0.6,12.960,30,6.6
102.3,65,364.0,87.1,100,34,43.8,29,50.7,1492,3.4,12.814,30,10.0
105.4,65,380.6,87.1,99,36,46.5,29,54.6,1324,4.4,12.960,30,10.1
108.5,66,388.6,87.1,99,37,46.3,29,51.5,1247,4.3,12.884,30,9.9
111.6,66,396.4,87.1,99,38,48.4,29,58.2,1284,4.3,12.925,30,9.4
114.7,67,402.6,87.1,100,39,34.6,29,37.0,1180,0.0,12.960,30,6.6
117.8,67,403.6,87.1,101,37,28.2,29,33.8,1192,0.4,12.960,30,6.3
120.9,68,392.0,87.1,101,36,34.3,29,37.2,1212,2.1,12.960,30,8.0
124.0,68,396.0,87.1,99,36,46.0,29,49.0,1265,1.1,12.999,30,7.0
127.1,68,392.1,87.1,101,34,19.0,29,22.8,1201,0.4,12.830,29,4.4
130.2,68,384.1,87.1,101,30,24.4,29,44.8,1253,3.7,12.960,29,7.0
133.3,68,397.8,87.1,100,32,62.8,29,76.5,1467,10.1,12.816,29,15.4
136.4,68,415.9,87.1,100,35,61.9,29,72.8,1471,9.3,12.991,29,13.4
139.5,68,416.8,87.1,101,36,24.0,29,28.4,1198,1.4,12.861,29,5.6
142.6,69,405.1,87.1,101,31,19.6,29,23.9,1162,0.4,12.960,29,4.7
145.7,69,396.7,87.1,101,27,18.8,29,21.7,1186,0.4,12.960,29,5.0
148.8,69,392.0,87.1,101,26,38.8,29,48.1,1165,4.0,13.024,29,8.9
151.9,69,398.5,87.1,101,25,27.8,29,33.0,1212,1.3,12.960,29,6.3
155.0,69,393.0,87.1,101,22,27.8,29,34.1,1211,0.7,12.934,29,6.3
158.1,69,392.0,87.1,101,19,21.4,29,25.9,1315,0.4,12.897,29,5.5
161.2,69,392.0,87.1,100,19,28.9,29,33.7,1476,0.1,12.959,29,4.8
164.3,69,392.0,87.1,99,20,22.8,29,25.4,1337,0.4,12.915,29,6.1
167.4,70,392.0,87.1,101,18,27.0,29,31.8,1291,0.4,12.960,29,6.3
170.5,70,390.8,87.1,101,12,28.3,29,33.4,1253,0.4,12.960,29,6.5
173.6,70,388.0,87.4,101,6,32.1,29,38.4,1106,0.4,12.960,29,6.3
176.7,70,384.1,87.3,101,2,33.2,29,41.2,896,0.4,12.960,29,5.5
179.8,70,375.6,87.5,101,0,28.4,29,37.3,789,0.4,12.960,29,4.6
182.9,71,369.4,87.5,101,0,29.7,29,37.4,708,0.0,12.807,29,4.9
186.0,71,359.5,87.5,101,0,36.7,29,46.8,762,0.4,12.841,29,4.8
189.1,71,353.6,87.5,101,0,32.6,29,42.3,811,0.4,12.880,29,5.4
192.2,71,347.5,87.5,101,0,31.5,29,40.9,841,0.4,12.842,29,5.1
195.3,72,341.7,87.5,101,0,38.5,29,45.1,959,0.7,12.875,29,5.1
198.4,72,340.0,87.5,100,6,60.0,29,69.5,1757,10.9,12.945,29,15.6
201.5,72,352.2,87.5,101,17,69.2,29,78.5,1898,16.7,12.971,29,20.3
204.6,72,367.5,87.1,101,24,67.5,29,76.7,1996,16.2,12.960,29,19.5
207.7,74,395.4,87.1,100,29,60.5,29,69.4,2037,13.8,12.960,29,17.8
210.8,74,419.3,87.1,100,33,61.8,28,69.8,1933,12.9,12.960,28,17.1
213.9,75,432.4,87.5,100,35,54.8,28,62.4,1687,9.1,12.888,28,14.2
217.0,76,445.5,87.1,100,37,58.7,28,68.4,1538,9.4,12.960,28,14.5
220.1,76,458.3,87.1,100,39,39.2,28,49.1,1357,7.4,12.960,28,10.8
223.2,77,456.9,87.1,100,38,17.1,28,19.6,1199,0.5,12.960,28,4.5
226.3,77,449.1,87.1,101,35,18.8,28,21.7,1158,0.4,12.893,28,4.3
229.4,77,448.0,87.1,101,32,23.4,28,27.5,1279,0.2,12.960,28,5.1
232.5,77,448.0,87.1,101,27,24.1,28,28.5,1322,0.0,13.036,28,5.9
235.6,77,444.0,87.1,101,19,24.9,28,28.9,1265,0.0,12.960,28,5.8
238.7,77,441.2,87.1,101,9,20.9,28,25.3,1152,0.4,12.895,28,3.7
241.8,77,433.5,87.1,101,1,23.9,28,28.6,702,0.4,13.126,28,3.3
244.9,77,428.0,87.1,100,4,47.5,28,55.4,1687,9.3,12.960,28,13.2
248.0,77,435.8,87.1,100,15,66.5,28,76.6,1726,14.8,12.960,28,19.7
251.1,77,447.0,87.1,100,22,65.6,28,74.2,1626,12.9,12.960,28,19.0
254.2,77,452.0,87.1,101,25,23.6,28,32.2,1228,3.4,12.960,28,5.1
257.3,78,444.5,87.1,101,22,15.2,28,18.4,1168,0.4,12.960,28,3.5
260.4,78,438.2,87.1,101,13,15.7,28,18.8,1127,0.4,12.960,28,3.5
263.5,78,428.1,87.1,101,2,25.6,28,34.1,668,0.4,12.972,28,4.0
266.6,78,418.5,87.1,101,0,32.0,28,42.9,707,0.4,12.860,28,4.5
269.7,78,409.7,87.1,101,0,30.2,28,38.8,767,0.0,12.880,28,4.7
272.8,78,402.3,87.1,101,0,30.6,28,39.6,812,0.4,12.880,28,5.1
275.9,78,393.2,87.1,101,0,30.1,28,39.2,812,0.3,12.940,28,4.7
279.0,78,385.7,87.1,101,0,29.8,28,38.8,812,0.0,12.880,28,4.7
282.1,78,377.4,87.1,101,0,29.8,28,38.9,803,0.0,12.807,28,4.7
285.2,78,371.1,87.1,101,0,21.3,28,30.2,784,0.0,12.869,28,3.5
288.3,78,364.8,87.1,101,0,21.2,28,27.7,694,0.4,12.880,28,3.1
291.4,78,358.0,87.1,101,0,22.9,28,33.4,641,0.4,12.831,28,3.4
294.5,78,349.2,87.1,101,0,29.6,28,39.4,740,0.4,12.654,28,4.7
297.6,78,343.2,87.1,101,0,29.9,28,39.2,798,0.1,12.844,28,4.7
300.7,78,337.1,87.1,101,0,29.8,28,39.2,822,0.0,12.875,29,4.7
303.8,78,332.8,87.1,100,2,46.2,28,52.5,1198,5.5,12.895,29,11.6
306.9,78,338.6,87.1,100,13,53.9,28,64.0,1587,9.0,13.034,29,12.8
310.0,78,345.2,87.1,100,19,58.7,28,69.3,1523,10.7,12.960,29,15.4
313.1,78,357.0,87.1,100,23,64.2,28,74.5,1485,9.6,12.960,29,15.2
316.2,79,370.1,87.1,100,25,45.0,28,57.3,1281,4.7,12.960,28,7.6
319.3,79,368.2,87.1,101,23,26.3,28,30.1,1171,0.4,12.960,28,5.4
322.4,80,368.0,87.1,101,21,15.6,28,18.1,1187,0.4,13.021,28,3.8
325.5,80,364.4,87.1,101,19,16.0,28,20.4,919,0.4,12.960,28,3.5
328.6,80,358.1,87.1,101,14,20.0,28,26.8,974,0.4,12.960,28,4.3
331.7,80,356.0,87.1,101,5,29.1,28,44.7,1049,4.2,12.960,28,6.4
334.8,80,358.3,87.1,99,9,52.4,28,59.1,1875,8.2,12.881,28,13.1
337.9,80,368.0,87.1,100,17,57.0,28,67.6,1435,8.2,12.960,28,12.3
341.0,81,372.0,86.9,101,20,25.5,28,26.6,1195,0.4,12.960,28,4.6
344.1,81,366.9,87.1,101,17,15.0,28,19.5,970,0.4,12.960,28,3.1
347.2,81,364.0,87.1,101,12,19.9,28,23.9,928,0.0,12.880,29,4.2
350.3,81,361.3,87.1,101,7,47.3,28,52.6,1535,5.7,12.933,29,8.7
353.4,81,367.1,87.1,100,12,55.4,28,63.7,1740,8.8,12.934,28,14.9
356.5,81,373.8,87.1,100,18,41.2,28,49.8,1364,4.7,12.927,28,9.0
359.6,81,376.0,87.1,101,19,18.7,28,25.5,1094,1.0,12.960,28,4.3
362.7,82,372.0,87.1,101,19,28.4,28,33.2,1121,2.4,12.960,28,5.7
365.8,82,372.0,87.1,101,20,27.3,28,34.1,1080,2.2,12.817,28,6.1
368.9,82,372.0,87.3,101,20,34.2,28,40.6,1125,2.4,12.960,28,7.2
372.0,82,376.0,87.1,100,22,36.1,28,43.4,1143,1.9,12.880,28,7.0
375.1,82,376.0,87.1,100,22,23.6,28,25.6,1210,1.2,12.880,28,5.5
378.2,82,376.0,87.1,100,23,28.4,28,34.3,1156,2.0,12.910,28,5.5
381.3,83,373.8,87.1,100,23,22.0,28,23.4,1143,0.0,12.885,28,4.7
384.4,83,368.5,87.1,101,21,22.5,28,26.7,1224,0.4,12.960,28,5.5
387.5,83,368.0,87.1,101,17,23.1,28,27.6,1225,0.4,12.960,28,5.5
390.6,83,364.4,87.1,101,6,27.9,28,34.0,1147,2.5,13.000,28,4.6
393.7,83,365.6,87.4,99,10,46.2,28,51.6,1833,8.3,12.941,28,12.0
396.8,83,371.8,87.1,100,17,57.8,28,67.5,1434,9.8,12.960,28,12.4
399.9,83,377.8,87.1,100,21,23.5,28,29.0,1059,0.4,13.032,28,4.9
403.0,83,376.0,87.1,101,19,24.1,28,29.1,1196,0.0,12.960,28,5.6
406.1,84,376.0,87.1,101,17,26.7,28,29.1,1218,0.0,12.960,28,5.3
409.2,84,376.0,87.1,99,16,29.8,28,35.5,1424,3.0,12.944,28,6.7
412.3,84,374.3,87.1,100,17,16.6,28,19.6,1111,0.4,12.951,28,3.9
415.4,84,368.7,87.1,101,14,19.5,28,26.3,951,0.4,12.854,28,3.5
418.5,84,362.8,87.1,101,7,22.9,28,30.3,868,0.4,13.053,28,4.1
421.6,84,356.6,87.1,101,3,28.9,28,37.6,728,0.4,12.997,28,4.3
424.7,84,350.4,87.1,101,0,32.2,28,26.4,818,0.1,12.821,28,2.0
427.8,84,344.6,87.1,101,0,26.0,20,0.0,0,2.4,12.640,28,34.0
430.9,84,340.0,87.1,101,0,0.0,13,0.0,0,1.6,12.640,28,6.3
434.0,84,339.8,87.1,101,0,0.0,13,0.0,0,1.6,12.640,28,6.3
437.1,84,340.0,87.1,101,0,0.0
