BlueDriver Data Log
Jul 24, 2018 5:54:14 PM
Time (s),Barometric Pressure (kPa),Vehicle Speed (MPH),Absolute Load Value (%),Ambient Air Temperature (째C),Intake Air Temperature (째C),Engine Coolant Temperature (째C),Catalyst Temperature Bank 1 - Sensor 1 (째C),Engine RPM (rpm),Fuel Level Input (%)
0.0,,,,,,,,,
1.3,,0,30.6,18,34,73,235.9,,
2.6,101,0,30.6,18,34,74,232.6,812,100.0
3.9,101,0,30.6,18,34,74,232.0,826,100.0
5.2,101,0,21.9,18,34,74,232.0,808,100.0
6.5,101,0,21.2,18,34,74,230.4,749,100.0
7.8,101,0,20.7,18,34,74,228.0,707,100.0
9.1,101,0,20.4,18,34,74,228.0,689,100.0
10.4,101,0,22.4,18,34,74,228.1,648,100.0
11.7,101,0,29.8,18,34,74,225.2,661,100.0
13.0,101,0,29.1,18,34,75,224.0,689,100.0
14.3,101,0,30.9,18,34,75,223.0,720,100.0
15.6,101,0,31.7,18,34,75,219.7,775,100.0
16.9,101,0,30.6,18,34,75,216.4,793,100.0
18.2,101,0,30.6,18,34,75,216.0,800,100.0
19.5,101,0,30.6,18,34,75,216.0,800,100.0
20.8,101,0,30.6,18,34,75,215.5,800,100.0
22.1,101,0,30.5,18,34,75,212.5,812,100.0
23.4,101,0,29.8,18,34,75,212.0,807,100.0
24.7,101,0,30.5,18,34,75,212.0,800,100.0
26.0,101,0,30.2,18,34,75,211.3,801,100.0
27.3,101,0,30.1,18,34,75,208.1,812,100.0
28.6,101,0,30.6,18,34,75,208.0,812,100.0
29.9,101,0,30.6,18,34,75,208.0,805,100.0
31.2,101,0,30.6,18,34,75,206.1,805,100.0
32.5,101,0,30.6,18,34,75,204.0,812,100.0
33.8,101,0,30.6,18,34,75,204.0,812,100.0
35.1,101,0,30.6,18,35,75,204.4,812,100.0
36.4,101,0,30.6,18,35,75,202.0,807,100.0
37.7,101,0,30.6,18,35,75,200.0,800,100.0
39.0,101,0,30.6,18,35,75,200.0,800,100.0
40.3,101,0,30.6,18,35,75,200.1,800,100.0
41.6,101,0,30.5,18,35,75,196.9,808,100.0
42.9,101,0,29.8,18,35,75,196.0,812,100.0
44.2,101,0,30.3,18,35,75,196.0,812,100.0
45.5,101,0,30.6,18,35,75,196.0,812,100.0
46.8,101,0,30.6,18,35,75,196.0,812,100.0
48.1,101,0,30.6,18,35,75,192.8,812,100.0
49.4,101,0,30.6,18,35,75,192.0,812,100.0
50.7,101,0,30.6,18,35,75,192.0,812,100.0
52.0,101,0,30.6,18,35,76,192.0,812,100.0
53.3,101,0,30.6,18,35,76,191.8,812,100.0
54.6,101,0,28.8,18,35,76,188.3,800,100.0
55.9,101,0,22.0,18,35,76,188.0,785,100.0
57.2,101,0,21.3,18,35,76,188.0,754,100.0
58.5,101,0,20.7,18,35,76,188.0,720,100.0
59.8,101,0,20.4,18,35,76,188.0,675,100.0
61.1,101,0,20.9,18,35,76,184.6,647,100.0
62.4,101,0,22.7,18,35,76,184.0,670,100.0
63.7,101,0,27.4,18,35,76,182.6,707,100.0
65.0,101,0,30.8,18,35,77,180.0,725,100.0
66.3,101,0,32.6,18,35,77,180.1,757,100.0
67.6,101,0,31.3,18,35,77,180.0,778,100.0
68.9,101,0,30.6,18,35,77,178.2,796,100.0
70.2,101,0,30.6,18,35,77,176.0,812,100.0
71.5,101,0,30.6,18,35,77,176.0,812,100.0
72.8,101,0,30.6,18,35,77,176.4,812,100.0
74.1,101,0,30.6,18,35,77,176.0,812,100.0
75.4,101,0,30.6,18,35,77,176.0,805,100.0
76.7,101,0,30.6,18,35,77,175.7,787,100.0
78.0,101,0,30.6,18,35,77,172.1,800,100.0
79.3,101,0,30.8,18,35,77,172.0,800,100.0
80.6,101,0,32.2,18,35,77,172.0,1081,100.0
81.9,101,3,44.3,18,36,77,175.6,1388,100.0
83.2,101,7,50.2,18,36,77,181.3,1560,100.0
84.5,101,10,54.8,18,36,77,186.1,1544,100.0
85.8,101,13,57.8,18,36,77,196.1,1498,100.0
87.1,101,16,56.2,18,36,77,199.0,1468,100.0
88.4,101,19,26.7,18,36,77,204.3,1421,100.0
89.7,101,20,21.7,18,36,77,208.0,1345,100.0
91.0,101,19,18.2,18,36,78,208.0,1186,100.0
92.3,101,18,17.2,18,36,78,204.3,1168,100.0
93.6,101,17,16.5,18,36,78,204.0,1162,100.0
94.9,101,17,15.8,18,36,78,202.0,1157,100.0
96.2,101,16,23.0,18,36,78,200.0,1181,100.0
97.5,101,16,23.9,18,36,78,200.7,1305,100.0
98.8,101,16,21.7,18,35,78,204.1,1235,100.0
100.1,101,16,25.9,18,35,78,204.0,1231,100.0
101.4,101,15,25.9,18,35,78,205.7,1214,100.0
102.7,101,12,25.9,18,35,78,208.0,1179,100.0
104.0,101,11,24.7,18,35,78,208.0,1124,100.0
105.3,101,9,23.4,18,35,78,208.0,1083,100.0
106.6,101,6,26.7,18,35,78,208.0,1020,100.0
107.9,101,6,42.6,18,35,78,212.2,1217,100.0
109.2,101,9,51.8,18,35,78,220.1,1911,100.0
110.5,101,12,56.7,18,35,78,224.0,1839,100.0
111.8,101,15,65.1,18,35,78,231.3,1689,100.0
113.1,101,18,63.3,18,35,78,239.0,1563,100.0
114.4,100,21,62.7,18,35,78,246.3,1522,100.0
115.7,100,23,62.2,18,35,78,256.0,1411,100.0
117.0,100,25,61.1,18,35,79,265.7,1429,100.0
118.3,100,26,59.5,18,35,79,271.9,1417,100.0
119.6,100,28,58.2,18,35,79,277.8,1388,100.0
120.9,100,30,54.5,18,34,80,287.9,1397,100.0
122.2,100,31,48.7,18,34,80,293.3,1334,100.0
123.5,99,32,50.2,18,34,80,297.8,1279,100.0
124.8,99,32,50.7,18,34,80,302.4,1289,100.0
126.1,100,33,47.6,18,34,81,311.9,1311,100.0
127.4,100,34,40.5,18,34,81,314.8,1265,100.0
128.7,101,34,22.7,18,34,81,314.2,1208,100.0
130.0,101,33,24.4,18,34,81,311.0,1162,100.0
131.3,101,32,26.9,18,34,81,308.8,1175,100.0
132.6,101,31,26.3,18,34,81,311.9,1311,100.0
133.9,101,31,17.9,18,34,81,312.0,1340,100.0
135.2,101,31,17.3,18,34,81,312.0,1309,100.0
136.5,101,30,15.8,18,34,81,312.0,1175,100.0
137.8,101,29,15.2,18,34,81,311.8,1037,100.0
139.1,101,28,15.7,18,34,81,307.8,1011,100.0
140.4,101,27,15.7,18,34,81,308.0,1072,100.0
141.7,101,25,21.2,18,34,81,308.0,1129,100.0
143.0,101,22,21.7,18,34,81,308.0,1144,100.0
144.3,101,18,22.7,18,34,81,308.0,1112,100.0
145.6,101,15,23.5,18,34,81,308.0,1121,100.0
146.9,101,11,23.5,18,34,81,308.0,1119,100.0
148.2,101,9,22.3,18,33,81,306.7,1069,100.0
149.5,101,6,25.7,18,33,81,304.0,936,100.0
150.8,101,5,31.4,18,33,81,303.9,887,100.0
152.1,100,5,41.6,18,33,81,304.0,1358,100.0
153.4,99,7,42.8,18,33,81,305.7,1804,100.0
154.7,99,10,41.2,18,33,81,309.0,1989,100.0
156.0,99,13,43.3,18,33,81,313.3,1733,100.0
157.3,99,16,47.3,18,33,81,319.9,1685,100.0
158.6,99,19,46.9,18,33,81,320.0,1678,100.0
159.9,99,21,40.8,18,33,81,325.0,1591,100.0
161.2,99,22,43.2,18,33,81,329.5,1494,100.0
162.5,99,23,45.2,18,33,82,332.8,1425,100.0
163.8,99,24,46.7,18,33,82,336.0,1425,100.0
165.1,99,25,48.3,18,33,82,343.7,1398,100.0
166.4,99,26,51.2,18,33,82,346.2,1399,100.0
167.7,99,29,54.0,18,33,82,350.7,1415,100.0
169.0,100,29,53.7,18,33,83,357.0,1425,100.0
170.3,99,30,52.1,18,33,83,363.8,1424,100.0
171.6,99,31,49.1,17,32,83,369.0,1399,100.0
172.9,99,32,39.2,17,32,83,373.5,1360,100.0
174.2,99,32,40.4,17,32,84,376.4,1311,100.0
175.5,99,33,42.5,17,32,84,379.7,1286,100.0
176.8,99,34,43.1,17,32,84,382.5,1293,100.0
178.1,99,35,42.6,17,32,84,385.8,1295,100.0
179.4,99,35,41.3,17,32,84,389.2,1279,100.0
180.7,99,35,42.3,17,32,84,392.2,1250,100.0
182.0,99,35,45.0,17,32,84,395.9,1278,100.0
183.3,99,36,48.6,17,32,84,401.3,1345,100.0
184.6,99,36,49.4,17,32,84,406.0,1387,100.0
185.9,99,36,49.4,17,32,84,409.5,1374,100.0
187.2,99,36,48.9,17,32,84,412.7,1331,100.0
188.5,99,36,48.6,17,32,84,415.9,1287,100.0
189.8,100,36,42.1,17,32,84,416.0,1319,100.0
191.1,100,36,26.6,17,32,85,419.2,1216,100.0
192.4,101,36,25.1,17,32,85,420.0,1142,100.0
193.7,101,35,19.5,17,32,85,420.0,1126,100.0
195.0,101,34,18.0,17,32,85,419.7,1225,100.0
196.3,101,34,20.3,17,32,85,415.5,1140,100.0
197.6,101,34,19.6,17,32,85,416.0,1091,100.0
198.9,101,33,22.1,17,32,85,416.0,1078,100.0
200.2,101,32,25.9,17,32,85,416.0,1112,100.0
201.5,101,32,30.0,17,32,85,416.0,1112,100.0
202.8,101,31,30.3,17,32,85,416.0,1133,100.0
204.1,101,30,26.2,17,32,85,416.0,1218,100.0
205.4,101,29,22.0,17,32,85,412.4,1257,100.0
206.7,101,27,23.0,17,32,85,407.3,1247,100.0
208.0,101,23,21.7,17,32,85,403.9,1225,100.0
209.3,101,19,19.2,17,32,85,400.8,1179,100.0
210.6,101,17,23.3,17,32,85,400.0,1194,100.0
211.9,101,17,44.7,17,32,85,400.0,1240,100.0
213.2,100,19,44.3,17,32,85,400.5,1287,100.0
214.5,99,21,43.9,17,32,85,403.9,1298,100.0
215.8,99,23,43.9,17,32,85,406.5,1279,100.0
217.1,99,24,46.0,16,31,85,408.0,1258,100.0
218.4,99,25,41.8,15,30,85,409.3,1232,100.0
219.7,101,26,35.4,15,30,85,412.0,1162,100.0
221.0,101,26,30.9,15,30,85,411.8,1116,100.0
222.3,101,26,29.8,15,30,85,412.0,1086,100.0
223.6,101,26,26.6,15,30,85,412.0,1157,100.0
224.9,101,26,23.7,15,30,85,412.0,1326,100.0
226.2,101,26,21.0,15,30,85,411.7,1336,100.0
227.5,101,25,18.0,15,30,85,412.0,1322,100.0
228.8,101,24,16.5,15,30,85,412.0,1283,100.0
230.1,101,23,16.5,15,30,85,410.5,1229,100.0
231.4,101,21,16.5,15,30,85,408.0,1158,100.0
232.7,101,18,16.5,15,30,85,407.8,1075,100.0
234.0,101,16,16.6,15,30,85,403.8,1013,100.0
235.3,101,14,17.3,15,30,85,401.2,1001,100.0
236.6,101,11,23.5,15,30,85,400.0,1021,100.0
237.9,101,10,23.9,15,30,85,399.2,1038,100.0
239.2,101,9,24.3,15,30,85,395.8,1050,100.0
240.5,101,7,25.0,15,30,85,396.0,978,100.0
241.8,101,5,28.2,15,30,85,393.7,919,100.0
243.1,101,5,38.4,15,30,85,390.9,1087,100.0
244.4,99,7,45.1,15,30,85,388.5,1910,100.0
245.7,99,10,48.3,15,30,85,391.9,2136,100.0
247.0,99,13,50.3,15,30,86,394.9,1913,100.0
248.3,99,15,52.6,15,30,86,398.1,1765,100.0
249.6,100,19,54.1,15,30,86,403.2,1730,100.0
250.9,100,19,54.5,15,30,86,408.0,1700,100.0
252.2,99,21,52.7,15,30,86,408.0,1636,100.0
253.5,99,23,49.0,15,30,86,415.3,1599,100.0
254.8,99,24,47.1,15,30,86,416.0,1487,100.0
256.1,99,25,43.7,15,30,86,417.7,1387,100.0
257.4,99,25,44.5,15,30,86,420.6,1312,100.0
258.7,99,25,43.6,15,30,86,423.9,1291,100.0
260.0,99,26,39.9,15,30,86,427.2,1262,100.0
261.3,99,26,38.2,15,30,86,428.0,1218,100.0
262.6,100,26,24.3,15,30,86,428.0,1187,100.0
263.9,101,25,24.3,15,30,86,425.7,1192,100.0
265.2,101,24,22.3,15,30,86,419.9,1212,100.0
266.5,101,22,18.5,15,30,87,414.5,1196,100.0
267.8,101,22,17.3,15,30,87,412.0,1147,100.0
269.1,101,22,16.7,15,30,87,410.6,1121,100.0
270.4,101,21,15.2,15,30,87,407.6,1175,100.0
271.7,101,19,14.3,15,30,87,403.9,1137,100.0
273.0,101,16,14.9,15,30,87,401.5,1102,100.0
274.3,101,11,20.2,15,30,87,398.6,1021,100.0
275.6,101,7,24.3,15,30,87,396.0,889,100.0
276.9,100,5,35.6,15,30,87,396.0,1075,100.0
278.2,99,6,49.6,15,30,87,395.8,1692,100.0
279.5,99,9,47.0,14,29,87,396.0,1668,100.0
280.8,99,12,46.3,14,29,87,397.7,1392,100.0
282.1,99,13,36.5,14,29,87,400.0,1181,100.0
283.4,100,14,25.1,14,29,87,400.0,1225,100.0
284.7,101,14,23.2,14,29,87,396.3,1206,100.0
286.0,101,14,18.0,14,29,87,396.0,1186,100.0
287.3,101,12,16.9,14,29,87,394.4,1167,100.0
288.6,101,12,15.6,14,29,87,392.0,1150,100.0
289.9,101,11,15.5,14,29,87,392.0,1089,100.0
291.2,101,11,17.0,14,29,87,389.1,1138,100.0
292.5,100,11,21.2,14,29,87,386.3,1213,100.0
293.8,100,11,23.3,14,29,87,384.0,1276,100.0
295.1,100,11,25.8,14,29,87,384.0,1287,100.0
296.4,100,12,27.9,14,30,87,383.9,1163,100.0
297.7,100,12,28.9,14,29,87,384.0,1118,100.0
299.0,100,12,26.7,14,29,87,382.6,1099,100.0
300.3,100,12,25.5,14,29,87,380.0,1068,100.0
301.6,100,12,23.9,14,29,87,379.8,1211,100.0
302.9,101,12,22.0,14,29,87,380.0,1207,100.0
304.2,101,12,19.1,14,29,87,380.0,1195,100.0
305.5,101,12,16.9,14,29,87,379.9,1162,100.0
306.8,101,11,15.9,14,29,87,375.9,1050,100.0
308.1,101,10,16.5,14,29,87,373.4,1005,100.0
309.4,101,9,17.3,14,30,87,369.8,1000,100.0
310.7,101,9,16.8,14,30,87,368.0,1021,100.0
312.0,101,9,19.2,14,30,87,367.4,1068,100.0
313.3,101,8,23.8,14,30,87,363.9,1000,100.0
314.6,101,7,27.6,14,30,87,364.0,1078,100.0
315.9,101,6,29.0,14,29,87,364.0,1150,100.0
317.2,101,6,27.7,14,29,87,364.0,1150,100.0
318.5,101,4,27.0,14,29,87,359.8,1010,100.0
319.8,101,0,32.9,14,29,87,360.0,897,100.0
321.1,101,0,29.9,14,29,87,358.1,1054,100.0
322.4,100,2,36.9,14,29,87,356.0,1404,100.0
323.7,101,2,32.4,14,29,87,355.8,1162,100.0
325.0,101,2,21.3,14,29,87,352.0,886,100.0
326.3,101,0,25.1,14,30,87,349.5,898,100.0
327.6,101,0,36.4,14,30,87,348.0,1079,100.0
328.9,99,3,35.1,14,30,87,348.0,1502,100.0
330.2,99,7,33.9,14,30,87,348.3,1537,100.0
331.5,99,9,37.4,14,30,87,351.7,1377,100.0
332.8,99,12,27.5,14,30,87,350.7,1254,100.0
334.1,101,12,25.3,14,30,87,348.0,1225,100.0
335.4,101,12,23.5,14,30,87,348.0,1173,100.0
336.7,101,12,23.5,14,30,87,348.0,1190,100.0
338.0,101,12,24.3,14,30,87,346.7,1209,100.0
339.3,101,12,24.3,14,30,87,344.0,1200,100.0
340.6,101,12,24.0,14,30,87,343.8,1200,100.0
341.9,101,12,21.2,14,30,87,344.0,1204,100.0
343.2,101,12,19.2,14,30,87,343.0,1199,100.0
344.5,101,12,16.5,14,30,87,340.0,1137,100.0
345.8,101,11,15.5,14,30,87,340.0,1001,100.0
347.1,101,10,17.3,14,30,87,337.7,962,100.0
348.4,101,8,17.3,14,30,87,334.8,966,100.0
349.7,101,5,18.2,14,30,87,332.0,937,100.0
351.0,101,3,23.2,14,30,87,332.0,900,100.0
352.3,101,3,30.5,14,30,87,328.8,1009,100.0
353.6,101,4,34.5,14,30,87,328.0,1271,100.0
354.9,99,6,32.1,14,30,87,328.0,1517,100.0
356.2,100,7,27.8,14,30,87,328.0,1400,100.0
357.5,101,7,22.9,14,30,87,327.9,1259,100.0
358.8,101,7,24.3,14,30,87,328.0,1163,100.0
360.1,101,5,26.0,14,30,87,328.0,1085,100.0
361.4,101,4,24.8,14,30,87,327.7,1012,100.0
362.7,101,4,22.0,14,30,87,323.9,1004,100.0
364.0,101,2,21.2,14,30,87,324.0,948,100.0
365.3,101,2,22.2,14,30,87,323.4,840,100.0
366.6,101,2,23.4,14,30,87,319.9,725,100.0
367.9,101,1,24.2,14,30,87,316.0,695,100.0
369.2,101,0,23.4,14,30,87,316.0,667,100.0
370.5,101,0,22.7,14,30,87,314.4,650,100.0
371.8,101,0,22.0,14,30,87,311.4,651,100.0
373.1,101,0,21.2,14,30,87,308.0,662,100.0
374.4,101,0,21.2,14,30,87,305.2,861,100.0
375.7,101,0,21.2,14,30,87,304.0,919,100.0
377.0,101,0,53.8,14,31,87,302.5,679,100.0
378.3,101,0,39.8,14,32,87,299.6,325,100.0
379.6,101,0,0.0,14,32,87,296.0,83,100.0
380.9,101,0,0.0,14,32,87,296.0,0,100.0
382.2,101,0,0.0,14,32,87,296.0,0,100.0
383.5,101,0,0.0,14,32,87,295.9,2,100.0
384.8,101,0,0.1,14,32,87,296.0,0,100.0
386.1,101,0,0.0,14,32,87,295.8,4,100.0
387.4,101,0,0.0,14,32,87,296.0,1,100.0
388.7,101,0,296.0,0,100.0
