BlueDriver Data Log
Jul 31, 2018 5:13:48 PM
Time (s),Engine Coolant Temperature (째C),Catalyst Temperature Bank 1 - Sensor 1 (째C),Fuel Level Input (%),Barometric Pressure (kPa),Vehicle Speed (MPH),Absolute Load Value (%),Ambient Air Temperature (째C),Calculated Engine Load Value (%),Engine RPM (rpm),Relative Throttle Position (%),Control Module Voltage (V),Intake Air Temperature (째C),Absolute Throttle Position (%)
0.0,,,,,,,,,,,,,
3.1,39,16.0,100.0,101,0,34.7,28,47.8,802,0.4,13.632,29,6.0
6.2,40,16.0,100.0,101,2,39.8,28,47.1,1195,2.0,13.531,29,7.9
9.3,41,30.0,100.0,101,7,41.6,28,50.0,1259,2.4,13.280,29,9.3
12.4,41,48.5,100.0,101,12,48.5,28,57.4,1255,3.4,13.122,29,10.9
15.5,42,68.1,100.0,101,16,46.2,28,54.7,1204,2.6,12.916,29,9.4
18.6,43,83.1,100.0,101,18,35.2,28,43.4,1210,1.7,13.024,29,7.0
21.7,43,93.3,100.0,101,18,26.0,28,30.6,1204,0.0,12.845,29,5.9
24.8,44,100.0,100.0,101,12,26.7,28,31.7,1161,0.0,12.960,29,5.9
27.9,45,106.5,100.0,101,7,30.6,28,37.4,1012,0.0,12.960,29,5.9
31.0,45,108.4,100.0,101,0,38.0,28,47.9,843,0.0,12.915,29,5.9
34.1,46,114.3,100.0,101,1,40.0,28,51.4,1050,3.1,12.969,30,9.0
37.2,46,128.8,100.0,101,9,46.4,28,54.2,1497,4.3,12.924,30,11.7
40.3,47,138.9,100.0,101,14,38.7,28,45.8,1215,0.0,12.965,30,7.4
43.4,48,148.0,100.0,101,14,25.9,28,30.7,1239,0.4,12.990,30,5.9
46.5,49,151.4,100.0,101,9,26.4,28,31.0,1242,0.3,12.960,30,5.5
49.6,49,158.2,100.0,101,9,33.1,28,38.5,1432,1.2,12.853,30,7.6
52.7,50,167.5,100.0,101,12,35.6,28,42.2,1443,1.5,12.960,30,9.0
55.8,50,179.2,100.0,101,14,42.0,28,49.4,1256,1.9,12.960,30,8.6
58.9,51,188.0,100.0,101,16,41.8,28,48.7,1250,2.7,12.960,30,8.5
62.0,52,198.3,100.0,101,17,38.9,28,46.1,1218,1.9,12.885,30,7.9
65.1,53,208.0,100.0,99,17,33.6,28,38.2,1263,0.0,12.960,30,6.3
68.2,53,210.3,100.0,101,15,27.8,28,32.1,1225,0.4,12.960,30,6.0
71.3,54,217.6,100.0,101,14,31.9,28,43.8,1423,2.8,12.937,30,7.7
74.4,54,227.0,100.0,101,16,43.9,28,45.3,1421,2.7,12.979,30,9.9
77.5,55,233.6,100.0,101,17,25.9,28,30.2,1237,0.4,13.043,29,6.1
80.6,55,236.0,100.0,101,17,23.8,28,27.2,1249,0.0,12.960,29,5.8
83.7,56,236.0,100.0,101,12,21.2,28,24.3,1199,0.0,12.904,29,4.9
86.8,56,236.0,100.0,101,6,22.6,28,27.8,1033,0.0,12.847,29,4.4
89.9,57,236.0,100.0,101,2,37.1,28,46.9,835,0.0,12.891,29,6.1
93.0,57,232.4,100.0,101,0,37.1,28,48.3,869,0.0,12.903,29,5.9
96.1,58,232.0,100.0,101,0,35.1,28,44.8,885,0.0,12.889,29,5.5
99.2,58,233.1,100.0,101,5,45.0,28,50.9,1541,5.3,12.916,29,10.4
102.3,58,245.1,100.0,101,12,62.6,28,72.2,1506,9.5,12.960,29,14.6
105.4,59,262.4,100.0,101,19,66.8,28,77.5,1529,11.5,12.914,29,16.8
108.5,60,280.9,100.0,100,25,67.5,28,77.5,1493,11.8,12.960,29,16.6
111.6,60,298.6,100.0,101,29,66.7,28,77.3,1520,12.0,12.960,29,16.5
114.7,61,319.8,100.0,100,32,60.7,28,70.7,1457,9.0,12.961,29,14.0
117.8,62,337.1,100.0,100,35,60.3,28,70.7,1446,8.6,12.960,29,13.7
120.9,63,351.7,100.0,100,38,61.6,28,71.9,1464,8.6,12.960,29,14.0
124.0,63,366.4,100.0,100,40,62.0,28,72.4,1475,8.2,12.960,29,14.5
127.1,65,379.2,100.0,101,40,46.0,28,61.5,1273,0.6,12.960,28,6.6
130.2,65,387.0,100.0,99,40,46.4,28,55.7,1236,2.6,12.960,28,8.8
133.3,66,395.7,100.0,99,41,44.6,28,53.7,1261,3.1,12.840,28,8.5
136.4,67,401.5,100.0,99,41,40.6,28,48.8,1263,2.8,12.904,28,7.6
139.5,67,404.0,100.0,100,41,29.2,28,36.6,1251,1.4,12.960,28,4.0
142.6,68,405.7,100.0,100,40,37.7,28,46.3,1213,1.3,12.960,28,7.5
145.7,68,412.0,100.0,99,40,42.6,28,51.8,1219,1.8,13.011,28,7.9
148.8,68,416.0,100.0,99,40,43.9,28,53.6,1233,2.1,12.960,28,8.2
151.9,69,421.4,100.0,99,41,42.1,28,51.0,1260,2.4,12.960,28,7.8
155.0,69,424.0,100.0,99,41,39.5,28,47.6,1237,2.4,13.022,28,7.5
158.1,69,429.5,100.0,99,40,43.3,28,52.3,1226,2.6,12.842,28,8.5
161.2,70,432.0,100.0,101,39,49.0,28,57.4,1243,3.9,13.019,28,10.3
164.3,70,439.8,100.0,101,40,50.2,28,59.6,1283,4.7,12.830,28,10.7
167.4,70,447.6,100.0,101,40,40.6,28,47.6,1209,2.5,12.960,28,8.5
170.5,71,448.0,100.0,101,38,30.6,28,37.0,1153,1.5,13.018,28,6.3
173.6,71,448.0,100.0,101,37,25.6,28,31.6,1112,0.9,12.904,28,5.1
176.7,72,444.0,100.0,101,36,22.8,28,25.8,1324,0.0,12.960,28,5.5
179.8,72,444.0,100.0,101,34,25.1,28,29.8,1321,0.0,12.960,28,5.9
182.9,72,444.0,100.0,101,30,25.9,28,30.8,1338,0.0,12.807,28,6.2
186.0,72,444.0,100.0,101,23,21.8,27,25.6,1341,0.0,12.960,28,5.4
189.1,72,441.1,100.0,101,13,20.4,27,24.8,1208,0.0,12.960,27,4.7
192.2,72,435.4,100.0,101,4,30.1,27,38.0,916,0.3,12.915,27,5.0
195.3,73,426.5,100.0,101,0,39.6,27,51.7,800,0.3,13.033,27,5.8
198.4,73,415.1,100.0,101,0,36.1,27,47.6,855,0.0,12.916,27,5.6
201.5,74,406.2,100.0,101,0,34.9,27,44.4,879,0.3,12.943,27,5.5
204.6,74,398.6,100.0,101,0,33.6,27,43.5,862,0.0,12.894,27,5.5
207.7,74,392.7,100.0,101,0,32.5,27,42.6,850,0.4,12.938,28,5.5
210.8,75,382.2,100.0,101,0,32.2,27,41.5,837,0.4,12.946,28,5.1
213.9,75,376.1,100.0,101,0,30.1,27,37.3,825,0.0,12.960,28,4.9
217.0,75,370.3,100.0,101,0,22.6,27,29.0,753,0.0,12.895,28,3.5
220.1,75,364.2,100.0,101,0,22.0,27,28.2,671,0.4,12.880,28,3.2
223.2,75,357.3,100.0,101,0,30.8,27,39.6,673,0.4,12.823,28,4.3
226.3,75,348.2,100.0,101,0,31.9,27,42.0,755,0.1,12.839,28,4.7
229.4,75,342.7,100.0,101,0,30.6,27,40.0,817,0.1,12.836,28,4.7
232.5,75,336.5,100.0,101,0,30.6,27,39.4,818,0.0,12.820,28,4.7
235.6,75,329.7,100.0,101,0,30.6,27,39.6,824,0.0,12.951,28,4.7
238.7,75,324.0,100.0,101,0,30.6,27,43.5,907,1.7,12.915,28,6.3
241.8,75,326.8,100.0,99,7,51.0,27,58.7,1545,6.4,12.956,28,11.6
244.9,75,333.2,100.0,99,14,55.6,27,66.4,1386,7.2,12.925,28,11.9
248.0,75,342.9,100.0,99,20,53.9,27,63.5,1335,6.2,12.960,29,11.5
251.1,75,343.0,100.0,101,21,21.4,27,28.5,1178,0.4,12.960,29,3.9
254.2,75,336.6,100.0,101,18,16.1,27,19.2,1120,0.4,12.894,28,3.5
257.3,75,332.0,100.0,101,16,22.3,27,26.1,1153,0.0,12.890,28,4.9
260.4,75,332.0,100.0,101,13,27.1,27,32.2,1212,0.4,12.960,28,6.3
263.5,75,330.9,100.0,101,10,27.5,27,33.2,1156,0.4,12.960,28,5.9
266.6,75,328.0,100.0,101,4,33.6,27,42.7,926,0.4,12.891,28,5.9
269.7,75,325.0,100.0,101,1,53.4,27,59.7,1522,5.2,12.960,28,10.3
272.8,75,333.1,100.0,100,12,57.1,27,66.5,1721,9.9,12.963,28,15.4
275.9,75,344.5,100.0,100,19,63.4,27,73.4,1533,6.5,12.994,29,12.8
279.0,76,345.6,100.0,101,22,17.6,27,22.6,855,0.4,12.884,29,4.3
282.1,76,343.4,100.0,101,19,17.2,27,20.7,1051,0.4,12.960,29,3.5
285.2,77,337.0,100.0,101,15,21.2,27,27.9,1038,0.3,12.901,29,5.0
288.3,77,336.0,100.0,101,11,26.2,27,31.4,1113,0.3,12.856,28,5.3
291.4,77,333.2,100.0,101,4,31.7,27,39.6,892,0.3,12.960,28,5.4
294.5,77,327.1,100.0,101,0,34.6,27,43.8,856,0.3,12.914,28,5.5
297.6,77,321.4,100.0,101,0,32.6,27,42.3,850,0.4,12.977,28,5.2
300.7,78,315.1,100.0,101,0,32.2,27,41.3,839,0.0,12.952,28,5.1
303.8,78,312.0,100.0,101,0,30.9,27,40.4,837,0.1,12.960,29,5.0
306.9,78,306.2,100.0,101,0,22.0,27,29.0,776,0.4,12.960,29,3.5
310.0,78,300.2,100.0,101,0,21.4,27,27.5,687,0.4,12.831,29,3.1
313.1,78,297.9,100.0,100,2,45.9,27,53.0,1446,5.4,12.880,29,9.2
316.2,78,307.3,100.0,100,11,59.2,27,68.0,1608,9.1,12.960,29,15.0
319.3,78,319.8,100.0,100,18,61.8,27,69.9,1495,9.2,12.960,29,14.8
322.4,78,324.0,100.0,101,20,34.2,27,33.9,1223,0.4,12.781,29,4.3
325.5,78,322.7,100.0,101,18,17.1,27,20.5,1209,0.4,12.960,29,4.1
328.6,79,320.0,100.0,101,17,17.0,27,20.8,950,0.3,12.894,29,3.5
331.7,79,316.0,100.0,101,13,25.0,27,31.4,995,0.3,12.838,29,4.9
334.8,79,312.4,100.0,101,5,29.4,27,38.3,940,1.6,12.993,29,4.9
337.9,79,313.8,100.0,99,5,47.5,27,54.1,1704,6.1,12.946,29,11.6
341.0,79,324.1,100.0,100,13,58.7,27,69.2,1487,9.2,12.960,29,14.6
344.1,80,332.4,100.0,100,18,58.6,27,70.4,1417,9.0,12.960,29,13.2
347.2,80,340.0,100.0,100,22,53.3,27,64.6,1271,6.7,12.960,28,11.0
350.3,81,346.2,100.0,99,23,45.1,27,53.6,1235,5.5,12.888,28,9.1
353.4,81,351.4,100.0,101,25,29.8,27,27.9,1174,1.7,12.960,28,6.1
356.5,81,345.2,100.0,101,22,20.3,27,26.1,1122,0.4,12.960,28,4.3
359.6,81,342.8,100.0,101,19,22.7,27,27.9,1211,0.1,12.960,28,5.3
362.7,81,340.0,100.0,101,10,25.4,27,32.0,1075,0.1,12.960,28,4.5
365.8,81,340.9,100.0,100,5,45.3,27,51.3,1630,5.8,12.960,28,9.8
368.9,81,347.1,100.0,100,13,52.0,27,60.5,1570,9.1,12.969,28,12.9
372.0,81,353.4,100.0,100,19,56.8,27,66.4,1356,8.5,12.979,28,12.5
375.1,81,359.5,100.0,99,22,39.3,27,51.4,1201,4.3,12.960,28,8.6
378.2,82,365.8,100.0,100,23,39.0,27,45.4,1598,4.8,12.960,28,9.2
381.3,82,371.7,100.0,101,24,27.2,27,32.0,1190,0.2,12.960,28,5.4
384.4,82,360.2,100.0,101,21,19.2,27,22.3,1175,0.3,12.960,28,4.4
387.5,83,351.7,100.0,101,14,17.5,27,21.1,1106,0.4,12.960,28,3.8
390.6,83,346.0,100.0,101,8,19.4,27,23.9,845,0.4,12.893,27,3.0
393.7,83,336.4,100.0,101,1,26.8,27,37.7,669,0.4,12.800,27,4.0
396.8,83,330.2,100.0,101,0,30.9,27,41.6,727,0.4,12.925,27,4.5
399.9,83,323.3,100.0,101,0,29.7,27,38.0,800,0.0,12.920,27,4.4
403.0,83,316.6,100.0,101,0,32.3,27,45.1,985,1.2,13.021,28,4.8
406.1,83,320.0,100.0,100,6,39.6,27,45.4,1633,4.2,12.960,28,8.8
409.2,83,320.0,100.0,100,12,34.2,27,41.6,1278,3.4,12.960,28,7.2
412.3,83,321.8,100.0,101,15,32.1,27,37.3,1175,3.1,12.960,28,6.8
415.4,83,324.0,100.0,101,17,22.8,27,29.0,1144,2.4,12.859,28,6.8
418.5,83,320.0,100.0,101,17,24.7,27,28.1,1194,0.4,12.872,28,5.2
421.6,83,320.3,100.0,101,17,30.3,27,33.4,1305,1.6,12.880,28,7.5
424.7,83,324.0,100.0,101,19,34.0,27,41.4,1164,1.4,12.940,27,5.9
427.8,83,320.9,100.0,101,19,17.6,27,21.4,1209,0.6,12.880,27,4.3
430.9,83,316.0,100.0,101,19,20.6,27,24.8,1107,0.9,12.940,27,4.0
434.0,83,312.4,100.0,101,18,17.1,27,20.1,1118,0.2,12.880,27,4.4
437.1,83,310.4,100.0,101,7,30.0,27,37.1,985,0.0,12.940,27,5.7
440.2,83,308.0,100.0,101,6,31.4,27,36.4,1095,0.6,12.948,27,6.3
443.3,83,308.0,100.0,101,6,28.9,27,36.0,947,0.0,12.930,27,5.1
446.4,83,304.9,100.0,101,5,21.6,27,27.0,881,0.0,12.974,27,4.0
449.5,83,298.6,100.0,101,1,22.7,27,30.0,627,0.3,12.830,27,2.7
452.6,83,296.0,100.0,101,0,22.7,27,28.4,772,0.0,13.019,27,4.3
455.7,83,290.3,100.0,101,0,31.0,26,29.7,508,0.0,2.576,27,1.6
458.8,84,284.4,100.0,101,0,27.7,12,0.0,0,14.7,12.640,27,29.9
461.9,84,284.0,100.0,101,0,0.0,12,0.0,0,1.6,12.640,28,6.3
465.0,84,284.0,100.0,101,0,0.1,12,0.0,0,1.6,12.640,28,6.3
468.1,84,283.2,100.0,101,0,0.0,12,0.0,0,1.6,12.640,28,6.3
471.2,84,284.0,100.0,101,0,0.0,12,0.0,1,1.6,12.642,28,6.3
474.3,84,284.0,100.0,101,0,0.0,0,1.6,12.640,28,6.3
