BlueDriver Data Log
Aug 28, 2018 6:59:57 AM
Time (s),Engine Coolant Temperature (째C),Catalyst Temperature Bank 1 - Sensor 1 (째C),Fuel Level Input (%),Barometric Pressure (kPa),Vehicle Speed (MPH),Absolute Load Value (%),Ambient Air Temperature (째C),Calculated Engine Load Value (%),Engine RPM (rpm),Relative Throttle Position (%),Control Module Voltage (V),Intake Air Temperature (째C),Absolute Throttle Position (%)
0.0,,,,,,,,,,,,,
3.1,26,4.0,89.4,101,0,25.9,16,31.2,1280,1.6,14.509,17,6.1
6.2,27,4.0,89.4,101,0,25.9,16,30.4,1279,1.6,14.490,17,5.9
9.3,28,4.0,89.4,101,0,25.9,16,30.2,1241,1.6,14.506,17,5.9
12.4,29,4.0,89.1,101,0,25.5,16,30.4,1250,1.6,14.400,17,5.9
15.5,29,4.0,89.0,101,0,25.9,16,30.6,1250,1.3,14.340,17,6.6
18.6,30,4.0,89.0,101,2,29.1,16,35.6,1082,1.2,13.680,17,6.6
21.7,31,4.0,89.2,101,7,37.5,16,42.8,1574,2.4,13.375,17,8.8
24.8,32,4.5,89.0,101,11,42.1,16,49.8,1227,2.3,13.277,17,8.9
27.9,33,13.4,89.0,101,14,27.6,16,30.7,1386,0.9,12.960,17,7.0
31.0,34,25.5,89.0,101,11,28.3,16,33.3,1243,1.6,13.006,17,6.3
34.1,35,34.9,89.3,101,5,31.7,16,37.7,1278,2.0,12.960,17,6.3
37.2,35,53.8,89.4,101,8,50.3,16,56.4,1764,7.5,12.960,17,13.5
40.3,36,79.1,89.4,101,16,53.0,16,58.6,1362,5.7,12.909,16,13.0
43.4,38,94.1,89.0,101,18,29.5,16,37.5,1478,0.4,12.960,16,7.0
46.5,38,100.6,89.0,101,12,28.4,16,34.1,1199,1.6,12.960,16,7.2
49.6,39,116.5,89.0,101,10,53.3,16,59.4,2012,9.4,12.888,16,14.0
52.7,40,142.3,89.0,101,17,64.6,16,72.9,1509,9.4,12.960,16,14.6
55.8,41,167.0,89.0,101,22,62.1,16,71.7,1442,9.1,12.882,16,13.5
58.9,42,185.1,89.0,101,25,57.0,16,66.2,1251,5.1,12.960,16,11.8
62.0,43,198.3,89.0,101,27,46.5,16,54.2,1202,2.2,12.915,16,8.8
65.1,43,209.7,89.0,101,27,25.9,16,28.4,1485,0.8,12.933,16,6.2
68.2,44,216.0,89.0,101,26,20.6,16,24.4,1298,0.4,12.960,16,5.1
71.3,44,220.0,89.0,101,25,21.2,16,25.0,1283,0.4,12.965,16,5.1
74.4,45,224.0,89.0,101,21,21.4,16,25.1,1273,0.4,12.975,16,5.1
77.5,45,224.1,89.4,101,14,22.0,16,26.4,1206,0.4,12.960,16,5.1
80.6,46,230.1,89.4,101,10,33.1,16,40.6,1395,5.1,12.960,16,13.7
83.7,46,246.3,89.8,101,16,71.1,16,80.3,1819,14.5,12.960,16,19.1
86.8,47,272.3,89.5,101,23,72.5,16,82.9,1760,16.4,12.951,16,21.2
89.9,48,296.6,89.4,101,28,66.5,15,76.5,1642,13.3,12.937,15,18.4
93.0,49,308.0,89.4,101,31,54.2,15,63.5,1520,7.0,12.960,15,10.9
96.1,50,323.9,89.4,101,33,41.2,15,50.9,1316,5.1,12.960,15,11.4
99.2,51,336.7,89.4,101,35,57.7,15,67.1,1402,7.5,12.912,15,12.6
102.3,52,348.9,89.8,101,37,57.7,15,67.5,1418,7.5,12.960,15,12.9
105.4,53,360.7,89.4,101,37,48.4,15,45.6,1234,3.1,12.960,15,9.2
108.5,53,357.6,89.4,101,36,24.0,15,28.8,1179,0.4,12.829,15,5.1
111.6,54,349.9,89.5,101,30,21.2,15,25.3,1207,0.4,12.960,16,5.1
114.7,54,337.7,89.8,101,22,21.6,15,25.6,1182,0.4,12.880,16,4.7
117.8,54,328.3,89.4,101,14,24.3,15,29.2,1063,0.4,12.996,16,4.7
120.9,54,324.5,89.4,101,12,50.5,15,56.7,1290,5.6,12.979,16,11.2
124.0,54,330.6,89.4,101,17,60.5,15,70.0,1370,7.9,12.962,16,13.0
127.1,54,342.1,89.8,101,23,65.9,15,76.1,1448,10.3,12.960,16,15.1
130.2,55,357.7,89.5,101,28,65.9,15,76.1,1410,10.6,12.960,16,14.9
133.3,55,376.1,89.4,100,31,65.0,15,75.7,1460,10.3,12.960,16,14.7
136.4,56,392.4,89.4,100,35,63.1,15,73.9,1501,10.2,12.960,15,14.3
139.5,57,408.8,89.4,100,38,58.9,15,70.2,1439,7.5,12.960,15,12.1
142.6,58,416.0,89.4,99,40,47.7,15,55.8,1279,4.3,12.971,15,9.0
145.7,58,412.9,89.4,101,39,20.8,15,24.6,1183,0.4,12.828,15,4.7
148.8,59,402.5,89.8,101,34,20.4,15,24.7,1186,0.4,13.017,15,4.7
151.9,59,391.7,89.8,101,28,20.4,15,23.9,1208,0.4,12.927,15,4.7
155.0,59,379.5,89.8,101,20,20.7,15,24.7,1173,0.4,12.955,15,4.7
158.1,59,367.1,89.8,101,14,22.6,15,27.5,1064,0.4,12.960,15,4.7
161.2,59,361.1,89.8,101,7,23.9,15,37.6,961,1.0,12.949,15,5.1
164.3,59,356.0,89.8,101,3,27.0,15,33.9,903,0.4,12.932,15,4.7
167.4,59,349.6,89.8,101,1,32.9,15,42.6,703,0.4,12.816,15,4.3
170.5,59,344.0,89.8,101,0,41.6,15,48.2,1326,4.5,12.880,15,7.8
173.6,59,347.6,89.8,101,12,56.7,15,65.1,1615,9.9,12.800,15,14.3
176.7,59,356.4,89.8,101,19,70.9,15,80.1,1551,13.7,12.952,15,17.4
179.8,60,373.8,89.8,101,26,72.4,15,82.1,1537,13.9,12.960,15,18.1
182.9,60,392.5,89.4,100,29,70.6,15,80.9,1541,13.8,12.960,15,18.1
186.0,61,410.7,89.4,100,32,69.0,15,80.1,1581,13.8,12.960,15,17.3
189.1,62,423.0,89.4,101,36,54.4,15,60.2,1409,6.8,12.960,15,11.5
192.2,62,433.4,89.4,101,36,49.9,15,57.7,1330,4.6,12.960,15,9.2
195.3,63,436.0,89.4,99,37,30.4,15,38.5,1175,3.0,12.880,15,7.9
198.4,63,437.5,89.4,100,37,47.0,15,55.3,1292,4.2,13.001,15,9.0
201.5,64,444.0,89.4,99,38,46.9,15,55.5,1332,4.9,13.013,15,9.4
204.6,65,450.6,89.4,99,39,44.7,15,54.1,1317,4.7,12.960,15,8.8
207.7,65,452.7,89.4,99,39,48.1,15,59.5,1253,5.7,12.960,15,9.3
210.8,66,459.1,89.4,100,40,58.4,15,68.8,1404,7.9,12.960,15,12.9
213.9,66,462.6,89.4,100,40,20.4,15,27.2,1221,1.5,12.960,15,5.5
217.0,67,452.0,89.4,101,37,20.4,15,24.4,1176,0.4,12.960,15,4.7
220.1,67,445.4,89.4,101,35,23.2,15,28.7,1106,0.4,12.960,15,4.4
223.2,67,441.5,89.4,101,33,20.3,15,24.0,1196,0.3,12.960,15,4.5
226.3,67,428.7,89.4,101,27,19.6,15,23.1,1225,0.4,13.040,15,4.7
229.4,67,415.7,89.4,101,19,20.0,15,24.1,1158,0.4,12.898,15,4.7
232.5,67,403.3,89.8,101,13,21.9,15,26.9,1053,0.4,12.880,15,4.7
235.6,67,396.0,89.8,101,7,28.0,15,35.4,1277,0.4,12.880,15,4.7
238.7,67,400.2,89.4,100,9,46.6,15,63.3,2050,10.8,12.917,15,14.7
241.8,67,406.3,89.4,100,17,65.6,15,77.8,1528,12.8,12.938,15,16.6
244.9,67,416.7,89.4,100,22,70.6,15,81.1,1475,12.5,12.960,15,16.5
248.0,68,429.5,89.4,100,28,70.5,15,81.8,1542,13.9,12.960,15,18.0
251.1,68,446.0,89.2,100,31,56.1,15,66.4,1487,8.4,12.960,15,14.0
254.2,69,456.0,89.0,99,33,54.8,15,59.2,1418,7.1,12.860,15,12.1
257.3,69,464.3,89.0,99,35,54.1,15,65.0,1387,7.1,12.960,15,10.8
260.4,70,472.6,89.0,101,36,52.7,15,62.4,1354,7.1,12.960,15,11.4
263.5,70,473.1,89.0,101,35,24.5,15,27.7,1183,0.4,12.960,15,5.4
266.6,71,460.5,89.0,101,32,19.6,15,23.9,1175,0.4,13.025,15,4.7
269.7,71,446.7,89.4,101,25,19.6,15,23.5,1208,0.4,12.920,15,4.7
272.8,71,443.3,89.4,101,21,29.3,15,42.6,1210,1.8,12.895,15,7.1
275.9,71,436.7,89.4,101,19,19.7,15,23.9,1178,0.4,12.960,15,4.7
279.0,71,424.5,89.4,101,15,21.0,15,25.3,1144,0.7,12.911,15,5.0
282.1,71,420.0,89.4,101,15,50.9,15,58.3,1259,5.1,12.880,15,9.5
285.2,71,419.6,89.4,101,17,25.5,15,35.0,1243,2.2,12.960,15,4.7
288.3,71,411.7,89.4,101,14,22.1,15,26.9,1107,0.4,12.960,15,4.7
291.4,71,400.0,89.4,101,12,20.5,15,25.5,1184,0.4,12.960,15,4.7
294.5,71,397.7,89.4,101,11,22.8,15,28.8,1334,1.6,12.881,15,5.6
297.6,71,395.2,89.4,101,11,23.2,15,28.1,1201,1.1,12.918,15,5.7
300.7,71,389.0,89.4,101,7,22.4,15,28.2,978,0.4,12.884,15,5.1
303.8,71,382.0,89.7,101,0,32.9,15,42.2,688,0.4,12.912,15,4.3
306.9,71,373.1,89.7,101,0,23.3,15,29.9,900,0.4,12.880,15,3.9
310.0,71,366.6,89.8,101,0,18.7,15,23.9,786,0.4,12.938,15,3.1
313.1,71,360.2,89.8,101,0,4.8,5,8.8,194,20.3,12.665,15,2.3
316.2,71,355.7,89.8,101,0,0.0,0,0.0,0,1.6,12.560,16,9.9
319.3,71,352.0,89.8,101,0,0.0,0,0.0,0,1.6,12.560,16,6.3
322.4,71,352.0,89.8,101,0,0.0,0,0.1,5,1.6,12.560,16,6.3
325.5,71,351.3,89.8,101,0,0.0,0,0.0,0,1.6,12.560,16,6.3
328.6,71,352.0,89.8,101
