BlueDriver Data Log
Jul 26, 2018 6:10:21 PM
Time (s),Engine Coolant Temperature (째C),Catalyst Temperature Bank 1 - Sensor 1 (째C),Fuel Level Input (%),Barometric Pressure (kPa),Vehicle Speed (MPH),Absolute Load Value (%),Ambient Air Temperature (째C),Engine RPM (rpm),Relative Throttle Position (%),Control Module Voltage (V),Intake Air Temperature (째C),Absolute Throttle Position (%)
0.0,,,,,,,,,,,,
2.7,78,62.4,100.0,101,8,40.3,12,1384,4.6,14.281,29,9.6
5.4,78,79.9,100.0,101,13,48.5,12,1321,6.5,14.320,29,12.4
8.1,78,92.0,100.0,101,16,34.1,12,1192,2.5,14.084,29,6.6
10.8,78,99.2,100.0,101,16,24.6,12,1124,3.0,13.680,29,6.8
13.5,78,107.3,100.0,101,18,40.9,12,1245,5.1,13.700,29,8.6
16.2,78,116.8,100.0,101,20,41.1,12,1215,5.5,13.720,29,9.5
18.9,78,129.0,100.0,101,21,38.1,12,1076,0.5,13.839,29,6.3
21.6,79,136.6,100.0,101,20,27.1,12,1253,0.7,13.807,28,5.7
24.3,79,142.8,100.0,101,19,23.5,12,1225,0.4,13.760,28,5.5
27.0,79,148.0,100.0,101,18,19.8,12,1217,0.4,13.760,28,4.9
29.7,79,149.5,100.0,101,13,17.4,12,1187,0.4,13.699,28,4.1
32.4,80,152.0,100.0,101,8,17.7,12,939,0.4,13.519,28,3.6
35.1,80,152.0,100.0,101,6,25.9,12,963,0.4,13.246,28,5.4
37.8,80,154.9,100.0,101,5,36.2,12,989,3.6,13.058,28,8.4
40.5,80,165.8,100.0,101,9,49.0,12,1700,7.8,13.040,28,12.1
43.2,80,181.2,100.0,101,15,56.9,12,1398,8.0,13.040,28,13.2
45.9,81,195.0,100.0,101,20,52.4,12,1325,5.7,13.040,28,10.5
48.6,81,203.1,100.0,101,22,28.9,12,1143,3.3,13.102,28,5.3
51.3,81,203.8,100.0,101,21,14.5,12,1155,0.4,12.996,28,3.4
54.0,81,200.0,100.0,101,15,15.3,12,1044,0.0,12.898,28,4.1
56.7,81,200.0,100.0,101,9,25.0,12,990,0.7,13.016,28,4.7
59.4,81,205.0,100.0,101,8,47.5,12,1672,6.7,12.952,28,13.1
62.1,81,219.5,100.0,101,13,46.6,12,1530,8.4,12.976,28,10.9
64.8,82,228.0,100.0,101,16,14.9,12,1381,0.0,13.035,28,4.7
67.5,82,228.0,100.0,101,13,16.0,12,994,0.4,12.960,28,3.2
70.2,82,225.5,100.0,101,10,20.9,12,1299,2.9,13.019,28,6.3
72.9,83,233.9,100.0,101,13,39.1,12,1529,6.4,13.040,28,9.7
75.6,83,240.2,100.0,101,17,47.2,12,1285,6.1,13.040,28,9.8
78.3,83,245.3,100.0,101,19,32.3,12,1137,1.7,13.040,28,5.9
81.0,83,248.0,100.0,101,19,23.6,12,1112,0.4,12.891,28,4.4
83.7,84,248.0,100.0,101,19,15.4,12,999,0.4,12.998,27,3.4
86.4,84,246.0,100.0,101,13,16.5,12,946,0.4,13.040,27,3.1
89.1,84,244.0,100.0,101,6,20.8,12,742,0.4,12.960,27,3.1
91.8,84,241.7,100.0,101,5,42.6,12,1434,4.3,12.960,28,8.0
94.5,84,249.7,100.0,101,9,41.0,12,1400,1.3,13.024,27,8.3
97.2,84,252.0,100.0,101,8,23.0,12,1186,0.1,12.960,27,5.5
99.9,84,252.0,100.0,101,3,22.4,12,1033,0.4,12.960,27,4.2
102.6,84,250.8,100.0,101,1,24.3,12,764,0.4,12.960,27,3.7
105.3,84,245.8,100.0,101,1,23.9,12,684,0.0,12.960,28,3.5
108.0,84,244.0,100.0,101,4,32.8,12,1216,3.4,13.040,28,10.0
110.7,84,252.6,100.0,101,11,45.5,12,1516,7.8,12.994,28,11.4
113.4,84,258.4,100.0,101,16,51.0,12,1314,8.2,13.092,28,11.4
116.1,84,267.7,100.0,101,18,41.5,12,1148,3.3,12.946,28,7.4
118.8,85,268.0,100.0,101,19,29.4,12,1200,0.4,13.040,27,5.1
121.5,85,268.0,100.0,101,19,26.4,12,1290,3.9,12.963,27,8.8
124.2,86,275.6,100.0,101,20,43.7,12,1383,3.1,13.047,27,9.2
126.9,86,280.0,100.0,101,20,16.5,12,1281,0.2,13.073,27,4.9
129.6,86,280.0,100.0,101,19,18.6,12,1223,0.8,12.960,27,3.6
132.3,86,280.0,100.0,101,20,27.7,12,1368,4.0,12.988,27,7.1
135.0,86,284.0,100.0,101,21,31.3,12,1195,2.9,13.040,27,6.8
137.7,86,284.0,100.0,101,21,25.6,12,1057,0.8,13.040,27,5.5
140.4,86,287.0,100.0,101,22,25.8,12,1210,1.3,13.040,27,5.9
143.1,86,288.0,100.0,101,21,21.5,12,1289,0.4,13.002,27,4.9
145.8,86,288.0,100.0,101,17,17.2,12,1205,0.0,13.028,27,4.0
148.5,16,285.9,100.0,101,9,26.5,12,1257,2.1,12.960,27,7.4
151.2,51,284.0,100.0,101,6,41.9,12,1665,8.2,12.960,27,12.5
153.9,86,293.2,100.0,101,12,55.1,12,1579,8.5,13.003,27,13.4
156.6,86,302.2,100.0,101,17,53.6,12,1352,7.6,13.040,27,12.3
159.3,86,307.8,100.0,101,20,42.6,12,1043,2.2,12.960,27,8.8
162.0,86,306.7,100.0,101,21,18.8,12,1144,0.3,12.960,27,4.3
164.7,86,302.2,100.0,101,19,16.8,12,1138,0.4,12.895,27,3.9
167.4,86,300.0,100.0,101,19,18.7,12,1073,1.3,13.033,27,4.3
170.1,86,300.0,100.0,101,19,19.6,12,1097,1.6,12.996,27,4.1
172.8,86,298.3,100.0,101,18,14.0,12,1112,0.5,12.973,27,3.3
175.5,86,292.7,100.0,101,12,13.7,12,1091,0.3,12.828,27,3.1
178.2,86,288.0,100.0,101,10,15.6,12,1150,1.2,12.960,27,4.0
180.9,86,288.0,100.0,101,10,20.1,12,1388,2.6,12.895,27,4.2
183.6,86,285.4,100.0,101,9,13.6,12,859,0.4,12.960,27,2.8
186.3,86,284.0,100.0,101,8,16.6,12,1058,1.2,12.983,27,2.7
189.0,86,280.0,100.0,101,9,16.7,12,1254,1.9,13.001,27,5.2
191.7,86,281.1,100.0,101,10,22.7,12,1409,2.7,13.013,27,5.9
194.4,86,284.0,100.0,101,12,28.1,12,1190,3.5,12.964,27,6.6
197.1,86,284.0,100.0,101,15,29.3,12,1173,2.9,13.040,27,5.5
199.8,86,284.0,100.0,101,14,13.9,12,1089,0.4,12.960,27,3.2
202.5,86,280.5,100.0,101,14,13.8,12,1106,0.4,12.960,27,3.1
205.2,86,279.0,100.0,101,12,14.1,12,1090,0.1,12.960,27,3.1
207.9,86,273.1,100.0,101,7,20.0,12,882,0.7,12.960,27,3.1
210.6,86,273.4,100.0,101,7,38.5,12,1529,6.5,13.006,27,9.3
213.3,86,282.3,100.0,101,12,39.2,11,1775,7.8,12.880,26,10.4
216.0,86,287.6,100.0,101,17,29.2,11,1491,5.6,12.960,26,8.2
218.7,86,288.0,100.0,101,19,21.4,11,1273,1.5,13.005,26,4.6
221.4,86,285.7,100.0,101,16,13.6,11,1145,0.4,13.040,26,3.1
224.1,86,284.0,100.0,101,13,13.6,11,1089,0.7,13.016,26,3.2
226.8,86,280.0,100.0,101,11,22.3,11,1059,2.0,12.960,26,4.9
229.5,86,280.0,100.0,101,11,19.7,11,1113,1.8,13.036,26,3.8
232.2,86,276.1,100.0,101,10,19.3,11,1205,1.4,12.992,26,4.2
234.9,86,277.5,100.0,101,11,24.9,11,1459,3.8,12.973,26,6.5
237.6,86,276.9,100.0,101,12,14.8,11,1132,0.7,13.022,26,3.1
240.3,86,276.0,100.0,101,11,26.8,11,1433,3.5,13.013,26,6.5
243.0,86,278.7,100.0,101,13,29.9,11,1187,3.7,12.960,26,6.8
245.7,86,279.7,100.0,101,14,18.8,11,1133,1.5,12.960,26,3.4
248.4,86,276.0,100.0,101,12,14.1,11,1087,0.4,12.960,26,3.1
251.1,86,272.7,100.0,101,10,15.7,11,1050,0.4,13.028,26,3.1
253.8,86,272.0,100.0,101,8,18.4,11,979,0.4,12.960,26,3.5
256.5,86,268.0,100.0,101,7,17.3,11,900,0.4,12.903,26,3.5
259.2,86,265.1,100.0,101,6,17.3,11,871,0.4,12.965,26,3.1
261.9,86,260.0,100.0,101,4,20.6,11,666,0.4,12.974,26,2.7
264.6,86,259.2,100.0,101,0,25.7,11,919,1.9,12.927,26,5.0
267.3,86,256.0,100.0,101,0,25.1,11,1075,1.9,12.960,26,5.4
270.0,86,256.0,100.0,101,0,23.1,11,767,0.4,12.839,26,3.1
272.7,86,252.0,100.0,101,0,16.1,11,851,0.4,12.907,26,2.6
275.4,86,250.0,100.0,101,0,59.0,11,310,0.0,12.808,26,9.1
278.1,86,246.0,100.0,101,0,0.0,11,0,1.4,12.735,27,8.5
280.8,86,244.0,100.0,101,0,0.0,11,3,1.6,12.720,27,6.3
283.5,86,243.3,100.0,101,0,0.3,11,0,1.6,12.720,27,6.3
286.2,86,244.0,100.0,101,0,0.0,11,0,1.6,27,6.3
