BlueDriver Data Log
Sep 27, 2018 6:31:21 PM
Time (s),Engine Coolant Temperature (°C),Catalyst Temperature Bank 1 - Sensor 1 (°C),Absolute Throttle Position B (%),Evap. System Vapor Pressure (Pa),Fuel Level Input (%),Barometric Pressure (kPa),Vehicle Speed (km/h),Absolute Load Value (%),Ambient Air Temperature (°C),Long Term Fuel Trim Bank 1 (%),Commanded Throttle Actuator (%),Commanded Equivalence Ratio (λ),Timing Advance for #1 cylinder (°),Accelerator Pedal Position E (%),Short Term Fuel Trim Bank 1 (%),Calculated Engine Load Value (%),Accelerator Pedal Position D (%),Engine RPM (rpm),Mass Air Flow Rate (g/s),Relative Throttle Position (%),Control Module Voltage (V),Intake Air Temperature (°C),Commanded Evaporative Purge (%),Absolute Throttle Position (%)
0.0,,,,,,,,,,,,,,,,,,,,,,,,
3.0,47,0.0,26.6,13.3,73.5,100,53,54.7,23,-3.3,23.7,0.997,18.7,20.2,-0.3,77.4,22.2,2597,,,,,,
6.0,48,0.0,20.7,20.3,73.3,100,58,23.6,23,-5.3,7.9,0.999,30.6,8.2,-1.8,41.7,9.4,2025,14.87,10.8,12.960,23,50.5,19.7
9.0,50,0.0,8.8,21.8,73.3,101,50,27.9,23,-2.8,8.2,0.997,26.8,6.1,-2.3,31.6,4.6,1737,6.62,1.0,12.960,23,2.8,7.4
12.0,51,2.8,6.6,8.5,73.1,101,47,24.4,23,-3.3,7.7,0.621,12.7,5.8,-1.8,32.8,4.5,1637,6.28,0.4,12.960,23,4.6,7.7
15.0,52,4.0,5.4,0.0,73.2,101,38,19.2,23,-5.5,5.0,0.000,-6.7,0.0,0.0,20.8,0.5,1329,5.11,2.1,13.019,23,0.0,5.3
18.0,52,4.8,4.7,0.0,73.8,101,24,20.4,23,-5.4,5.5,0.043,-9.5,1.5,0.0,24.9,0.0,1120,3.86,0.4,13.067,23,0.0,4.8
21.0,53,7.8,5.4,0.2,74.5,101,10,25.6,23,-5.5,4.7,0.562,0.4,0.0,-3.9,29.9,0.0,944,3.81,0.4,13.070,23,0.0,5.1
24.0,53,10.6,4.7,0.0,74.7,101,4,24.5,23,-5.5,4.7,0.997,9.8,0.0,-6.8,33.7,0.0,810,3.71,0.4,12.960,23,1.6,5.3
27.0,53,13.7,4.5,0.0,74.9,101,0,26.3,23,-5.5,4.7,0.999,5.1,0.0,0.0,34.1,0.3,829,4.19,1.3,12.960,23,0.0,4.5
30.0,53,16.8,4.3,0.0,74.9,101,0,25.1,23,-5.5,4.7,0.999,6.8,0.8,2.3,32.9,0.0,800,3.43,0.6,12.960,23,0.0,4.3
33.0,53,20.0,4.4,0.0,75.3,101,1,25.7,23,-5.5,4.3,0.999,7.1,0.0,3.1,31.8,0.0,790,3.30,0.8,12.940,23,0.1,5.2
36.0,54,27.4,10.6,0.0,75.3,101,5,39.1,23,-3.8,8.9,0.998,11.4,5.1,2.1,39.2,3.5,961,5.32,1.8,12.880,23,1.2,11.1
39.0,54,45.3,14.1,43.5,75.3,101,15,56.8,23,-2.1,14.5,0.996,15.8,15.0,-0.1,63.4,14.9,1668,15.29,9.9,12.881,23,17.9,13.7
42.0,54,67.7,11.9,53.8,75.2,101,28,62.0,23,-1.9,15.9,0.996,6.6,15.4,-0.8,77.7,15.4,1570,16.01,10.9,12.985,23,17.3,10.3
45.0,55,88.2,5.1,0.0,74.9,101,38,19.0,23,-5.4,5.5,0.996,9.3,6.1,1.0,45.8,7.2,1361,9.94,7.0,13.011,23,9.6,5.8
48.0,56,90.2,4.5,0.0,75.2,101,35,17.6,23,-5.5,4.5,0.996,10.3,0.0,2.3,20.4,0.0,1162,3.44,0.4,12.960,23,0.1,4.4
51.0,56,96.3,4.3,0.0,75.6,101,28,17.5,23,-5.5,4.3,0.996,8.9,0.0,2.4,21.6,0.0,1118,3.70,0.7,12.960,23,0.0,4.3
54.0,56,100.0,4.3,0.0,76.1,101,18,18.3,23,-5.7,4.3,0.996,8.0,0.2,3.9,23.8,0.0,1035,3.33,0.4,12.960,23,0.0,4.3
57.0,57,101.6,4.9,0.1,76.1,101,10,21.0,23,-7.7,4.7,0.996,8.3,5.8,7.3,31.3,6.0,1213,6.67,3.1,12.960,23,0.5,5.9
60.0,57,114.6,13.2,2.6,76.1,101,16,36.4,23,-4.8,9.3,0.996,12.2,11.9,5.8,48.5,12.5,1531,12.77,8.8,12.960,23,4.6,11.3
63.0,58,137.1,17.4,1.2,76.3,101,28,55.1,23,-2.1,15.8,0.995,16.5,16.8,-0.5,72.4,17.0,1906,20.85,17.3,12.960,23,49.1,21.3
66.0,58,171.2,23.4,0.0,76.5,100,42,70.4,23,-1.6,21.2,0.990,11.0,18.4,2.3,79.3,19.3,2120,24.14,19.6,12.960,23,70.7,24.6
69.0,58,212.6,28.9,0.0,76.5,100,54,74.5,23,-1.6,27.8,0.989,10.4,21.4,2.8,81.9,21.5,2189,25.42,23.6,12.901,23,89.8,29.0
72.0,60,261.5,33.3,0.1,76.5,100,61,75.4,23,-1.6,32.6,0.995,10.5,24.3,2.2,85.0,24.5,2270,27.26,28.5,12.815,23,88.6,31.8
75.0,61,287.1,36.8,2.4,76.5,100,70,76.6,22,-1.8,36.1,1.004,11.9,26.1,0.0,87.0,26.3,2251,27.72,33.2,12.960,23,88.4,36.5
78.0,61,318.4,39.7,4.4,76.5,101,78,77.3,21,-2.3,39.2,1.006,15.5,27.8,0.8,82.4,27.0,2588,30.51,31.1,12.960,22,87.8,37.3
81.0,62,352.5,36.5,0.0,76.5,100,86,66.0,21,-2.3,24.9,1.005,25.2,16.4,-0.7,55.6,16.8,2274,20.87,20.3,12.960,21,69.0,32.2
84.0,64,368.1,26.5,21.2,76.5,101,87,68.3,21,-2.0,16.6,0.997,30.1,4.3,-1.6,24.7,3.2,1641,3.77,0.8,12.960,21,0.3,17.6
87.0,65,376.3,13.5,17.4,76.5,101,86,53.8,21,-2.5,12.7,0.811,21.1,0.4,0.8,21.6,0.0,1665,3.42,1.0,12.960,21,0.0,8.3
90.0,66,378.8,4.1,0.0,76.5,101,82,11.0,21,-5.5,4.4,0.003,-6.9,9.9,0.0,24.5,11.4,1566,12.38,7.0,12.960,22,1.5,7.1
93.0,67,375.4,4.8,0.0,76.5,101,80,13.0,21,-5.5,4.3,0.000,-9.3,3.9,0.0,19.8,8.1,1485,10.95,7.0,12.960,23,2.2,9.4
96.0,67,365.0,7.7,0.1,76.5,101,78,31.9,21,-3.5,8.9,0.464,-0.9,5.5,-1.3,31.7,3.6,1451,5.55,2.1,12.960,23,1.1,3.9
99.0,68,376.7,14.2,17.7,76.3,101,77,53.0,21,-1.6,13.7,1.009,14.1,14.7,-3.3,75.2,14.9,1500,15.69,13.0,12.960,23,44.3,16.2
102.0,68,389.8,22.9,28.1,76.2,101,80,67.2,21,-1.6,13.7,0.991,21.5,13.0,3.1,66.5,14.6,1527,15.36,12.2,12.912,23,42.3,18.5
105.0,68,405.8,29.0,0.0,76.5,100,84,75.3,21,-1.6,29.5,0.996,14.0,23.7,1.3,78.6,22.5,1913,21.64,22.4,12.908,23,52.8,21.6
108.0,69,432.5,42.6,0.1,76.2,101,88,75.3,21,-2.0,40.9,1.003,13.0,30.8,-0.3,89.0,31.3,2511,31.62,40.5,12.960,23,86.7,44.3
111.0,69,452.4,41.6,8.2,75.9,101,93,74.3,21,-2.3,42.1,1.005,18.4,30.7,-0.8,86.6,32.2,3086,38.74,46.2,12.960,21,83.8,47.2
114.0,70,474.8,35.9,15.2,75.7,101,98,71.9,21,-2.3,27.8,0.996,23.9,20.4,-1.6,75.0,24.1,3202,36.90,30.9,12.960,21,46.7,38.4
117.0,71,495.7,18.0,0.0,75.7,101,104,63.6,21,-1.8,22.5,1.001,19.6,19.1,-2.0,76.7,20.0,2677,30.07,18.8,12.913,21,0.1,22.7
120.0,72,502.7,16.5,5.4,75.7,101,104,62.6,21,-2.4,19.8,1.003,16.9,18.0,-1.8,78.5,19.4,1987,22.33,17.5,12.817,21,0.8,15.7
123.0,72,511.4,28.2,13.3,75.7,101,104,67.1,21,-2.6,24.3,0.999,16.6,19.3,-0.4,79.2,21.4,2004,23.27,23.5,12.960,21,0.6,30.8
126.0,73,522.1,32.7,20.5,75.7,101,104,74.0,21,-1.6,34.1,0.990,13.0,25.1,2.3,83.5,23.9,2526,29.63,24.9,12.854,21,34.2,31.0
129.0,74,533.1,25.4,24.6,75.7,100,106,65.9,21,-1.6,21.7,1.005,15.6,20.4,0.8,80.0,20.7,2257,25.80,21.8,12.868,21,71.1,25.2
132.0,75,538.9,21.6,18.2,75.7,100,106,70.1,21,-1.6,25.4,1.001,15.5,20.6,1.0,79.9,20.6,2109,23.68,19.7,12.960,21,88.1,22.7
135.0,76,548.2,29.3,6.8,75.7,100,107,73.6,21,-1.9,30.0,0.997,14.4,23.6,2.3,83.4,24.5,2319,27.78,27.5,12.960,21,87.5,32.5
138.0,77,559.2,33.6,2.1,75.7,100,109,75.1,21,-2.3,32.9,0.997,14.2,25.0,2.3,86.3,25.5,2600,31.56,29.0,12.960,21,87.5,33.8
141.0,78,568.9,27.8,4.3,75.7,100,110,74.5,21,-2.3,30.2,1.004,18.0,20.8,1.6,81.7,20.2,2269,16.80,14.0,12.919,21,48.8,22.1
144.0,78,572.0,4.3,0.0,75.7,101,106,23.5,21,-4.0,12.2,0.343,-0.1,8.9,0.7,44.5,9.1,2014,6.25,1.2,12.904,21,0.0,5.4
147.0,78,559.4,11.4,5.1,75.7,101,102,32.1,21,-3.4,9.0,0.472,2.3,5.2,-0.5,26.6,3.9,1894,6.04,1.6,12.960,21,0.2,8.2
150.0,78,556.0,16.6,15.7,75.7,101,100,53.8,21,-2.1,17.0,1.010,21.6,15.2,-1.3,61.2,14.2,1875,15.22,10.6,12.960,21,22.4,13.1
153.0,78,559.9,24.1,17.9,75.6,100,100,66.2,21,-1.7,25.8,1.002,9.5,22.4,0.8,87.1,23.5,2128,23.14,19.9,12.960,21,55.4,23.7
156.0,78,569.1,35.9,0.3,75.3,100,102,78.4,21,-2.3,37.3,0.998,12.3,26.3,1.3,87.5,26.5,2423,29.79,29.6,12.960,21,87.4,35.1
159.0,79,578.3,38.4,7.8,75.3,100,105,76.3,21,-2.3,37.1,0.999,16.2,29.5,1.6,86.7,29.5,2827,34.98,34.8,12.960,21,85.2,40.2
162.0,79,588.4,38.1,7.8,75.3,100,109,77.2,21,-2.3,37.5,1.000,18.4,31.5,1.6,85.9,31.5,3199,39.66,31.4,12.960,21,82.7,37.6
165.0,80,598.2,39.4,4.3,75.1,100,113,80.8,21,-2.7,38.6,0.997,17.0,32.6,1.6,88.5,33.7,3537,46.01,32.5,12.960,21,81.3,39.0
168.0,81,606.3,38.1,0.0,74.9,101,116,83.6,20,-3.9,39.2,0.980,17.0,29.0,2.3,85.5,29.4,3728,48.69,29.6,12.960,21,40.9,37.8
171.0,82,612.0,29.8,0.0,74.9,101,120,72.2,20,-3.9,33.1,0.991,18.8,26.1,1.5,82.2,26.8,3765,47.49,26.0,12.985,21,0.9,33.1
174.0,83,615.8,24.2,9.3,74.9,101,120,68.8,20,-2.9,27.1,0.996,19.7,22.8,0.6,78.6,23.4,3577,42.61,22.4,13.040,20,4.5,21.2
177.0,83,620.0,27.4,8.5,74.9,101,120,67.2,20,-1.7,24.1,0.995,18.8,19.8,0.0,77.6,20.4,2276,24.33,20.4,13.040,20,54.4,24.6
180.0,84,621.4,36.3,0.4,74.9,100,120,75.3,20,-2.3,36.1,0.993,14.5,27.1,3.1,83.2,25.9,2539,29.30,28.0,13.003,20,83.9,32.1
183.0,85,626.7,42.0,3.5,74.9,100,120,76.9,20,-2.3,40.0,0.997,15.0,28.6,2.1,85.7,29.6,2794,34.04,35.4,12.960,20,78.5,41.8
186.0,86,630.9,39.8,1.1,74.7,101,121,76.2,20,-2.3,40.7,1.000,16.6,30.3,0.8,85.5,30.7,2974,36.03,34.3,12.960,20,15.8,39.2
189.0,86,634.1,38.2,0.0,74.5,101,123,75.6,20,-2.3,37.5,0.995,18.9,30.6,0.8,85.5,31.0,3186,39.50,31.4,12.960,20,5.0,38.2
192.0,86,637.2,37.2,0.0,74.5,101,124,77.8,20,-2.3,37.3,0.983,18.0,30.2,0.8,85.2,29.5,3294,40.67,29.9,12.913,20,0.0,37.0
195.0,86,640.0,35.4,0.0,74.5,101,126,67.5,20,-2.3,29.6,0.996,22.1,24.5,0.8,78.5,24.8,3253,37.45,25.4,12.933,20,1.5,33.5
198.0,86,638.1,23.1,21.7,74.5,100,126,67.0,20,-2.3,24.8,1.000,22.6,20.2,0.2,74.3,20.3,2967,31.24,19.7,13.000,20,9.5,24.3
201.0,86,640.0,23.6,27.9,74.5,100,125,67.0,20,-2.3,23.0,0.999,20.0,19.2,-0.5,77.2,19.2,2386,25.16,18.4,12.880,20,71.8,23.5
204.0,86,640.0,23.5,24.7,74.5,100,124,66.7,20,-2.3,22.6,0.999,20.0,19.2,0.8,76.1,19.2,2376,24.63,18.1,12.932,20,82.4,23.1
207.0,86,640.0,22.4,7.5,74.5,100,124,61.2,20,-1.6,20.0,1.000,21.4,18.0,-0.2,73.0,18.1,2348,23.45,16.8,12.960,20,91.2,22.2
210.0,86,638.2,17.6,0.0,74.8,99,123,59.6,20,-2.0,19.3,0.997,22.0,17.0,-0.2,69.7,17.0,2313,21.92,15.0,12.960,20,91.8,20.8
213.0,86,637.4,19.3,0.0,74.9,99,121,60.1,20,-2.3,19.5,0.995,21.7,16.7,0.9,68.1,16.6,2286,20.89,14.1,12.960,20,91.8,19.6
216.0,86,636.0,20.6,0.0,74.9,99,120,62.1,20,-2.3,20.8,0.996,20.5,17.6,1.6,71.8,17.6,2276,22.60,16.1,12.960,20,90.5,20.3
219.0,86,636.0,20.0,6.6,74.9,99,120,62.7,20,-2.3,20.8,1.001,20.0,17.6,1.1,71.3,17.6,2267,22.37,16.1,12.921,20,76.4,20.7
222.0,86,635.7,16.5,44.7,74.9,99,119,57.7,20,-2.3,19.0,1.002,20.8,17.1,0.8,69.8,17.2,2253,21.89,15.6,12.918,20,61.6,20.3
225.0,86,633.2,18.1,16.1,74.9,99,118,57.5,20,-2.3,18.6,1.002,21.4,16.6,0.8,68.6,16.6,2239,21.29,14.5,13.036,20,92.2,19.2
228.0,86,632.0,19.2,0.0,74.9,99,119,59.8,20,-2.3,19.7,1.002,21.0,16.9,0.8,70.2,16.9,2251,21.78,14.9,12.880,20,92.2,19.5
231.0,86,632.0,20.1,1.5,74.9,99,121,61.0,20,-2.3,20.4,1.001,21.0,17.6,1.5,71.8,17.7,2302,22.85,16.1,12.927,20,91.8,20.4
234.0,86,632.0,21.7,5.8,74.9,99,124,65.9,20,-1.6,22.0,1.007,20.3,18.1,-0.4,74.1,18.4,2364,24.18,17.2,12.960,20,91.3,21.5
237.0,86,631.2,22.4,0.0,74.9,100,127,65.9,20,-2.0,22.0,1.005,21.8,16.9,-1.6,68.5,17.6,2419,23.85,16.5,12.960,20,91.1,22.0
240.0,86,629.5,19.8,2.4,74.9,100,130,63.2,20,-2.1,21.4,1.004,23.8,15.3,-1.6,58.1,15.5,2463,20.91,12.5,12.960,20,92.2,17.6
243.0,86,628.0,19.3,13.2,74.8,99,132,59.1,20,-1.6,19.9,1.009,23.0,17.3,-1.6,69.0,17.3,2488,23.33,15.7,12.960,20,86.5,20.1
246.0,86,628.0,21.8,33.0,74.5,100,132,62.0,20,-1.6,15.4,1.002,27.1,14.4,0.9,56.8,15.9,2467,21.54,14.3,12.977,20,85.7,20.4
249.0,86,627.4,19.2,0.0,74.2,99,129,63.0,20,-1.6,18.8,0.999,25.2,15.4,1.3,59.0,16.4,2458,20.74,12.4,12.992,20,92.9,16.5
252.0,86,628.0,22.2,2.2,74.1,100,128,65.6,20,-1.9,22.4,1.000,20.6,18.8,0.0,75.5,19.3,2474,26.08,18.4,12.960,20,89.8,23.9
255.0,86,629.8,24.8,2.1,74.0,100,128,69.4,20,-2.3,24.4,1.002,19.3,20.1,0.0,78.4,20.0,2462,27.06,19.7,12.960,20,89.0,25.2
258.0,86,633.1,26.5,2.0,73.7,100,128,72.8,20,-2.3,27.1,1.011,16.5,22.0,0.0,81.4,21.4,2514,28.03,21.6,13.005,20,88.4,26.8
261.0,86,636.0,28.2,9.5,73.7,100,124,72.2,20,-2.3,27.9,1.003,16.5,22.2,0.9,82.4,22.2,2543,28.73,23.0,13.012,20,88.0,28.1
264.0,86,634.6,29.5,2.3,73.7,100,123,72.6,20,-2.3,29.2,1.000,15.9,22.6,1.3,82.5,22.7,2565,29.29,23.9,12.970,20,87.5,29.0
267.0,86,638.4,30.9,0.0,73.7,100,121,72.9,20,-2.3,30.6,1.001,15.1,23.2,0.8,82.7,23.5,2612,30.38,25.9,13.040,20,87.5,30.8
270.0,86,641.4,32.5,0.5,73.7,100,120,73.0,20,-2.3,31.8,1.003,16.0,24.3,0.8,83.1,24.3,2712,31.23,27.0,13.040,20,86.9,32.6
273.0,86,644.5,34.0,2.4,73.7,100,120,73.7,20,-2.3,33.3,0.999,15.7,24.8,0.8,83.6,24.8,2726,32.11,28.0,13.008,20,86.3,33.8
276.0,86,647.3,32.9,17.5,73.7,100,120,70.5,20,-1.9,28.9,1.001,16.0,23.1,0.8,82.2,23.5,2581,30.47,25.6,12.960,20,87.0,32.9
279.0,86,645.2,23.3,15.8,73.7,99,120,64.1,20,-1.6,23.1,1.003,17.9,19.8,0.6,77.7,20.2,2284,25.37,14.9,12.960,20,92.2,19.6
282.0,86,644.0,19.7,9.4,73.7,99,120,60.1,20,-1.6,19.6,1.001,21.5,16.5,0.0,69.4,16.9,2262,22.23,15.5,13.017,20,92.2,20.1
285.0,86,643.4,20.8,2.9,73.7,100,120,64.3,20,-1.6,21.6,0.994,20.5,18.0,0.6,72.6,15.8,2278,17.75,12.9,13.040,20,92.6,19.0
288.0,86,639.8,14.9,31.5,73.7,99,122,53.8,20,-2.1,18.0,0.998,22.1,16.8,0.4,70.6,16.0,2297,17.23,11.6,13.021,20,78.7,17.3
291.0,86,640.0,21.6,9.9,73.9,100,123,60.4,20,-2.0,19.9,1.000,20.9,17.3,-0.4,70.0,17.8,2324,22.67,15.9,12.960,20,0.1,22.7
294.0,86,640.0,26.6,1.6,74.2,101,124,70.9,20,-1.8,25.1,1.000,15.8,21.1,-1.6,81.5,21.2,2375,27.14,23.1,12.960,20,0.0,26.8
297.0,86,640.0,28.0,2.8,74.5,101,124,73.6,20,-2.3,26.7,1.001,19.5,19.2,-1.6,75.7,20.1,2358,26.13,21.1,13.004,20,0.0,27.3
300.0,86,640.0,24.7,0.0,74.5,101,124,69.0,20,-1.8,25.3,0.999,18.4,19.8,-0.8,78.0,20.3,2339,25.87,20.2,13.018,20,14.5,25.0
303.0,86,637.7,25.8,6.8,74.5,100,123,70.7,20,-1.6,25.9,0.998,16.4,20.9,0.2,81.3,21.4,2347,26.54,21.7,12.960,20,89.4,26.7
306.0,86,641.9,27.1,8.5,74.5,100,121,72.4,20,-1.7,27.6,0.997,14.1,22.0,0.8,84.3,22.4,2450,28.18,22.7,12.960,20,88.6,27.4
309.0,86,644.0,28.0,6.3,74.5,100,120,72.9,20,-2.3,28.2,0.997,15.0,22.4,0.8,83.7,22.4,2482,28.55,22.9,13.002,20,88.0,27.9
312.0,86,643.8,26.7,14.8,74.5,100,120,68.8,20,-1.8,25.6,0.999,16.4,21.3,1.6,81.5,21.5,2406,27.43,22.3,13.017,20,88.1,27.9
315.0,86,644.0,27.5,3.9,74.2,100,119,71.2,20,-1.9,26.6,0.999,16.2,21.3,1.8,80.4,21.0,2312,25.73,20.8,12.964,20,89.8,25.9
318.0,86,646.1,25.2,19.8,74.1,100,119,71.3,20,-2.1,27.9,0.997,14.7,22.7,0.9,83.5,23.0,2537,29.77,25.1,13.040,20,88.1,29.5
321.0,86,646.9,23.5,33.4,74.1,100,120,63.0,20,-1.6,22.4,0.997,19.5,19.2,1.6,76.5,20.0,2349,26.33,21.9,13.040,20,88.9,27.9
324.0,86,644.0,25.6,5.2,74.1,100,120,56.5,20,-2.3,16.1,0.996,18.2,18.0,1.6,73.3,18.5,2262,23.42,18.3,13.011,20,91.0,22.7
327.0,86,643.0,17.6,5.2,73.8,99,119,57.9,20,-2.3,16.5,0.997,19.2,17.0,1.6,69.9,17.2,2242,21.80,15.4,12.950,21,92.9,17.6
330.0,86,641.6,18.3,2.4,73.9,99,118,60.3,20,-2.3,19.5,0.999,21.1,16.8,1.6,68.5,17.0,2226,21.52,13.7,12.880,21,93.3,16.5
333.0,86,640.0,19.9,0.0,74.0,99,118,63.0,20,-2.3,21.5,0.998,19.5,18.4,1.6,74.5,18.4,2251,23.31,16.3,12.979,21,92.1,19.5
336.0,86,639.6,22.4,0.0,73.7,100,120,65.1,20,-1.6,15.7,1.003,23.8,14.9,1.1,60.4,16.3,2250,20.42,14.7,13.023,21,91.4,22.1
339.0,86,635.5,22.0,0.0,73.7,99,119,56.6,20,-2.0,14.3,1.000,26.3,13.7,0.8,55.9,16.1,2245,19.60,12.8,12.990,21,89.0,20.5
342.0,86,633.2,15.0,37.3,73.7,99,118,52.5,20,-2.3,14.8,0.997,25.7,14.4,0.8,60.5,17.6,2233,22.54,16.4,12.960,21,66.3,11.0
345.0,86,632.0,15.3,39.7,73.7,99,118,54.7,20,-2.2,18.2,0.998,22.0,15.3,0.8,60.8,14.9,2201,18.79,13.3,13.040,21,81.5,15.3
348.0,86,632.0,21.7,0.3,73.7,99,116,65.1,20,-1.6,23.1,0.994,18.5,18.4,0.8,71.9,17.9,2214,21.75,15.2,13.009,21,91.9,19.9
351.0,86,631.3,23.5,9.5,73.4,100,117,68.8,20,-1.6,24.8,1.004,16.3,20.2,1.1,77.6,17.9,2221,22.05,16.1,12.960,21,91.6,22.5
354.0,86,629.3,20.4,4.1,73.3,100,117,64.9,20,-1.9,23.0,1.008,17.1,18.9,1.9,70.9,13.9,2209,16.30,10.6,12.960,21,93.3,18.4
357.0,86,628.0,18.2,0.0,73.2,99,116,57.0,20,-2.3,17.5,1.000,22.5,12.9,3.1,44.8,12.9,2188,15.74,10.3,12.960,21,92.7,19.1
360.0,86,627.3,18.5,0.0,72.9,99,116,55.7,20,-2.3,16.9,1.000,21.4,16.1,2.1,62.8,16.2,2202,19.80,13.7,12.923,21,91.9,20.2
363.0,86,623.7,21.6,0.0,72.9,99,117,61.7,20,-1.8,19.8,0.997,20.2,17.8,1.6,73.1,18.3,2225,23.03,17.1,12.899,21,91.4,21.4
366.0,86,624.0,20.3,3.3,72.9,99,119,59.3,20,-1.9,19.8,0.998,20.7,17.2,1.4,71.0,17.7,2254,22.69,16.4,12.960,21,91.8,19.2
369.0,86,624.0,15.8,16.7,72.9,99,120,51.3,20,-2.3,16.5,1.003,23.6,15.3,0.8,62.7,15.7,2287,19.89,12.5,12.960,21,92.6,18.0
372.0,86,622.9,13.2,26.3,72.8,99,120,46.0,20,-2.3,14.5,0.998,25.5,14.9,0.8,60.3,15.1,2287,19.77,13.0,12.916,21,92.6,18.5
375.0,86,620.1,20.4,0.0,72.5,99,122,62.0,20,-2.3,18.9,0.996,22.8,16.5,0.8,66.3,16.3,2310,21.21,14.2,12.904,21,92.0,20.2
378.0,86,622.3,21.2,0.0,72.5,99,123,64.1,20,-2.0,21.6,1.000,20.3,18.2,0.1,74.0,18.5,2348,23.83,16.5,12.960,21,91.0,21.2
381.0,86,624.0,23.6,2.4,72.5,99,124,67.4,20,-1.6,23.4,1.007,18.9,19.6,-1.6,78.8,21.2,2387,26.92,21.2,12.960,21,89.4,24.3
384.0,86,624.8,26.3,5.6,72.5,100,124,71.4,20,-1.6,25.5,0.999,18.0,20.4,0.0,79.7,20.9,2355,26.22,21.0,13.001,21,88.6,25.9
387.0,86,628.0,26.3,3.5,72.5,100,122,70.6,20,-1.6,25.8,0.999,16.3,20.8,0.0,80.8,21.0,2347,26.09,21.1,12.994,21,88.5,26.0
390.0,86,626.6,26.3,1.0,72.5,100,120,64.0,20,-1.9,22.9,0.997,16.4,20.3,0.5,80.1,20.5,2329,26.04,21.3,12.885,21,88.2,26.3
393.0,86,628.0,24.1,1.7,72.5,100,117,61.5,20,-2.1,20.3,0.995,18.7,18.6,1.7,76.4,18.5,2213,23.04,17.6,12.960,21,90.4,23.1
396.0,86,628.0,23.2,2.6,72.5,100,114,67.0,20,-1.6,23.5,1.000,17.0,20.0,2.3,79.6,20.4,2251,24.91,20.0,12.960,21,45.1,24.1
399.0,86,628.1,26.3,0.0,72.5,100,114,71.4,20,-1.6,25.8,1.000,15.1,20.7,0.6,81.1,21.0,2289,26.01,21.7,12.960,21,0.0,26.5
402.0,86,630.9,27.1,0.0,72.5,100,113,71.9,20,-1.6,26.7,1.000,14.2,21.2,-0.5,81.9,21.6,2334,26.30,22.1,12.960,21,0.0,27.1
405.0,86,632.0,27.5,0.0,72.7,100,112,72.5,20,-1.6,26.9,1.000,14.5,21.3,0.0,81.1,21.6,2327,26.55,22.4,12.960,21,0.2,27.5
408.0,86,633.3,27.1,0.0,72.8,100,112,72.4,20,-1.6,27.3,1.000,14.5,22.0,0.0,83.9,22.4,2412,27.46,22.1,12.960,21,44.6,26.7
411.0,86,636.0,25.5,0.0,72.5,100,114,69.0,20,-1.6,23.9,0.997,18.0,19.2,0.5,77.5,20.5,2286,26.13,21.6,12.960,21,90.2,25.7
414.0,86,634.6,24.7,0.0,73.0,100,114,69.0,20,-1.6,22.8,0.997,19.8,17.7,0.6,73.3,18.8,2167,23.92,20.5,12.960,21,90.2,24.7
417.0,86,636.0,23.7,4.0,73.2,100,115,68.4,20,-1.6,21.8,0.997,19.8,18.3,0.0,75.3,18.8,2187,22.79,18.4,12.960,21,90.8,23.3
420.0,86,634.9,22.6,6.8,72.9,100,116,66.7,20,-1.6,22.4,0.999,24.0,16.5,0.0,73.1,18.5,2203,22.80,17.8,12.960,21,91.2,22.6
423.0,86,631.7,22.4,0.0,72.9,99,118,65.9,20,-2.1,17.9,1.001,23.0,16.9,0.7,71.9,18.0,2222,23.87,17.6,12.960,21,91.2,22.9
426.0,86,632.0,25.2,0.0,72.9,99,119,68.8,20,-2.3,19.2,1.002,20.5,18.3,1.3,73.1,18.0,2271,29.67,18.8,12.960,21,89.4,27.1
429.0,86,632.3,28.3,0.1,72.9,100,120,73.7,20,-2.3,29.0,0.997,14.5,23.1,0.0,83.9,23.5,2575,29.66,21.9,12.977,21,88.6,28.0
432.0,86,635.4,30.6,7.0,72.9,100,121,71.6,20,-2.3,25.7,0.997,16.8,21.6,0.7,81.6,22.3,2483,28.23,24.0,12.990,21,87.0,30.3
435.0,86,636.0,27.1,5.2,73.1,100,122,70.2,20,-2.0,24.9,0.997,17.8,20.6,1.2,79.4,20.8,2327,25.52,20.2,12.960,21,89.8,25.1
438.0,86,637.9,27.1,3.9,73.3,100,121,70.5,20,-1.7,27.4,0.998,15.0,22.0,0.0,83.5,22.4,2425,27.84,23.1,12.960,21,88.4,27.3
441.0,86,640.0,30.0,3.2,73.2,100,120,72.8,20,-2.3,29.4,0.998,15.5,23.1,1.6,82.9,23.2,2543,29.83,25.7,12.960,21,87.3,30.6
444.0,86,640.2,33.2,1.8,72.9,100,122,70.6,20,-2.3,28.8,0.997,14.5,22.7,1.1,82.9,23.1,2554,30.05,26.0,12.960,21,87.0,32.1
447.0,86,643.0,29.0,0.0,72.9,100,122,72.0,20,-2.3,29.0,0.999,14.4,22.7,1.1,83.1,22.8,2518,28.94,23.7,12.960,21,87.8,28.2
450.0,86,644.0,29.7,4.1,72.9,100,122,72.3,20,-2.1,28.0,1.002,15.6,22.7,1.4,82.9,23.1,2575,29.32,24.7,12.960,21,86.7,30.2
453.0,86,644.0,25.9,13.1,72.9,100,122,69.9,20,-1.6,24.3,1.004,18.5,20.4,-0.8,79.2,20.9,2369,26.50,21.0,12.960,21,89.6,24.2
456.0,86,644.0,16.6,26.7,72.9,99,120,56.5,20,-1.6,23.9,1.008,18.2,20.4,-0.3,79.0,20.4,2293,25.22,19.7,12.991,21,91.5,20.2
459.0,86,642.9,25.5,0.0,72.6,100,120,64.0,20,-1.6,24.3,1.007,18.0,20.4,0.5,78.7,20.4,2275,24.97,20.4,13.034,21,89.8,25.1
462.0,86,644.0,25.7,0.0,72.5,100,120,69.5,20,-1.6,24.6,1.004,18.4,20.2,1.6,78.3,20.4,2275,25.37,20.4,12.960,21,89.8,25.4
465.0,86,642.8,24.1,0.0,72.5,100,120,70.0,20,-1.6,24.3,1.006,23.0,16.5,0.8,67.5,18.2,2292,23.32,18.1,12.960,21,90.6,23.7
468.0,86,640.0,18.4,0.0,72.5,99,122,59.6,20,-2.1,20.9,1.003,22.4,16.7,0.8,68.3,16.9,2306,21.80,12.0,12.973,21,91.9,20.2
471.0,86,639.0,16.6,12.2,72.8,99,122,36.1,20,-2.3,14.7,1.007,26.3,15.2,0.3,60.9,15.3,2305,19.54,4.0,12.997,21,93.3,14.9
474.0,86,635.4,14.4,9.4,72.9,99,122,28.2,20,-2.3,10.7,1.009,32.2,12.3,-0.6,43.6,12.2,2287,14.11,7.8,12.960,21,93.7,13.4
477.0,86,630.6,11.2,1.8,72.9,98,122,36.7,20,-2.5,12.6,0.998,28.5,12.9,0.8,49.0,12.9,2300,15.80,8.4,12.999,21,93.7,12.9
480.0,86,626.8,7.6,1.7,72.9,99,122,11.8,20,-4.7,6.7,0.979,34.5,9.2,0.3,32.2,8.7,2286,10.26,5.1,12.930,22,80.0,10.8
483.0,86,619.4,6.3,21.0,72.9,99,121,16.6,20,-4.7,6.7,0.997,25.1,5.3,0.0,19.2,4.8,2259,5.32,0.8,12.821,23,48.9,5.9
486.0,86,610.1,5.6,9.3,72.9,100,119,16.0,20,-4.7,6.3,0.771,6.6,2.5,0.0,13.7,2.7,2222,4.69,0.8,12.960,23,0.1,5.1
489.0,86,596.3,5.0,0.0,73.0,101,118,11.8,20,-4.7,5.1,0.007,-10.5,3.1,0.0,13.4,3.1,2163,4.54,0.8,12.960,23,0.0,5.1
492.0,86,581.2,4.7,0.0,73.3,101,116,11.8,20,-4.7,5.5,0.884,9.7,0.9,4.8,12.8,1.1,2147,4.29,0.6,12.960,23,0.0,5.0
495.0,86,567.6,4.7,0.0,73.7,101,112,11.2,20,-4.7,5.0,0.387,8.5,3.9,3.9,15.2,3.6,2123,5.61,1.4,12.944,23,7.7,5.2
498.0,86,562.5,8.4,67.7,73.9,100,112,22.6,20,-3.7,6.9,0.318,8.8,8.8,-1.1,22.1,9.3,2111,8.97,4.7,12.880,23,59.2,9.4
501.0,85,560.0,12.0,61.1,74.1,99,113,39.5,20,-2.3,11.8,1.010,31.9,11.2,-5.3,38.8,11.0,2200,11.98,5.7,12.942,23,83.1,10.2
504.0,85,561.1,14.5,1.5,74.1,99,116,52.5,20,-2.3,16.1,0.992,25.0,14.9,3.1,57.4,14.7,2243,17.92,10.4,12.960,23,92.9,14.1
507.0,85,564.0,15.3,7.0,74.1,99,118,52.5,20,-2.3,16.7,0.999,23.7,15.2,2.6,62.2,15.9,2256,20.53,11.6,12.960,23,92.7,16.6
510.0,85,563.2,5.1,0.0,73.8,100,117,28.0,20,-3.6,11.9,0.991,29.7,12.7,2.0,49.8,13.1,2209,16.81,7.6,12.971,23,88.9,12.3
513.0,85,556.9,4.9,0.0,73.9,100,113,11.2,20,-4.7,6.5,0.748,29.1,7.6,1.4,25.5,6.6,2087,4.42,0.4,13.040,23,0.1,4.7
516.0,85,549.0,7.4,27.5,74.1,101,107,15.1,20,-4.5,5.1,0.005,-12.5,0.0,0.0,11.5,4.7,1996,5.11,2.3,12.987,23,19.2,7.1
519.0,85,544.6,13.3,79.7,74.1,99,102,47.8,20,-2.3,16.1,1.011,10.8,10.9,-0.5,47.3,11.4,2009,12.51,8.0,12.960,23,54.3,12.1
522.0,85,547.6,19.6,0.0,73.7,99,102,58.8,20,-2.3,18.2,1.005,19.2,16.6,-0.5,70.3,16.5,2037,19.69,14.1,12.960,23,86.3,18.5
525.0,85,552.7,19.6,0.0,73.7,99,103,64.3,20,-2.1,19.8,1.000,17.7,17.2,0.1,72.9,17.3,2037,21.00,15.7,12.960,23,26.0,20.0
528.0,85,557.0,18.7,81.8,73.7,100,104,64.0,20,-1.6,19.2,1.004,19.0,16.1,0.8,68.2,16.1,2011,19.74,14.7,12.960,23,24.4,19.3
531.0,86,559.9,15.3,477.7,73.3,100,106,54.9,20,-2.1,17.6,1.001,19.6,16.1,1.2,68.4,16.3,2005,19.39,14.5,12.960,23,22.9,18.5
534.0,86,563.1,17.9,2119.8,73.3,100,107,58.2,20,-2.3,17.6,0.999,20.0,16.1,1.4,69.0,16.5,2018,19.79,15.2,12.958,23,23.9,18.8
537.0,86,566.0,18.2,1622.9,73.2,100,108,60.5,20,-2.3,18.3,0.998,20.0,16.1,0.8,70.6,16.5,2050,19.63,14.1,12.800,23,71.0,18.3
540.0,86,568.9,16.6,0.0,72.9,99,108,58.6,20,-2.3,18.0,0.998,20.0,16.1,0.2,69.8,16.5,2066,19.71,14.1,12.881,23,92.9,18.0
543.0,86,571.8,12.5,0.0,72.9,99,110,48.7,20,-2.3,16.1,1.003,21.3,16.1,0.0,69.8,16.5,2084,19.95,14.2,12.960,23,87.6,18.1
546.0,86,574.8,17.2,0.0,72.9,100,110,55.2,20,-2.3,16.7,1.006,21.5,16.4,-0.2,70.6,16.6,2101,20.37,14.5,12.960,23,52.9,18.8
549.0,86,576.0,19.9,1.6,72.9,100,111,63.8,20,-2.3,20.1,1.007,19.0,17.3,-0.8,72.5,17.3,2112,21.19,16.1,12.960,23,35.8,19.8
552.0,86,576.9,21.0,3.5,72.9,100,112,65.2,20,-2.3,21.2,0.999,17.5,17.8,-0.8,74.8,18.1,2129,22.03,17.4,12.918,23,55.3,21.5
555.0,86,580.0,23.5,0.0,72.9,100,114,69.0,20,-1.8,23.0,0.996,17.5,19.1,0.8,76.6,19.1,2181,23.32,18.8,12.903,23,90.2,23.3
558.0,86,586.2,24.1,2.9,72.9,100,115,69.0,20,-1.6,23.7,0.996,17.9,19.1,1.8,75.9,19.3,2229,24.06,18.9,12.960,23,90.2,24.3
561.0,86,588.0,18.9,9.5,72.7,100,116,60.9,20,-1.8,21.3,1.000,19.7,16.8,0.8,70.0,17.1,2199,21.73,11.8,12.960,23,92.3,16.2
564.0,86,588.0,14.7,10.5,72.5,99,116,47.4,20,-2.3,14.5,1.002,26.0,13.7,0.8,54.5,13.7,2176,16.49,11.0,12.960,23,48.5,14.4
567.0,86,588.5,16.3,101.9,72.5,100,116,53.3,20,-2.3,17.6,1.002,23.0,15.4,0.8,61.4,15.2,2190,18.71,12.1,12.960,23,17.8,16.2
570.0,86,591.6,18.8,1857.8,72.5,100,117,56.8,20,-2.3,18.0,1.000,22.2,15.6,1.1,62.9,15.7,2217,16.02,10.6,12.976,23,19.6,17.5
573.0,86,587.0,14.0,836.3,72.5,100,118,53.2,20,-2.3,17.5,0.995,23.1,14.8,1.3,59.9,15.0,2250,6.18,1.2,13.040,23,0.1,5.1
576.0,86,585.4,14.3,0.5,72.4,100,118,46.4,20,-2.3,14.6,0.979,26.0,14.5,-1.6,63.5,16.5,2259,16.72,9.4,12.992,23,48.4,13.4
579.0,86,588.4,22.0,1.8,72.2,100,120,65.1,20,-1.6,22.0,0.992,21.8,16.9,-1.1,70.0,17.7,2274,22.62,15.6,12.960,23,91.3,22.1
582.0,86,591.3,22.4,6.3,72.2,100,120,65.1,20,-1.6,22.0,0.999,19.7,18.4,-0.8,75.5,18.8,2299,24.37,18.0,12.960,23,91.0,22.4
585.0,86,594.1,22.6,8.3,72.0,100,121,57.1,20,-1.8,20.0,0.999,21.2,17.1,-0.8,74.7,18.8,2337,24.48,17.6,12.960,23,90.2,22.4
588.0,86,593.9,19.4,7.0,71.9,100,122,40.0,20,-2.3,12.2,0.995,30.0,5.5,-0.8,24.0,5.5,2272,12.25,7.9,12.960,23,49.2,15.0
591.0,86,588.0,8.6,0.0,72.2,100,118,27.9,20,-4.0,9.2,1.007,33.5,2.4,2.1,18.6,0.0,2201,4.46,0.4,12.983,23,0.0,5.1
594.0,86,583.2,5.7,0.0,72.4,101,116,16.7,20,-4.7,6.3,0.566,18.9,0.4,3.3,13.0,0.8,2139,4.26,0.4,13.040,23,0.0,5.1
597.0,86,574.5,8.9,0.0,72.7,101,113,20.7,20,-3.9,5.5,0.260,-5.2,2.3,0.0,13.5,3.6,2102,4.42,0.8,13.040,23,0.0,8.6
600.0,86,568.0,12.3,0.0,72.9,101,112,38.3,20,-2.3,8.0,1.009,26.0,9.0,0.0,27.2,12.2,2151,14.33,6.2,13.040,23,0.0,12.0
603.0,86,568.3,12.6,0.0,72.9,101,114,46.3,20,-2.3,14.1,1.003,26.3,11.9,0.0,42.1,12.6,2187,14.77,9.0,12.986,23,24.7,14.0
606.0,86,571.1,14.5,6.3,72.9,100,115,49.5,20,-2.3,16.0,1.001,24.5,14.7,0.0,58.3,13.9,2228,16.20,8.5,12.880,23,93.7,13.7
609.0,86,569.9,13.2,4.7,72.9,99,117,47.8,20,-2.3,13.7,0.996,22.5,15.4,0.1,68.5,16.6,2237,20.85,1.6,12.880,23,22.2,7.4
612.0,86,568.0,11.4,10.6,72.9,100,118,40.4,20,-2.3,0.4,0.988,32.0,6.7,0.8,46.7,7.8,2176,11.83,3.5,12.974,23,32.5,6.9
615.0,86,568.0,10.2,48.2,72.9,99,116,44.8,20,-2.3,4.0,1.001,15.3,3.0,0.4,29.9,4.1,2208,6.68,3.3,12.993,23,52.5,8.8
618.0,86,562.4,8.6,91.1,72.9,100,115,34.7,20,-3.3,6.6,1.010,12.8,2.2,0.0,16.4,1.5,2244,4.97,0.5,12.880,23,8.3,7.8
621.0,86,558.2,9.0,69.0,72.9,99,114,24.9,20,-4.4,8.2,1.011,37.8,9.0,0.0,29.4,9.0,2200,9.25,3.9,12.940,23,64.0,8.5
624.0,86,556.0,11.1,1.0,72.9,98,114,33.9,20,-2.3,11.0,0.986,32.0,11.2,0.0,39.1,11.5,2241,13.02,6.3,12.917,23,94.4,10.6
627.0,86,556.1,13.0,5.2,72.9,99,116,41.6,20,-2.3,14.2,1.000,27.8,13.6,0.4,51.5,14.1,2245,17.70,10.2,12.880,23,93.3,14.1
630.0,86,559.2,21.6,1.4,72.6,100,117,54.6,20,-2.0,18.3,1.003,23.2,15.5,1.0,62.5,16.0,2230,21.40,14.1,12.880,24,91.8,18.8
633.0,86,562.1,16.6,23.4,72.5,100,118,58.0,20,-1.8,19.8,0.997,20.9,16.7,1.6,70.6,16.9,2250,21.89,13.7,12.880,23,90.1,14.1
636.0,86,565.2,14.2,37.5,72.5,99,118,39.3,20,-2.3,12.5,0.995,28.5,12.5,4.7,52.7,13.7,2250,17.42,10.7,12.926,23,90.7,15.6
639.0,86,568.3,20.8,0.2,72.5,99,120,63.5,20,-2.3,19.7,0.993,22.3,16.7,2.8,64.0,16.6,2275,19.51,12.7,12.960,23,91.6,21.2
642.0,86,571.7,20.4,27.0,72.5,100,121,54.9,20,-2.3,16.3,0.994,26.7,16.4,0.4,65.1,17.6,2304,22.46,17.7,12.960,23,89.9,23.2
645.0,86,572.0,14.5,36.7,72.5,100,122,44.6,20,-2.3,11.9,0.997,35.4,12.4,-1.5,44.5,12.8,2311,15.20,10.6,12.960,23,91.8,12.9
648.0,86,573.5,14.2,32.4,72.5,99,122,40.0,20,-2.2,12.8,1.003,31.0,11.8,-0.8,43.1,11.8,2300,13.76,8.4,12.960,23,92.8,16.2
651.0,86,576.6,21.8,0.0,72.5,100,122,67.5,20,-1.6,24.3,0.995,22.2,17.5,-0.8,65.5,17.2,2353,20.78,13.7,12.960,23,92.1,21.5
654.0,86,583.3,29.4,2.5,72.5,100,123,70.1,20,-2.0,26.9,0.996,17.1,21.4,-0.3,81.6,22.0,2472,28.29,22.2,12.960,23,87.8,28.6
657.0,86,588.2,27.3,1.9,72.5,100,124,71.3,20,-2.3,28.6,0.998,16.7,22.6,0.8,81.6,23.1,2700,30.63,23.1,12.960,23,87.8,22.6
660.0,86,593.0,25.0,0.0,72.5,100,124,66.1,20,-2.3,23.9,1.001,18.5,20.4,0.0,80.1,21.1,2473,27.40,21.3,12.960,23,88.5,21.6
663.0,86,596.0,24.7,0.0,72.2,100,124,17.4,20,-4.7,13.5,1.009,11.3,8.7,0.0,46.3,13.8,2336,17.67,14.9,12.914,23,90.1,23.6
666.0,86,591.3,17.4,48.0,72.2,99,123,32.3,20,-3.6,8.8,1.013,13.1,5.2,-0.4,27.1,8.9,2294,9.18,6.1,12.812,23,93.7,16.9
669.0,86,592.0,17.3,36.0,72.2,99,122,50.1,20,-2.3,11.2,1.009,25.9,17.3,-1.5,69.6,18.4,2325,24.53,18.0,12.960,24,81.5,17.4
672.0,86,593.1,16.5,0.0,72.2,100,122,58.4,20,-2.3,20.0,0.995,21.5,17.6,0.0,73.7,19.2,2333,24.38,18.0,12.960,24,82.3,19.6
675.0,86,595.8,5.9,0.0,72.2,100,122,23.6,20,-4.7,12.5,1.005,30.3,14.0,-2.0,56.5,15.6,2310,19.94,14.7,12.979,24,90.4,21.6
678.0,86,596.0,16.3,0.0,72.2,99,121,43.3,20,-3.4,13.9,1.005,31.8,13.4,-3.0,46.6,13.0,2282,14.51,7.0,13.040,24,93.7,16.5
681.0,86,597.8,22.5,4.0,72.1,99,121,64.7,20,-1.6,22.7,0.993,19.0,20.0,-0.0,79.2,20.4,2325,25.11,19.2,12.981,24,91.1,20.9
684.0,86,600.7,23.9,9.1,71.8,100,122,65.9,20,-1.6,22.7,0.992,19.5,19.6,-0.8,77.6,19.9,2341,25.21,19.0,12.960,24,89.6,23.5
687.0,86,603.9,23.9,0.0,72.2,100,124,67.1,20,-1.6,23.4,0.997,19.0,19.8,-0.8,77.7,19.6,2359,25.24,18.5,12.960,24,90.1,22.3
690.0,86,604.0,21.9,0.0,72.2,99,124,66.8,20,-1.6,23.8,1.003,18.4,20.2,-1.0,79.1,19.9,2381,25.33,17.5,12.960,24,93.3,15.3
693.0,86,604.0,16.9,18.7,72.2,99,124,57.0,20,-2.0,22.6,1.006,18.0,20.8,-1.6,80.8,21.6,2437,27.52,13.3,12.960,24,78.2,11.3
696.0,86,604.0,12.0,47.2,72.2,99,122,18.0,20,-4.7,14.1,1.008,24.2,16.1,-1.6,59.8,16.9,2351,21.56,11.1,12.891,24,73.8,11.3
699.0,86,603.4,21.6,0.0,71.8,101,118,47.0,20,-3.0,19.1,1.007,22.6,16.3,-1.0,56.2,15.0,2265,17.73,10.5,12.824,24,80.1,19.2
702.0,86,604.0,23.0,4.9,72.0,101,117,65.1,20,-1.6,24.3,1.004,17.2,19.8,0.1,76.8,19.3,2237,24.49,19.2,12.960,24,0.1,22.8
705.0,86,607.1,26.9,5.9,72.2,101,116,69.4,20,-1.7,26.5,0.997,14.0,23.1,0.8,84.7,23.9,2388,28.52,24.8,12.960,23,0.0,28.8
708.0,86,612.6,32.3,0.0,72.2,101,116,72.2,20,-2.3,29.0,0.998,13.3,22.8,0.8,84.4,23.7,2495,30.04,26.7,12.960,23,32.7,32.4
711.0,86,615.9,32.9,0.0,72.2,100,116,73.2,20,-2.3,31.3,1.006,14.2,23.4,1.1,83.8,23.5,2589,30.36,25.5,12.960,23,86.6,31.9
714.0,86,618.8,31.1,0.0,72.2,100,117,74.0,20,-2.3,32.6,1.007,15.2,24.2,1.7,82.9,23.4,2660,30.39,23.1,12.960,23,88.6,28.2
717.0,86,621.8,28.1,1.6,72.2,100,119,73.5,20,-2.2,31.5,0.996,14.5,23.9,2.3,81.6,22.4,2500,27.60,17.6,12.960,23,90.1,26.4
720.0,86,624.0,21.7,3.6,72.2,100,122,69.0,20,-1.6,25.9,0.998,17.0,21.5,1.2,80.8,21.6,2418,26.72,16.0,12.960,23,83.7,20.5
723.0,86,623.7,5.1,0.0,71.8,100,124,29.4,20,-3.6,13.9,1.067,24.8,16.9,-1.0,64.4,17.8,2349,22.30,12.7,12.979,23,74.0,11.6
726.0,86,618.9,7.7,10.5,71.8,99,124,28.0,20,-3.8,9.1,1.086,30.4,13.2,-3.1,45.3,12.8,2330,14.98,7.8,13.040,23,88.6,9.8
729.0,86,616.0,8.4,29.3,71.8,98,125,42.8,20,-2.6,14.8,0.945,25.3,14.5,-3.1,56.9,14.9,2375,18.41,10.2,12.984,23,89.6,9.1
732.0,86,613.3,9.0,47.0,71.8,99,128,20.4,20,-4.7,5.5,0.001,-8.5,4.1,-1.0,27.6,10.1,2352,12.07,8.2,12.922,23,91.2,12.1
735.0,86,603.9,20.0,26.2,71.8,100,126,31.3,20,-3.1,14.5,0.594,6.5,8.1,-0.3,37.7,12.5,2350,13.61,9.4,12.900,24,92.4,19.0
738.0,86,606.9,22.4,12.4,71.6,100,126,51.1,20,-2.0,21.7,1.009,20.8,17.8,-1.0,70.1,19.6,2376,25.16,19.4,12.960,24,89.4,23.5
741.0,86,608.0,25.1,3.1,71.4,100,126,68.8,20,-1.6,24.6,1.000,18.0,17.7,-1.5,54.5,14.9,2387,18.61,14.5,12.960,24,90.4,23.0
744.0,86,606.4,24.6,5.4,71.4,100,126,70.6,20,-1.6,25.9,0.996,22.5,2.7,0.8,31.4,9.6,2350,11.30,7.4,12.960,24,59.2,17.0
747.0,86,599.4,10.6,48.9,71.8,100,123,53.0,20,-2.0,18.8,0.987,24.9,4.2,0.5,19.6,6.3,2311,5.75,0.4,12.969,24,0.0,5.1
750.0,86,597.9,12.5,34.6,71.6,100,121,47.7,20,-2.3,14.0,0.984,27.4,7.5,-0.0,21.5,6.3,2275,6.54,0.4,13.040,24,0.1,5.1
753.0,86,596.9,14.5,20.2,71.4,100,120,57.2,20,-2.3,17.6,1.004,22.5,16.9,-0.8,69.0,14.0,2299,16.67,8.5,13.001,24,38.0,10.9
756.0,86,599.9,14.5,43.0,71.8,99,122,37.6,20,-2.3,14.2,1.009,24.3,16.1,-1.5,65.6,16.7,2317,21.79,12.7,12.977,24,85.6,19.3
759.0,86,597.3,9.7,29.3,71.8,99,122,29.6,20,-3.3,12.5,1.013,25.9,14.8,-3.1,58.9,14.9,2320,18.71,3.1,13.040,24,45.5,13.7
762.0,86,594.3,7.8,23.8,71.8,99,122,20.1,20,-4.7,12.4,0.982,25.5,12.9,-6.2,48.2,12.9,2287,12.79,4.9,12.983,24,64.3,10.9
765.0,86,590.9,9.5,30.7,71.8,98,120,15.8,20,-4.7,5.1,0.002,1.3,5.2,-2.4,27.0,7.7,2241,9.11,4.6,12.993,24,61.7,9.9
768.0,86,583.3,13.7,53.4,71.8,99,119,33.3,20,-3.6,8.9,0.415,5.9,4.8,-0.7,21.0,5.7,2205,6.48,3.8,13.033,24,37.1,11.8
771.0,86,584.0,12.3,32.4,71.8,99,118,46.8,20,-2.3,13.6,1.006,34.1,11.7,-2.3,43.5,12.9,2225,11.96,6.3,12.960,24,94.1,11.3
774.0,86,583.2,10.4,5.3,71.8,99,118,41.6,20,-2.3,12.9,0.989,36.5,5.5,-1.2,27.6,8.3,2208,8.73,4.3,12.960,24,90.9,9.4
777.0,86,579.8,9.4,28.0,71.8,98,118,29.9,20,-2.3,11.1,1.001,35.4,8.3,-3.1,29.3,8.4,2200,8.77,3.5,12.941,24,81.7,6.6
780.0,86,577.1,6.5,9.7,71.8,100,117,25.6,20,-2.3,10.2,0.997,34.5,10.9,-5.0,38.0,11.0,2198,12.20,6.3,12.880,24,52.9,5.9
783.0,86,574.0,7.7,9.2,71.8,100,115,24.1,20,-2.3,10.3,0.983,34.3,10.7,-3.1,36.5,11.0,2187,11.78,5.9,12.880,24,80.1,9.1
786.0,86,571.0,11.4,16.6,71.8,98,114,33.7,20,-2.3,10.6,1.007,31.5,11.8,-2.3,41.2,11.8,2163,13.07,7.2,12.924,24,93.9,11.9
789.0,86,568.1,14.2,0.0,72.2,99,110,47.0,20,-2.3,14.9,1.002,25.6,14.8,-0.4,58.3,14.9,2150,17.21,11.4,12.960,24,93.2,14.7
792.0,86,571.2,22.7,0.0,72.0,100,110,59.7,20,-2.0,19.4,0.999,19.9,17.9,1.6,76.3,18.5,2156,22.80,18.0,12.952,24,91.0,22.4
795.0,86,575.7,23.0,0.3,71.8,100,111,68.0,20,-1.6,22.8,1.000,17.5,18.8,1.6,77.3,19.2,2187,23.65,18.4,12.800,24,90.5,22.6
798.0,86,580.7,21.5,2.4,71.8,100,114,67.5,20,-1.6,23.1,0.997,17.5,19.1,2.1,77.5,19.5,2187,23.73,18.6,12.870,24,90.2,21.6
801.0,86,583.6,9.8,17.5,71.8,99,115,44.9,20,-2.0,19.1,0.998,20.1,17.3,2.3,71.1,17.0,2183,20.41,15.5,12.960,24,90.5,19.1
804.0,86,584.0,10.5,7.9,71.8,99,115,34.5,20,-2.3,14.8,0.998,24.0,14.8,2.0,60.4,12.7,2173,12.82,2.7,12.960,24,94.1,10.2
807.0,86,582.6,11.1,0.0,71.8,100,114,34.6,20,-2.3,12.1,0.999,28.0,14.1,0.0,54.9,14.5,2151,17.49,8.6,13.010,24,42.9,10.6
810.0,86,580.0,11.6,0.0,71.8,101,112,35.3,20,-2.3,11.4,0.998,30.3,12.2,1.4,46.4,13.8,2130,17.85,12.0,12.956,24,0.0,12.8
813.0,86,579.5,18.0,0.0,71.8,101,112,38.6,20,-2.3,9.1,0.994,34.2,11.0,1.8,39.1,12.8,2109,17.28,12.7,12.816,24,2.4,18.4
816.0,86,577.9,16.4,22.8,71.6,100,112,43.8,20,-2.3,8.4,0.990,36.8,11.1,1.0,37.4,11.4,2100,13.49,11.4,12.960,24,78.4,14.1
819.0,86,577.1,12.7,37.2,71.4,99,112,48.7,20,-2.3,14.1,0.998,25.5,11.8,3.9,46.4,12.5,2138,14.72,12.3,12.915,24,84.9,16.4
822.0,86,579.9,5.6,0.0,71.4,100,112,23.5,20,-2.3,15.7,1.008,23.4,14.0,1.4,55.1,13.2,2137,14.18,10.7,12.905,24,92.6,18.1
825.0,86,575.4,20.0,0.0,71.4,99,113,49.4,20,-2.0,20.4,1.009,19.2,17.8,-0.5,69.3,16.3,2175,14.71,7.8,12.960,24,94.1,13.7
828.0,86,580.6,14.8,41.3,71.6,99,114,58.0,20,-1.8,21.1,1.002,17.9,20.0,0.1,78.4,21.7,2306,26.55,22.7,12.960,24,89.1,22.4
831.0,86,580.8,10.3,64.5,71.8,99,113,40.2,20,-2.3,9.8,0.996,35.5,9.8,0.8,34.1,9.8,2125,10.18,20.0,12.960,24,50.9,17.6
834.0,86,571.4,10.6,3.5,71.8,100,110,36.2,20,-2.3,10.7,1.013,33.1,10.4,0.4,37.8,10.5,2089,11.20,13.3,12.960,24,0.0,6.3
837.0,86,572.0,14.4,1.9,71.8,100,110,44.7,20,-2.3,12.6,1.010,29.4,11.6,0.1,43.4,11.4,2037,12.97,13.3,12.960,24,65.8,13.9
840.0,86,573.0,19.0,0.0,71.8,99,110,63.5,20,-2.3,20.4,0.994,18.0,16.9,1.6,72.5,15.7,2080,18.51,14.9,12.960,24,92.2,19.0
843.0,86,576.1,21.2,0.0,71.4,100,112,62.2,20,-1.8,19.8,0.997,20.2,15.0,2.0,64.1,16.7,2118,20.88,15.4,12.934,24,91.6,20.4
846.0,86,579.4,19.2,0.0,71.4,99,113,62.0,20,-2.0,15.3,0.998,26.9,9.6,1.5,44.6,13.4,2137,17.24,13.2,12.887,24,92.2,19.2
849.0,86,580.0,20.0,0.0,71.6,99,114,63.7,20,-2.1,13.5,0.997,32.6,4.7,0.1,22.4,7.5,2137,7.04,7.1,12.960,24,93.3,16.9
852.0,86,581.4,22.4,0.0,71.8,99,115,67.1,20,-1.6,23.2,0.993,17.5,20.8,0.8,80.0,20.8,2262,20.62,16.5,12.960,24,91.2,21.0
855.0,86,585.0,26.1,0.1,71.8,100,118,69.8,20,-1.6,25.9,0.998,16.5,20.8,0.3,80.2,21.0,2315,26.21,21.2,12.960,24,89.2,25.6
858.0,86,591.5,27.5,2.5,71.8,100,121,71.4,20,-2.0,26.8,0.998,15.8,21.3,0.6,81.2,21.6,2407,27.26,21.5,12.960,24,88.6,25.9
861.0,86,594.8,28.2,0.9,71.6,100,123,72.2,20,-2.3,28.3,0.998,15.6,22.0,1.4,81.4,21.0,2497,27.22,22.5,12.960,24,87.5,28.6
864.0,86,598.0,23.1,9.7,71.4,100,124,62.6,20,-2.3,26.7,0.999,17.0,21.7,0.8,76.5,12.9,2375,9.99,3.5,12.960,24,91.3,20.5
867.0,86,600.0,17.0,19.6,71.4,99,124,34.7,20,-2.3,12.5,1.002,28.5,14.9,-0.8,62.6,14.6,2332,15.74,8.2,12.960,24,93.1,16.2
870.0,86,600.0,19.2,0.0,71.4,99,120,63.5,20,-2.3,19.1,1.002,22.5,17.7,-0.8,67.7,17.7,2301,21.33,14.5,12.981,24,92.3,18.3
873.0,86,603.1,24.8,0.0,71.2,100,120,67.8,20,-2.0,24.2,1.002,17.3,20.5,-0.6,79.0,20.7,2308,25.33,20.5,13.038,24,89.8,25.9
876.0,86,606.1,26.9,3.6,71.0,100,121,71.6,20,-1.8,26.9,1.000,15.9,21.7,0.1,81.6,21.6,2387,27.00,22.0,12.960,24,88.6,26.5
879.0,86,610.0,27.8,6.4,71.0,100,122,72.2,20,-2.3,27.8,0.989,15.5,22.4,2.3,82.4,22.7,2478,28.18,23.1,12.960,24,87.9,28.0
882.0,86,615.7,30.2,0.0,71.0,100,124,72.2,20,-2.3,29.8,0.995,15.8,22.8,1.6,81.9,23.0,2578,29.42,24.4,12.969,24,87.4,29.9
885.0,86,618.6,31.2,5.3,71.0,100,124,69.4,20,-2.1,28.3,1.003,17.0,22.2,0.4,80.5,22.7,2653,30.19,25.9,13.000,24,86.3,31.4
888.0,86,620.0,27.0,5.9,71.0,100,124,61.1,20,-1.6,22.0,1.010,20.0,18.8,-1.6,76.1,16.9,2350,18.99,16.8,12.973,24,60.2,24.4
891.0,86,619.7,18.2,1.9,71.0,100,124,27.5,20,-2.3,9.4,1.009,31.9,12.7,-2.1,48.2,13.0,2329,15.57,11.2,12.992,24,36.3,17.3
894.0,86,615.6,14.9,58.8,71.3,100,124,23.6,20,-2.3,9.8,1.001,36.1,10.6,-1.1,35.0,10.9,2327,12.73,7.6,13.015,24,24.3,13.9
897.0,86,611.0,9.0,25.3,71.4,100,125,17.2,20,-3.1,8.8,0.724,26.6,10.2,0.7,40.4,11.7,2362,14.24,1.6,12.880,24,0.1,5.5
900.0,86,598.8,5.1,1.4,71.5,101,126,11.2,20,-4.7,5.5,0.000,-8.5,0.0,0.0,12.9,0.0,2337,6.77,0.8,12.988,24,0.0,5.5
903.0,86,582.3,5.2,3.8,71.8,101,126,11.8,20,-4.7,5.1,0.001,-9.0,0.0,0.0,12.9,1.2,2308,4.65,0.6,13.006,24,2.8,5.8
906.0,86,571.8,5.9,0.0,71.8,101,122,21.5,20,-3.2,12.0,0.554,6.8,8.0,0.3,38.5,7.9,2291,9.81,4.4,12.960,24,14.3,7.6
909.0,86,574.7,16.9,0.0,71.8,100,118,44.1,20,-2.0,20.2,1.007,20.6,18.3,0.8,78.2,18.8,2310,24.21,17.6,12.960,24,68.2,22.4
912.0,86,579.3,24.6,0.0,71.7,100,116,66.1,20,-1.7,26.1,0.994,14.0,21.6,0.8,82.7,21.6,2437,27.70,21.0,13.001,24,80.2,25.1
915.0,86,584.0,26.0,5.5,71.4,100,118,56.5,20,-2.3,16.5,0.999,19.8,18.1,1.4,73.9,18.6,2324,24.23,18.9,12.992,24,73.7,24.4
918.0,86,584.0,19.6,48.2,71.8,100,120,58.9,20,-2.3,18.3,0.999,21.2,17.1,1.2,70.0,17.1,2266,21.85,15.3,12.960,24,50.0,19.5
921.0,86,587.1,14.6,13.5,71.8,100,121,45.9,20,-2.3,17.5,1.000,22.7,15.4,1.2,62.2,16.1,2287,21.33,14.4,12.960,25,45.5,19.2
924.0,86,585.9,9.0,0.0,71.8,100,121,27.9,20,-2.9,13.7,1.000,27.1,10.4,2.2,38.8,12.2,2287,15.03,4.3,12.960,25,18.9,10.3
927.0,86,582.9,5.1,0.0,71.7,101,120,12.4,20,-4.7,7.1,0.994,36.5,0.0,0.0,15.0,0.0,2232,7.78,2.0,13.005,25,6.3,5.9
930.0,86,579.8,5.1,0.0,71.4,101,118,11.8,20,-4.7,7.4,0.918,37.8,6.2,5.5,26.3,6.5,2187,8.88,3.4,13.011,25,9.2,7.3
933.0,86,575.6,9.4,0.0,71.4,100,115,26.5,20,-3.4,10.8,0.941,32.7,12.7,5.9,47.2,13.9,2199,16.33,10.0,12.960,25,24.8,13.0
936.0,86,576.0,18.5,2.5,71.4,100,116,46.7,20,-2.3,13.6,1.003,24.3,17.1,-0.7,74.6,18.4,2312,24.42,18.8,12.960,25,88.2,25.1
939.0,86,578.4,25.8,5.7,71.4,100,118,66.9,20,-2.3,12.2,0.993,23.5,18.0,0.8,76.9,19.6,2258,24.43,19.0,12.960,25,88.2,24.7
942.0,86,584.0,24.3,7.8,71.4,100,118,69.8,20,-1.6,21.7,0.998,19.0,19.9,1.2,79.6,20.7,2302,25.68,20.1,12.960,24,88.1,24.0
945.0,86,586.7,22.6,18.7,71.4,100,118,67.2,20,-1.9,24.7,1.000,20.2,18.1,1.3,70.6,19.9,2359,26.08,22.0,12.960,24,87.8,22.4
948.0,86,588.0,18.7,18.4,71.5,100,118,60.5,20,-2.3,20.7,0.997,33.0,7.1,0.0,21.6,9.8,2187,12.37,9.9,12.960,24,48.4,16.7
951.0,86,587.5,12.5,0.0,71.8,100,116,42.4,20,-2.3,15.7,1.005,28.1,11.4,0.5,40.3,12.2,2207,14.52,6.5,12.960,24,18.2,11.0
954.0,86,583.4,7.1,0.0,71.8,100,116,33.0,20,-2.3,13.6,1.009,29.0,12.9,0.3,49.0,13.3,2213,16.01,7.8,12.960,24,8.6,7.1
957.0,86,584.0,12.4,29.0,71.8,100,116,25.7,20,-2.3,10.9,1.011,35.4,10.4,-0.9,36.0,10.9,2175,12.80,7.8,12.960,24,20.1,11.9
960.0,86,583.0,17.3,52.5,71.8,100,116,24.6,20,-2.3,9.4,1.004,38.5,9.0,-2.3,27.9,9.0,2151,11.27,8.0,12.960,24,25.2,13.9
963.0,86,579.8,14.5,0.0,71.8,100,114,47.1,20,-2.3,12.4,1.005,32.3,10.0,-0.3,35.1,10.8,2146,12.16,9.2,12.942,25,28.4,14.5
966.0,86,580.0,19.2,0.0,71.6,100,114,43.3,20,-2.3,14.2,1.002,26.5,11.6,2.2,46.5,13.6,2136,16.06,12.2,12.880,25,38.4,18.0
969.0,86,580.0,17.3,0.0,71.4,100,114,38.4,20,-2.3,13.7,0.996,26.5,14.1,1.6,54.5,12.2,2125,7.71,6.7,12.936,25,34.0,16.5
972.0,86,580.0,9.6,0.0,71.4,100,112,42.4,20,-2.3,13.7,0.997,27.5,12.5,2.6,47.8,12.2,2125,11.76,7.6,12.960,25,30.4,15.2
975.0,86,579.8,11.0,0.0,71.4,100,110,43.5,20,-2.3,14.4,1.002,26.2,12.9,2.0,49.5,13.0,2120,15.65,10.6,12.942,25,26.7,13.9
978.0,86,576.9,6.3,0.0,71.4,101,109,25.5,20,-3.4,10.4,0.593,11.6,10.2,0.6,45.1,12.6,2086,14.62,10.1,12.884,25,10.2,5.9
981.0,86,573.8,9.5,0.0,71.4,101,108,23.7,20,-4.0,7.4,0.227,-6.9,3.9,0.1,14.3,7.2,1975,5.81,5.9,12.960,25,19.4,10.7
984.0,86,572.0,14.9,0.0,71.4,100,108,52.0,20,-2.3,15.7,1.009,24.0,15.7,0.8,65.1,15.7,2090,15.00,10.4,12.960,25,34.5,15.6
987.0,86,572.2,18.0,0.0,71.4,100,110,54.9,20,-2.3,10.8,0.998,23.1,14.8,0.4,60.4,14.9,2125,18.19,12.0,12.960,25,43.0,18.0
990.0,86,575.4,15.3,7.5,71.4,100,112,55.7,20,-2.3,12.7,0.996,22.3,14.7,0.2,58.3,14.5,2130,17.48,11.0,12.960,25,31.0,14.9
993.0,86,576.0,16.4,21.3,71.4,100,115,57.2,20,-2.3,17.7,1.000,22.0,16.1,0.8,64.3,15.7,2200,19.94,13.3,12.960,25,36.3,16.7
996.0,86,576.8,18.1,32.2,71.4,100,118,59.6,20,-2.3,18.8,1.000,22.0,16.5,1.9,67.0,16.2,2238,20.71,13.9,12.999,25,40.9,18.1
999.0,86,580.0,18.8,0.0,71.0,100,120,58.5,20,-2.3,18.8,0.996,22.3,16.5,1.6,68.0,16.5,2279,21.49,14.5,13.021,25,44.3,18.8
1002.0,86,582.8,18.8,31.5,71.0,100,121,58.0,20,-2.3,17.1,0.996,24.2,15.7,0.9,64.9,15.6,2311,21.13,14.4,12.960,25,46.3,19.2
1005.0,86,584.0,14.3,34.9,71.1,100,122,51.2,20,-2.6,13.4,1.000,29.0,12.9,1.6,45.9,8.2,2300,8.25,1.6,12.960,25,19.4,11.8
1008.0,86,583.3,6.8,2.5,71.4,101,120,15.0,20,-4.7,6.7,1.001,33.1,8.5,0.3,30.8,6.8,2257,7.23,2.1,12.930,25,0.0,6.7
1011.0,86,575.3,18.0,0.8,71.4,101,119,37.4,20,-3.6,12.0,0.997,34.9,5.8,-0.6,24.9,5.8,2210,6.34,3.0,12.884,25,0.0,9.4
1014.0,86,577.6,19.0,0.0,71.4,101,118,61.0,20,-2.2,20.0,0.991,33.1,6.7,0.0,59.2,7.8,2200,8.74,9.4,13.040,25,19.9,13.5
1017.0,86,580.4,21.3,0.0,71.4,100,118,65.9,20,-1.6,22.7,1.000,18.5,15.7,0.5,70.5,15.9,2296,17.94,14.7,13.009,25,49.4,19.8
1020.0,86,583.5,29.0,0.0,71.4,100,119,69.8,20,-2.0,25.9,1.000,17.6,20.8,0.5,79.2,21.9,2436,27.65,22.3,12.960,25,87.5,28.6
1023.0,86,590.3,29.8,0.0,71.4,100,121,72.2,20,-2.3,29.3,1.000,16.4,22.5,0.0,82.6,22.7,2615,30.11,24.3,12.960,24,87.5,29.5
1026.0,86,598.1,30.9,0.0,71.3,100,122,72.2,20,-2.3,30.2,0.998,16.0,23.1,0.0,82.0,23.5,2725,31.00,25.2,12.960,24,87.1,30.5
1029.0,86,604.1,31.8,0.0,71.0,100,126,72.9,20,-2.3,31.6,0.997,16.6,23.6,0.9,81.6,23.7,2770,31.88,26.2,12.960,24,86.5,31.7
1032.0,86,611.3,32.9,1.7,71.0,100,127,72.9,20,-2.3,33.0,0.998,17.0,24.4,1.6,81.7,24.4,2833,32.82,26.9,12.960,24,85.9,32.9
1035.0,86,613.9,34.3,2.5,70.9,100,127,73.3,20,-2.3,34.4,1.000,17.0,25.5,1.6,83.1,25.9,2862,34.34,29.0,12.960,24,85.6,34.2
1038.0,86,617.7,36.1,3.2,70.6,100,126,74.5,20,-2.3,36.1,0.999,16.0,26.3,1.6,84.0,26.5,2837,34.19,30.7,12.960,24,85.2,36.1
1041.0,86,623.9,38.0,7.0,70.6,100,122,75.3,20,-2.3,37.0,0.999,15.2,26.3,1.6,84.7,26.7,2815,34.17,32.3,12.980,23,84.7,38.0
1044.0,86,629.6,35.1,10.4,70.6,100,122,71.1,20,-2.0,33.5,1.001,14.1,25.7,1.3,85.2,26.5,2778,34.02,32.5,13.040,23,84.7,38.0
1047.0,86,632.0,30.3,15.0,70.6,100,123,67.4,20,-1.7,26.6,1.004,13.3,23.9,0.0,85.9,25.1,2537,30.23,27.8,12.980,23,85.7,36.1
1050.0,86,632.8,25.5,19.8,70.6,100,126,69.8,20,-2.3,25.9,1.003,18.5,20.5,0.6,79.2,21.6,2484,27.88,23.0,12.960,23,83.4,31.1
1053.0,86,635.9,23.5,22.8,70.2,100,130,68.1,20,-2.3,24.6,1.000,19.0,19.6,0.8,76.5,19.6,2454,26.08,18.8,12.960,23,79.4,24.0
1056.0,86,636.0,24.0,18.4,70.2,100,128,67.8,20,-2.3,23.9,0.997,19.6,19.7,1.0,76.5,18.5,2447,25.12,18.8,12.960,23,85.9,24.7
1059.0,86,636.0,24.8,10.2,70.3,100,125,68.4,20,-2.2,24.1,0.995,19.9,18.8,1.6,71.8,12.5,2350,16.06,14.8,12.960,24,88.1,25.2
1062.0,86,636.0,25.3,1.7,70.6,100,122,69.0,20,-1.6,25.1,0.998,18.0,20.4,1.6,76.5,17.9,2342,21.73,17.3,12.960,24,89.1,25.5
1065.0,86,635.8,23.9,18.2,71.0,100,123,68.0,20,-1.6,24.4,1.002,18.5,20.2,0.9,78.3,20.5,2355,25.61,20.5,12.974,24,87.8,25.4
1068.0,86,636.0,24.1,8.0,71.0,100,127,67.8,20,-1.8,23.9,1.002,19.2,19.9,0.1,77.4,20.0,2399,25.73,19.2,13.040,24,80.8,23.9
1071.0,86,636.0,24.6,4.7,71.0,100,131,68.1,20,-2.3,24.0,0.995,20.0,19.6,0.8,76.5,19.6,2512,26.65,19.2,12.987,24,80.8,24.3
1074.0,86,636.6,25.2,13.7,71.0,100,134,67.5,20,-2.3,25.1,1.000,20.0,19.9,0.8,77.0,20.1,2534,27.14,19.7,12.960,24,83.5,25.1
1077.0,86,639.9,25.9,0.0,71.4,100,134,68.0,20,-2.3,25.3,1.001,19.8,20.2,0.5,77.6,20.4,2539,27.43,20.4,12.960,24,88.6,25.9
1080.0,86,640.0,25.7,0.0,71.4,100,132,69.2,20,-2.3,25.7,1.000,18.9,20.7,0.1,78.3,20.4,2512,27.12,20.4,12.960,24,88.6,25.5
1083.0,86,640.0,27.2,1.1,71.3,100,130,70.9,20,-2.3,26.5,0.999,16.5,22.0,0.8,82.4,22.4,2474,27.90,22.2,12.960,24,88.2,27.0
1086.0,86,640.5,30.7,3.8,71.0,100,128,72.9,20,-2.3,31.4,0.998,16.9,23.3,1.8,82.2,23.2,2580,29.61,24.5,12.960,24,87.4,29.5
1089.0,86,643.8,31.8,8.8,71.0,100,127,72.4,20,-2.3,31.6,0.999,16.5,24.1,2.0,81.7,24.0,2699,31.34,26.6,12.960,24,86.7,32.0
1092.0,86,644.0,32.8,8.2,71.0,100,124,72.5,20,-2.3,32.3,0.999,16.1,24.3,1.6,81.5,24.4,2724,32.03,27.8,12.960,23,86.3,33.7
1095.0,86,645.7,33.3,7.8,71.0,100,122,72.9,20,-2.3,33.3,1.000,16.5,24.3,1.6,83.1,24.7,2712,31.57,27.8,12.960,23,86.3,33.5
1098.0,86,648.5,33.3,7.9,71.0,100,120,72.9,20,-2.3,32.9,1.002,16.1,24.3,1.6,82.9,24.5,2712,31.77,27.8,12.960,23,86.3,33.2
1101.0,86,651.8,33.3,9.5,71.0,100,120,73.4,20,-2.3,33.1,1.000,16.2,24.3,1.9,82.3,24.4,2716,31.93,27.8,12.960,23,86.3,32.8
1104.0,86,652.0,28.8,4.0,70.8,100,122,72.4,20,-2.1,31.8,1.000,15.8,24.1,2.0,81.8,24.6,2711,31.80,27.8,12.960,23,86.3,31.4
1107.0,86,652.0,27.5,0.0,70.6,100,125,70.8,20,-1.7,28.8,1.001,13.0,23.1,0.0,83.9,23.1,2475,28.97,25.9,12.988,23,38.7,30.8
1110.0,86,652.5,30.9,0.0,70.6,100,128,72.2,20,-2.3,31.0,1.004,15.7,23.1,0.5,82.8,23.5,2594,30.46,26.3,12.983,23,0.0,31.2
1113.0,86,655.7,33.7,0.0,70.6,100,129,72.2,20,-2.3,32.3,1.001,17.0,23.6,0.5,81.7,24.0,2738,32.23,27.8,12.960,23,0.0,34.1
1116.0,86,656.0,27.2,51.8,70.4,100,129,70.6,20,-2.3,31.0,1.000,16.6,23.8,0.4,81.5,24.0,2772,32.58,27.7,12.960,24,0.0,33.7
1119.0,86,656.0,26.5,49.2,70.2,100,128,69.4,20,-2.3,27.4,1.001,15.5,22.4,1.6,82.7,22.4,2475,27.92,23.5,12.960,24,58.5,30.4
1122.0,86,656.0,28.8,1.8,70.2,100,128,70.5,20,-2.3,29.4,0.999,16.5,23.1,1.6,81.4,22.6,2579,29.14,23.1,12.960,24,88.1,27.3
1125.0,86,656.0,25.1,11.2,70.2,100,130,51.0,20,-1.8,21.5,0.999,21.0,17.7,1.9,63.2,17.9,2572,23.77,17.8,12.920,24,77.7,23.3
1128.0,86,647.1,16.1,10.8,70.0,100,131,34.3,20,-0.1,13.1,0.693,18.0,10.4,1.9,35.2,9.7,2460,11.49,5.1,12.800,24,16.5,10.6
1131.0,86,640.4,9.3,7.2,69.8,100,132,13.2,20,2.3,5.5,0.008,-5.5,3.5,0.0,13.3,3.5,2437,5.40,1.7,12.909,24,6.6,7.7
1134.0,86,626.8,6.1,0.0,69.8,101,130,12.5,20,2.3,5.9,0.884,23.5,4.1,0.5,14.6,4.0,2430,5.97,1.2,12.960,24,3.4,6.0
1137.0,86,619.8,7.5,0.0,69.4,101,130,15.4,20,2.3,6.6,0.955,34.8,5.3,-3.5,16.6,4.9,2425,6.60,2.1,12.960,24,9.5,7.1
1140.0,86,617.2,8.2,17.0,69.4,101,130,18.0,20,2.3,8.5,1.006,34.3,7.9,-7.5,23.9,7.2,2427,8.04,2.7,12.960,24,9.8,7.5
1143.0,86,614.2,11.6,25.4,69.5,101,129,26.3,20,1.7,11.5,0.996,32.5,12.5,-3.9,46.3,13.3,2437,16.61,9.4,12.960,24,21.7,11.9
1146.0,86,611.4,16.1,20.9,69.8,100,126,48.6,20,-1.6,16.1,0.998,26.0,14.2,-1.2,53.0,14.3,2401,17.73,10.2,12.924,24,31.3,15.2
1149.0,86,607.9,16.1,0.0,69.8,100,123,50.4,20,-2.1,16.1,0.997,26.0,14.5,1.1,56.1,14.7,2353,18.33,10.9,12.898,24,35.9,16.4
1152.0,86,608.0,16.1,0.0,70.0,100,121,51.4,20,-2.3,16.5,1.001,25.2,14.7,2.1,57.2,14.9,2301,18.05,10.8,12.961,24,32.2,15.3
1155.0,86,608.0,18.8,0.0,70.1,100,119,55.8,20,-2.1,17.9,1.010,23.1,16.3,1.5,64.8,16.5,2250,20.83,14.1,13.000,24,48.0,18.8
1158.0,86,609.0,21.3,0.0,69.8,100,118,66.7,20,-1.6,22.7,1.013,18.5,19.2,0.0,76.1,18.1,2241,22.60,13.9,12.979,24,48.8,19.6
1161.0,86,611.8,18.8,0.0,69.4,100,116,61.1,20,-2.1,20.3,1.007,19.6,17.8,0.4,72.8,17.8,2213,22.62,13.8,12.960,24,42.1,18.4
1164.0,86,612.0,18.8,0.0,69.4,100,115,60.0,20,-2.3,19.7,1.001,19.9,17.0,0.8,70.5,16.9,2177,20.98,14.2,12.960,24,43.1,18.4
1167.0,86,612.0,20.5,12.6,69.3,100,114,62.7,20,-2.1,21.5,0.997,18.2,18.5,0.8,75.8,18.4,2187,22.93,17.6,12.960,24,61.0,21.1
1170.0,86,612.0,23.1,24.6,69.0,100,114,66.8,20,-1.6,22.7,0.998,16.0,20.0,1.6,78.0,20.4,2196,23.92,19.3,12.915,24,78.6,23.4
1173.0,86,612.1,25.5,0.0,69.0,100,112,71.4,20,-1.6,25.4,1.004,15.4,20.9,0.8,80.2,21.0,2277,25.49,20.9,12.904,24,89.5,25.1
1176.0,86,615.5,26.4,6.7,69.3,100,112,71.9,20,-1.6,26.7,1.005,15.2,21.7,0.0,82.6,21.7,2380,27.13,22.0,12.960,24,88.6,26.7
1179.0,86,618.1,26.9,6.0,69.6,100,111,72.2,20,-1.6,26.7,1.000,15.5,22.0,0.0,83.1,22.0,2400,27.70,22.4,13.040,24,88.3,27.0
1182.0,86,621.1,27.2,1.4,69.9,100,108,72.2,20,-1.6,26.7,0.998,15.5,22.0,0.8,82.0,22.0,2383,27.29,22.4,12.995,24,88.4,27.1
1185.0,86,624.1,27.5,0.0,70.2,100,104,71.4,20,-1.6,27.2,0.997,15.5,22.0,1.5,81.8,22.2,2360,26.87,22.6,12.937,24,88.6,27.2
1188.0,86,627.4,28.0,2.7,70.2,100,103,72.6,20,-1.6,28.0,0.999,14.6,22.4,1.9,82.3,22.7,2349,26.72,23.2,12.880,24,88.6,27.8
1191.0,86,631.7,29.4,3.3,70.1,100,101,73.9,20,-1.7,29.3,1.001,12.5,23.6,0.8,84.7,23.9,2412,28.17,25.1,12.941,24,88.1,29.3
1194.0,86,636.9,32.3,1.6,69.8,100,100,74.5,20,-2.3,32.5,1.000,12.5,27.1,2.3,86.1,26.6,2487,29.78,29.3,12.960,24,87.2,33.0
1197.0,86,639.8,38.4,0.0,70.2,100,100,76.3,20,-2.3,36.4,1.000,12.8,28.1,2.3,86.7,28.3,2581,31.60,33.7,12.960,24,86.2,38.1
1200.0,86,645.5,41.0,0.0,70.4,100,101,76.1,20,-2.3,39.7,1.000,13.7,29.1,2.3,86.4,29.1,2697,33.31,36.5,12.960,24,85.5,42.7
1203.0,86,649.7,42.4,0.6,70.6,100,102,75.5,20,-2.3,41.7,0.999,15.5,29.4,2.3,85.5,29.8,2887,34.91,35.7,12.880,24,85.0,42.5
1206.0,86,653.2,42.4,1.6,70.6,100,100,76.1,20,-2.3,42.7,1.001,15.0,29.4,2.3,85.5,29.8,2850,34.94,36.3,12.915,24,84.7,42.5
1209.0,86,659.7,42.7,0.0,70.2,100,101,76.1,20,-2.3,42.1,0.999,15.2,29.4,2.3,85.4,29.7,2844,34.87,36.5,12.947,24,84.7,42.6
1212.0,86,662.6,40.6,5.1,70.2,100,103,74.8,20,-2.3,39.9,0.997,16.7,28.9,2.4,84.5,29.2,2896,34.61,34.9,12.880,24,84.7,39.2
1215.0,86,664.0,37.4,5.7,70.2,100,105,73.0,20,-2.3,36.1,0.997,20.5,27.1,3.1,80.0,27.1,3037,34.70,30.4,12.935,24,34.7,36.5
1218.0,86,664.0,34.9,0.0,70.2,100,110,73.7,20,-2.3,35.3,1.004,19.8,27.4,1.5,82.2,27.5,3212,37.58,28.8,12.960,24,0.0,35.0
1221.0,86,663.9,37.3,0.0,69.8,100,113,75.4,20,-3.3,36.0,1.002,18.2,28.4,0.8,84.0,28.6,3436,41.24,29.2,12.960,25,0.0,36.2
1224.0,86,666.7,36.3,0.0,69.6,100,114,73.8,20,-3.9,34.5,1.001,18.3,28.2,1.1,83.7,28.9,3566,43.25,29.8,12.960,25,0.0,36.9
1227.0,86,668.0,31.6,0.0,69.3,100,114,68.0,20,-3.6,29.2,1.000,21.5,24.6,2.3,80.0,25.1,3375,38.19,26.1,12.960,25,54.6,33.2
1230.0,86,665.9,26.3,0.1,69.0,99,114,56.5,20,-2.3,17.3,0.996,20.5,16.9,1.8,73.2,19.9,2569,27.53,19.9,12.960,25,75.5,27.6
1233.0,86,660.0,27.8,0.8,69.0,99,110,68.8,20,-1.8,26.5,0.992,16.9,20.7,2.3,77.0,20.8,2257,23.95,19.8,12.982,25,68.1,24.4
1236.0,86,659.4,36.9,0.3,69.0,100,111,73.3,20,-1.9,33.6,0.993,14.2,24.9,3.1,84.5,25.6,2512,29.46,29.1,13.040,25,86.7,35.3
1239.0,87,660.0,35.8,2.6,69.0,100,113,73.3,20,-2.3,36.2,0.997,14.8,26.0,3.1,82.7,25.9,2675,30.96,30.2,13.020,25,86.7,34.5
1242.0,87,660.0,32.4,5.3,69.0,100,114,71.9,20,-2.3,33.3,0.998,18.0,21.2,2.3,78.4,23.0,2404,27.21,26.1,12.986,25,84.9,29.9
1245.0,87,659.8,25.5,2.5,69.0,99,114,68.2,20,-1.8,27.8,0.996,20.8,15.5,3.6,59.3,16.2,2210,17.80,14.9,12.960,25,65.3,20.7
1248.0,87,651.5,10.0,0.7,69.3,100,110,35.2,20,-3.2,15.6,0.568,9.3,7.5,3.2,33.7,7.8,2071,7.48,0.7,12.966,25,0.0,4.7
1251.0,87,643.2,4.5,0.0,69.6,100,104,10.2,20,-4.7,4.5,0.000,-13.0,0.0,0.0,11.8,0.0,1936,3.61,0.4,13.040,25,0.0,4.4
1254.0,87,629.5,4.1,0.0,69.9,100,97,10.1,20,-4.7,3.9,0.000,-13.0,0.0,0.0,11.4,0.0,1763,3.22,0.4,13.052,25,0.0,4.1
1257.0,87,614.5,3.5,0.0,70.2,100,90,9.4,20,-4.7,3.5,0.000,-13.0,0.0,0.0,11.2,0.0,1678,2.92,0.4,13.052,25,0.0,3.8
1260.0,87,595.5,3.5,0.0,70.2,100,82,10.3,20,-4.7,3.5,0.000,-13.0,0.0,0.0,11.7,0.0,1523,2.73,0.4,13.036,25,0.0,3.5
1263.0,87,588.7,3.5,0.0,70.2,100,69,11.2,20,-4.7,3.5,0.000,-13.0,0.0,0.0,13.7,0.0,1251,2.67,0.4,12.960,25,0.0,3.5
1266.0,86,577.7,3.5,0.0,70.2,100,50,11.8,20,-4.7,3.5,0.001,-13.0,0.0,0.0,14.0,0.0,1265,2.70,0.4,12.960,25,0.0,3.5
1269.0,86,563.8,3.5,0.0,70.2,100,44,12.3,20,-4.7,3.5,0.000,-12.8,0.0,0.0,14.6,0.0,1255,2.72,0.4,12.960,25,0.0,3.5
1272.0,86,553.3,3.5,0.0,70.2,100,36,12.9,20,-4.7,3.5,0.000,-12.5,0.0,0.0,15.5,0.0,1198,2.68,0.4,12.960,25,0.0,3.5
1275.0,86,543.2,3.2,0.0,70.3,100,25,13.9,20,-5.1,3.5,0.060,-12.3,0.0,0.0,16.5,0.0,1101,2.73,0.4,12.960,25,0.0,3.5
1278.0,86,534.7,2.8,0.0,70.6,100,10,15.7,20,-7.8,3.1,0.884,6.0,0.0,0.0,21.1,0.0,859,2.53,0.6,12.960,25,0.0,4.0
1281.0,86,523.8,4.3,0.0,70.6,100,9,34.7,20,-4.6,8.9,0.951,14.8,6.8,-1.2,36.7,4.9,1056,6.26,3.1,12.960,25,0.0,5.8
1284.0,86,524.0,14.3,0.0,70.4,100,19,54.1,20,-2.1,16.6,1.010,21.8,16.9,-2.9,64.3,16.8,2109,18.62,12.9,12.960,26,0.0,17.3
1287.0,86,527.2,22.5,0.0,70.1,100,34,69.4,20,-1.6,23.3,1.003,9.5,20.0,-1.6,83.1,20.4,1787,20.36,19.5,12.960,26,0.0,21.8
1290.0,86,535.4,25.9,0.0,69.8,100,46,72.2,20,-1.6,25.9,0.997,9.1,20.3,1.2,83.9,20.7,1802,21.47,33.4,12.960,26,0.0,27.7
1293.0,86,552.0,28.6,0.0,69.8,100,54,74.6,20,-1.6,27.4,0.996,8.7,21.5,1.9,85.3,21.5,1890,22.91,37.9,12.960,26,0.0,31.7
1296.0,86,564.4,29.2,0.0,69.8,100,61,75.3,20,-1.6,28.5,0.998,8.7,22.6,1.6,86.0,22.6,2016,24.02,25.3,12.960,26,0.0,29.4
1299.0,86,576.6,30.6,0.0,69.6,100,66,75.3,20,-1.6,29.5,1.000,9.2,23.3,1.6,85.2,23.1,2075,24.54,27.1,12.960,26,63.0,31.3
1302.0,86,587.6,33.3,0.2,69.4,99,71,75.5,20,-1.6,31.8,0.999,10.5,25.1,2.3,86.7,25.9,2195,25.94,28.0,13.007,25,88.4,33.1
1305.0,87,597.2,37.8,0.9,69.4,99,80,77.6,20,-2.3,38.1,0.998,12.1,27.8,2.3,87.8,28.4,2469,29.76,33.0,13.040,25,87.2,36.5
1308.0,87,611.7,42.0,12.2,69.4,99,84,76.2,20,-2.3,39.4,0.997,15.4,29.5,2.3,86.4,29.9,2797,34.01,39.0,13.034,25,84.7,43.9
1311.0,87,619.0,36.9,5.7,69.2,99,88,72.9,20,-2.3,36.6,0.996,19.9,28.6,2.2,80.8,27.8,3087,35.38,27.5,12.960,25,86.3,35.2
1314.0,87,626.9,32.3,0.8,69.1,99,91,69.1,20,-2.3,30.9,1.000,24.5,20.4,1.6,72.2,21.6,3027,32.02,23.5,12.960,25,87.0,30.1
1317.0,87,632.7,30.6,2.2,69.4,99,94,69.8,20,-2.3,29.0,1.003,24.5,20.7,0.5,73.5,21.1,3231,32.63,19.8,12.960,25,88.9,27.7
1320.0,86,636.0,28.6,0.0,69.0,99,97,71.5,20,-1.8,32.2,0.998,18.0,23.4,0.7,79.6,23.1,3024,32.09,21.4,12.960,25,90.8,27.7
1323.0,86,640.1,32.6,0.0,69.2,99,99,73.0,20,-1.8,33.8,0.995,12.3,26.1,1.8,86.8,26.6,2418,28.58,30.2,12.960,25,86.7,36.1
1326.0,86,644.2,36.9,0.0,69.4,99,102,74.5,20,-2.3,32.9,0.998,13.5,25.1,3.1,84.7,25.5,2512,29.69,29.1,12.960,25,87.1,35.6
1329.0,86,647.7,36.1,6.0,69.4,99,103,74.5,20,-2.3,34.5,0.998,13.5,25.7,2.8,84.8,25.9,2523,29.87,28.5,12.960,25,87.5,34.9
1332.0,87,650.3,35.7,5.6,69.2,99,105,74.5,20,-2.3,36.0,1.000,13.5,26.6,2.3,85.1,26.7,2551,30.39,30.2,12.960,25,87.5,35.3
1335.0,87,652.0,34.7,7.0,69.0,99,106,74.3,20,-2.3,35.7,1.007,13.5,26.3,2.3,84.7,26.7,2575,30.38,30.7,12.960,25,87.1,35.7
1338.0,87,652.3,33.4,12.0,69.0,99,108,72.9,20,-2.3,31.8,1.002,15.2,24.8,2.8,83.8,25.4,2563,30.16,29.9,12.960,25,86.9,35.7
1341.0,87,655.6,34.9,7.0,69.0,99,109,73.4,20,-2.3,33.7,0.999,15.2,24.9,3.1,83.5,24.9,2567,30.04,28.7,12.960,25,87.4,34.5
1344.0,87,656.0,37.0,4.7,68.8,99,110,73.9,20,-2.3,36.9,0.998,14.0,26.6,3.0,84.3,26.4,2612,30.61,31.4,12.960,25,86.3,37.6
1347.0,87,657.2,40.1,1.9,68.6,99,110,74.5,20,-2.3,40.8,1.000,14.0,28.6,2.3,84.3,29.0,2737,32.41,34.9,12.911,25,86.1,40.4
1350.0,87,660.2,43.5,0.0,68.6,99,106,75.3,20,-2.3,42.8,1.004,15.0,29.4,1.9,84.5,29.7,2794,33.89,36.7,12.909,25,85.8,42.9
1353.0,87,663.6,42.7,0.8,68.3,99,105,74.3,20,-2.3,42.3,1.002,15.9,29.8,2.2,84.8,30.2,2861,34.89,36.3,12.960,25,85.5,42.4
1356.0,87,666.3,42.1,0.4,68.2,99,103,73.7,20,-2.3,41.2,0.998,16.6,29.8,3.0,85.1,30.2,2887,35.60,35.3,12.960,25,85.5,41.8
1359.0,87,668.0,41.9,0.9,68.2,99,100,73.7,20,-2.3,41.2,1.001,17.0,29.8,2.3,85.5,30.2,2887,34.46,35.8,12.960,25,85.7,41.8
1362.0,87,668.0,42.7,3.5,68.2,99,98,74.5,20,-2.3,42.0,0.997,16.4,30.7,1.5,85.9,31.0,2898,34.25,36.5,12.960,25,85.7,42.3
1365.0,87,671.6,43.0,6.0,68.2,99,97,74.0,20,-2.3,42.7,0.994,16.4,31.7,1.8,85.7,32.0,2915,34.89,37.3,12.953,25,84.7,43.9
1368.0,87,674.3,42.9,3.6,68.0,99,95,73.7,20,-2.3,43.1,0.993,16.9,32.2,3.6,84.3,32.5,2925,35.54,36.9,12.880,25,84.7,43.0
1371.0,87,677.3,42.7,2.4,67.7,99,94,73.7,20,-2.3,43.1,0.995,16.5,32.2,0.8,84.3,32.5,2950,35.72,36.9,12.927,25,85.1,42.9
1374.0,87,680.3,42.7,9.5,67.5,99,94,73.7,20,-2.3,43.5,1.001,17.5,32.9,1.7,85.3,33.0,2963,35.52,37.3,12.960,25,85.3,43.2
1377.0,87,683.8,43.1,7.0,67.5,98,93,73.1,20,-2.3,43.3,1.001,17.8,33.3,2.3,85.1,33.4,2979,35.38,37.9,12.960,24,84.7,43.5
1380.0,87,686.8,43.4,5.2,67.5,98,92,72.9,20,-2.3,43.2,0.999,17.8,33.4,2.3,84.1,33.8,2987,35.73,37.6,12.960,24,84.7,43.5
1383.0,87,689.9,43.5,2.4,67.4,98,91,73.3,20,-2.3,43.4,0.999,18.5,33.7,2.3,84.7,34.1,2987,35.71,37.3,12.900,24,85.2,43.8
1386.0,87,692.0,43.7,0.0,67.1,98,90,74.5,20,-2.3,43.1,1.011,18.0,34.1,1.6,85.0,34.4,2995,35.87,37.5,12.920,24,85.2,44.1
1389.0,87,691.9,44.7,0.0,67.1,98,90,74.5,20,-2.3,43.9,1.010,18.3,35.8,1.6,85.4,36.0,3039,36.72,38.0,12.920,24,84.6,44.4
1392.0,87,694.8,45.2,0.0,67.1,98,90,74.9,20,-2.3,44.6,1.007,18.6,37.8,1.5,85.9,38.5,3114,38.26,39.2,12.800,24,83.9,45.5
1395.0,87,697.9,45.9,0.0,67.2,98,91,75.8,20,-2.3,45.3,1.001,19.0,38.8,0.8,85.9,39.2,3137,38.06,39.6,12.919,24,83.1,46.2
1398.0,87,700.0,46.4,0.0,67.5,98,92,77.6,20,-2.3,46.3,0.999,19.0,40.8,-0.4,89.2,40.8,3186,39.45,40.0,12.960,24,82.6,46.8
1401.0,87,699.9,47.1,0.0,67.1,98,92,79.3,20,-2.3,47.1,0.991,18.5,41.9,0.3,91.0,42.4,3242,41.05,40.6,12.960,24,71.8,47.2
1404.0,87,702.7,47.5,0.0,66.9,98,93,80.4,20,-2.3,47.5,0.985,17.9,43.1,1.7,91.5,43.6,3290,42.46,41.2,12.960,24,0.0,47.8
1407.0,87,704.0,48.0,0.0,66.6,98,95,80.6,20,-2.3,47.6,0.984,17.5,43.1,2.3,91.8,43.9,3312,43.62,41.5,12.960,24,0.0,48.0
1410.0,87,704.0,48.3,0.0,66.3,98,96,80.0,20,-2.3,48.2,0.980,18.0,44.3,2.3,91.8,44.4,3312,43.49,41.8,12.960,24,0.0,48.3
1413.0,87,703.9,48.6,0.0,66.3,98,96,80.6,20,-2.3,48.2,0.982,17.8,44.7,1.6,92.1,44.7,3303,43.44,42.0,12.942,23,0.0,48.6
1416.0,87,704.0,48.6,0.0,66.1,98,97,80.4,20,-2.3,48.2,0.984,17.6,44.7,1.0,92.4,44.8,3287,43.49,42.0,12.880,23,0.0,48.6
1419.0,87,704.0,48.6,0.0,65.8,98,98,80.0,20,-2.3,48.2,0.985,18.0,44.7,1.6,91.8,45.1,3287,42.98,42.0,12.940,23,0.0,48.6
1422.0,87,704.0,48.6,0.0,65.5,98,98,80.0,20,-2.3,48.2,0.985,18.0,44.7,1.1,92.1,45.1,3287,42.82,42.0,12.960,23,0.0,48.6
1425.0,87,703.8,48.6,0.0,65.9,98,98,80.0,20,-2.3,48.2,0.984,18.0,44.7,0.8,92.2,45.1,3294,42.89,42.0,12.966,23,0.0,48.6
1428.0,87,704.0,48.6,0.0,65.7,98,98,80.4,20,-2.3,48.3,0.984,18.0,44.7,0.9,92.1,45.2,3312,43.55,42.0,13.000,23,0.0,48.6
1431.0,87,704.0,48.9,0.3,65.5,98,98,80.8,20,-2.3,48.7,0.983,18.0,44.7,1.6,91.8,45.5,3312,42.92,42.3,12.970,23,0.0,49.1
1434.0,87,704.0,49.4,0.9,65.5,98,98,80.8,20,-2.3,49.0,0.982,17.5,45.3,1.6,92.8,45.8,3320,43.07,42.6,12.922,23,0.0,49.4
1437.0,87,703.9,49.4,1.8,65.5,97,98,80.2,20,-2.3,49.0,0.981,17.5,45.5,1.6,92.7,45.9,3325,43.35,42.7,12.893,23,0.0,49.4
1440.0,87,704.0,49.4,0.9,65.5,97,99,80.3,20,-2.3,49.0,0.981,17.5,45.6,1.6,91.8,45.9,3326,43.75,42.7,12.960,23,0.0,49.4
1443.0,87,704.0,49.4,0.0,65.5,97,100,80.8,20,-2.3,49.0,0.982,17.5,45.9,1.6,92.2,46.3,3337,43.06,42.7,12.960,23,0.0,49.4
1446.0,87,703.7,49.3,0.2,65.5,97,102,80.8,20,-2.3,49.0,0.982,17.5,45.4,2.0,92.4,45.9,3331,42.93,42.6,12.960,23,0.0,48.8
1449.0,87,699.7,45.9,28.0,65.5,97,105,76.9,20,-2.3,47.7,0.988,18.1,41.4,1.8,89.9,42.4,3223,40.96,41.8,12.960,23,4.8,47.0
1452.0,87,700.0,45.0,15.3,65.7,97,108,73.3,20,-2.3,44.1,0.996,18.9,34.2,1.0,84.2,34.8,2938,34.82,38.4,12.960,23,84.7,44.7
1455.0,87,698.6,39.0,3.0,65.9,97,111,71.0,20,-2.3,37.6,0.999,18.5,25.9,2.3,79.6,24.3,2450,28.90,27.4,12.960,23,87.2,34.6
1458.0,87,695.3,26.8,0.0,65.9,97,114,68.2,20,-1.6,29.2,0.995,17.5,22.9,2.8,79.4,22.9,2380,25.80,21.4,12.960,23,88.5,24.8
1461.0,87,687.7,22.4,0.0,66.2,97,118,42.1,20,-2.0,17.9,1.004,24.9,17.3,1.4,66.8,19.2,2288,23.35,20.1,12.969,23,84.3,23.9
1464.0,87,682.7,21.7,0.0,66.7,97,121,42.6,20,-2.3,13.6,1.010,33.2,12.2,-1.1,43.9,13.3,2257,16.76,11.4,13.040,23,22.7,12.9
1467.0,87,678.2,19.9,0.0,67.1,97,123,49.5,20,-2.8,18.8,1.002,25.3,15.3,1.6,60.8,16.1,2337,19.67,13.1,12.982,23,34.3,16.5
1470.0,87,674.5,17.4,4.7,67.1,97,126,16.5,20,-4.7,7.1,0.989,34.0,11.4,-1.3,45.0,13.5,2353,16.49,10.9,12.960,23,33.6,16.7
1473.0,87,668.0,13.3,42.0,67.1,97,126,33.9,20,-3.0,11.8,0.993,31.1,12.4,0.1,43.2,12.7,2379,15.01,8.5,12.979,23,23.9,13.4
1476.0,87,662.1,14.1,13.7,67.1,97,127,41.3,20,-2.3,14.3,0.997,28.7,13.6,1.9,49.6,13.6,2408,16.27,9.5,13.050,23,28.2,14.1
1479.0,86,658.1,12.3,0.0,67.1,97,129,36.7,20,-2.2,13.7,1.000,28.5,13.9,0.8,53.3,14.5,2437,18.00,11.0,13.360,23,31.7,15.4
1482.0,86,654.0,8.8,0.0,67.0,97,130,20.0,20,-1.6,8.6,1.007,36.0,8.2,-2.3,31.4,9.9,2411,11.88,6.8,13.496,23,20.1,11.5
1485.0,86,647.0,5.8,0.5,66.7,98,126,11.8,20,1.4,8.6,0.920,36.3,8.9,0.4,27.3,9.0,2382,9.63,4.5,13.668,23,9.0,7.2
1488.0,86,635.7,10.2,18.2,66.7,98,126,20.8,20,0.2,9.4,0.943,36.5,9.6,1.2,30.1,9.8,2359,10.78,5.5,13.766,23,16.9,11.0
1491.0,86,631.2,8.0,8.3,66.9,98,125,21.2,20,-2.6,8.8,0.741,35.0,9.2,0.0,30.6,9.7,2349,10.79,5.5,13.680,24,15.7,10.4
1494.0,86,623.5,8.2,0.0,67.2,98,124,14.8,20,-4.5,5.8,0.031,29.5,6.7,5.5,21.6,7.8,2312,8.68,5.2,13.734,24,16.4,10.6
1497.0,86,615.4,11.3,0.0,67.5,98,124,33.7,20,-2.3,10.6,1.011,34.6,8.8,0.9,28.0,8.9,2312,9.70,5.3,13.760,24,15.2,9.9
1500.0,86,611.8,7.8,0.0,68.2,98,123,19.4,20,-3.7,7.6,0.478,16.4,5.9,-1.0,25.9,6.8,2294,9.08,4.6,13.763,24,11.4,7.5
1503.0,86,598.5,6.4,0.0,68.7,98,120,11.0,20,-4.7,5.1,0.000,-9.2,0.0,0.0,13.3,0.0,2250,4.50,0.4,13.782,23,0.1,5.1
1506.0,86,582.7,5.1,0.0,69.4,98,116,11.0,20,-4.7,5.1,0.000,-10.5,0.0,0.0,12.9,0.0,2188,4.36,0.4,13.687,23,0.0,5.1
1509.0,86,568.0,5.1,0.0,69.8,98,112,11.0,20,-4.7,4.8,0.000,-11.3,0.0,0.0,12.7,0.0,2112,4.16,0.4,13.635,23,0.0,5.1
1512.0,86,552.6,4.6,0.0,70.0,98,107,10.7,20,-4.7,4.6,0.327,-1.2,2.0,0.5,15.1,1.2,2028,4.09,0.4,13.760,23,0.0,4.7
1515.0,86,542.6,4.3,0.0,70.2,98,102,10.2,20,-4.7,4.3,1.089,35.0,9.8,3.1,32.5,11.4,1912,10.82,4.1,13.760,23,2.2,4.7
1518.0,86,537.9,4.3,0.2,70.2,98,100,10.2,20,-4.7,4.3,0.000,0.1,2.9,1.0,18.8,4.3,1876,6.66,3.4,13.793,23,2.7,4.5
1521.0,86,523.9,4.3,3.5,70.2,98,94,17.2,20,-4.7,6.4,0.511,12.3,5.1,2.0,23.8,4.2,1850,5.46,1.0,13.824,23,0.7,4.1
1524.0,86,521.1,7.7,1.3,70.0,98,92,25.8,20,-3.5,8.4,0.926,38.2,10.8,3.5,40.8,10.9,1842,9.78,2.7,13.760,23,7.8,6.7
1527.0,86,520.0,12.2,17.0,69.8,98,93,38.2,20,-1.7,10.6,1.005,36.6,10.2,-1.6,36.9,10.2,1775,9.13,6.7,13.760,23,18.0,10.5
1530.0,86,521.8,15.9,44.0,69.8,98,94,58.0,20,-2.3,16.9,0.992,20.0,15.3,0.1,58.3,13.8,1854,14.04,10.4,13.762,23,28.8,14.3
1533.0,86,528.0,16.9,57.0,69.8,98,96,59.7,20,-2.3,17.6,0.999,19.5,15.7,0.8,69.3,16.0,1910,17.89,14.0,13.780,23,38.8,17.2
1536.0,86,531.0,18.8,47.9,69.8,98,98,51.2,20,-2.3,13.5,1.001,25.5,15.0,0.4,65.9,15.9,1921,17.87,14.8,13.815,23,51.0,19.6
1539.0,86,532.0,12.0,23.4,69.8,98,99,31.7,20,-2.9,6.9,0.976,40.0,12.1,-0.1,49.2,13.3,1900,8.60,1.6,13.600,23,13.7,9.1
1542.0,86,532.0,5.6,0.0,69.8,98,98,14.0,20,-4.6,7.5,0.884,40.0,11.4,7.8,42.7,13.9,1845,14.80,10.6,13.457,23,27.9,11.8
1545.0,86,532.0,9.3,0.3,69.8,98,96,44.7,20,-2.3,10.6,0.970,32.9,11.9,2.4,47.4,13.0,1812,15.40,13.4,13.270,23,45.9,18.3
1548.0,86,531.7,14.1,10.5,69.8,98,95,37.6,20,-2.3,9.7,0.998,33.8,11.0,-0.5,43.4,11.1,1786,11.56,8.7,13.108,23,24.4,13.3
1551.0,86,532.0,9.1,5.5,69.8,98,93,28.0,20,-2.9,7.8,0.996,40.0,9.0,0.0,28.6,8.6,1750,7.10,5.1,13.040,23,12.2,11.0
1554.0,86,530.8,6.4,14.7,69.7,98,92,19.3,20,-4.7,6.7,0.998,40.0,9.0,0.0,28.6,9.0,1703,7.28,4.8,13.040,23,13.2,10.0
1557.0,86,528.0,11.8,58.2,69.4,98,90,43.9,20,-1.6,10.5,1.000,31.8,10.9,-1.1,41.6,10.9,1694,9.70,6.6,13.040,23,15.9,10.4
1560.0,86,527.9,11.8,0.0,69.7,98,90,42.9,20,-1.6,11.6,0.999,27.8,12.0,-1.3,50.0,12.2,1722,11.97,9.3,13.022,23,20.8,12.0
1563.0,86,530.6,13.4,0.0,69.6,98,92,45.6,20,-1.6,12.6,0.996,26.1,12.6,-0.6,52.2,12.5,1765,12.33,10.2,12.960,23,27.5,14.5
1566.0,86,533.4,15.7,14.6,69.4,98,95,51.4,20,-1.6,14.3,0.993,23.0,14.1,0.8,60.4,14.9,1801,15.68,11.6,13.012,23,31.8,15.6
1569.0,86,536.3,18.2,50.7,69.4,98,98,62.0,20,-2.3,19.2,0.997,20.0,13.1,2.1,54.5,13.5,1830,14.68,11.9,13.040,22,31.6,15.7
1572.0,86,539.8,12.2,0.0,69.4,98,99,37.1,20,-3.5,14.0,1.000,26.4,11.7,1.4,45.3,11.8,1868,13.01,10.9,13.040,21,19.2,11.4
1575.0,86,540.0,8.2,0.0,69.4,98,100,19.1,20,-4.7,8.9,0.999,38.4,9.9,-2.2,34.7,10.5,1887,11.24,7.8,13.040,21,20.4,10.2
1578.0,86,537.8,4.5,0.0,69.4,98,100,20.4,20,-4.7,10.2,0.979,37.5,7.5,-1.6,24.3,7.8,1876,8.08,4.7,13.040,21,14.5,8.1
1581.0,86,532.0,5.1,0.0,69.4,98,100,30.6,20,-3.0,10.7,1.000,32.4,10.4,-2.4,40.3,10.8,1894,10.01,5.8,12.997,21,12.7,7.4
1584.0,86,532.0,14.5,0.0,69.4,98,101,46.2,20,-2.3,12.1,1.005,28.3,12.1,-1.4,54.8,14.4,1926,16.39,12.7,12.881,21,36.9,17.3
1587.0,86,534.1,15.7,20.0,69.4,98,101,46.8,20,-2.8,11.9,0.834,23.6,9.4,3.7,37.3,11.8,1937,12.25,8.2,13.040,21,27.4,14.3
1590.0,86,532.7,10.7,33.5,69.4,98,99,12.0,20,-4.7,4.3,0.000,-13.0,0.0,0.0,11.4,3.0,1842,6.37,3.8,13.040,21,12.8,9.1
1593.0,86,523.9,3.9,0.0,69.4,98,92,17.3,20,-4.7,6.4,0.543,16.3,4.8,3.1,21.0,4.3,1748,5.09,3.5,12.995,21,5.7,5.5
1596.0,86,524.0,14.5,7.1,69.4,98,91,40.1,20,-3.6,12.4,0.922,33.7,11.1,5.0,39.7,10.7,1707,9.36,9.5,12.880,21,32.9,16.9
1599.0,86,527.9,17.6,6.4,69.2,98,91,62.1,20,-2.1,19.0,0.993,17.8,17.2,0.8,74.9,17.3,1912,19.09,12.2,13.003,21,30.5,15.9
1602.0,86,534.0,17.1,5.9,68.9,98,92,59.4,20,-1.6,16.9,1.012,21.5,14.9,0.8,67.2,15.9,1811,17.70,14.3,12.999,21,41.2,17.6
1605.0,86,539.9,23.5,30.8,68.6,98,96,67.5,20,-1.6,19.6,1.002,19.3,15.7,1.2,68.2,15.0,1802,14.12,13.2,12.960,21,50.4,19.6
1608.0,86,542.7,15.2,30.8,68.4,98,98,52.6,20,-1.9,15.9,0.996,16.1,12.8,2.7,62.6,12.6,1862,8.78,5.1,12.960,21,13.3,9.0
1611.0,86,542.4,8.9,28.3,68.3,98,100,32.1,20,-2.6,5.2,0.996,12.0,0.0,7.0,12.5,1.2,1862,4.13,2.0,13.069,21,9.8,7.2
1614.0,86,539.0,5.7,21.9,68.6,98,98,17.3,20,-4.7,6.3,0.979,31.4,4.2,3.8,17.3,4.1,1847,4.87,2.2,13.016,21,4.9,5.4
1617.0,86,532.0,3.9,0.0,68.6,99,98,11.5,20,-4.7,4.8,0.382,10.2,2.8,1.2,15.8,3.4,1808,4.64,1.8,12.920,21,0.0,4.3
1620.0,86,522.5,3.9,0.0,68.9,99,96,10.7,20,-4.7,5.2,0.379,5.0,3.5,1.2,14.3,2.6,1765,4.27,1.2,13.033,21,0.1,3.9
1623.0,86,520.0,8.8,12.2,69.0,99,95,24.2,20,-4.0,7.7,0.908,35.5,10.1,3.5,23.3,10.4,1776,10.17,7.5,12.960,21,18.4,9.5
1626.0,86,518.6,10.1,16.9,69.0,98,96,41.4,20,-2.4,10.9,0.995,38.0,9.4,0.0,33.3,6.7,1812,5.66,3.1,13.010,21,8.4,7.5
1629.0,86,514.8,4.2,0.0,69.0,99,96,9.4,20,-4.7,3.9,0.234,2.2,3.1,0.0,19.6,2.8,1770,3.48,0.6,13.040,21,0.0,3.9
1632.0,86,503.8,9.0,0.0,69.0,99,92,19.9,20,-2.9,5.9,0.464,10.8,3.8,0.9,18.0,3.1,1741,4.39,1.3,13.040,21,0.0,3.9
1635.0,86,501.4,6.0,0.0,69.0,99,90,22.8,20,-2.6,9.2,0.915,36.3,9.8,1.4,33.1,9.5,1758,7.88,4.3,13.040,21,0.0,3.9
1638.0,86,503.1,8.0,0.0,69.0,99,91,19.5,20,-4.6,13.1,1.001,20.0,14.1,-4.7,59.6,14.5,1900,15.80,9.5,12.987,21,0.0,10.6
1641.0,86,507.5,15.0,0.0,69.0,99,96,28.2,20,-2.3,4.7,0.994,11.8,7.7,-0.7,32.3,9.7,1838,10.49,7.8,12.960,21,0.0,13.3
1644.0,86,503.8,7.5,0.0,69.0,99,96,17.8,20,-3.7,4.3,1.056,19.4,3.5,3.4,13.4,5.5,1780,5.18,2.9,12.973,21,1.0,7.2
1647.0,86,501.5,9.6,0.0,69.0,99,95,25.5,20,-3.9,7.1,1.088,31.1,4.7,4.9,17.6,4.9,1769,4.47,3.5,13.040,21,12.2,8.6
1650.0,86,503.1,8.9,0.0,69.0,99,94,37.6,20,-2.6,13.3,0.957,24.8,13.7,-1.6,56.9,13.7,1912,15.26,8.7,13.040,21,20.7,10.9
1653.0,86,506.9,5.0,0.0,69.0,99,96,10.2,20,-4.7,3.9,0.001,-13.0,3.9,-0.5,26.5,5.1,1823,8.64,6.0,13.040,21,16.3,9.7
1656.0,86,499.9,3.9,0.0,69.4,99,92,9.7,20,-4.7,4.1,0.594,7.5,3.1,2.7,14.7,2.8,1729,4.11,1.5,13.040,21,1.1,4.2
1659.0,86,494.9,7.3,0.0,69.4,99,90,19.6,20,-3.6,6.1,1.089,29.6,7.8,4.5,24.4,8.2,1668,6.72,4.3,13.040,21,11.0,7.8
1662.0,86,493.6,7.3,0.0,69.4,99,90,28.9,20,-1.9,10.0,1.012,30.0,12.2,-3.1,51.8,13.3,1812,14.53,8.6,12.984,21,19.3,10.8
1665.0,86,495.2,3.9,0.0,69.4,99,90,11.0,20,-4.7,6.3,0.990,37.9,8.6,-1.4,32.1,5.0,1725,7.84,5.5,12.998,21,14.8,9.6
1668.0,86,492.0,3.9,0.0,69.4,99,88,10.2,20,-4.7,6.8,0.983,40.0,9.9,-2.0,37.0,6.5,1729,7.12,4.1,13.054,21,4.4,4.7
1671.0,86,491.7,5.6,0.0,69.6,99,89,12.2,20,-4.7,6.8,0.983,40.0,11.0,-2.3,47.5,13.6,1791,14.37,12.3,13.096,21,26.7,10.2
1674.0,86,492.0,10.8,6.0,69.7,99,89,24.9,20,-4.1,8.4,0.990,38.7,9.3,0.0,33.3,11.4,1662,11.19,9.0,13.040,20,29.0,13.6
1677.0,86,495.4,16.1,11.7,69.4,99,88,61.2,20,-1.6,19.6,0.989,15.5,18.4,0.0,63.8,15.9,1831,16.92,13.9,13.004,20,46.9,18.0
1680.0,86,507.9,16.1,0.0,69.4,99,90,27.2,20,-3.6,11.0,0.994,27.6,14.5,-1.0,65.5,16.4,1840,18.35,17.0,12.974,20,71.5,22.0
1683.0,86,508.0,20.6,20.9,69.2,99,89,39.4,20,-3.5,11.8,0.994,32.5,12.2,-1.6,48.5,13.5,1672,12.99,11.0,13.040,20,27.8,16.1
1686.0,86,514.7,24.8,21.5,68.9,99,89,71.1,20,-1.6,24.5,0.987,12.9,19.3,1.6,80.8,19.6,1975,22.36,18.6,12.981,20,66.4,21.2
1689.0,86,526.9,28.1,0.0,68.6,98,92,76.1,20,-1.6,31.8,0.993,11.5,25.1,3.1,85.2,23.1,2155,25.74,23.9,12.994,20,89.9,27.2
1692.0,86,543.8,32.9,0.0,68.3,98,96,75.6,19,-2.0,32.4,0.996,11.9,25.1,2.6,87.8,25.5,2347,28.99,27.5,13.028,20,87.5,32.9
1695.0,86,553.0,33.1,0.0,68.0,98,100,75.0,19,-2.3,33.0,1.000,12.6,25.1,1.7,87.7,25.5,2525,30.47,27.8,12.880,19,86.9,33.2
1698.0,86,563.5,33.5,0.0,67.8,98,104,74.5,19,-2.3,33.3,0.998,13.5,25.1,2.3,85.9,25.5,2579,30.89,28.3,12.927,19,87.1,33.5
1701.0,86,572.2,34.1,0.0,67.8,98,110,73.7,19,-2.3,33.6,0.997,14.7,24.6,2.3,85.1,24.7,2617,30.63,26.8,12.984,19,87.7,32.8
1704.0,86,579.7,30.3,0.6,67.8,98,112,73.3,19,-2.3,31.4,0.997,15.1,23.9,2.1,84.3,23.8,2613,29.90,23.6,13.040,19,88.6,28.2
1707.0,86,584.5,31.2,0.4,67.8,98,115,73.2,19,-2.3,30.4,0.998,14.5,23.3,1.6,84.3,23.5,2525,29.33,25.1,13.040,19,88.0,29.9
1710.0,86,590.6,34.0,0.0,67.8,98,118,73.7,19,-2.3,34.5,0.998,14.5,25.5,1.6,84.3,25.9,2684,31.53,28.5,13.040,19,87.2,32.8
1713.0,86,596.7,35.0,0.0,67.8,99,120,73.7,19,-2.3,34.2,1.000,16.4,23.8,1.6,81.4,23.0,2566,28.94,24.8,13.008,19,81.5,32.5
1716.0,86,603.8,22.7,0.0,68.1,98,121,68.1,19,-1.9,27.8,1.000,18.7,21.0,1.1,78.1,19.7,2374,24.69,17.5,12.972,19,67.4,22.7
1719.0,86,604.0,22.3,7.8,68.2,98,122,64.3,19,-1.6,22.1,1.002,20.3,18.2,0.1,76.1,18.1,2300,22.89,16.9,13.040,19,62.7,22.2
1722.0,86,605.3,24.7,11.2,68.2,98,122,65.2,19,-1.6,22.7,1.009,19.0,20.0,0.8,81.6,21.2,2312,25.15,20.7,13.040,19,76.1,24.9
1725.0,86,608.4,31.4,0.0,68.2,98,122,72.9,19,-2.3,33.3,0.998,17.4,22.6,2.1,82.6,23.0,2522,28.80,24.8,13.013,19,88.6,29.4
1728.0,86,615.7,33.1,0.0,68.2,98,124,72.5,19,-2.3,33.1,0.998,16.9,24.3,2.7,83.0,24.5,2768,32.13,27.7,12.956,19,86.3,33.7
1731.0,86,618.1,31.4,3.7,68.2,98,127,71.9,19,-2.3,32.1,0.999,17.2,24.1,1.6,81.7,23.9,2837,31.06,22.7,12.880,19,88.0,29.8
1734.0,86,621.1,29.0,7.4,68.2,98,128,71.4,19,-2.3,29.0,0.998,15.5,22.7,1.6,82.7,22.7,2600,30.07,23.6,12.969,19,88.4,28.6
1737.0,86,624.1,29.0,6.0,68.2,98,128,70.6,19,-2.3,29.0,0.998,16.4,22.7,1.2,82.5,23.1,2628,29.98,24.9,13.040,19,88.0,29.6
1740.0,86,627.9,31.8,2.7,68.5,98,128,71.1,19,-2.3,30.5,1.001,17.0,23.0,1.1,82.1,23.5,2696,30.86,25.7,13.016,19,87.6,31.7
1743.0,86,630.7,28.9,6.3,68.4,98,129,70.0,19,-2.3,29.2,1.004,17.8,22.7,1.4,81.2,23.1,2745,31.25,24.7,12.880,19,88.6,28.2
1746.0,86,632.0,26.3,7.9,68.1,98,130,67.7,19,-2.3,24.5,1.005,20.0,20.0,0.8,79.2,20.4,2487,26.72,20.0,12.941,19,87.3,26.0
1749.0,86,632.0,24.9,4.4,67.8,98,130,65.9,19,-2.3,23.5,1.001,20.5,19.2,0.8,77.5,19.7,2472,26.29,19.4,12.960,19,51.3,24.4
1752.0,86,631.9,23.9,0.0,67.8,99,130,67.0,19,-2.3,24.4,0.999,20.0,19.7,0.8,77.4,19.8,2475,26.36,19.4,12.960,19,0.0,24.1
1755.0,86,632.0,27.8,0.5,67.8,99,132,69.3,19,-2.3,27.9,0.997,18.6,21.3,0.8,79.6,21.4,2544,27.82,21.4,12.960,19,0.0,26.7
1758.0,86,633.9,20.3,3.3,67.8,99,133,58.3,19,-1.6,29.8,0.901,15.1,24.1,0.8,83.1,24.7,2850,33.10,27.5,12.960,19,0.0,27.4
1761.0,86,630.0,7.7,5.4,67.8,99,131,16.4,19,2.3,5.5,0.000,-8.0,0.0,0.2,29.5,6.4,2505,14.09,11.0,13.006,19,0.0,17.9
1764.0,86,616.4,8.7,0.3,67.8,99,122,75.3,19,-1.6,29.6,0.748,5.4,18.9,0.0,55.5,16.8,2578,19.56,15.2,13.040,19,21.2,13.4
1767.0,86,619.7,39.2,6.0,67.8,99,123,75.8,18,-2.0,37.4,1.011,15.4,31.5,0.5,89.6,32.2,2896,37.36,37.3,13.035,19,84.3,40.4
1770.0,86,622.0,38.8,9.8,67.8,99,125,76.1,18,-2.3,37.4,1.008,19.4,31.6,1.6,88.2,32.2,3237,41.10,31.8,12.960,18,83.0,39.1
1773.0,86,624.7,38.2,12.8,67.8,99,126,76.1,18,-2.3,33.7,0.996,18.0,25.9,1.6,87.0,28.9,2873,35.83,31.8,12.997,18,83.8,37.8
1776.0,86,627.8,36.9,0.0,67.8,99,126,74.6,18,-2.3,34.6,0.997,17.3,25.3,1.8,85.4,26.1,2641,31.45,30.9,13.040,18,86.3,36.5
1779.0,86,630.3,33.7,0.0,67.7,99,127,73.0,18,-2.3,34.0,0.997,16.6,24.2,2.3,83.5,24.7,2787,32.31,27.1,13.040,18,86.3,32.5
1782.0,86,633.2,30.6,1.7,67.5,99,130,71.4,18,-2.3,30.2,0.998,17.0,23.1,1.6,82.0,23.1,2707,30.75,25.8,13.040,18,87.0,31.7
1785.0,86,636.0,29.8,7.8,67.8,99,134,70.6,18,-2.3,27.5,0.996,18.3,21.9,2.0,76.3,19.3,2598,26.07,20.3,13.011,18,76.7,28.0
1788.0,86,635.8,16.9,7.0,67.6,99,133,61.5,18,-1.9,22.7,0.996,20.9,19.6,1.3,69.9,16.2,2500,21.73,13.5,12.970,18,41.2,18.4
1791.0,86,633.7,19.2,3.5,67.3,99,131,57.8,18,-1.6,19.7,0.997,23.3,17.0,-0.7,66.5,17.6,2462,24.39,16.5,13.040,18,55.7,20.4
1794.0,86,632.0,21.2,7.7,67.1,99,130,62.2,18,-1.6,21.2,0.999,22.0,18.0,0.8,71.4,17.6,2453,23.98,16.5,13.074,18,56.3,21.2
1797.0,86,632.0,21.2,34.2,67.1,99,128,65.9,18,-2.3,22.3,0.997,21.0,18.2,-0.1,73.8,17.8,2437,22.50,15.2,13.053,18,54.4,20.9
1800.0,86,631.8,21.2,40.7,67.4,99,128,65.9,18,-2.3,23.3,0.998,19.3,19.0,-0.5,76.6,18.7,2422,22.28,14.1,12.960,18,47.0,19.6
1803.0,86,632.0,27.0,22.2,67.3,99,127,68.3,18,-2.3,25.8,1.001,17.4,20.3,0.1,78.5,20.4,2412,27.04,22.4,12.960,18,87.8,26.2
1806.0,86,633.1,33.0,1.6,67.1,99,126,72.9,18,-2.3,33.3,0.999,16.5,24.3,2.3,83.1,24.7,2685,31.22,26.1,13.005,18,86.9,31.3
1809.0,86,636.0,34.5,7.0,67.1,99,126,72.9,18,-2.3,33.6,1.000,16.2,24.5,1.9,82.9,24.7,2793,33.22,27.5,13.040,18,86.5,33.1
1812.0,86,638.8,29.0,13.0,67.1,99,125,71.6,18,-2.3,30.7,0.998,16.6,23.6,1.8,82.2,23.9,2747,32.41,24.8,13.040,18,88.6,26.7
1815.0,86,638.3,18.4,10.9,67.1,99,124,62.0,18,-2.3,24.6,0.993,18.0,20.4,2.3,80.4,20.0,2375,25.24,18.8,13.040,18,59.2,21.8
1818.0,86,635.4,6.7,3.8,67.1,99,124,20.4,18,-2.3,14.1,0.979,24.1,16.6,1.8,65.3,16.9,2367,21.50,15.1,13.040,18,38.4,17.7
1821.0,86,631.9,17.6,58.8,67.5,99,125,45.0,18,-2.3,15.9,0.991,25.8,15.1,1.3,58.2,15.2,2379,18.83,9.2,13.040,18,29.5,15.2
1824.0,86,626.2,8.8,19.1,67.7,100,126,32.0,18,-3.3,12.7,1.042,26.6,14.1,1.3,55.1,14.8,2395,19.48,2.7,13.040,18,0.0,5.5
1827.0,86,619.7,13.8,0.0,67.8,100,124,28.7,18,-4.1,8.4,1.100,29.6,11.1,3.0,33.4,10.6,2287,11.69,6.7,13.040,18,23.7,13.6
1830.0,86,616.0,22.4,6.5,67.8,99,120,62.4,18,-2.3,20.4,1.006,22.5,16.1,0.8,67.5,16.1,2259,14.10,10.1,13.004,18,43.7,19.1
1833.0,86,615.7,22.4,36.8,67.8,99,116,67.5,18,-1.6,22.7,1.001,22.3,16.1,1.2,66.8,15.9,2221,19.51,13.7,12.964,18,60.8,22.4
1836.0,86,614.1,15.1,21.7,67.8,99,115,56.6,18,-1.8,20.4,0.999,22.9,15.8,1.6,65.7,15.7,2175,19.49,13.7,13.040,18,38.6,16.9
1839.0,86,611.1,7.2,9.6,67.8,99,112,28.5,18,-2.3,11.0,1.013,33.0,11.0,0.8,38.8,12.1,2089,14.34,12.0,12.999,18,28.1,12.8
1842.0,86,608.0,12.9,58.8,68.2,99,108,39.2,18,-2.3,6.8,0.995,13.8,5.7,0.4,25.5,7.4,2016,8.95,8.2,12.982,18,24.4,10.7
1845.0,86,601.9,14.4,17.7,68.2,99,107,47.2,18,-2.3,10.2,0.996,8.2,6.4,-0.5,28.0,7.0,1994,7.95,4.2,13.040,18,11.0,9.0
1848.0,86,600.0,17.6,0.0,67.9,99,107,56.7,18,-2.3,16.8,1.008,21.7,16.2,-1.4,67.7,16.1,2062,19.54,14.5,13.040,18,36.8,16.5
1851.0,86,600.0,20.4,11.6,67.5,99,110,64.1,18,-2.3,20.0,1.001,19.0,17.3,1.6,72.9,17.3,2112,20.87,15.4,13.040,18,49.7,20.0
1854.0,86,599.5,20.0,53.0,67.5,99,114,54.9,18,-2.3,14.2,0.997,26.6,9.5,2.8,44.7,9.6,2111,14.90,11.0,13.040,18,41.1,17.2
1857.0,86,591.7,8.6,0.0,67.7,100,111,45.3,18,-2.3,12.1,1.003,30.5,5.7,4.1,19.3,1.4,2064,4.23,0.8,13.031,18,0.0,4.7
1860.0,86,587.5,6.5,0.0,67.8,100,108,28.4,18,-3.0,10.6,0.816,23.1,8.0,4.3,29.1,6.1,2011,5.16,0.4,12.880,18,0.0,5.3
1863.0,86,578.5,4.4,0.0,67.8,100,102,10.1,18,-4.7,4.3,0.000,-13.0,0.0,0.0,11.8,0.0,1862,3.82,0.7,12.980,18,0.0,4.7
1866.0,86,567.0,5.3,2.9,67.8,100,94,9.4,18,-4.7,3.9,0.000,-13.0,0.0,0.0,11.5,3.5,1772,3.87,2.2,13.007,18,3.6,5.2
1869.0,86,559.9,19.2,48.2,67.8,99,91,52.6,18,-2.7,17.0,0.575,-0.2,9.7,0.4,42.6,11.5,1837,10.99,9.0,12.960,18,19.9,9.8
1872.0,86,565.5,24.8,21.5,67.8,99,92,71.2,18,-1.6,26.5,1.002,11.9,20.7,1.0,84.4,20.8,2084,24.45,23.9,12.960,18,89.4,27.8
1875.0,86,572.8,29.1,6.4,67.8,99,95,73.3,18,-1.7,29.2,1.001,11.5,23.1,1.6,88.6,23.5,2400,28.94,25.9,13.015,18,88.3,29.6
1878.0,86,580.8,30.8,8.7,67.8,99,100,75.3,18,-2.3,31.0,1.000,13.0,23.6,2.0,87.2,24.0,2469,29.56,26.1,13.040,18,87.5,30.8
1881.0,86,587.9,20.8,0.0,67.8,99,103,70.3,17,-1.9,29.7,1.004,11.7,23.6,2.3,86.3,24.2,2451,29.31,26.4,13.040,18,87.5,30.2
1884.0,86,593.1,26.2,7.5,67.6,99,106,69.7,17,-1.6,28.0,1.005,11.1,22.2,2.3,85.1,23.6,2256,26.89,26.7,13.040,17,87.5,31.4
1887.0,86,594.4,20.6,8.8,67.5,99,108,61.4,17,-2.0,24.3,0.921,16.5,17.3,2.3,72.9,18.4,2087,19.55,8.6,13.040,17,36.0,16.4
1890.0,86,588.8,4.2,0.0,67.5,100,106,10.2,17,-4.7,4.3,0.000,-6.4,4.4,0.7,30.5,6.1,1936,9.71,1.0,13.040,17,0.0,4.4
1893.0,86,575.6,3.9,0.0,67.8,100,98,10.2,17,-4.7,4.0,0.000,-13.0,0.0,0.0,11.6,1.3,1814,3.30,0.4,13.040,17,2.7,4.9
1896.0,86,559.6,11.4,0.0,67.8,99,95,26.8,17,-3.4,7.8,0.383,-2.1,3.8,-1.1,20.9,4.8,1767,4.29,0.6,13.040,18,15.3,10.6
1899.0,86,560.0,8.6,0.0,67.8,99,93,39.7,17,-1.8,13.3,1.005,22.5,14.1,-4.7,60.8,13.3,1800,13.02,4.7,12.983,18,11.6,7.0
1902.0,86,558.0,3.9,0.0,67.8,100,90,9.4,17,-4.7,3.5,0.001,-0.7,5.4,-2.0,32.9,6.2,1705,8.05,3.0,12.993,18,6.3,4.3
1905.0,86,543.8,3.5,0.0,68.1,100,86,9.4,17,-4.7,3.5,0.000,-13.0,0.0,0.0,11.1,0.0,1593,2.77,0.8,13.040,18,0.0,3.5
1908.0,86,534.5,3.5,0.0,68.2,100,82,10.2,17,-4.7,4.2,0.200,-4.0,1.2,0.8,12.8,0.5,1525,2.70,0.8,13.040,18,0.0,3.5
1911.0,86,526.5,5.7,19.6,68.2,100,81,16.8,17,-4.4,6.7,0.888,40.0,8.2,7.0,27.5,8.6,1535,5.84,3.3,13.040,18,6.0,6.1
1914.0,86,524.7,10.5,60.5,68.2,100,86,40.0,17,-1.6,12.5,1.008,29.0,11.8,0.1,46.5,11.6,1696,10.87,7.2,13.005,18,16.8,10.4
1917.0,86,527.9,15.7,41.2,68.2,100,93,51.1,17,-2.0,14.5,1.000,22.7,14.5,-0.9,61.9,14.3,1829,15.49,11.2,12.975,18,29.5,15.0
1920.0,86,530.4,9.2,18.9,68.0,100,98,40.6,17,-3.1,13.7,0.990,23.4,15.0,2.2,66.6,15.6,1885,18.60,13.7,13.040,18,37.3,16.5
1923.0,86,530.8,5.7,0.0,67.8,100,99,16.4,17,-4.7,7.8,0.979,40.0,8.6,1.6,28.6,9.4,1825,9.55,9.4,12.990,18,24.9,11.6
1926.0,86,527.9,9.0,0.0,67.8,100,94,24.3,17,-4.7,4.3,1.002,15.1,8.4,-0.5,23.9,9.4,1784,8.85,6.1,12.987,18,16.7,8.0
1929.0,86,523.8,9.6,12.5,68.1,100,93,36.5,17,-3.1,10.5,1.012,6.8,10.8,-2.1,34.2,11.3,1763,10.12,5.5,13.040,18,28.2,14.9
1932.0,86,528.5,10.4,9.6,68.0,100,91,49.4,17,-1.6,16.8,1.011,18.9,16.0,-1.4,70.7,16.9,1850,18.56,15.7,13.040,18,41.4,17.4
1935.0,86,533.4,15.1,8.6,67.8,100,89,57.7,17,-1.6,15.8,1.003,21.5,14.5,1.6,63.1,15.3,1705,16.28,13.3,13.040,18,45.9,18.8
1938.0,86,537.0,24.1,28.8,67.8,99,86,71.4,17,-1.6,23.5,0.997,15.2,17.6,1.6,73.8,17.7,1788,18.59,15.9,13.006,18,59.7,20.7
1941.0,86,543.9,25.9,5.2,67.8,99,85,72.4,17,-1.6,24.6,1.003,12.7,17.0,2.5,72.8,18.3,1821,20.11,19.2,12.975,18,88.8,24.4
1944.0,86,549.0,12.8,2.2,67.6,99,83,50.9,17,-2.6,18.7,1.006,10.3,11.7,3.4,53.7,14.9,1619,15.59,14.9,13.040,18,51.4,14.1
1947.0,86,550.6,7.3,22.3,67.5,100,82,18.9,17,-4.6,3.5,0.999,0.5,0.0,0.0,12.2,5.9,1513,5.48,10.4,12.938,18,35.5,13.5
1950.0,86,548.0,13.3,72.6,67.5,99,82,48.6,17,-1.6,7.8,0.989,27.1,6.2,-0.5,27.0,8.7,1549,7.46,7.9,12.938,18,21.8,12.5
1953.0,86,547.8,12.2,31.5,67.5,100,86,34.8,17,-3.3,5.8,0.986,22.2,6.1,-0.5,28.7,9.8,1612,8.86,6.8,13.040,18,17.9,11.4
1956.0,86,543.4,9.6,34.8,67.6,100,89,26.1,17,-3.9,5.3,0.984,5.9,2.5,0.0,13.5,6.7,1687,5.20,3.1,13.040,18,8.6,7.1
1959.0,86,540.0,9.9,28.2,67.8,100,93,30.2,17,-1.6,9.4,0.979,37.0,10.6,0.0,40.0,11.8,1777,10.10,7.1,13.040,18,17.6,10.1
1962.0,86,540.1,16.1,0.0,67.8,99,100,58.0,17,-2.3,14.7,0.988,27.4,13.3,1.2,53.0,13.5,1910,14.90,10.9,13.012,18,29.3,14.6
1965.0,86,543.8,13.3,0.0,67.8,100,102,49.9,17,-2.3,15.0,0.995,22.5,14.3,2.3,60.5,14.5,2012,16.85,12.5,12.968,18,36.5,16.9
1968.0,86,544.0,12.3,0.0,67.7,100,103,35.4,17,-2.9,11.1,1.000,25.7,11.8,2.1,45.8,11.8,1962,10.09,6.7,13.040,18,26.5,13.9
1971.0,86,542.9,11.0,0.0,67.5,100,102,17.8,17,-4.7,4.3,0.999,27.0,7.1,-1.6,18.8,6.7,1909,7.50,4.0,13.071,18,15.0,9.5
1974.0,86,540.0,5.5,0.0,67.8,100,100,13.3,17,-4.7,4.3,0.383,24.7,6.9,-1.6,17.9,7.6,1871,6.67,3.7,13.037,18,10.3,7.0
1977.0,86,537.1,11.4,0.0,67.8,100,101,31.3,17,-3.7,8.1,0.352,23.6,8.3,-0.4,23.3,9.2,1865,8.03,7.5,12.883,18,26.3,14.1
1980.0,86,536.0,10.2,0.0,67.8,100,103,41.3,17,-2.7,13.5,0.990,25.6,12.4,3.1,44.7,11.4,1937,12.03,7.5,13.040,18,18.5,10.5
1983.0,86,536.0,5.7,0.0,67.8,100,104,19.9,17,-4.7,9.8,1.011,34.5,10.6,-2.3,39.7,10.8,1962,11.33,5.3,13.040,18,8.7,7.0
1986.0,86,536.0,6.3,0.0,67.8,100,104,11.8,17,-4.7,6.4,1.001,32.8,7.1,-1.9,25.8,8.0,1959,8.77,3.2,13.018,18,2.2,5.0
1989.0,86,531.7,6.3,0.0,67.8,100,102,16.8,17,-4.7,6.3,0.999,33.9,5.8,-2.2,18.1,6.1,1935,5.79,2.5,12.961,18,7.8,6.3
1992.0,86,530.0,5.4,0.0,67.9,100,100,18.2,17,-4.7,8.0,0.893,36.1,9.1,-3.9,31.4,9.4,1925,9.08,4.3,13.098,18,8.1,6.3
1995.0,86,525.0,4.2,1.1,68.2,100,100,10.2,17,-4.7,4.3,0.000,-13.0,1.2,0.0,16.8,3.6,1876,5.61,2.6,13.068,18,7.2,5.8
1998.0,86,516.0,3.9,5.2,68.2,100,96,10.2,17,-4.7,4.3,0.000,13.0,2.4,1.2,11.8,2.6,1819,3.62,1.3,13.040,18,5.9,5.1
2001.0,86,510.2,6.4,1.7,68.0,100,95,18.2,17,-3.7,6.7,0.387,29.6,6.3,1.5,21.9,6.6,1790,5.68,2.5,13.036,18,5.9,5.1
2004.0,86,509.9,11.2,0.0,67.7,100,95,33.4,17,-2.3,10.6,1.010,23.8,12.9,-0.8,52.5,14.9,1862,16.22,12.2,12.960,18,23.2,11.8
2007.0,86,513.0,15.4,8.5,67.4,100,96,54.9,17,-2.3,12.5,0.992,29.0,11.4,3.9,44.8,11.0,1828,12.29,10.1,13.005,18,28.5,14.7
2010.0,86,516.1,14.1,44.8,67.1,100,98,55.7,17,-2.3,15.9,0.997,22.5,14.4,2.1,58.7,13.0,1875,13.67,9.8,13.040,18,26.2,13.8
2013.0,86,519.8,16.1,26.4,66.8,100,101,56.2,17,-2.3,16.7,1.005,19.5,16.0,1.1,70.4,16.1,1953,18.45,12.0,13.031,18,30.5,15.3
2016.0,86,522.4,13.9,35.4,66.7,100,102,51.3,17,-2.3,15.0,1.006,21.9,14.9,2.0,64.3,15.1,1963,17.86,12.9,12.960,18,2.0,5.5
2019.0,86,524.0,9.8,36.2,66.7,100,102,39.5,17,-2.4,12.2,0.986,26.0,12.5,4.7,50.6,12.5,1975,14.47,7.4,13.009,18,0.9,4.9
2022.0,86,523.6,5.0,3.3,66.7,100,100,10.2,17,-4.7,4.3,1.119,27.0,9.3,8.8,36.0,10.6,1918,11.38,5.7,13.040,18,6.6,6.4
2025.0,86,519.9,12.9,62.2,66.7,100,100,36.8,17,-3.3,10.1,1.061,25.4,10.1,7.7,35.4,10.2,1869,9.27,7.1,13.019,18,24.5,12.9
2028.0,86,522.6,12.7,27.1,66.9,100,99,41.9,17,-2.3,12.4,1.003,26.8,12.4,1.1,53.1,12.2,1883,12.57,7.1,12.880,18,20.4,11.8
2031.0,86,524.0,13.8,0.0,67.1,100,98,31.7,17,-2.3,8.1,0.992,39.8,7.1,2.3,23.5,7.1,1837,6.70,7.8,12.990,18,8.2,12.4
2034.0,86,524.7,16.1,0.0,67.1,100,98,57.3,17,-2.3,16.5,0.993,20.5,13.3,1.8,52.7,12.6,1878,13.13,10.7,13.040,18,0.0,11.8
2037.0,86,528.0,16.1,0.0,67.1,100,100,60.3,17,-2.3,17.5,0.998,19.3,16.0,0.8,67.9,15.8,1921,18.02,13.8,13.016,18,7.4,10.9
2040.0,86,535.7,17.4,0.0,67.1,100,101,61.2,17,-2.3,17.0,1.000,20.2,16.0,0.8,69.3,16.3,1948,19.00,14.7,12.962,18,44.3,18.4
2043.0,86,537.8,17.7,0.0,67.0,100,102,60.7,17,-2.3,15.3,1.000,23.5,14.9,3.1,63.5,15.3,1937,17.70,12.5,13.040,18,40.0,17.5
2046.0,86,540.7,16.4,0.0,66.7,100,102,58.8,17,-2.3,12.5,1.012,23.0,13.2,1.0,55.5,13.6,1937,15.46,10.7,13.002,18,33.2,15.7
2049.0,86,543.9,9.8,0.0,66.7,100,102,47.4,17,-2.3,12.5,1.007,24.4,12.4,0.9,50.3,12.4,1933,13.67,9.0,12.975,18,25.2,13.3
2052.0,86,544.0,11.4,0.0,66.9,100,102,42.8,17,-2.3,13.2,1.002,25.3,12.5,2.2,49.5,12.2,1925,13.48,9.0,13.040,18,22.0,12.5
2055.0,86,545.3,11.3,0.0,67.2,100,102,44.9,17,-2.3,14.9,1.002,22.0,14.5,0.8,58.8,12.9,1925,14.00,9.3,13.040,18,23.4,12.9
2058.0,86,548.0,8.5,0.2,67.5,100,100,46.3,17,-2.3,15.7,1.007,21.0,14.2,0.3,52.8,11.5,1906,12.17,8.1,13.010,18,20.1,10.8
2061.0,86,547.8,7.1,5.2,67.7,100,99,38.4,17,-2.3,13.9,1.011,22.6,13.9,-1.4,51.5,11.2,1893,11.14,7.2,12.960,18,9.8,3.8
2064.0,86,548.0,11.7,2.4,67.8,100,99,40.1,17,-2.3,13.0,1.009,24.8,13.9,-3.1,59.1,14.1,1912,16.16,11.8,12.960,18,31.8,15.7
2067.0,86,548.0,14.9,18.5,67.8,100,100,54.1,17,-2.3,15.3,0.996,21.5,14.9,2.3,62.4,14.5,1912,16.34,11.8,13.010,18,24.3,14.1
2070.0,86,548.4,13.5,62.1,67.8,100,100,54.1,17,-2.3,14.9,1.001,23.5,14.4,1.5,61.8,14.5,1930,16.50,11.8,13.040,18,19.8,12.7
2073.0,86,551.8,5.1,0.0,67.8,100,101,32.4,17,-3.6,12.3,0.999,29.5,12.6,-1.1,53.9,13.3,1932,15.23,11.3,13.040,18,28.6,14.5
2076.0,86,549.8,7.0,32.0,67.5,100,101,27.5,17,-4.1,11.2,0.997,35.5,10.2,-5.2,34.8,9.4,1862,9.09,5.5,13.040,18,17.5,10.7
2079.0,86,546.8,8.2,58.5,67.0,100,98,50.4,17,-2.3,16.1,1.000,20.0,15.3,-0.8,67.1,15.3,1880,14.99,3.3,12.948,18,6.9,8.5
2082.0,86,544.0,5.9,0.0,66.7,100,96,14.1,17,-4.7,11.2,0.986,28.5,13.3,-1.6,55.8,13.9,1845,15.46,4.9,12.905,18,5.4,9.2
2085.0,86,543.7,4.5,0.0,66.7,100,94,12.0,17,-4.7,7.2,0.979,34.9,9.5,-0.4,37.6,10.8,1766,11.33,9.3,12.965,18,23.9,14.5
2088.0,86,540.1,8.0,4.7,66.7,100,90,22.4,17,-4.0,6.7,0.982,35.3,5.3,3.7,16.1,5.5,1650,4.57,2.7,13.040,18,8.7,7.0
2091.0,86,536.9,14.6,9.5,66.7,100,86,54.9,17,-1.6,14.9,1.002,21.0,15.3,-1.6,62.7,12.3,1725,12.53,9.9,12.997,18,29.9,11.0
2094.0,86,540.0,22.0,0.0,66.7,100,90,69.0,17,-1.6,19.8,1.000,17.3,16.9,-0.4,68.6,16.3,1866,18.34,15.4,12.983,18,64.3,21.2
2097.0,86,545.8,21.7,0.0,66.7,100,93,68.2,17,-1.6,21.5,0.999,15.4,18.2,0.6,75.1,17.3,2017,20.38,16.0,13.040,17,66.3,21.2
2100.0,86,551.9,22.3,0.0,66.7,100,97,67.9,17,-1.6,21.2,0.999,16.9,17.7,0.0,74.5,16.1,2037,19.04,11.8,13.040,17,63.6,21.5
2103.0,86,558.3,22.4,0.0,66.7,100,100,68.3,17,-1.6,23.1,0.999,15.5,19.2,0.8,79.2,18.5,2132,22.40,16.0,13.040,17,68.2,22.1
2106.0,86,564.5,20.6,0.0,66.7,100,104,60.4,17,-2.3,20.9,1.000,16.8,19.0,0.8,77.9,19.0,2175,23.50,18.4,13.061,17,74.4,22.7
2109.0,86,567.8,22.7,0.0,66.7,100,105,64.9,17,-1.9,21.6,0.998,17.3,18.9,1.1,77.2,18.9,2172,23.34,18.4,13.092,17,75.3,22.7
2112.0,86,570.2,22.3,0.0,66.7,100,107,63.6,17,-1.8,21.3,0.996,17.5,18.8,1.6,77.4,19.2,2125,23.14,18.4,13.040,17,76.9,22.2
2115.0,86,573.1,21.0,6.7,66.8,100,108,56.5,17,-2.3,16.9,1.002,21.0,15.7,1.6,66.3,15.7,2073,20.27,15.5,12.994,17,57.8,19.7
2118.0,86,576.0,18.0,29.8,67.1,100,108,56.5,17,-2.3,17.4,1.001,20.4,15.9,1.6,67.6,16.1,2055,19.12,14.0,12.960,17,37.0,16.8
2121.0,86,575.7,34.9,10.4,67.1,100,108,56.9,17,-2.3,17.6,1.000,20.2,16.1,1.8,69.1,16.5,2064,19.74,14.5,12.962,17,42.7,18.4
2124.0,86,576.0,26.7,0.0,67.1,100,108,47.2,17,-2.7,15.9,0.985,21.6,15.9,2.3,69.4,16.5,2075,20.27,14.9,13.040,17,37.8,16.6
2127.0,86,574.5,5.5,0.0,67.1,100,110,11.0,17,-4.7,5.9,0.884,36.0,7.5,10.6,39.2,11.4,2031,13.82,10.4,13.040,17,27.6,13.4
2130.0,86,567.9,10.6,0.0,67.1,100,107,38.1,17,-3.3,11.8,0.948,29.6,10.9,9.1,37.6,10.6,2007,11.17,7.3,13.040,17,15.1,9.7
2133.0,86,570.3,14.4,27.2,67.1,100,107,55.0,17,-2.3,17.2,1.007,20.9,16.1,-0.6,67.5,15.7,2025,19.07,13.7,13.040,17,39.2,17.6
2136.0,86,572.0,15.0,44.0,67.1,100,108,55.3,17,-2.3,18.0,1.001,20.5,16.1,2.3,67.5,15.7,2075,16.04,10.2,13.040,17,30.6,15.1
2139.0,86,571.8,7.1,0.0,67.1,100,108,18.8,17,-4.7,11.0,1.002,30.7,11.2,1.6,46.9,12.3,2045,12.04,6.4,13.040,17,17.0,10.8
2142.0,86,563.6,5.8,2.1,67.1,101,107,18.5,17,-3.9,8.0,0.996,36.2,8.1,0.0,28.2,8.3,2000,7.79,3.1,13.040,17,0.0,4.7
2145.0,86,562.6,5.6,2.5,67.1,101,105,20.1,17,-2.3,11.0,0.979,24.5,15.7,-3.9,67.8,12.5,2000,11.41,2.4,12.989,17,0.0,4.5
2148.0,86,559.6,6.6,0.0,67.1,100,98,35.3,17,-2.3,10.6,0.979,29.3,12.3,-1.6,49.4,7.5,1927,8.03,1.5,12.988,17,0.0,4.2
2151.0,86,551.8,3.9,0.0,67.1,101,94,22.8,17,-3.5,8.5,0.939,34.8,8.4,4.0,30.5,4.1,1806,4.26,1.4,13.040,17,0.0,3.9
2154.0,86,550.0,8.6,0.0,66.9,101,90,25.8,17,-4.1,8.1,0.902,37.2,6.0,11.8,20.6,6.7,1662,6.40,5.9,13.040,17,0.0,8.0
2157.0,86,549.8,15.9,0.0,66.7,101,86,61.2,17,-1.6,18.0,1.006,16.0,17.3,-0.8,75.3,14.7,1775,14.89,13.4,13.040,17,0.0,15.3
2160.0,86,556.0,24.7,0.0,66.3,100,82,68.3,17,-1.6,21.6,0.998,15.8,17.1,0.8,74.3,18.0,1854,19.92,18.5,13.040,17,8.3,23.3
2163.0,86,561.0,23.1,0.0,66.3,100,80,70.4,17,-1.6,23.3,0.994,15.0,17.1,2.7,73.4,17.4,1889,19.43,16.5,13.040,17,67.8,21.2
2166.0,86,567.7,22.8,0.4,66.2,100,78,69.3,17,-1.6,22.0,1.001,12.5,18.8,-0.8,79.6,19.2,1962,22.47,19.5,12.993,17,79.0,22.8
2169.0,86,576.3,25.1,1.8,65.9,100,78,72.2,17,-1.6,25.5,1.000,11.9,19.9,0.1,82.3,20.2,2038,23.59,21.6,12.960,17,90.8,25.2
2172.0,86,587.7,26.5,5.8,65.7,100,79,72.2,17,-1.6,26.0,0.998,11.5,20.9,1.2,84.3,21.2,2125,25.00,22.4,12.960,17,89.8,27.5
2175.0,86,592.2,26.7,8.6,65.5,100,81,72.0,17,-1.6,26.1,0.996,11.6,20.7,2.4,82.5,21.2,2125,24.62,22.0,12.960,17,90.1,26.7
2178.0,86,596.0,22.2,7.3,65.5,100,82,70.3,17,-1.6,23.5,0.997,13.0,12.2,3.9,29.8,6.4,1755,10.68,10.7,13.004,17,53.0,17.9
2181.0,86,596.0,10.6,0.0,65.5,100,84,48.6,17,-1.6,16.1,0.996,18.3,12.8,1.3,42.8,5.6,1590,6.84,5.2,13.040,17,10.9,7.3
2184.0,86,593.0,13.4,0.0,65.5,100,85,50.9,17,-1.6,13.2,0.997,21.2,9.7,-0.3,51.1,11.6,1610,12.29,10.5,13.040,17,26.7,14.1
2187.0,87,589.9,10.6,4.7,65.7,100,85,45.7,17,-1.6,13.3,0.999,19.6,1.0,3.4,21.6,3.1,1600,5.12,2.7,13.040,17,13.1,8.5
2190.0,87,586.9,7.7,8.5,65.9,100,84,26.3,17,-1.6,9.8,0.998,29.0,12.2,-4.7,52.5,9.9,1667,9.99,6.8,13.040,17,14.5,8.8
2193.0,87,584.0,12.5,0.0,65.9,100,86,47.8,17,-1.6,12.0,0.995,25.2,12.6,-1.5,54.2,12.9,1688,13.01,10.1,13.040,17,22.7,12.4
2196.0,87,583.8,15.7,1.9,65.9,100,89,53.2,17,-1.6,14.1,0.998,23.4,7.9,1.3,44.2,11.6,1682,12.04,9.9,13.032,17,24.3,13.3
2199.0,87,581.7,12.3,1.2,66.1,100,91,46.8,17,-2.5,12.5,0.999,20.3,0.2,2.0,20.1,7.3,1700,7.45,5.5,12.960,17,13.3,9.0
2202.0,87,578.7,7.7,0.0,66.3,100,91,27.9,17,-4.7,3.9,0.986,1.0,1.2,0.0,11.8,0.8,1709,4.30,3.0,13.008,17,6.4,6.3
2205.0,87,575.0,3.5,0.0,66.3,100,88,9.4,17,-4.7,3.9,1.088,24.1,4.1,5.6,14.0,3.6,1677,3.89,1.9,13.040,17,1.6,3.5
2208.0,87,563.9,3.5,0.0,66.3,100,88,12.0,17,-4.7,4.6,1.053,33.1,3.1,4.2,14.0,3.5,1638,4.11,2.1,13.027,17,5.0,3.5
2211.0,86,558.9,3.5,0.0,66.5,100,87,11.6,17,-4.7,4.6,0.723,22.2,0.3,-1.9,11.7,0.4,1608,2.81,0.8,12.960,17,0.0,3.5
2214.0,86,551.0,4.6,12.1,66.7,100,86,14.5,17,-4.4,4.3,0.057,-12.8,1.6,0.0,11.0,3.9,1562,3.23,1.4,12.960,17,3.6,4.2
2217.0,86,544.0,7.3,28.7,66.7,100,84,40.0,17,-1.6,12.5,1.013,24.0,9.8,-2.2,40.2,9.5,1650,8.68,5.7,12.997,17,12.3,7.5
2220.0,86,544.0,12.2,0.0,66.7,100,86,44.7,17,-1.6,12.3,1.004,24.3,12.6,-2.1,54.6,12.6,1693,12.64,9.4,13.040,17,21.1,12.0
2223.0,86,544.0,10.5,0.0,66.5,100,87,38.9,17,-1.6,10.4,0.998,28.8,11.9,-0.8,51.1,12.1,1660,11.54,8.2,13.040,17,13.7,9.4
2226.0,86,544.0,10.9,30.2,66.3,100,88,29.7,17,-2.3,7.0,0.996,35.0,10.1,-0.8,39.9,11.3,1650,10.39,7.5,12.975,17,16.0,10.2
2229.0,86,540.4,9.9,52.1,66.3,100,88,22.4,17,-4.7,3.9,0.986,-1.0,0.0,0.0,11.4,0.0,1640,5.05,3.4,12.914,17,8.3,7.2
2232.0,86,530.8,3.5,0.0,66.3,100,86,9.4,17,-4.7,3.6,0.294,-8.8,0.0,0.0,11.2,0.0,1606,2.81,0.7,12.933,17,0.0,3.5
2235.0,86,519.9,3.1,0.0,66.3,100,83,9.4,17,-4.7,3.5,0.000,-13.0,0.0,0.0,11.1,0.0,1559,2.72,0.4,13.040,17,0.0,3.5
2238.0,86,511.0,3.3,0.0,66.3,100,80,10.2,17,-4.7,4.0,0.167,-5.7,0.8,0.7,12.1,0.2,1512,2.69,0.8,13.040,18,0.0,3.5
2241.0,86,502.8,3.5,0.0,66.4,101,78,11.6,17,-4.7,5.5,0.884,40.0,7.1,7.8,23.9,7.8,1475,5.00,2.8,13.040,18,4.4,5.0
2244.0,86,499.2,3.5,0.0,66.7,101,78,10.2,17,-4.7,3.5,0.272,6.1,2.7,3.2,16.8,3.6,1488,4.33,2.7,13.040,18,6.2,5.9
2247.0,86,487.8,3.5,0.0,66.7,101,78,10.2,17,-4.7,3.5,0.000,-13.0,0.0,0.0,11.6,0.0,1490,2.70,0.8,13.040,18,0.0,3.5
2250.0,86,481.4,3.3,0.0,66.9,101,76,10.5,17,-4.7,3.5,0.000,-13.0,0.0,0.0,12.2,0.0,1462,2.74,0.4,13.040,18,0.0,3.5
2253.0,86,472.2,3.1,0.0,67.1,101,72,11.0,17,-4.7,3.5,0.000,-13.0,0.0,0.0,12.9,0.0,1385,2.69,0.4,13.040,18,0.0,3.5
2256.0,86,463.5,3.3,0.0,67.1,101,70,11.0,17,-4.7,3.5,0.000,-13.0,2.2,0.0,13.8,2.5,1330,3.28,1.3,13.040,18,2.3,4.3
2259.0,86,455.8,8.6,0.0,67.4,101,70,26.9,17,-3.1,6.5,0.460,4.3,6.2,-1.1,24.1,6.4,1338,5.07,3.3,13.040,18,8.0,6.7
2262.0,86,458.3,9.4,2.6,67.3,101,71,40.0,17,-1.6,9.9,1.008,30.0,9.8,-2.6,43.6,10.4,1450,9.41,7.1,13.040,18,16.9,9.2
2265.0,86,461.2,9.6,4.0,67.1,101,74,42.3,17,-1.6,10.2,0.993,30.0,5.1,1.6,24.7,4.3,1423,6.03,4.5,13.040,18,8.8,8.5
2268.0,86,464.0,7.8,0.0,67.1,101,76,32.2,17,-1.6,7.8,0.998,35.7,6.4,1.2,26.4,5.8,1418,4.99,3.0,13.040,18,1.5,6.3
2271.0,86,460.9,4.6,0.0,67.1,101,76,20.7,17,-3.1,5.8,0.562,22.1,5.3,0.6,24.4,6.3,1423,5.42,3.2,13.040,18,8.2,6.3
2274.0,86,455.8,3.3,1.5,67.3,101,75,11.0,17,-4.7,3.5,0.000,-13.0,0.0,0.0,12.5,2.0,1412,2.68,0.4,13.040,18,2.3,4.4
2277.0,86,448.6,3.1,2.8,67.5,101,74,11.0,17,-4.7,3.5,0.000,-13.0,0.0,0.0,12.9,0.5,1377,2.68,0.6,13.040,18,0.0,3.5
2280.0,86,439.3,3.1,0.0,67.5,101,70,11.0,17,-4.7,3.5,0.000,-13.0,0.0,0.0,13.3,0.0,1317,2.66,0.7,13.040,18,0.0,3.5
2283.0,86,427.9,3.1,0.0,67.7,101,63,11.8,17,-4.7,3.5,0.000,-13.0,0.0,0.0,13.9,0.0,1262,2.64,0.4,13.040,18,0.0,3.5
2286.0,86,421.5,3.1,0.0,68.0,101,55,12.5,17,-4.7,3.5,0.000,-13.0,0.0,0.0,14.5,0.0,1262,2.69,0.8,13.040,18,0.0,3.5
2289.0,86,413.6,3.1,0.0,68.2,101,48,12.5,17,-4.7,3.5,0.000,-13.0,0.0,0.0,14.5,0.0,1253,2.67,0.8,13.040,18,0.0,3.5
2292.0,86,407.2,3.1,0.0,68.2,101,32,12.5,17,-4.7,3.5,0.000,-12.7,0.0,0.0,15.1,0.0,1190,2.64,0.6,13.040,18,0.0,3.5
2295.0,86,399.9,3.1,0.0,68.5,101,22,13.4,17,-4.7,3.5,0.484,-7.3,0.0,0.0,16.9,0.0,1076,2.82,1.0,13.040,18,0.2,3.5
2298.0,86,395.4,7.5,33.6,68.8,101,16,23.9,17,-4.0,5.6,1.100,4.6,1.2,-0.1,21.2,0.0,912,3.66,5.5,13.040,18,16.9,8.8
2301.0,86,394.7,12.9,49.6,69.0,101,18,45.7,17,-2.2,13.1,1.012,24.5,13.7,-1.6,58.4,14.1,1456,11.21,8.9,12.989,18,23.9,12.7
2304.0,86,402.0,16.3,0.0,69.0,100,32,69.0,17,-1.6,18.0,1.000,17.2,15.5,-0.1,69.3,15.4,1599,15.30,12.7,12.991,18,30.3,14.8
2307.0,86,415.9,17.6,0.0,68.7,100,39,71.2,17,-1.6,20.2,0.994,12.4,17.2,1.6,79.0,17.0,1602,17.08,16.1,13.040,18,32.3,15.7
2310.0,86,431.4,18.8,0.0,68.4,100,46,71.1,17,-1.6,21.3,0.993,11.4,18.1,3.1,82.5,18.4,1687,18.86,18.8,13.040,17,60.0,18.6
2313.0,86,448.8,18.9,0.0,68.2,100,52,66.7,17,-1.6,15.7,0.999,21.0,13.3,3.1,62.4,15.2,1605,15.76,15.2,12.999,17,49.3,18.3
2316.0,86,463.9,14.5,0.0,67.8,101,62,40.5,17,-1.6,8.8,1.004,17.2,7.0,3.1,44.2,8.3,1418,10.10,9.4,12.975,17,30.6,14.6
2319.0,86,461.4,8.0,0.0,67.8,101,60,22.3,17,-2.8,4.0,0.708,7.4,0.0,2.5,18.7,0.0,1174,2.69,0.8,13.040,17,0.0,3.5
2322.0,86,455.1,3.5,0.0,67.9,101,57,13.3,17,-4.7,3.5,0.000,-12.5,0.0,0.0,16.1,0.0,1162,2.73,0.8,12.985,17,0.0,3.5
2325.0,87,445.8,3.5,0.0,68.2,101,52,13.3,17,-4.7,3.5,0.000,-12.5,0.0,0.0,15.8,0.0,1177,2.68,0.8,13.017,17,0.0,3.5
2328.0,87,436.0,3.5,0.0,68.6,101,40,12.7,17,-4.7,3.5,0.000,-12.5,0.0,0.0,15.7,0.0,1164,2.66,0.7,13.050,17,0.0,3.5
2331.0,87,427.3,3.5,0.0,68.8,101,28,13.2,17,-4.7,4.1,0.396,2.3,3.7,-0.4,25.7,2.1,1156,3.69,0.6,12.960,18,0.0,3.5
2334.0,87,422.1,4.7,0.0,69.0,101,21,22.6,17,-4.2,6.1,1.108,35.0,13.2,-1.6,67.1,13.3,1362,12.52,6.3,12.960,18,4.2,3.5
2337.0,87,420.8,6.8,6.6,69.0,101,24,54.1,17,-1.6,12.9,1.013,17.0,11.4,-2.7,51.1,10.8,1362,10.36,7.8,13.001,18,12.4,5.1
2340.0,87,424.0,9.4,51.8,68.6,101,34,45.2,17,-1.6,12.2,1.004,18.5,11.4,-1.7,43.8,9.2,1371,8.56,8.3,12.998,18,21.9,8.6
2343.0,87,429.3,11.6,20.9,68.4,101,38,46.1,17,-1.6,11.9,0.998,19.9,11.6,0.0,46.5,9.4,1394,8.16,6.7,12.880,18,21.2,12.5
2346.0,87,438.7,12.9,13.6,68.0,101,43,52.3,17,-1.6,12.2,0.997,19.5,12.2,0.0,60.4,12.9,1475,12.47,10.2,12.996,18,23.1,13.0
2349.0,87,448.8,12.6,34.1,67.5,101,48,54.1,17,-1.6,12.2,0.997,19.9,11.9,0.6,57.0,9.0,1443,8.35,7.2,12.960,18,20.1,11.8
2352.0,87,452.0,11.4,0.0,67.5,101,54,49.4,17,-1.6,9.3,0.998,28.6,9.8,0.4,46.4,7.6,1354,5.96,4.8,12.926,18,14.3,9.3
2355.0,87,458.0,11.7,46.9,67.3,101,56,43.7,17,-1.6,8.3,0.996,32.5,8.5,0.0,37.4,8.3,1241,6.43,5.1,13.040,18,18.8,11.0
2358.0,87,461.7,8.4,43.4,67.2,101,58,32.9,17,-2.0,8.6,0.998,27.5,9.4,0.0,42.7,9.0,1187,7.15,5.1,13.040,18,8.4,6.8
2361.0,87,463.6,3.8,0.2,67.5,101,58,13.3,17,-4.7,4.3,1.119,33.5,7.7,6.3,33.9,8.8,1146,6.86,4.9,13.040,18,5.0,5.1
2364.0,87,459.9,8.2,6.0,67.5,101,58,28.3,17,-3.0,4.7,1.067,37.3,6.5,7.3,28.3,7.8,1126,6.13,4.3,13.029,18,11.5,8.1
2367.0,87,457.5,5.4,4.6,67.5,101,58,26.4,17,-2.6,4.6,0.756,29.2,5.8,2.0,27.9,6.0,1167,4.78,2.4,12.960,18,5.9,3.5
2370.0,87,454.5,4.7,18.5,67.6,101,58,16.4,17,-4.5,3.6,0.000,-12.5,3.1,0.0,15.3,7.1,1251,5.32,3.4,12.960,18,8.1,5.4
2373.0,87,452.0,7.1,51.8,67.8,101,56,31.4,17,-1.6,7.1,0.784,22.3,6.6,0.0,28.4,7.5,1236,5.73,4.1,12.960,18,9.7,7.1
2376.0,87,451.9,7.1,7.0,67.6,101,56,31.4,17,-1.6,7.3,1.008,35.3,8.4,-0.4,36.9,8.1,1238,6.30,4.1,12.977,18,8.5,6.8
2379.0,87,452.0,4.7,2.7,67.7,101,56,22.8,17,-2.8,6.1,0.670,21.7,6.5,-0.6,33.6,7.2,1255,6.34,3.5,13.040,18,2.4,3.9
2382.0,87,445.9,3.5,0.0,67.9,101,53,13.1,17,-4.7,3.5,0.000,-12.5,0.0,0.0,14.9,0.0,1212,2.67,1.3,12.977,18,0.7,3.6
2385.0,87,436.8,3.5,0.0,68.3,101,44,12.5,17,-4.7,3.5,0.000,-13.0,0.0,0.0,14.9,0.0,1229,2.65,0.8,13.002,18,0.0,3.5
2388.0,87,428.0,3.5,0.0,68.6,101,32,12.5,17,-4.7,3.5,0.000,-12.7,0.0,0.0,15.1,0.0,1232,2.68,0.8,13.040,18,0.0,3.5
2391.0,87,422.0,3.2,0.0,69.1,101,23,12.9,17,-4.7,3.5,0.000,-12.8,0.0,0.0,16.0,0.0,1165,2.67,0.8,13.040,18,0.0,3.5
2394.0,87,413.8,2.9,0.0,69.4,101,15,13.8,17,-5.7,3.3,0.142,-11.6,0.0,0.2,18.4,0.0,787,2.14,0.8,13.040,18,0.0,3.0
2397.0,87,405.7,2.6,0.0,69.5,101,11,15.3,17,-9.4,2.7,0.884,4.0,0.0,3.9,19.7,0.0,751,1.99,0.8,12.994,18,0.0,2.6
2400.0,86,399.5,2.4,0.0,69.8,101,4,19.6,17,-10.0,2.7,0.976,8.5,0.0,-2.2,23.5,0.0,667,1.97,0.8,12.985,18,0.0,2.5
2403.0,86,391.9,2.7,0.0,69.8,101,2,19.6,17,-10.2,2.7,1.007,6.8,0.0,-4.4,26.5,0.0,587,2.02,0.8,13.038,18,0.0,2.7
2406.0,86,387.4,2.7,0.0,69.8,101,0,19.6,17,-10.2,2.7,1.000,0.0,0.0,1.8,25.9,0.0,587,1.90,0.8,12.960,18,0.0,2.7
2409.0,86,381.5,2.7,0.9,69.8,101,0,19.7,17,-10.2,2.7,0.999,0.0,0.0,4.7,25.9,0.0,587,1.93,0.8,12.915,18,0.2,2.7
2412.0,86,376.0,2.7,3.5,69.8,101,0,20.4,17,-10.2,2.7,0.998,1.5,0.0,6.4,25.9,0.0,593,1.93,0.8,12.880,18,0.6,2.7
2415.0,86,370.0,2.5,1.2,69.6,101,0,20.0,17,-10.2,2.7,0.999,2.3,0.0,6.8,25.7,0.0,598,1.90,0.8,12.889,18,1.2,2.4
2418.0,86,364.1,2.7,0.0,69.4,101,0,20.0,17,-9.7,3.3,1.000,3.8,0.0,3.9,25.1,0.0,587,1.86,0.8,13.040,18,0.6,2.4
2421.0,86,359.0,4.4,0.0,69.3,101,1,21.7,17,-7.0,6.7,1.003,34.0,7.7,0.2,33.0,7.3,1114,5.75,3.4,12.955,18,6.1,5.2
2424.0,86,356.2,9.0,0.0,69.0,101,14,41.6,17,-2.8,9.9,0.999,26.9,11.1,-1.3,46.7,11.3,1417,9.53,6.5,12.936,18,14.9,9.7
2427.0,86,359.9,12.9,0.0,68.7,101,23,50.9,17,-1.6,12.0,0.998,19.7,12.5,-1.0,58.5,12.4,1428,11.36,8.5,13.040,18,21.3,12.2
2430.0,86,368.9,13.5,0.0,68.6,101,32,57.9,17,-1.6,14.2,0.998,13.8,13.0,0.2,65.5,12.9,1337,11.64,9.8,13.040,19,23.9,12.9
2433.0,86,379.0,13.9,0.0,68.5,101,39,59.7,17,-1.6,17.6,1.001,8.0,14.1,2.3,72.5,14.1,1338,12.44,11.0,12.993,19,25.6,13.4
2436.0,86,388.2,13.3,0.0,68.2,101,46,47.1,17,-1.6,12.5,0.999,18.9,10.2,3.2,53.5,10.0,1261,9.26,8.6,12.988,19,22.0,13.0
2439.0,86,395.9,7.5,0.0,67.9,101,47,40.4,17,-1.6,9.8,1.003,26.2,8.3,3.0,38.6,6.9,1206,5.50,3.9,13.040,19,0.0,7.1
2442.0,86,400.4,8.1,0.0,67.7,101,49,31.0,17,-1.6,7.6,1.004,26.6,9.7,0.8,44.9,9.8,1312,8.32,6.3,13.040,18,9.4,8.4
2445.0,86,405.2,8.7,0.0,67.5,101,50,22.9,17,-1.6,3.5,0.986,20.0,8.2,0.0,25.9,10.4,1258,9.39,7.5,12.995,18,15.3,9.7
2448.0,86,408.0,9.0,0.0,67.5,101,52,39.2,17,-1.6,5.4,1.002,30.2,7.8,0.0,29.4,9.1,1226,8.17,6.7,12.984,19,14.1,9.9
2451.0,86,411.8,7.1,0.0,67.5,101,52,34.3,17,-1.6,6.5,1.006,37.4,7.4,0.5,33.2,7.4,1208,5.72,3.8,13.040,19,0.0,6.7
2454.0,87,412.0,5.1,0.0,67.5,101,52,25.3,17,-2.1,6.2,0.886,33.0,6.9,2.3,34.5,7.1,1187,5.37,1.2,12.980,19,0.0,4.6
2457.0,87,410.0,3.5,0.0,67.5,101,51,12.5,17,-4.7,3.5,0.000,-13.0,0.0,0.0,19.4,1.8,1214,3.58,0.7,13.004,19,0.0,3.5
2460.0,87,402.8,3.5,0.0,67.8,101,40,12.5,17,-4.7,3.5,0.000,-12.7,0.0,0.0,15.1,0.0,1193,2.80,0.4,13.040,19,0.0,3.6
2463.0,87,391.9,3.5,0.0,68.4,101,26,15.5,17,-4.7,5.6,0.423,8.0,3.5,0.8,23.8,2.7,1187,3.70,0.5,13.049,19,0.0,3.9
2466.0,87,389.7,3.5,0.0,68.4,101,16,16.1,17,-6.3,6.2,0.910,32.9,7.7,2.4,38.2,8.0,1231,5.97,1.2,13.120,19,0.0,3.9
2469.0,87,385.4,4.3,6.8,68.2,101,13,14.3,17,-10.1,2.4,1.002,16.0,0.0,3.1,18.8,0.0,876,2.51,1.7,13.022,19,1.5,7.1
2472.0,87,379.8,6.3,26.2,68.2,101,10,15.7,17,-4.7,3.5,0.996,14.4,0.0,4.5,18.3,0.0,925,2.52,1.4,12.960,19,2.0,8.6
2475.0,87,375.9,3.1,5.6,68.2,101,4,20.5,17,-7.2,3.5,1.003,8.8,0.0,5.0,19.3,0.0,955,2.51,0.5,12.960,19,0.0,3.5
2478.0,87,369.8,1.6,0.0,68.0,101,0,40.1,17,-5.6,3.5,1.010,0.0,0.0,3.9,22.7,0.0,888,2.38,0.8,12.960,19,0.4,2.7
2481.0,87,364.0,0.0,0.0,67.8,101,0,75.3,17,5.5,4.7,0.999,6.4,0.0,1.4,8.9,0.0,429,1.54,1.1,12.960,19,0.4,2.7
2484.0,87,363.1,0.1,0.0,67.8,101,0,75.3,17,5.5,4.7,0.999,9.0,0.0,0.0,0.0,0.0,0,0.66,1.6,12.960,19,0.5,2.7
2487.0,87,363.6,0.0,0.0,67.8,101,0,75.3,17,5.5,4.8,0.999,9.0,0.1,0.0,0.4,0.1,13,0.82,1.7,12.960,19,0.4,2.7
2490.0,87,364.0,0.0,0.0,67.8,101,0,75.3,17,5.5,4.8,0.999,9.0,0.1,0.0,0.3,0.1,10,0.78,1.7,12.960,9,0.4,2.7
2493.0,87,362.4,0.0,0.0,67.8,101,0,75.3,17,5.5,4.7,0.999,9.0,0.1,0.0,0.2,0.1,7,0.74,1.7,12.960,9,0.7,2.8
2496.0,87,362.8,0.1,0.0,67.8,101,0,75.3,17,5.5,4.7,0.999,9.0,0.0,0.0,0.1,0.0,4,0.71,1.6,12.960,9,0.6,2.8
2499.0,87,363.3,0.1,0.0,67.8,101,0,0.999,9.0,0.0,0.0,0.0,0.0,1,0.67,1.6,12.960,9,0.5,2.7
2502.0,87,363.7,0.0,0.0,67.8,101,0,0.0,0.0,0,0.66,1.6,12.960,9,0.4,2.7
2505.0,87,364.0,0.0,0.0,67.8,101,0,2.7
