BlueDriver Data Log
Dec 12, 2018 6:26:20 PM
Time (s),Accelerator Pedal Position E (%),Mass Air Flow Rate (g/s),Intake Air Temperature (°C),O2 Bank 1 - Sensor 2 - Oxygen Sensor Voltage (V),Absolute Throttle Position B (%),Fuel Level Input (%),Ambient Air Temperature (°C),Calculated Engine Load Value (%),Absolute Throttle Position (%),Engine Coolant Temperature (°C),Catalyst Temperature Bank 1 - Sensor 1 (°C),Absolute Load Value (%),Long Term Fuel Trim Bank 1 (%),Commanded Throttle Actuator (%),Wide Range O2S: Bank 1 - Sensor 1 - Equivalence Ratio (λ),Short Term Fuel Trim Bank 1 (%),Relative Throttle Position (%),Commanded Evaporative Purge (%),Evap. System Vapor Pressure (Pa),Barometric Pressure (kPa),Vehicle Speed (km/h),Wide Range O2S: Bank 1 - Sensor 1 - Voltage (V),Timing Advance for #1 cylinder (°),Commanded Equivalence Ratio (λ),O2 Bank 1 - Sensor 2 - Short Term Fuel Trim (%),Engine RPM (rpm),Accelerator Pedal Position D (%),Control Module Voltage (V)
0.0,,,,,,,,,,,,,,,,,,,,,,,,,,,,
17.2,1.0,6.58,17,0.278,7.6,47.4,17,39.4,7.6,26,0.0,32.9,-1.6,7.4,1.021,3.2,0.5,0.0,0.0,102,12,2.155,5.5,0.998,99.2,1221,0.5,14.331
34.4,0.0,6.36,17,0.275,7.1,48.7,17,36.9,7.3,30,0.0,30.8,-1.6,7.1,0.997,1.8,1.1,0.0,0.0,102,14,2.179,7.9,0.997,99.2,1253,0.0,12.987
51.6,11.2,13.00,16,0.280,12.0,48.7,16,53.6,11.1,35,0.0,33.3,-2.0,9.6,1.003,-2.4,3.4,0.0,0.0,102,18,2.209,18.0,0.996,99.2,1630,11.3,12.960
68.8,0.0,5.27,16,0.280,6.4,49.8,16,49.5,5.9,39,0.0,35.8,-10.2,5.9,1.013,9.5,0.6,0.0,0.0,102,0,2.209,0.9,0.999,99.2,848,0.0,13.036
86.0,0.0,3.76,17,0.280,4.7,49.4,16,35.3,4.7,42,0.0,30.9,-10.2,5.4,0.992,7.0,0.4,0.0,0.0,102,0,2.187,6.4,0.999,99.2,825,0.0,12.812
103.2,0.0,3.48,17,0.294,4.3,49.4,16,33.3,4.3,43,0.0,25.9,-10.2,4.5,1.001,8.6,0.4,0.0,0.0,102,0,2.196,9.6,0.999,99.2,780,0.0,12.880
120.4,21.3,23.10,16,0.330,26.5,48.2,16,84.4,25.2,45,0.0,75.6,0.0,24.9,0.999,1.8,20.7,86.3,0.0,101,47,2.182,8.8,0.996,99.2,1945,21.5,12.960
137.6,16.4,20.08,15,0.737,18.9,47.4,15,73.6,18.9,51,121.0,68.4,-0.1,19.4,0.996,0.3,14.9,84.5,15.9,101,58,2.189,14.4,1.003,99.2,1941,15.7,12.880
154.8,0.0,4.07,16,0.250,4.8,48.9,15,24.7,4.7,55,164.2,19.6,-1.6,4.7,1.999,0.0,0.4,0.0,0.0,102,23,3.737,-11.3,0.677,99.2,1209,0.0,12.920
172.0,0.0,3.92,16,0.718,4.6,50.2,15,35.4,4.4,55,155.9,31.4,-10.2,5.4,0.990,5.4,0.4,0.0,0.0,102,0,2.198,3.2,1.005,99.2,822,0.0,12.880
189.2,0.0,3.64,16,0.773,5.2,49.9,15,41.5,5.2,55,137.9,30.9,-10.2,5.2,1.006,4.2,0.4,0.0,0.0,102,0,2.221,3.5,0.273,99.2,768,0.0,12.937
206.4,15.9,15.72,16,0.833,15.7,49.1,15,62.6,15.1,56,155.4,56.2,-2.2,14.7,1.004,1.2,9.5,8.5,41.7,102,18,2.174,13.7,1.007,99.2,1488,15.5,12.880
223.6,19.8,22.29,15,0.736,23.8,47.4,15,82.8,23.8,59,309.5,73.7,-0.0,24.6,1.000,-0.5,19.5,91.0,0.2,101,68,2.185,8.0,0.996,99.2,1924,20.0,12.920
240.8,19.1,21.16,14,0.716,22.6,46.3,14,80.9,22.4,63,410.6,71.0,-0.1,20.7,1.000,-0.4,17.8,65.4,14.9,101,89,2.203,11.4,1.004,99.2,1905,19.6,12.930
258.0,20.3,22.95,15,0.726,24.2,46.3,14,81.6,24.8,68,478.2,71.6,0.0,23.0,0.995,0.4,19.0,84.0,0.0,101,101,2.175,12.8,1.000,99.2,2019,20.5,12.908
275.2,19.0,23.34,14,0.680,23.0,45.5,14,78.7,23.1,71,530.3,70.7,0.6,23.0,1.003,0.2,19.2,0.0,0.0,102,107,2.175,15.3,0.997,99.2,2100,19.2,12.933
292.4,15.1,18.30,15,0.742,16.0,45.9,14,67.0,15.6,75,547.3,54.1,-1.6,14.1,0.997,-0.8,9.9,80.8,32.7,100,104,2.188,21.7,0.998,99.2,1975,14.8,12.935
309.6,16.8,20.45,15,0.728,18.9,45.1,14,70.2,18.4,76,559.4,61.6,-1.6,18.2,0.991,0.8,14.2,93.3,6.0,101,108,2.195,20.5,1.004,99.2,2050,17.3,12.930
326.8,17.8,20.96,15,0.738,23.0,45.5,14,82.0,24.7,78,572.0,37.4,-1.1,8.2,0.989,-0.6,1.5,5.1,0.0,102,103,2.081,29.6,1.011,99.2,1955,17.5,12.933
344.0,22.9,29.54,15,0.713,28.6,45.9,14,84.6,29.5,79,587.4,75.9,0.1,29.3,1.003,-0.9,24.4,87.7,2.4,101,109,2.201,12.6,1.005,99.2,2453,23.5,12.928
361.2,15.5,18.14,15,0.282,16.0,45.9,14,62.0,15.4,81,592.4,48.6,-2.0,15.0,1.005,-1.2,10.5,63.5,0.0,101,109,2.182,29.4,0.985,99.2,2055,15.4,12.909
378.4,17.5,21.85,15,0.709,23.1,45.8,14,75.8,24.5,83,600.0,69.9,0.8,24.9,0.996,0.8,19.9,90.0,13.9,101,117,2.196,17.0,0.995,99.2,2280,20.4,12.960
395.6,10.3,11.87,15,0.745,11.7,45.9,14,40.3,11.9,84,572.8,34.3,-2.1,11.2,0.997,2.9,6.3,45.9,82.3,101,118,2.185,36.2,1.005,99.2,2217,8.7,12.852
412.8,24.5,28.43,15,0.742,30.4,46.3,14,79.8,27.2,84,535.3,51.9,-1.4,24.9,0.987,-1.1,16.0,91.4,44.1,102,95,2.050,9.0,1.010,99.2,2175,25.3,12.880
430.0,23.3,26.28,14,0.722,27.6,45.5,14,85.9,24.9,84,584.0,55.6,-0.6,15.1,1.010,1.1,14.4,93.6,11.6,101,102,2.158,10.8,1.007,99.2,1988,22.0,12.960
447.2,16.1,19.43,14,0.683,19.1,45.5,14,72.1,17.6,86,584.0,62.7,-0.5,19.3,1.007,0.2,13.1,90.9,27.8,100,107,2.146,21.8,0.993,99.2,2018,14.5,12.957
464.4,12.2,13.66,14,0.659,9.2,46.3,14,39.0,11.7,86,578.2,59.7,-0.1,19.8,1.011,-2.3,17.0,91.6,7.2,101,107,2.201,18.3,0.987,99.2,2025,11.3,12.889
481.6,18.3,22.15,14,0.700,21.7,45.9,14,77.1,22.2,86,581.3,69.0,0.8,22.2,1.004,-1.1,18.2,91.3,6.2,101,102,2.188,16.0,0.995,99.2,2040,18.4,12.992
498.8,11.1,13.40,14,0.768,5.6,45.5,14,17.7,4.1,87,572.0,21.1,-2.1,10.9,0.894,-4.9,8.1,61.2,5.3,101,94,2.187,22.3,1.011,99.2,1825,14.2,12.899
516.0,5.8,10.56,14,0.715,18.5,45.5,14,75.7,21.2,87,574.7,54.1,0.1,13.5,1.007,0.3,9.5,86.9,17.7,101,100,2.180,16.5,1.002,99.2,1928,13.7,12.980
533.2,14.6,16.83,14,0.687,17.9,44.9,14,67.8,20.1,87,577.5,69.8,0.1,24.2,1.002,-0.9,20.9,16.5,0.0,102,100,2.184,11.6,0.995,99.2,2163,17.6,12.901
550.4,0.5,3.84,14,0.010,4.7,44.3,14,15.9,7.2,87,576.0,23.9,-2.0,8.3,1.125,0.0,4.3,70.0,0.0,101,110,2.143,37.4,0.982,99.2,2048,0.0,13.009
567.6,19.8,22.48,14,0.725,22.8,45.5,14,78.0,22.2,86,568.9,67.9,0.8,21.2,0.999,-0.7,17.0,91.7,0.2,101,100,2.175,15.4,1.001,99.2,1921,18.5,12.903
584.8,23.1,28.89,14,0.705,29.0,44.9,12,85.6,29.0,87,593.5,75.7,0.7,29.0,0.993,-0.8,24.3,87.8,0.4,101,106,2.186,11.9,0.997,99.2,2443,23.1,12.932
602.0,12.0,13.38,14,0.509,12.1,45.2,12,44.7,11.0,87,599.7,37.6,-1.6,11.6,1.003,-4.8,8.2,93.9,0.0,99,112,2.213,24.9,0.994,99.2,2102,13.5,12.981
619.2,5.9,8.69,14,0.626,10.0,46.2,12,37.6,15.5,87,596.0,63.7,-1.6,20.5,1.001,-1.9,16.6,37.6,2.9,101,113,2.177,16.9,0.993,99.2,2155,14.6,12.960
636.4,20.4,25.12,14,0.721,25.2,45.4,12,80.0,25.1,87,596.0,70.5,0.8,25.4,1.002,3.1,21.1,89.8,2.4,101,111,2.175,15.3,1.001,99.2,2229,20.6,12.880
653.6,5.3,5.80,15,0.701,6.5,45.5,12,21.8,6.7,87,596.5,33.6,-1.2,13.2,0.963,-1.4,10.0,53.8,0.0,100,115,2.208,25.3,0.992,99.2,2141,5.2,12.903
670.8,8.2,7.78,15,0.781,7.8,46.3,12,24.5,8.1,86,569.4,21.7,-3.9,7.8,1.002,0.3,3.4,32.9,6.7,101,112,2.135,39.0,1.005,99.2,2092,7.9,12.960
688.0,14.6,17.50,15,0.782,14.9,46.7,12,48.7,12.7,86,532.0,45.5,-2.4,14.1,1.384,0.5,10.3,19.8,2.6,102,108,2.016,22.7,1.008,99.2,2205,14.4,12.960
705.2,18.0,22.30,15,0.720,20.3,46.3,12,73.7,20.2,86,552.9,64.5,-0.3,20.6,0.996,0.8,16.6,54.4,0.0,101,111,2.185,17.4,1.006,99.2,2125,18.1,12.880
722.4,17.4,22.32,14,0.686,20.6,45.5,12,72.7,11.9,87,568.0,50.7,-0.4,18.6,0.998,-0.2,15.0,24.7,152.1,101,112,2.182,19.5,0.999,99.2,2136,17.3,12.955
739.6,13.5,14.79,15,0.709,14.5,45.5,12,56.6,15.6,87,564.0,38.2,-1.8,11.2,0.972,1.6,5.5,63.1,12.2,100,106,2.144,36.1,0.980,99.2,1979,11.8,12.960
756.8,3.1,7.90,15,0.500,5.9,45.0,12,18.8,9.4,87,566.3,33.8,-1.6,12.1,1.030,0.2,7.2,0.0,0.0,102,108,2.304,19.6,0.930,99.2,2075,15.8,12.880
774.0,17.7,21.86,15,0.671,20.7,45.2,12,71.8,17.7,87,557.7,55.2,-0.1,16.8,0.986,-1.4,14.6,72.5,22.9,101,106,2.201,16.9,1.000,99.2,2125,18.3,12.963
791.2,14.8,18.04,15,0.766,16.4,45.1,12,63.8,16.8,87,560.0,55.8,-1.6,16.2,1.001,2.9,12.5,92.1,57.9,100,110,2.150,22.8,1.007,99.2,2048,11.3,12.906
808.4,10.2,10.79,15,0.233,9.6,45.9,12,36.0,9.7,87,544.0,33.3,-1.6,10.2,0.997,-10.2,5.4,91.8,1.7,100,110,2.220,32.4,0.994,99.2,2097,10.4,12.921
825.6,16.0,19.69,15,0.673,17.2,45.8,12,68.2,17.9,86,544.3,59.8,-1.6,18.0,1.000,0.9,13.9,93.0,0.0,100,110,2.180,21.2,0.997,99.2,2100,16.0,12.880
842.8,22.7,30.04,15,0.706,29.8,45.0,12,82.6,29.8,86,567.8,73.7,0.0,29.3,0.996,-0.8,24.3,86.9,2.7,101,119,2.185,13.8,1.002,99.2,2546,22.9,12.960
860.0,22.7,29.59,15,0.684,29.4,43.1,12,81.9,29.8,86,595.5,72.9,0.0,29.4,0.997,-1.4,24.3,87.6,0.0,101,121,2.188,14.8,0.999,99.2,2570,23.1,12.960
877.2,17.6,22.85,15,0.714,22.1,42.0,12,76.4,23.7,86,608.8,63.1,0.8,21.2,1.000,-1.3,9.2,7.9,0.0,101,123,2.165,25.1,0.996,99.2,2321,15.8,12.846
894.4,15.9,19.40,15,0.784,17.2,44.3,12,62.8,11.9,86,592.0,58.4,-0.8,18.3,0.991,0.2,14.8,92.3,5.7,101,108,2.128,23.6,1.005,99.2,2047,14.5,12.835
911.6,17.6,20.68,15,0.711,20.4,44.7,12,74.2,20.8,86,592.0,65.9,0.8,20.2,1.005,-1.2,16.7,91.8,12.1,101,103,2.187,17.4,0.994,99.2,1983,17.7,12.960
928.8,0.0,3.86,16,0.051,4.7,43.1,12,11.9,4.4,87,573.7,10.5,-3.9,4.7,1.466,5.0,0.4,0.0,0.0,102,110,2.977,0.3,0.179,99.2,2048,1.7,12.951
946.0,17.3,20.22,16,0.692,20.8,43.5,12,76.0,22.0,86,558.6,51.6,-1.1,17.6,0.974,0.0,13.6,92.8,25.0,100,102,2.210,21.7,1.007,99.2,2015,15.7,12.960
963.2,17.2,20.77,16,0.660,20.0,42.7,12,32.5,9.4,87,560.0,43.1,-1.6,15.6,1.012,-0.2,12.3,93.1,37.3,101,107,2.170,19.6,1.000,99.2,2053,16.9,12.896
980.4,17.9,22.13,16,0.682,19.5,43.4,12,66.9,18.2,86,546.6,50.5,-1.1,15.6,0.976,0.0,10.5,93.3,33.4,100,104,2.016,21.1,1.010,99.2,2141,17.5,12.960
997.6,16.7,19.64,15,0.705,17.6,43.9,12,72.5,20.7,86,545.3,67.9,0.8,21.3,1.011,-1.5,17.6,91.4,8.5,101,100,2.182,16.0,0.994,99.2,2033,17.7,12.813
1014.8,20.7,25.65,15,0.726,25.8,43.5,12,80.4,25.7,87,569.8,70.6,0.8,25.5,1.001,2.3,21.2,89.8,1.9,101,109,2.179,15.0,0.998,99.2,2250,20.8,12.809
1032.0,20.1,25.36,15,0.695,25.2,42.7,12,79.4,25.3,87,583.0,70.6,0.8,25.6,1.002,1.0,21.2,89.5,6.1,101,116,2.194,14.0,1.006,99.2,2290,20.5,12.955
1049.2,22.0,28.15,15,0.694,27.1,42.4,12,81.7,27.0,87,597.1,73.5,0.6,27.3,1.006,-0.8,22.7,87.8,3.7,101,120,2.203,13.6,0.998,99.2,2460,22.1,12.880
1066.4,21.4,27.82,15,0.705,21.0,43.1,12,80.6,25.0,87,608.9,70.8,0.7,25.8,1.009,-1.6,21.2,87.8,0.0,101,126,2.188,14.1,0.999,99.2,2430,21.5,12.960
1083.6,20.5,26.24,15,0.695,23.9,42.4,12,80.1,25.6,87,608.0,66.1,0.7,22.2,1.004,0.7,16.9,90.7,28.2,101,118,2.190,16.5,0.994,99.2,2293,19.4,12.910
1100.8,11.1,11.99,16,0.577,11.4,43.1,12,45.6,13.8,87,592.2,22.0,-3.6,6.9,0.965,-0.3,4.4,0.0,0.0,102,105,2.303,26.0,0.935,99.2,1982,13.2,12.960
1118.0,19.7,23.96,16,0.824,23.5,44.2,12,78.7,23.1,86,552.0,64.4,0.2,19.9,0.975,0.9,14.4,75.0,37.2,101,106,2.058,18.4,1.000,99.2,2086,19.1,12.996
1135.2,16.5,19.11,16,0.694,18.1,42.7,12,68.3,18.6,86,560.0,62.3,-1.6,18.5,0.998,1.6,14.4,93.0,1.3,100,103,2.178,19.2,0.997,99.2,1965,16.3,12.929
1152.4,9.4,9.59,16,0.252,9.2,43.5,12,34.7,9.3,87,556.7,47.0,-1.6,15.0,1.001,-4.5,12.6,81.1,2.8,100,107,2.176,27.7,0.982,99.2,2058,10.2,12.960
1169.6,16.3,20.27,16,0.734,17.3,43.1,12,69.8,9.6,87,571.0,40.1,-1.6,14.8,0.993,0.2,12.3,93.3,12.5,100,109,2.168,18.6,1.000,99.2,2066,16.7,12.942
1186.8,18.7,22.62,16,0.744,21.8,42.7,12,74.5,21.7,87,574.6,68.8,-0.1,22.4,1.001,0.8,17.9,90.8,2.0,101,110,2.184,16.8,0.998,99.2,2082,18.1,12.960
1204.0,16.1,19.34,16,0.676,17.0,42.4,12,63.7,16.5,87,576.0,50.2,-1.6,16.1,0.996,-0.4,12.0,93.4,1.0,100,113,2.214,22.5,0.989,99.2,2118,14.9,12.960
1221.2,11.5,13.02,16,0.702,13.0,42.6,12,48.0,12.9,87,565.7,41.7,-1.6,11.3,0.993,-0.0,5.8,36.4,3.3,101,113,2.189,34.5,1.011,99.2,2125,11.5,12.957
1238.4,17.4,22.26,16,0.703,20.3,42.7,12,73.0,20.0,87,565.6,63.3,-0.8,19.7,0.996,0.8,16.3,91.5,0.0,101,112,2.157,17.5,1.009,99.2,2149,17.5,12.871
1255.6,16.2,20.17,15,0.706,17.8,42.1,12,65.6,17.7,87,568.0,58.7,-0.7,18.1,1.000,0.8,13.2,92.6,2.0,100,113,2.194,22.5,1.001,99.2,2163,15.9,12.960
1272.8,15.8,18.09,15,0.685,15.5,41.8,12,57.1,15.4,87,568.5,49.4,-1.4,14.6,1.005,-0.8,10.6,93.7,0.0,100,106,2.177,20.6,0.992,99.2,2012,16.1,12.880
1290.0,17.0,21.33,15,0.694,18.9,41.3,12,67.8,18.0,87,584.0,61.0,0.7,19.0,0.994,-0.1,15.1,92.0,1.0,100,113,2.199,18.6,0.999,99.2,2139,17.2,12.921
1307.2,15.9,20.29,16,0.667,17.9,42.0,12,66.0,17.8,87,580.0,39.3,-1.6,9.4,0.973,0.4,5.0,84.1,56.6,100,119,2.156,31.5,1.010,99.2,2250,15.2,12.960
1324.4,23.4,29.10,16,0.702,29.4,41.9,12,84.3,30.6,87,587.8,78.9,0.1,33.8,1.002,-0.8,28.3,20.4,0.0,102,106,2.189,12.7,1.000,99.2,2486,24.2,12.922
1341.6,23.2,30.78,15,0.699,31.0,41.2,12,82.2,32.0,87,614.5,74.0,0.0,32.1,1.006,0.0,27.0,86.2,0.0,101,121,2.203,14.9,1.002,99.2,2591,22.4,12.955
1358.8,17.3,22.11,16,0.710,20.7,41.1,12,47.0,15.0,87,604.6,49.6,-0.9,16.1,0.984,0.5,10.5,82.9,43.9,100,118,2.184,21.2,0.997,99.2,2247,16.7,12.960
1376.0,0.0,3.16,16,0.000,3.7,40.5,12,10.8,3.9,86,539.5,9.9,-3.9,5.0,1.729,1.1,1.2,1.9,0.0,102,93,3.383,-8.7,0.018,99.2,1904,0.0,12.960
1393.2,15.6,18.42,16,0.695,24.1,40.8,12,84.0,22.5,86,565.4,63.8,-0.5,26.0,0.992,-0.6,22.8,88.0,6.3,101,100,2.189,12.5,0.998,99.2,2467,19.9,12.960
1410.4,18.7,20.62,16,0.694,21.6,38.2,12,75.9,21.0,87,572.0,34.3,-1.6,15.7,0.970,-1.8,16.9,92.9,0.0,101,96,2.200,15.2,0.997,99.2,1908,19.0,12.960
1427.6,27.3,30.62,16,0.699,36.4,39.3,12,88.3,36.7,87,593.3,78.4,0.0,36.9,0.998,0.0,32.2,86.3,2.7,101,96,2.198,11.5,1.001,99.2,2468,27.5,12.984
1444.8,26.9,30.31,15,0.705,35.5,39.4,12,88.3,35.6,87,620.9,77.6,0.0,35.8,0.995,-0.7,31.1,86.3,5.3,101,98,2.188,11.9,0.997,99.2,2459,27.3,12.960
1462.0,25.7,30.28,15,0.705,34.2,38.9,12,86.3,34.6,87,640.0,76.6,0.0,35.3,0.999,0.7,29.7,86.7,3.3,101,102,2.176,12.0,0.999,99.2,2480,25.4,12.933
1479.2,24.5,30.09,15,0.711,32.2,37.1,12,84.5,32.4,87,644.0,75.1,0.0,32.4,1.006,0.0,27.7,86.7,6.0,101,107,2.177,13.2,0.998,99.2,2543,24.9,12.969
1496.4,8.6,12.72,15,0.589,13.6,39.3,12,52.8,11.6,87,630.5,46.0,-1.7,14.6,1.003,3.8,11.0,6.4,2.5,101,108,2.168,23.0,1.002,99.2,2051,6.7,12.960
1513.6,0.0,2.85,15,0.000,3.5,41.1,12,14.4,3.5,87,560.2,12.0,-3.9,3.5,1.999,0.0,0.4,0.0,0.0,101,58,3.651,-13.0,0.000,99.2,1333,0.0,12.960
1530.8,7.2,4.42,15,0.857,7.7,42.6,12,37.8,7.2,86,503.2,24.6,-1.2,5.0,1.023,-1.1,0.8,0.0,0.0,101,6,2.118,11.0,0.957,99.2,807,0.0,12.828
1548.0,19.7,20.77,15,0.728,24.5,40.7,12,82.3,24.5,86,524.9,72.2,0.0,24.9,1.001,0.1,23.4,77.5,5.0,100,56,2.199,8.0,1.001,99.2,1808,20.3,12.960
1565.2,22.2,25.54,14,0.728,28.4,40.3,12,85.0,28.5,87,580.0,75.3,0.8,28.6,0.997,0.9,24.4,89.4,0.9,100,80,2.178,9.8,0.999,99.2,2143,22.5,12.880
1582.4,19.0,21.85,14,0.711,23.3,39.6,12,79.2,23.1,87,603.9,69.0,0.8,22.7,1.006,-0.2,19.1,79.2,22.8,100,91,2.202,13.7,0.996,99.2,1987,19.0,12.960
1599.6,16.0,17.10,14,0.710,17.6,39.6,12,68.1,17.8,87,608.0,61.2,0.8,18.1,1.000,0.0,15.1,45.7,19.9,100,93,2.185,17.8,0.999,99.2,1830,16.3,12.920
1616.8,27.5,27.86,14,0.685,35.9,39.6,12,88.8,35.1,87,618.4,76.1,0.8,33.3,1.001,-0.3,28.0,84.6,10.3,100,79,2.193,10.2,1.001,99.2,2252,27.0,12.960
1634.0,30.0,36.37,12,0.720,37.7,38.4,12,84.3,38.1,86,654.3,74.5,0.0,37.3,1.003,-0.3,31.6,84.5,1.0,100,85,2.187,18.5,0.996,99.2,3009,30.2,12.960
1651.2,28.2,35.51,12,0.733,37.5,37.6,12,83.3,37.4,86,672.0,73.7,0.0,37.4,0.999,1.1,31.8,85.5,11.0,99,88,2.174,17.5,1.002,99.2,2959,28.6,12.880
1668.4,29.8,34.92,14,0.702,40.2,37.6,12,84.5,40.5,86,680.0,75.3,0.0,40.3,1.000,-0.8,35.0,84.7,8.6,99,90,2.188,16.1,1.001,99.2,2925,29.8,12.998
1685.6,29.7,35.03,14,0.715,41.8,36.7,12,86.5,41.6,86,688.0,75.7,0.0,40.8,0.998,-0.8,35.1,0.0,0.3,99,90,2.174,16.0,1.001,99.2,2895,29.8,12.960
1702.8,31.4,35.36,14,0.703,40.7,36.0,12,84.5,41.1,86,688.5,73.5,0.0,40.8,0.994,-0.0,34.9,84.7,5.9,98,88,2.183,17.8,1.002,99.2,2966,31.4,12.914
1720.0,23.6,31.22,14,0.692,32.3,36.3,12,78.1,27.4,86,687.6,58.2,0.8,19.4,1.032,-2.2,16.5,55.5,0.2,98,97,2.163,14.4,1.001,99.2,2553,25.1,12.960
1737.2,9.9,12.47,14,0.712,6.3,38.1,12,14.8,5.5,87,660.5,14.9,-3.5,7.5,1.857,-0.3,5.8,22.9,0.0,98,117,2.188,26.4,0.937,99.2,2310,15.3,12.960
1754.4,0.0,3.27,14,0.000,3.9,41.2,12,11.8,3.9,86,577.9,10.2,-3.9,4.3,1.999,0.0,0.8,0.0,0.0,99,94,3.580,-13.0,0.000,99.2,1760,0.0,12.960
1771.6,12.3,12.33,15,0.871,11.1,41.6,12,49.2,11.9,86,524.9,35.9,-2.2,10.1,1.343,-1.4,6.6,13.5,4.8,99,91,2.080,33.7,0.924,99.2,1741,11.6,12.819
1788.8,6.7,5.77,15,0.862,6.4,42.7,12,21.4,6.2,86,500.8,17.3,-3.9,6.2,0.976,1.8,2.8,7.6,21.6,99,94,2.057,38.9,1.010,99.2,1750,6.9,12.960
1806.0,1.7,3.86,15,0.007,4.1,42.7,12,11.4,3.5,86,472.1,10.2,-3.9,4.0,1.999,0.0,0.8,0.0,0.0,99,87,3.572,-13.0,0.000,99.2,1704,2.0,12.902
1823.2,12.5,13.05,14,0.665,13.7,41.6,12,60.3,14.3,86,474.1,52.3,-0.8,14.2,1.002,0.0,11.3,27.1,0.0,99,89,2.190,21.6,1.001,99.2,1692,13.6,12.960
1840.4,14.1,13.72,14,0.711,7.0,40.4,12,34.0,11.0,86,498.7,40.0,-0.8,9.5,1.069,0.8,8.0,20.4,6.7,99,91,2.176,26.7,1.001,99.2,1764,15.1,12.902
1857.6,0.0,2.95,14,0.111,4.0,41.2,12,11.8,4.3,86,484.9,12.2,-3.9,4.7,1.477,0.9,1.0,0.9,1.3,99,89,2.102,-1.4,0.170,99.2,1677,0.3,12.808
1874.8,7.0,5.74,14,0.319,6.5,41.6,12,23.9,5.8,86,466.2,19.6,-2.7,6.8,0.997,0.2,3.6,8.7,46.9,99,84,2.145,38.6,0.979,99.2,1591,7.4,12.940
1892.0,14.7,15.04,14,0.700,15.5,40.3,12,64.9,15.0,86,487.5,55.1,-0.8,14.8,0.994,1.0,11.7,28.3,68.7,99,83,2.186,21.0,0.998,99.2,1659,14.8,12.960
1909.2,2.0,2.99,14,0.008,3.9,39.8,12,11.6,3.9,87,483.4,9.6,-3.9,3.9,1.999,0.0,0.8,0.0,0.0,100,88,3.575,-11.5,0.000,99.2,1660,1.5,12.981
1926.4,6.3,5.31,14,0.739,5.8,40.8,12,20.3,5.5,86,459.5,17.4,-3.9,6.3,0.993,-0.8,3.0,7.7,0.1,100,88,2.179,39.8,1.003,99.2,1678,6.4,12.960
1943.6,10.4,8.63,14,0.391,10.9,40.8,12,48.7,11.8,86,444.0,41.6,-0.8,7.0,1.002,-2.2,3.8,8.0,0.0,100,86,2.447,37.4,0.978,99.2,1605,9.2,12.800
1960.8,0.0,3.01,14,0.246,3.9,41.2,12,12.3,4.2,86,440.0,10.2,-3.9,4.7,1.079,5.1,2.8,6.7,41.7,100,87,1.925,32.7,0.921,99.2,1649,3.6,12.960
1978.0,11.5,10.02,14,0.667,11.9,40.4,12,57.6,15.2,86,456.0,55.6,-0.9,14.6,1.017,-0.4,10.1,22.2,51.6,100,87,2.145,26.6,0.994,99.2,1626,11.9,12.960
1995.2,10.2,9.66,14,0.690,12.5,39.3,12,58.3,14.8,86,491.8,56.7,-0.7,16.2,1.010,0.5,13.4,39.3,7.1,100,93,2.202,19.0,1.000,99.2,1757,13.7,12.998
2012.4,14.2,14.90,14,0.694,13.3,40.0,12,51.4,3.7,86,498.5,13.6,-3.1,6.2,1.625,-1.5,3.8,8.7,27.1,100,93,2.199,29.4,0.949,99.2,1764,14.4,12.935
2029.6,17.6,21.41,14,0.715,21.0,39.6,12,75.1,21.8,86,534.3,66.9,0.8,22.4,0.999,0.6,17.8,69.6,0.0,99,109,2.188,19.0,1.003,99.2,2070,17.5,12.958
2046.8,14.4,18.15,14,0.635,11.8,40.3,12,32.9,8.9,86,538.1,39.1,-1.6,16.3,0.953,6.5,10.9,0.0,0.0,100,110,2.270,13.3,0.880,99.2,2107,16.8,12.960
2064.0,13.2,15.40,14,0.725,13.9,39.8,12,54.1,14.1,86,509.4,47.1,-1.6,13.7,0.999,1.9,9.8,26.7,54.6,100,104,2.186,25.5,0.996,99.2,2024,13.1,12.960
2081.2,18.3,22.46,12,0.718,22.4,39.6,12,63.8,15.2,86,530.6,54.5,-0.9,17.9,1.005,-0.2,13.4,47.6,2.6,100,108,2.186,18.5,0.998,99.2,2077,18.0,12.960
2098.4,11.2,11.53,12,0.692,11.2,40.2,12,41.1,11.0,86,524.0,29.3,-1.6,8.5,1.034,1.0,3.6,10.3,2.4,100,104,2.175,39.2,0.996,99.2,1931,10.0,12.846
2115.6,13.2,14.57,12,0.698,14.3,40.1,12,58.2,15.6,86,535.7,51.8,-1.6,15.7,1.018,3.1,12.2,32.0,0.0,100,108,2.264,28.6,0.991,99.2,2017,11.3,12.765
2132.8,11.8,13.77,12,0.685,14.1,39.6,12,56.2,15.6,86,536.0,31.9,-1.6,11.0,0.983,-0.7,7.5,19.4,36.1,100,101,2.195,30.8,1.001,99.2,1923,10.2,12.928
2150.0,11.8,11.95,14,0.752,12.8,40.0,12,52.6,14.2,86,532.8,45.4,-2.2,13.8,0.998,0.3,9.2,25.3,27.3,100,106,2.177,30.7,1.005,99.2,1998,10.2,12.960
2167.2,16.1,17.79,14,0.679,17.6,40.4,12,69.4,18.0,86,543.3,59.9,-1.6,17.7,1.002,1.6,14.1,13.3,10.9,100,100,2.184,19.3,0.998,99.2,1900,16.1,12.934
2184.4,5.1,5.24,14,0.705,8.2,39.2,12,29.6,10.0,86,544.0,38.0,-1.6,13.2,1.001,-0.1,9.7,28.1,27.2,100,106,2.240,13.5,0.728,99.2,2021,11.7,12.946
2201.6,13.7,14.31,14,0.666,14.0,40.0,12,58.0,13.8,86,534.7,49.7,-1.6,13.8,0.992,2.7,10.8,26.1,0.0,100,93,2.179,22.7,0.998,99.2,1778,13.9,12.960
2218.8,8.4,6.90,14,0.700,10.9,39.6,12,46.7,12.3,86,541.4,45.1,-1.6,12.7,1.002,0.0,9.0,21.8,0.0,100,97,2.274,15.7,0.990,99.2,1826,6.6,12.906
2236.0,14.6,16.50,14,0.705,15.1,39.6,12,40.4,6.4,86,542.7,26.6,-3.0,8.9,0.976,-1.6,6.4,18.9,0.0,100,99,2.202,26.8,0.997,99.2,1894,13.6,12.893
2253.2,0.0,3.41,14,0.000,3.9,40.0,12,11.5,4.0,86,508.7,10.2,-3.9,4.5,1.999,0.0,0.8,0.0,0.0,101,95,3.677,-13.0,0.000,99.2,1853,0.0,12.960
2270.4,23.1,27.01,14,0.764,29.8,40.1,12,87.2,29.8,86,523.7,75.2,0.8,29.6,1.001,1.9,25.5,89.1,6.1,100,71,2.173,10.0,0.997,99.2,2212,23.5,12.885
2287.6,10.0,9.66,14,0.225,9.3,38.8,12,32.2,9.9,87,561.6,31.0,-1.6,9.3,1.021,2.9,2.2,3.7,0.0,101,99,2.156,-0.4,1.091,99.2,1850,8.6,12.960
2304.8,13.5,15.29,14,0.720,9.7,39.1,12,33.5,9.7,86,544.0,36.0,-1.6,11.7,1.002,-0.5,9.3,27.6,38.3,100,103,2.195,25.8,1.000,99.2,1959,14.7,12.960
2322.0,11.3,11.03,14,0.684,10.6,39.7,12,41.6,10.3,86,512.0,38.1,-0.8,11.3,0.976,-0.1,8.1,19.5,0.0,101,93,2.180,29.3,1.009,99.2,1804,11.2,12.953
2339.2,4.0,6.20,14,0.732,7.6,37.1,12,37.6,7.9,86,517.7,36.9,-1.6,11.3,1.003,0.1,6.6,14.4,31.5,101,98,2.236,30.1,0.800,99.2,1842,10.7,12.960
2356.4,10.9,11.48,14,0.672,10.5,37.1,12,39.5,9.8,86,500.0,34.1,-1.2,10.8,0.995,-2.0,7.5,17.8,1.1,101,91,2.212,31.6,1.007,99.2,1829,11.5,12.960
2373.6,13.0,13.45,15,0.689,12.7,38.0,12,51.4,12.7,86,509.9,46.1,-0.8,12.2,0.980,-0.8,9.2,23.2,0.0,101,92,2.211,23.6,0.993,99.2,1774,13.5,12.960
2390.8,17.1,20.04,15,0.717,19.8,38.8,12,73.5,19.8,86,526.6,64.3,0.8,19.6,0.993,0.0,16.4,53.8,1.3,101,96,2.189,16.5,0.999,99.2,1960,17.3,12.960
2408.0,10.1,9.23,15,0.721,7.6,39.4,12,29.2,8.0,86,528.0,28.0,-1.4,8.5,0.999,-0.9,5.5,13.0,0.0,101,94,2.182,29.1,1.003,99.2,1778,10.8,12.895
2425.2,16.5,17.87,15,0.648,19.3,36.7,12,75.6,20.1,86,526.2,66.5,0.2,21.0,0.993,0.5,17.6,63.7,33.3,101,86,2.184,15.6,1.000,99.2,1862,16.8,12.944
2442.4,18.5,23.25,15,0.722,23.9,36.9,12,78.9,25.0,86,564.0,71.5,0.8,25.9,1.002,2.2,21.6,3.2,0.3,101,108,2.177,15.3,1.007,99.2,2112,16.6,12.926
2459.6,24.1,31.36,15,0.709,31.9,38.6,12,83.6,32.5,86,577.4,74.5,0.0,31.4,1.002,0.8,26.3,86.7,0.7,101,113,2.181,14.5,1.001,99.2,2631,24.0,12.909
2476.8,17.0,22.16,16,0.710,19.3,38.2,12,63.2,17.8,86,592.0,63.5,-1.5,21.3,1.001,1.5,17.0,57.2,35.9,101,122,2.174,20.8,0.996,99.2,2298,17.1,12.960
2494.0,18.8,21.41,16,0.738,22.7,36.2,12,78.4,23.1,86,596.0,67.9,0.6,22.3,0.994,0.1,18.6,73.3,16.8,101,102,2.196,15.7,0.995,99.2,1981,18.6,12.960
2511.2,20.1,24.18,16,0.705,25.8,36.5,12,81.2,25.9,87,607.5,71.9,0.8,25.3,0.997,1.7,21.3,90.5,2.0,100,98,2.175,13.8,0.998,99.2,2141,20.6,12.928
2528.4,19.1,23.82,16,0.706,24.6,37.6,12,78.9,25.2,87,612.0,70.6,0.8,25.5,1.002,2.0,21.4,89.9,8.4,100,116,2.188,16.1,1.001,99.2,2267,19.2,12.939
2545.6,12.1,13.72,16,0.226,14.0,35.9,12,44.5,7.6,87,603.0,12.7,-3.9,6.3,1.518,-0.4,0.6,0.7,2.5,101,115,2.428,29.1,0.977,99.2,2159,11.9,12.960
2562.8,1.8,3.54,16,0.002,4.9,37.3,12,17.4,6.4,86,539.5,21.8,-2.4,7.5,1.216,1.7,4.4,0.0,0.0,102,99,3.648,-13.0,0.000,99.2,1845,0.0,12.820
2580.0,5.0,6.12,16,0.412,7.1,36.8,12,30.2,8.4,86,519.1,33.1,-1.0,9.5,1.042,-0.8,6.8,16.1,40.4,102,90,2.313,14.4,0.987,99.2,1683,3.3,12.960
2597.2,0.0,2.85,16,0.021,3.8,40.3,12,18.7,3.5,86,468.5,13.9,-3.9,3.9,1.999,0.0,0.8,0.0,0.0,102,23,3.644,0.3,0.560,99.2,1045,0.0,12.923
2614.4,0.0,2.31,16,0.716,3.1,40.7,12,29.4,3.3,86,416.6,22.7,-10.2,3.1,0.994,-0.2,0.8,0.0,0.0,102,0,2.214,1.7,0.998,99.2,592,0.0,12.814
2631.6,16.8,18.85,17,0.707,19.1,38.0,12,78.0,19.2,86,435.1,67.0,0.0,19.1,0.996,1.5,16.1,56.3,13.3,101,47,2.183,11.4,1.004,99.2,1575,17.0,12.960
2648.8,10.0,9.08,17,0.706,10.2,37.6,12,40.2,5.2,87,472.0,21.6,-2.9,5.5,1.458,0.0,2.8,0.0,0.0,102,66,2.688,13.6,0.681,99.2,1294,8.2,12.896
2666.0,11.8,11.55,17,0.705,10.8,37.6,12,40.6,6.1,87,465.2,29.8,-2.6,7.9,1.524,0.4,5.7,13.5,2.9,101,62,2.153,24.6,0.993,99.2,1430,11.8,12.889
2683.2,0.0,2.18,17,0.010,3.1,41.1,12,22.2,3.2,87,423.9,18.9,-7.7,3.4,1.376,1.6,0.8,0.0,0.0,102,12,3.046,-8.9,0.230,99.2,874,0.0,13.028
2700.4,1.5,3.10,17,0.725,3.7,40.4,12,30.4,5.5,87,382.9,30.9,-3.6,7.4,0.970,-2.8,3.9,9.0,0.0,102,4,2.201,13.6,1.002,99.2,894,3.4,12.880
2717.6,0.0,3.25,17,0.646,3.5,38.8,12,20.4,4.8,87,405.0,17.8,-3.0,4.7,1.669,0.0,1.8,0.0,0.0,102,43,2.767,14.9,0.625,99.2,1178,5.8,12.939
2734.8,0.0,2.21,17,0.025,2.7,41.2,12,21.4,2.8,87,362.0,17.4,-8.3,3.1,1.295,1.9,0.8,0.0,0.0,102,10,2.850,-4.4,0.284,99.2,758,0.0,12.880
2752.0,2.3,3.12,17,0.729,3.8,41.2,12,28.2,3.1,87,328.7,21.2,-10.2,3.1,1.004,1.9,0.8,0.0,0.0,102,0,2.168,2.2,1.001,99.2,680,3.4,12.880
2769.2,6.6,5.11,18,0.695,4.0,39.2,12,19.2,4.0,87,328.0,21.4,-3.1,6.2,1.651,-2.0,3.3,4.3,0.0,102,31,2.240,23.4,0.991,99.2,1221,1.8,12.916
2786.4,7.1,5.42,18,0.665,6.3,39.2,12,31.8,5.8,87,318.5,24.9,-1.9,5.6,1.404,-2.7,2.5,0.0,0.0,102,33,3.099,30.4,1.085,99.2,1172,7.3,12.865
2803.6,3.2,3.42,18,0.393,4.2,39.0,12,21.9,4.1,87,307.5,32.2,-6.6,4.0,1.566,-1.6,0.8,0.0,0.0,102,14,3.093,-13.0,1.119,99.2,1178,2.6,12.880
2820.8,0.0,2.58,18,0.821,3.0,39.2,12,25.4,2.8,87,287.5,19.5,-10.2,3.5,0.989,-3.6,1.0,0.0,0.0,102,6,2.201,10.5,1.011,99.2,726,0.0,12.880
2838.0,0.0,0.71,19,0.680,0.0,38.8,12,0.0,0.0,87,264.0,0.0,6.3,5.1,1.102,-0.3,1.6,0.0,0.3,102,0,2.316,8.9,1.002,99.2,100,0.0,12.594
2855.2,0.0,0.66,19,0.680,0.0,38.8,12,0.0,0.0,87,264.0,0.0,6.3,5.1,1.104,0.0,1.6,0.0,0.0,102,0,2.341,9.0,0.999,99.2,0,0.0,12.560
2872.4,0.0,0.66,19,0.680,0.0,38.8,12,0.0,0.0,87,264.0,0.0,6.3,5.1,1.104,0.0,1.6,0.0,0.0,102,0,2.341,9.0,0.999,99.2,0,0.0,12.560
