BlueDriver Data Log
Sep 10, 2018 6:05:23 PM
Time (s),Engine Coolant Temperature (째C),Catalyst Temperature Bank 1 - Sensor 1 (째C),Fuel Level Input (%),Barometric Pressure (kPa),Vehicle Speed (MPH),Absolute Load Value (%),Ambient Air Temperature (째C),Calculated Engine Load Value (%),Engine RPM (rpm),Relative Throttle Position (%),Control Module Voltage (V),Intake Air Temperature (째C),Absolute Throttle Position (%)
0.0,,,,,,,,,,,,,
3.1,77,20.0,37.6,101,0,22.0,9,29.0,787,0.4,14.320,25,3.9
6.2,77,20.0,37.6,101,0,22.0,9,29.0,787,0.4,14.343,26,3.9
9.3,77,20.0,37.6,101,0,22.0,9,29.0,787,0.4,14.340,26,3.7
12.4,77,20.0,37.6,101,0,22.0,9,28.6,787,0.4,14.240,26,3.5
15.5,77,20.0,37.6,101,0,22.0,9,29.0,787,0.4,14.292,26,3.7
18.6,77,20.0,37.6,101,0,22.0,9,28.9,787,0.4,14.232,26,3.5
21.7,77,20.0,37.6,101,0,28.7,9,36.0,817,0.4,14.203,26,4.4
24.8,77,20.0,38.0,101,1,27.1,9,36.3,818,0.4,14.125,26,4.0
27.9,77,20.0,38.0,101,1,22.0,9,27.8,734,0.4,14.135,26,3.5
31.0,77,20.0,38.0,101,1,25.8,9,33.5,735,0.4,14.240,26,3.5
34.1,77,20.0,38.0,101,2,28.2,9,36.1,855,0.4,13.408,26,5.3
37.2,77,20.0,38.0,101,1,31.4,9,40.7,810,0.4,14.270,26,5.1
40.3,77,20.0,38.0,101,2,39.6,9,45.8,1225,2.6,14.369,27,9.6
43.4,77,20.0,38.0,101,8,38.0,9,40.2,1394,3.1,14.320,27,7.0
46.5,77,20.0,38.0,101,9,22.5,9,25.8,1206,0.4,14.310,27,5.1
49.6,77,20.0,38.6,101,3,19.9,9,26.2,960,0.4,14.318,27,4.3
52.7,77,20.0,39.2,101,1,25.1,9,31.8,713,0.4,13.600,27,3.7
55.8,78,20.0,39.2,101,4,38.4,9,46.7,1243,6.1,13.314,27,12.5
58.9,78,20.0,38.8,101,13,54.8,9,63.6,1480,8.2,13.293,27,13.7
62.0,78,21.6,38.8,101,18,57.8,9,67.5,1383,9.1,13.084,27,13.7
65.1,78,43.9,38.5,101,23,45.3,9,53.2,1254,7.4,13.029,27,12.2
68.2,78,52.0,38.9,101,23,15.4,9,18.3,1161,0.8,12.960,27,3.8
71.3,79,52.0,39.8,101,14,15.6,9,24.3,1053,0.4,12.960,27,3.6
74.4,79,58.4,40.4,101,6,50.1,9,45.1,1609,7.8,13.019,26,11.9
77.5,79,87.3,40.1,101,14,62.9,9,71.1,2093,13.7,13.024,26,18.8
80.6,80,118.9,40.0,101,22,48.6,9,57.8,1762,10.0,12.831,26,14.9
83.7,80,140.3,40.0,101,26,28.7,9,33.1,1409,3.8,12.911,26,8.5
86.8,81,141.7,40.2,101,26,14.6,9,17.3,1242,0.4,12.960,26,4.0
89.9,81,140.0,40.8,101,24,13.4,9,17.3,1192,0.4,12.960,26,4.0
93.0,81,140.0,41.1,101,21,24.2,9,29.4,1193,0.4,12.885,26,6.9
96.1,81,145.4,41.6,101,15,24.3,9,28.3,1217,0.4,12.960,26,5.5
99.2,81,148.0,42.0,101,7,20.8,9,28.6,975,0.4,12.938,26,4.3
102.3,81,148.0,42.4,101,2,24.1,9,30.7,742,0.4,12.866,26,3.6
105.4,81,147.4,42.4,101,0,22.2,9,29.1,648,0.4,12.797,26,3.4
108.5,81,144.0,42.4,101,0,31.5,9,46.8,931,1.7,12.880,26,4.7
111.6,81,152.7,42.5,101,6,41.2,9,47.3,1385,6.5,12.960,26,11.3
114.7,81,164.1,42.4,101,13,52.8,9,56.1,1354,6.0,12.960,26,12.3
117.8,81,181.8,42.0,101,18,59.7,9,68.2,1500,10.5,12.899,26,15.2
120.9,82,202.4,41.7,100,24,64.6,9,74.9,1528,14.0,12.960,26,17.7
124.0,82,226.7,41.1,100,28,59.1,9,72.7,1511,11.6,12.960,25,15.5
127.1,83,244.3,40.8,99,30,26.1,9,36.6,1225,3.9,12.887,25,7.4
130.2,83,252.6,40.8,99,31,31.8,9,38.7,1137,1.6,13.001,25,6.2
133.3,84,259.0,40.8,100,31,26.4,9,35.5,1184,0.8,12.886,25,4.9
136.4,84,258.8,41.3,101,27,13.6,9,16.1,1224,0.8,12.960,25,3.5
139.5,84,256.0,41.9,101,19,13.0,9,15.7,1160,0.4,12.941,25,3.5
142.6,84,250.1,42.4,101,9,15.3,9,19.4,955,0.4,12.880,25,3.2
145.7,84,248.1,42.4,101,6,47.1,9,47.2,1623,8.8,12.800,25,17.7
148.8,84,263.3,41.8,101,16,63.1,9,72.5,1718,12.6,12.960,25,21.1
151.9,84,287.8,41.2,101,25,69.9,9,79.6,1928,15.3,12.960,24,20.0
155.0,84,311.4,40.8,101,30,54.7,9,63.2,1606,9.8,12.960,24,14.8
158.1,84,330.1,40.4,101,34,55.7,9,62.8,1665,10.9,12.916,24,14.5
161.2,85,346.1,40.4,101,36,48.1,9,55.5,1626,10.7,12.886,24,14.9
164.3,85,357.5,40.0,101,39,44.5,9,50.8,1485,7.2,12.960,24,10.0
167.4,86,367.6,40.0,100,40,38.5,9,41.9,1297,4.7,12.960,24,6.9
170.5,87,365.6,40.6,101,38,22.9,9,30.1,1182,0.4,12.960,24,4.8
173.6,87,356.9,41.5,101,33,24.7,9,29.3,1196,0.4,12.960,24,5.5
176.7,87,346.7,41.7,101,25,19.0,9,21.3,1223,0.4,12.960,24,4.5
179.8,87,351.2,41.7,101,23,58.0,9,70.2,1412,13.0,12.960,24,18.4
182.9,87,368.5,41.2,100,30,67.7,8,79.0,1692,17.9,12.892,23,20.2
186.0,87,392.8,40.8,100,35,68.2,8,78.4,1742,17.6,12.919,23,21.5
189.1,87,408.3,40.4,100,38,70.6,8,81.2,1860,19.5,13.039,23,23.4
192.2,87,429.9,40.0,100,41,68.2,8,78.6,1808,15.3,12.960,23,20.9
195.3,87,445.4,39.7,100,43,54.3,8,63.8,1611,13.2,12.960,23,18.4
198.4,87,452.0,39.7,99,43,42.4,6,41.8,1314,2.3,13.014,23,7.0
201.5,87,448.6,40.3,101,42,12.5,6,14.7,1260,0.4,12.969,23,3.5
204.6,87,440.0,40.5,101,41,23.7,6,28.6,1226,3.0,12.908,23,6.4
207.7,87,443.1,40.5,100,40,36.4,6,52.1,1243,5.8,12.960,23,5.3
210.8,87,448.0,40.4,100,40,44.2,6,45.1,1238,3.2,13.011,23,8.6
213.9,87,448.0,40.4,100,39,23.8,6,31.6,1242,2.5,12.943,23,4.4
217.0,87,444.0,40.4,101,37,28.4,6,35.2,1155,2.3,12.992,23,5.7
220.1,87,444.0,40.4,100,36,18.1,6,24.2,1188,0.4,12.960,23,3.5
223.2,87,435.9,40.4,101,34,15.4,6,19.1,1212,0.4,12.890,23,4.0
226.3,87,423.2,40.8,101,29,25.3,6,29.5,1230,0.2,12.999,23,5.8
229.4,87,411.8,41.2,101,24,22.8,6,27.2,1208,0.4,13.040,23,5.5
232.5,87,404.1,41.6,101,17,18.5,6,22.2,1140,0.4,12.933,23,4.2
235.6,86,397.5,41.8,101,10,16.2,6,19.5,1098,0.4,12.960,23,3.9
238.7,86,391.2,42.1,101,5,18.5,6,24.4,822,0.4,12.915,23,3.5
241.8,86,381.3,42.4,101,1,28.5,6,36.0,660,0.4,12.831,23,4.3
244.9,86,376.4,42.0,101,0,32.6,6,43.9,699,0.4,12.835,23,4.6
248.0,86,367.7,42.0,101,0,30.0,6,38.7,779,0.4,12.913,23,4.4
251.1,86,361.6,41.6,101,0,26.7,6,35.6,823,0.4,12.959,23,4.7
254.2,86,355.4,41.6,101,0,20.5,6,27.4,768,0.4,12.839,23,3.4
257.3,86,349.2,41.2,101,0,20.0,6,26.2,666,0.4,12.949,23,2.7
260.4,86,342.8,41.1,101,0,20.0,6,27.0,607,0.4,12.800,23,2.9
263.5,86,336.2,40.8,101,0,29.4,6,37.4,667,0.4,12.953,24,4.3
266.6,86,326.2,40.4,101,0,27.5,6,35.7,728,0.4,12.929,24,4.2
269.7,86,323.7,40.0,101,0,27.5,6,36.0,791,0.2,12.889,24,4.3
272.8,86,316.9,40.0,101,0,23.8,6,30.2,780,0.4,12.888,24,3.5
275.9,86,311.0,39.6,101,0,19.6,6,25.9,708,0.4,12.960,24,2.9
279.0,86,304.3,39.6,101,0,32.9,6,36.7,1056,2.7,12.848,24,4.7
282.1,86,312.4,39.2,99,10,58.4,6,67.0,1769,10.9,12.960,24,16.1
285.2,86,328.5,38.8,100,18,66.6,6,76.5,1682,14.0,12.879,24,19.3
288.3,86,334.7,38.4,101,22,30.0,6,30.8,1382,0.4,12.888,24,6.5
291.4,86,332.0,38.8,101,21,15.7,6,19.6,1136,0.4,12.960,24,3.9
294.5,87,328.3,38.8,101,20,14.9,6,18.2,1094,0.5,12.903,24,4.1
297.6,87,331.3,38.8,100,20,47.0,6,52.5,1705,7.6,12.960,24,11.1
300.7,87,344.5,38.4,100,23,60.1,6,71.9,1427,11.6,12.844,24,14.9
303.8,87,360.0,38.2,100,27,65.2,6,76.1,1530,13.0,12.953,24,17.1
306.9,87,382.3,37.6,100,31,66.7,6,76.3,1620,14.4,12.894,24,18.5
310.0,87,400.5,37.0,100,35,56.0,6,70.6,1582,14.0,12.960,24,16.6
313.1,87,413.5,36.4,99,37,54.9,6,62.6,1478,9.7,12.912,24,12.8
316.2,87,425.6,35.8,99,39,41.9,6,48.4,1353,8.6,13.019,24,12.1
319.3,87,421.4,36.6,101,39,21.6,6,25.8,1180,0.2,12.960,24,4.9
322.4,87,409.1,37.5,101,34,25.7,6,30.3,1204,0.4,12.823,24,5.5
325.5,87,400.6,38.3,101,24,22.9,6,28.1,1212,0.4,13.000,24,4.8
328.6,87,389.3,39.1,101,11,19.8,6,22.9,1033,0.4,12.944,24,3.9
331.7,87,382.3,39.6,101,1,23.4,6,28.2,732,0.4,12.737,24,3.6
334.8,87,376.1,39.6,101,0,22.7,6,32.8,696,0.4,12.907,24,3.9
337.9,87,372.0,39.4,100,4,50.3,6,57.2,1606,5.7,12.831,24,12.3
341.0,87,381.1,38.8,100,15,64.5,6,74.8,1710,13.9,12.866,24,18.7
344.1,87,391.7,38.2,100,22,70.6,6,80.8,1775,18.3,12.960,24,22.4
347.2,87,412.0,38.0,100,28,70.0,6,81.2,1753,20.7,13.010,24,23.3
350.3,87,432.2,37.8,100,32,69.6,6,79.7,1764,19.8,12.960,24,23.5
353.4,87,454.8,37.6,100,37,69.0,6,79.1,1813,19.6,12.930,24,22.7
356.5,87,470.0,37.6,100,39,67.4,6,78.0,1769,16.1,13.013,24,19.9
359.6,87,481.2,37.6,100,40,65.8,6,76.0,1721,16.2,12.916,24,20.6
362.7,87,493.5,37.8,100,39,63.9,6,74.3,1775,14.8,12.965,23,18.1
365.8,87,506.4,37.9,100,37,63.3,6,73.2,1823,13.4,12.876,23,16.0
368.9,87,512.0,37.9,100,38,30.0,6,40.3,1809,6.0,12.960,23,4.9
372.0,87,506.9,38.1,101,35,10.2,6,12.3,1407,0.7,12.960,23,3.3
375.1,87,497.6,38.7,101,33,15.3,6,17.6,1196,0.1,12.960,23,4.3
378.2,87,485.7,39.3,101,29,22.0,6,26.1,1199,0.4,12.999,24,4.7
381.3,87,472.8,39.9,101,18,21.2,6,25.5,1208,0.2,12.960,24,5.1
384.4,87,466.7,40.9,101,7,17.7,6,23.3,928,0.5,13.018,24,3.9
387.5,87,460.3,40.9,100,8,29.9,6,34.7,1558,5.9,13.040,24,10.4
390.6,86,458.0,40.8,100,12,14.5,6,18.0,1299,0.5,12.968,24,4.0
393.7,86,456.0,40.8,100,15,50.7,6,62.4,1462,10.8,12.909,24,13.3
396.8,86,466.4,40.2,100,24,74.1,6,85.7,1847,22.9,12.945,24,25.0
399.9,86,485.5,40.0,100,31,76.8,6,86.4,1998,24.7,13.003,24,29.0
403.0,86,501.3,39.6,100,36,77.6,6,90.0,2094,41.5,12.960,23,30.9
406.1,86,524.3,39.1,100,41,77.5,6,88.2,2209,28.7,12.960,23,33.3
409.2,86,539.2,38.5,100,47,76.9,6,87.1,2250,28.6,12.866,23,33.3
412.3,86,555.5,38.0,100,50,76.7,6,87.0,2300,27.9,12.851,23,32.5
415.4,86,568.1,37.6,100,54,76.7,6,87.1,2353,28.6,12.960,23,33.3
418.5,86,581.7,37.6,100,57,76.5,6,87.2,2372,29.4,12.888,23,33.7
421.6,86,590.2,37.6,100,60,77.6,6,88.4,2430,31.4,12.909,23,36.1
424.7,86,598.8,37.6,100,62,75.0,6,86.6,2422,26.4,12.889,23,26.6
427.8,86,605.0,37.6,100,65,74.5,6,84.5,2377,25.1,12.913,23,30.0
430.9,86,611.0,37.6,100,67,74.5,6,85.5,2502,25.9,12.960,23,31.4
434.0,86,616.0,37.6,100,68,75.3,6,84.3,2607,29.5,12.908,23,34.4
437.1,86,619.7,37.6,100,70,75.0,6,84.3,2649,31.4,12.960,23,36.3
440.2,86,624.0,37.8,100,72,71.6,6,81.4,2321,27.3,12.894,23,29.7
443.3,86,628.0,37.6,100,72,67.3,6,80.5,2310,23.7,12.960,23,23.0
446.4,86,628.0,37.4,100,72,68.5,6,78.5,2200,18.6,12.981,23,24.2
449.5,86,624.0,37.6,100,72,59.0,6,69.8,2180,11.8,12.911,23,21.9
452.6,86,624.0,37.6,99,71,36.1,6,52.2,2139,11.2,12.960,23,14.0
455.7,86,620.0,38.1,99,70,45.7,6,52.0,2090,9.6,12.960,23,13.8
458.8,86,620.0,38.4,100,68,62.2,6,70.3,2087,15.7,12.902,23,19.8
461.9,86,616.0,38.5,99,68,53.6,6,61.4,2049,12.2,12.960,23,15.2
465.0,86,616.0,38.8,99,67,47.2,6,56.3,2025,10.6,12.908,23,13.0
468.1,86,614.1,38.8,99,66,59.7,6,69.0,2013,14.4,12.960,23,17.2
471.2,86,612.0,38.5,100,66,64.0,6,72.7,2025,12.8,13.022,23,20.7
474.3,86,612.0,38.0,99,67,53.4,6,63.3,2025,11.3,12.960,23,16.0
477.4,86,612.0,37.6,100,67,62.1,6,71.3,2050,15.5,12.928,23,19.0
480.5,86,612.0,37.6,99,67,52.2,6,59.6,2037,11.0,12.960,23,15.5
483.6,86,608.0,37.6,99,67,37.0,6,23.0,2003,5.8,12.960,23,11.5
486.7,86,604.3,37.9,99,66,44.4,6,47.4,1981,7.0,12.960,23,13.4
489.8,86,604.0,37.8,99,65,53.3,6,61.0,1988,11.0,12.960,23,14.7
492.9,86,603.4,37.6,100,65,49.1,6,60.9,1983,13.8,12.960,23,17.3
496.0,86,600.0,38.0,99,64,45.8,6,48.0,1929,8.6,12.960,23,17.0
499.1,86,601.0,38.0,100,63,73.1,6,82.3,2092,20.4,12.960,23,23.9
502.2,86,604.0,38.0,100,63,66.1,6,67.7,1966,11.7,12.910,23,18.8
505.3,86,605.7,38.0,100,63,73.8,6,84.4,2005,22.6,12.972,23,26.9
508.4,86,612.0,37.6,100,64,75.7,6,86.5,2413,27.4,12.909,23,32.0
511.5,86,618.7,37.4,101,66,73.0,6,82.7,2451,26.9,12.960,21,31.6
514.6,86,620.0,37.3,101,67,66.3,6,74.8,2037,17.8,12.907,21,22.4
517.7,86,620.0,37.3,101,67,74.7,6,85.4,2230,24.8,12.960,21,30.4
520.8,86,624.0,37.4,100,68,74.5,6,86.2,2551,27.1,12.960,21,32.3
523.9,86,628.0,37.6,100,69,74.5,6,84.4,2602,26.9,12.960,21,32.4
527.0,86,630.3,37.6,100,70,72.0,6,81.1,2472,20.5,12.960,21,27.7
530.1,86,632.0,37.6,100,71,70.4,6,80.5,2300,21.6,12.925,21,25.9
533.2,86,632.0,37.6,100,71,71.2,6,81.3,2313,21.6,13.036,21,26.2
536.3,86,636.0,37.6,100,72,72.2,6,82.1,2392,22.0,13.005,21,26.7
539.4,86,636.0,37.6,100,72,67.6,6,77.4,2195,19.7,12.904,21,23.9
542.5,86,636.0,37.8,100,72,69.0,6,78.8,2187,20.4,12.969,21,24.7
545.6,86,636.0,37.6,100,72,69.0,6,79.2,2232,21.0,12.986,21,25.1
548.7,86,636.0,37.6,100,72,69.4,6,79.2,2234,20.8,12.897,21,25.8
551.8,86,636.0,37.6,100,73,71.3,6,81.3,2362,21.6,12.960,21,26.4
554.9,86,636.0,37.6,100,74,71.4,6,82.4,2436,22.4,12.960,21,27.4
558.0,86,640.0,37.6,100,75,72.2,6,81.7,2442,21.1,12.960,21,22.7
561.1,86,640.0,37.6,100,77,66.1,6,76.2,2356,18.2,12.972,21,22.9
564.2,86,638.6,37.3,100,80,65.3,6,67.3,2411,15.8,12.982,21,20.6
567.3,86,636.0,37.5,99,80,44.3,6,39.1,2413,6.2,12.960,21,14.5
570.4,86,624.1,37.8,101,79,18.2,6,17.9,2363,1.2,12.960,21,8.6
573.5,86,620.0,37.6,99,78,52.8,6,62.4,2403,13.3,12.925,21,18.7
576.6,86,623.0,37.3,100,80,68.6,6,79.1,2425,18.9,13.034,21,24.1
579.7,86,624.0,36.9,100,80,68.2,6,77.0,2436,18.6,12.974,21,23.7
582.8,86,627.8,36.9,100,80,69.8,6,80.4,2450,20.5,12.903,21,25.4
585.9,86,629.9,37.1,100,81,72.6,6,83.4,2600,24.4,12.893,21,31.6
589.0,86,632.0,37.3,100,80,73.1,6,82.4,2863,27.3,12.910,21,32.9
592.1,86,636.0,37.3,100,78,65.6,5,77.9,2387,22.4,12.960,20,27.3
595.2,86,636.0,37.3,100,76,73.8,5,84.3,2446,24.0,12.960,20,28.8
598.3,86,640.0,37.3,100,76,74.1,5,83.5,2678,28.5,12.960,20,34.0
601.4,86,640.4,37.3,100,76,72.9,5,84.4,2575,24.1,12.960,20,28.8
604.5,86,644.0,37.3,100,75,67.6,5,80.6,2548,25.4,12.881,20,25.9
607.6,86,644.0,37.3,100,75,70.2,5,80.4,2297,21.7,12.913,21,26.2
610.7,86,644.0,37.5,100,75,60.2,5,69.5,2270,16.7,13.040,21,11.8
613.8,86,640.0,37.7,99,75,32.4,5,28.8,2251,10.4,12.980,21,18.1
616.9,86,636.2,38.4,101,75,23.4,5,39.4,2236,10.7,13.016,21,6.9
620.0,86,632.0,38.8,101,74,61.3,5,52.0,2277,15.8,12.887,21,19.0
623.1,86,631.3,38.8,101,76,34.4,5,60.1,2300,17.0,12.915,21,6.8
626.2,86,628.0,39.2,100,75,49.3,5,66.7,2330,17.3,12.892,21,20.8
629.3,86,632.0,38.8,100,75,74.5,5,85.1,2651,28.2,12.960,21,33.3
632.4,86,635.8,38.5,100,75,75.0,5,83.8,2787,30.1,12.960,21,33.1
635.5,86,636.0,38.4,100,74,57.2,5,65.5,2292,15.8,12.896,21,17.1
638.6,86,632.1,38.4,99,73,59.3,5,68.0,2224,14.3,12.960,21,19.1
641.7,86,629.7,38.4,99,71,25.0,5,22.3,2146,7.1,12.819,21,15.0
644.8,86,627.8,38.4,99,70,45.4,5,34.1,2078,4.9,12.960,21,11.8
647.9,86,617.9,38.4,100,67,31.6,5,42.1,2000,10.2,12.960,21,13.3
651.0,86,616.0,38.4,99,66,62.5,5,70.4,2000,14.5,12.960,21,18.9
654.1,86,616.0,38.0,99,66,64.4,5,74.0,2028,16.9,12.960,21,20.8
657.2,86,615.8,38.0,100,66,36.7,5,44.7,2023,12.8,12.960,21,19.8
660.3,86,612.0,37.8,100,65,49.6,5,54.6,1992,10.3,12.960,21,16.7
663.4,86,612.4,38.0,100,66,70.7,5,80.9,2132,21.0,12.995,21,25.9
666.5,86,616.0,37.6,100,68,70.6,5,80.3,2262,20.8,12.963,21,25.6
669.6,86,620.0,37.6,100,69,73.7,5,84.0,2375,23.2,12.960,21,27.3
672.7,86,622.7,37.4,100,71,66.4,5,79.7,2430,23.0,12.948,21,26.2
675.8,86,620.0,37.3,100,71,61.4,5,67.8,2175,14.7,12.909,21,16.9
678.9,86,620.0,37.3,100,71,58.3,5,63.5,2169,13.7,12.983,21,21.7
682.0,86,618.3,37.6,100,71,54.6,5,66.9,2161,9.7,12.973,21,11.5
685.1,86,612.2,37.6,100,69,53.6,5,49.8,2094,6.1,12.960,21,7.1
688.2,86,612.0,37.4,100,68,34.8,5,42.8,2073,7.4,12.881,21,13.6
691.3,86,612.0,37.2,100,68,69.0,5,78.4,2093,18.4,12.960,21,21.9
694.4,86,612.0,36.6,100,69,69.4,5,81.1,2216,20.3,12.961,21,26.6
697.5,86,612.0,36.4,100,71,34.4,5,45.5,2139,11.0,12.960,21,13.0
700.6,86,612.0,36.1,100,72,46.4,5,56.3,2175,9.8,12.931,21,13.3
703.7,86,608.0,35.7,100,72,35.2,5,26.3,2156,0.9,12.960,21,7.7
706.8,86,602.1,35.7,100,71,10.9,5,13.5,2100,1.1,12.960,21,4.6
709.9,86,586.6,36.3,100,69,15.1,5,16.6,2046,1.1,12.960,21,6.7
713.0,86,583.6,36.9,99,67,28.6,5,32.7,2037,4.5,12.960,21,7.2
716.1,86,574.7,37.3,101,66,33.3,5,33.9,2049,3.0,12.960,21,6.2
719.2,86,576.0,37.4,100,66,59.7,5,65.2,2041,13.8,12.960,21,20.3
722.3,86,578.7,37.6,100,65,63.8,5,73.0,2032,17.3,12.960,21,20.9
725.4,86,585.0,37.6,100,63,72.8,5,83.0,2218,22.5,12.913,21,26.9
728.5,86,591.2,37.3,100,63,72.6,5,83.8,2346,23.1,12.960,21,27.8
731.6,86,597.3,37.3,101,63,73.7,5,83.8,2373,24.9,12.960,21,29.5
734.7,86,606.6,37.0,101,65,76.7,5,86.4,2521,27.9,12.960,21,33.3
737.8,86,609.9,36.9,100,65,75.7,5,86.0,2575,27.8,12.960,21,33.0
740.9,86,616.0,36.9,100,66,72.6,5,83.5,2351,22.9,12.960,21,26.0
744.0,86,617.9,36.7,100,67,69.3,5,81.6,2310,22.5,12.960,21,26.5
747.1,86,620.0,36.9,100,67,68.5,5,76.9,2057,16.9,12.993,21,17.7
750.2,87,620.0,36.9,100,67,51.0,5,49.5,2035,10.6,12.968,21,15.6
753.3,87,616.0,36.9,100,67,58.7,5,68.2,2032,14.1,12.960,21,18.1
756.4,87,616.0,36.9,100,67,67.9,5,77.6,2056,19.2,12.962,21,22.3
759.5,87,616.0,37.0,99,67,41.9,5,53.6,2045,12.2,12.976,21,14.0
762.6,87,616.0,37.3,99,68,52.2,5,58.9,2067,11.9,12.960,21,16.4
765.7,87,612.0,37.6,99,68,46.7,5,54.0,2077,10.2,12.960,21,14.0
768.8,87,612.0,38.0,100,69,64.7,5,72.3,2125,16.3,12.880,21,23.6
771.9,87,614.4,37.6,100,71,75.0,5,86.5,2497,28.0,12.960,21,34.6
775.0,87,616.8,37.6,100,72,69.8,5,81.7,2306,26.0,12.960,21,33.9
778.1,87,623.1,37.6,100,72,75.7,5,85.9,2568,29.8,12.960,21,35.4
781.2,87,625.7,37.3,100,72,76.1,5,86.7,2709,33.0,12.897,21,38.8
784.3,87,632.4,36.9,100,73,75.4,5,85.4,2741,33.5,12.960,21,38.9
787.4,87,636.0,36.7,100,75,72.6,5,77.6,2375,20.8,12.960,21,25.6
790.5,87,634.9,36.9,100,74,34.9,5,49.4,2243,12.2,12.960,21,15.6
793.6,87,628.6,36.9,100,71,40.1,5,43.0,2157,11.0,12.981,21,18.1
796.7,87,628.0,36.9,100,71,63.7,5,72.7,2150,17.0,12.991,21,21.7
799.8,87,628.0,36.9,100,70,53.2,5,58.7,2113,11.1,12.972,21,14.1
802.9,87,624.0,36.9,100,70,60.7,5,70.9,2111,15.5,12.966,21,18.5
806.0,87,619.5,37.3,100,68,13.8,5,18.5,2042,2.6,12.960,21,5.9
809.1,87,616.0,37.3,99,68,50.0,5,55.7,2053,11.4,12.960,21,15.8
812.2,87,614.6,37.3,98,68,38.8,5,49.3,2062,8.4,13.004,21,11.8
815.3,87,612.0,37.3,99,68,54.7,5,62.9,2086,13.6,12.960,21,17.4
818.4,87,612.0,37.3,100,70,68.2,5,77.7,2202,19.4,12.888,21,22.6
821.5,87,612.0,36.9,100,73,40.4,5,53.9,2211,11.7,12.960,21,18.7
824.6,87,609.7,37.3,100,72,14.8,5,17.8,2175,2.9,12.960,21,7.1
827.7,87,598.2,37.6,100,72,11.6,5,14.9,2139,0.4,13.001,21,4.6
830.8,86,582.4,38.0,101,68,10.2,5,11.7,2023,0.5,12.961,21,4.3
833.9,86,572.0,38.0,100,67,14.7,5,17.6,2012,1.6,12.969,21,5.7
837.0,86,563.1,38.0,101,66,10.2,5,11.7,1994,0.4,12.960,21,4.3
840.1,86,550.0,38.3,101,64,11.8,5,13.5,1943,0.1,12.967,21,5.0
843.2,86,534.7,38.8,101,60,13.6,5,14.5,1888,1.8,12.925,21,4.9
846.3,86,525.0,39.1,101,56,9.4,5,10.8,1727,0.4,12.960,21,3.5
849.4,86,514.5,39.2,101,51,14.2,5,10.6,1584,0.4,12.960,21,5.1
852.5,86,516.0,38.8,100,53,70.4,5,78.9,1861,18.4,13.013,23,21.3
855.6,86,531.7,38.6,100,56,76.9,5,87.8,2196,24.7,12.960,21,28.3
858.7,86,543.4,38.0,100,58,76.9,5,88.3,2413,26.9,12.960,21,31.1
861.8,86,557.0,37.6,100,59,78.1,5,89.3,2475,28.1,12.960,21,33.0
864.9,86,567.7,37.3,100,61,76.9,5,87.8,2493,27.8,12.960,21,32.9
868.0,86,578.4,37.1,100,63,76.6,5,87.7,2514,28.2,12.960,21,33.2
871.1,86,588.6,36.9,100,65,76.1,5,87.2,2543,28.2,12.960,21,33.3
874.2,86,595.0,36.5,100,67,74.9,5,83.9,2542,26.0,12.960,21,33.7
877.3,86,601.3,36.1,100,67,71.5,5,81.8,2227,20.0,13.014,21,23.5
880.4,86,604.0,36.1,100,68,71.5,5,82.2,2315,21.7,12.941,21,25.5
883.5,86,609.5,36.1,100,69,73.0,5,84.7,2432,23.4,12.880,21,28.7
886.6,86,612.0,36.1,100,70,63.6,5,75.2,2308,18.0,12.932,21,19.6
889.7,86,612.0,36.1,100,70,61.9,5,71.5,2137,16.5,12.963,21,18.1
892.8,86,612.0,36.1,100,70,33.4,5,53.2,2111,11.7,12.892,21,18.6
895.9,86,609.0,36.5,100,70,59.9,5,68.3,2116,15.6,12.960,21,19.9
899.0,86,609.0,36.1,99,70,66.7,5,76.9,2125,18.4,12.960,21,22.8
902.1,86,612.0,36.1,100,70,68.8,5,79.8,2215,20.5,12.940,21,25.1
905.2,86,614.1,35.9,100,71,70.2,5,80.3,2294,21.2,12.952,21,26.0
908.3,86,616.0,35.7,100,71,50.4,5,66.9,2255,18.5,12.960,21,25.0
911.4,86,616.0,35.7,100,71,64.2,5,73.1,2175,17.0,13.038,21,21.6
914.5,86,614.2,35.8,100,71,41.1,5,54.1,2165,13.6,12.960,21,12.8
917.6,86,608.0,36.3,100,71,37.9,5,44.0,2130,8.3,12.960,21,12.2
920.7,86,607.4,36.5,100,71,41.1,5,43.2,2141,6.3,12.960,21,11.9
923.8,86,595.9,37.1,101,70,10.6,5,12.1,2074,0.4,12.960,21,4.9
926.9,86,588.0,37.5,100,67,37.7,5,41.8,2012,5.9,13.009,21,10.5
930.0,86,588.0,37.3,99,66,47.5,5,55.1,2077,9.5,12.960,21,13.8
933.1,86,585.8,37.1,99,66,57.9,5,65.4,2077,13.5,13.026,21,17.2
936.2,86,588.0,36.9,100,67,67.1,5,78.2,2139,18.3,12.960,21,22.6
939.3,86,592.0,36.3,100,68,65.8,5,76.8,2210,19.5,12.960,21,23.0
942.4,86,592.0,36.1,100,68,48.6,5,56.9,2078,13.1,12.869,21,17.8
945.5,86,592.0,36.1,100,68,57.7,5,65.1,2075,13.9,13.015,21,17.9
948.6,86,592.0,36.1,100,69,56.4,5,64.2,2098,12.9,12.960,21,15.3
951.7,86,592.0,36.1,99,70,23.0,5,31.4,2096,7.7,12.992,21,14.9
954.8,86,589.2,36.7,99,70,36.5,5,41.7,2114,6.8,12.960,21,13.5
957.9,86,588.0,36.5,101,71,55.5,5,62.3,2208,12.7,13.004,21,17.0
961.0,86,585.2,36.8,101,71,25.2,5,22.3,2121,1.5,13.031,21,7.4
964.1,86,580.0,37.3,101,70,42.1,5,46.2,2145,8.7,12.905,21,13.3
967.2,86,580.0,37.3,100,70,45.2,5,51.9,2162,8.3,12.960,21,11.8
970.3,86,578.0,37.6,100,70,37.5,5,49.2,2122,1.1,12.960,21,7.4
973.4,86,576.3,37.6,99,70,47.8,5,54.0,2256,11.7,12.960,21,15.5
976.5,86,580.0,37.4,99,72,62.3,5,67.7,2310,13.7,12.960,21,20.0
979.6,86,580.0,37.6,99,72,42.4,5,28.0,2165,4.8,12.960,21,12.9
982.7,86,583.7,37.4,99,72,59.8,5,64.3,2232,12.9,12.960,21,19.3
985.8,86,584.0,37.3,99,72,51.7,5,59.5,2225,12.6,12.960,21,16.7
988.9,86,588.0,36.9,99,72,61.4,5,70.6,2262,15.3,12.960,21,19.7
992.0,86,588.0,36.9,100,73,50.8,5,63.1,2278,17.4,12.961,21,21.7
995.1,86,588.8,36.9,100,75,62.6,5,67.5,2283,16.9,12.996,21,22.0
998.2,86,592.0,36.9,100,74,50.5,5,53.3,2267,4.1,13.042,21,6.7
1001.3,86,588.0,37.3,100,73,23.2,5,57.1,2251,9.0,13.007,21,10.5
1004.4,86,591.0,36.9,100,73,68.8,5,79.7,2358,19.7,12.960,21,24.7
1007.5,86,597.9,36.9,100,73,73.9,5,84.9,2549,25.0,12.960,21,29.8
1010.6,86,604.0,36.4,100,73,73.7,5,84.6,2774,28.7,12.960,21,34.0
1013.7,86,609.8,35.8,100,74,73.7,5,82.5,2747,26.2,12.960,21,34.5
1016.8,86,612.0,35.3,100,75,67.3,5,76.9,2337,17.4,12.960,21,19.4
1019.9,86,612.0,35.0,100,75,63.5,5,73.9,2299,17.9,12.960,21,22.5
1023.0,86,616.0,34.5,100,76,50.5,5,57.8,2290,14.7,12.960,21,22.7
1026.1,86,616.0,34.1,100,76,72.6,5,83.1,2455,23.2,12.930,21,29.6
1029.2,86,620.0,33.3,100,76,47.2,5,60.9,2309,13.2,12.800,21,10.1
1032.3,86,616.0,33.3,100,73,46.3,5,50.0,2243,9.4,12.883,21,13.0
1035.4,86,612.8,33.3,99,73,54.5,5,62.5,2237,12.5,12.960,21,16.9
1038.5,86,613.6,33.3,99,73,69.4,5,79.7,2273,20.6,12.960,21,23.1
1041.6,86,616.0,33.7,100,74,72.2,5,83.1,2535,24.1,12.800,21,29.1
1044.7,86,622.2,34.3,100,75,72.2,5,81.7,2624,24.3,12.940,21,29.8
1047.8,86,624.2,34.9,100,76,72.2,5,81.9,2597,24.5,12.960,21,29.5
1050.9,86,628.0,35.3,100,75,73.7,5,83.8,2684,28.2,12.960,21,33.4
1054.0,86,633.3,35.3,100,74,73.0,5,83.1,2726,28.5,12.960,21,34.3
1057.1,86,632.2,35.6,100,73,68.7,5,75.4,2316,19.9,12.840,21,27.3
1060.2,86,636.0,35.7,100,72,73.5,5,83.9,2594,27.2,12.960,21,32.4
1063.3,86,636.0,36.1,100,71,70.0,5,82.1,2399,20.6,13.040,21,22.0
1066.4,86,638.1,36.1,100,71,71.9,5,81.2,2330,23.0,13.040,21,27.4
1069.5,86,640.0,36.1,100,72,74.1,5,83.8,2504,25.4,12.910,21,29.6
1072.6,86,642.3,35.5,100,74,72.4,5,81.5,2662,26.9,12.960,21,32.7
1075.7,86,643.9,34.9,100,76,53.5,5,64.3,2360,13.5,12.960,20,20.6
1078.8,86,640.0,34.5,99,76,32.4,5,42.2,2312,8.4,12.961,21,13.0
1081.9,86,635.2,34.0,100,76,29.1,5,31.2,2280,4.4,12.990,21,9.8
1085.0,86,632.0,33.4,99,77,52.7,5,63.5,2340,12.9,12.960,21,17.7
1088.1,86,628.0,32.9,99,78,55.8,5,66.3,2362,13.8,12.896,21,18.6
1091.2,86,628.0,32.5,99,77,62.1,5,68.9,2350,15.2,12.960,21,20.2
1094.3,86,628.0,33.1,100,77,66.9,5,77.5,2334,19.2,12.960,21,23.8
1097.4,86,628.0,33.4,100,76,67.5,5,78.0,2325,19.9,12.960,21,24.6
1100.5,86,631.1,33.7,99,76,60.5,5,72.1,2321,17.8,12.973,21,19.7
1103.6,86,628.0,33.9,99,76,56.0,5,64.2,2312,13.3,12.973,21,17.3
1106.7,86,628.0,34.1,99,77,55.6,5,65.5,2333,13.6,12.980,21,18.5
1109.8,86,628.0,33.7,99,77,63.6,5,71.5,2366,17.1,12.978,21,21.8
1112.9,86,628.0,33.2,99,78,53.5,5,64.5,2362,14.4,12.960,21,20.2
1116.0,86,624.0,32.9,99,77,49.6,5,55.1,2345,10.6,12.960,21,15.1
1119.1,86,624.0,32.3,99,78,54.3,5,63.7,2371,14.7,12.960,21,19.4
1122.2,86,624.0,32.5,99,77,46.3,5,61.1,2382,11.6,12.960,21,14.6
1125.3,86,624.0,32.7,99,78,52.4,5,62.1,2371,12.9,12.960,21,13.5
1128.4,86,620.0,32.9,99,77,49.8,5,58.6,2387,11.1,12.919,21,15.2
1131.5,86,620.0,33.3,99,78,63.3,5,72.6,2391,17.3,12.880,21,22.0
1134.6,86,618.5,33.4,100,78,17.0,5,23.5,2343,6.5,12.960,21,15.1
1137.7,86,615.1,33.7,99,76,57.2,5,68.2,2409,14.9,12.960,21,19.1
1140.8,86,616.0,33.7,100,75,64.3,5,73.8,2315,16.7,12.960,21,21.2
1143.9,86,612.4,33.7,99,74,57.0,5,64.2,2272,8.0,12.960,21,12.4
1147.0,86,612.0,33.7,99,72,36.8,5,47.8,2200,9.4,12.960,21,12.4
1150.1,86,611.3,34.1,99,72,42.3,5,52.7,2200,11.2,12.915,21,16.0
1153.2,86,610.7,34.1,99,72,59.4,5,68.5,2259,14.2,12.960,21,18.8
1156.3,86,612.0,34.1,100,72,65.6,5,75.5,2250,14.5,12.960,21,18.3
1159.4,86,612.0,34.4,99,72,44.9,5,61.6,2228,13.9,12.975,21,12.6
1162.5,86,608.0,34.5,99,72,28.7,5,48.8,2179,9.0,12.982,21,8.9
1165.6,86,604.0,34.5,100,70,52.0,5,56.8,2214,12.5,12.905,21,16.6
1168.7,86,608.0,34.1,100,71,71.4,5,82.8,2440,21.9,12.947,21,26.9
1171.8,86,611.2,33.7,101,72,67.7,5,74.5,2272,9.3,12.960,21,18.3
1174.9,86,601.5,34.4,101,68,10.2,5,11.8,2053,1.0,12.912,21,4.3
1178.0,86,592.0,34.9,101,66,47.3,5,52.7,2083,9.1,12.850,21,13.2
1181.1,86,592.1,34.5,99,65,58.8,5,67.3,2050,13.6,12.912,21,16.9
1184.2,86,596.0,34.3,99,65,65.4,5,75.1,2087,16.5,12.960,21,20.4
1187.3,86,596.7,34.1,100,66,69.2,5,78.3,2146,18.4,12.980,21,22.9
1190.4,86,600.0,33.7,100,68,68.7,5,78.7,2220,20.4,12.960,21,23.9
1193.5,86,604.0,34.1,100,68,67.5,5,78.1,2190,19.6,12.927,21,23.0
1196.6,86,604.0,34.4,100,70,64.8,5,74.6,2129,16.5,12.960,21,21.2
1199.7,86,604.0,35.0,100,70,64.3,5,75.3,2149,17.2,12.898,21,21.2
1202.8,86,607.8,35.3,100,71,64.9,5,74.8,2164,17.1,13.024,21,21.8
1205.9,86,608.0,34.9,100,71,68.7,5,78.9,2225,20.4,13.038,21,24.7
1209.0,86,608.0,34.9,100,72,60.7,5,71.7,2225,17.0,12.951,21,22.8
1212.1,86,608.0,34.9,99,73,61.2,5,71.0,2240,15.1,12.888,21,11.1
1215.2,86,612.0,34.8,99,73,60.4,5,72.0,2250,16.9,13.010,21,21.0
1218.3,86,608.8,34.2,99,73,47.1,5,53.8,2217,11.5,12.890,21,19.3
1221.4,86,606.7,34.1,99,70,16.5,5,13.6,2096,2.5,12.960,21,9.6
1224.5,86,600.3,34.1,99,67,55.5,5,64.1,2081,12.9,12.858,21,18.1
1227.6,86,604.0,33.7,100,68,72.2,5,82.2,2285,21.9,12.960,21,26.4
1230.7,86,608.0,33.3,100,68,63.9,5,67.4,2167,14.2,12.960,21,20.4
1233.8,86,608.0,33.3,99,68,62.4,5,73.9,2087,14.4,12.960,21,18.8
1236.9,86,608.0,33.3,99,68,65.8,5,75.6,2095,17.1,12.915,21,21.6
1240.0,86,608.0,33.3,100,69,61.9,5,65.7,2169,19.8,13.036,21,24.6
1243.1,86,607.2,33.4,100,67,44.2,5,47.2,2040,7.9,12.960,21,11.1
1246.2,86,604.0,33.7,99,68,62.8,5,73.0,2062,15.5,12.960,23,20.6
1249.3,86,604.0,33.7,99,70,63.6,5,74.7,2126,15.3,12.911,23,14.0
1252.4,86,604.0,33.7,99,72,49.3,5,60.2,2172,11.3,12.960,23,15.8
1255.5,86,604.0,33.7,99,75,61.7,5,57.4,2283,8.8,12.862,23,12.9
1258.6,86,604.0,34.0,100,76,36.0,5,35.0,2308,11.0,12.882,23,19.0
1261.7,86,605.4,34.2,100,77,74.8,5,85.9,2519,26.6,12.960,23,31.0
1264.8,86,611.3,34.2,100,76,76.4,5,85.3,2812,30.4,12.902,23,37.0
1267.9,86,616.0,33.7,100,76,60.4,5,70.5,2326,16.6,12.960,21,23.4
1271.0,86,616.0,33.7,100,76,71.1,5,81.8,2336,21.0,13.005,21,23.0
1274.1,86,617.5,33.3,99,76,47.2,5,62.6,2300,13.1,12.960,21,13.4
1277.2,86,616.9,33.3,99,76,72.5,5,82.7,2644,26.3,12.960,21,27.2
1280.3,86,622.7,33.3,101,78,76.5,5,85.4,2831,33.0,13.035,21,39.3
1283.4,86,628.0,33.4,101,80,73.0,5,82.9,2502,25.4,12.984,21,32.1
1286.5,86,628.0,33.7,101,80,67.6,5,74.4,2421,15.9,12.960,21,22.2
1289.6,86,628.0,33.8,100,80,48.5,5,56.7,2401,14.7,12.846,21,20.4
1292.7,86,631.5,34.4,100,80,77.3,5,87.7,2725,33.6,12.960,21,41.2
1295.8,86,636.0,34.5,100,80,74.3,5,84.7,3048,33.4,12.960,21,39.2
1298.9,86,640.0,34.5,100,80,71.6,5,80.8,2933,28.0,12.880,21,34.4
1302.0,86,640.0,34.2,100,80,66.5,5,75.4,2922,22.8,12.960,21,29.7
1305.1,86,640.0,34.1,100,80,61.3,5,72.8,2425,20.1,12.960,21,24.7
1308.2,86,640.0,34.1,100,80,69.7,5,79.9,2458,20.2,12.883,21,25.5
1311.3,86,640.0,34.1,100,81,70.0,5,80.0,2486,21.5,13.036,21,27.5
1314.4,86,644.0,34.1,100,80,71.4,5,80.3,2646,24.5,12.919,21,30.4
1317.5,86,644.0,34.1,100,80,75.3,5,84.5,2876,32.8,12.960,21,39.2
1320.6,86,648.0,33.5,100,81,72.9,5,83.1,2975,31.8,12.895,20,37.8
1323.7,86,648.0,33.0,100,81,73.4,5,82.8,2963,31.9,12.970,20,37.4
1326.8,86,652.0,32.9,100,81,73.7,5,84.5,2962,31.8,12.946,20,38.0
1329.9,86,652.1,32.9,100,82,73.7,5,82.6,2969,30.7,12.960,20,37.1
1333.0,86,656.0,33.3,100,82,72.5,5,80.8,2964,29.7,13.036,20,32.7
1336.1,86,655.6,33.3,100,83,64.6,5,71.0,2550,15.9,12.875,20,21.6
1339.2,86,652.0,33.3,99,83,57.3,5,65.6,2550,14.9,12.951,20,20.2
1342.3,86,652.0,33.3,99,85,66.1,5,76.7,2572,20.6,12.880,21,24.7
1345.4,86,652.0,33.0,100,85,68.2,5,78.0,2593,21.1,12.960,21,25.9
1348.5,86,650.4,32.9,100,85,67.1,5,77.4,2600,20.5,13.019,21,24.7
1351.6,86,648.0,33.3,100,85,66.4,5,75.0,2587,19.4,12.880,21,24.5
1354.7,86,648.0,33.3,100,85,66.7,5,75.8,2590,19.6,12.960,21,25.1
1357.8,86,648.0,33.3,100,84,60.6,5,58.4,2566,12.0,13.017,21,20.4
1360.9,86,644.1,33.7,99,82,25.3,5,33.8,2475,5.1,12.929,21,10.8
1364.0,86,633.2,33.9,99,79,33.2,5,37.1,2384,6.2,13.035,21,12.8
1367.1,86,632.0,34.1,99,78,48.3,5,58.3,2365,10.8,12.960,21,16.2
1370.2,86,632.0,33.9,99,78,59.5,5,68.5,2365,14.6,12.960,21,19.1
1373.3,86,632.0,33.7,99,78,63.4,5,75.3,2384,17.8,12.960,21,22.1
1376.4,86,632.0,33.4,101,78,74.5,5,84.9,2549,26.5,12.960,21,31.2
1379.5,86,636.0,33.2,101,78,75.3,5,83.5,2814,29.5,12.907,21,35.5
1382.6,86,639.6,32.9,101,76,75.3,5,83.5,2797,29.8,12.960,21,35.7
1385.7,86,644.0,32.5,101,76,74.5,5,83.5,2762,29.8,12.960,20,35.3
1388.8,86,648.0,32.5,100,76,72.9,5,82.1,2714,27.3,12.960,20,30.2
1391.9,86,644.0,32.5,100,76,62.9,5,73.2,2332,17.8,13.033,21,21.6
1395.0,86,644.1,32.5,100,78,73.1,5,83.2,2457,23.6,12.916,21,27.5
1398.1,86,648.0,32.5,100,81,72.2,5,80.5,2760,25.5,12.960,21,31.4
1401.2,86,648.0,32.6,100,81,72.2,5,81.1,2731,25.9,12.960,21,31.2
1404.3,86,648.0,32.9,100,79,73.1,5,82.5,2644,25.2,12.960,21,33.3
1407.4,86,652.0,33.1,100,78,62.4,5,72.8,2409,18.4,12.960,21,26.1
1410.5,86,648.0,33.7,99,80,48.7,5,56.7,2398,10.6,12.960,21,16.3
1413.6,86,648.0,33.7,99,80,58.2,5,66.0,2454,14.5,12.960,21,20.0
1416.7,86,644.0,33.7,99,82,64.3,5,74.8,2539,18.7,12.960,21,23.5
1419.8,86,644.0,33.7,100,83,66.7,5,76.4,2550,18.8,12.960,21,23.3
1422.9,86,644.0,33.7,99,82,63.0,5,72.6,2510,16.9,12.960,21,23.2
1426.0,86,644.0,33.7,100,82,71.7,5,81.7,2608,24.4,12.837,21,29.8
1429.1,86,646.6,33.7,100,81,72.6,5,82.3,2856,27.5,12.955,21,33.0
1432.2,86,648.0,33.6,100,79,72.8,5,81.3,2821,27.1,12.935,21,33.1
1435.3,86,648.3,33.3,100,77,72.8,5,82.4,2777,27.7,12.960,21,33.3
1438.4,86,652.0,33.3,100,76,69.7,5,77.7,2622,25.9,12.960,21,33.3
1441.5,86,650.5,33.3,100,75,66.6,5,73.6,2278,17.0,12.960,21,22.9
1444.6,86,648.0,33.3,99,73,64.8,5,75.6,2244,18.5,12.960,21,23.3
1447.7,86,648.0,33.1,100,74,69.9,5,81.2,2301,21.7,12.960,21,25.8
1450.8,86,648.0,32.9,100,75,70.6,5,81.6,2449,22.0,12.902,21,26.7
1453.9,87,648.0,32.9,100,79,71.1,5,82.0,2402,21.7,13.023,21,25.0
1457.0,87,648.0,32.6,99,79,59.9,5,70.5,2402,18.9,12.978,21,19.5
1460.1,87,644.0,32.9,99,77,44.7,5,57.5,2325,11.1,12.977,21,10.8
1463.2,87,639.7,32.9,99,74,31.1,5,34.3,2214,4.7,12.960,21,9.2
1466.3,87,633.9,32.7,98,72,46.6,5,49.9,2188,9.2,12.960,21,13.2
1469.4,87,631.9,32.2,99,73,26.0,5,30.1,2179,5.8,12.854,21,17.4
1472.5,87,621.8,31.6,100,73,19.0,5,23.9,2182,2.7,12.888,23,5.7
1475.6,87,608.1,31.0,101,72,13.2,5,16.1,2157,0.7,12.992,23,5.2
1478.7,86,594.2,30.4,101,72,12.0,5,13.8,2136,0.4,12.967,23,5.0
1481.8,86,579.8,29.8,101,70,10.2,5,12.1,2109,0.6,12.960,23,5.4
1484.9,86,573.7,29.8,101,71,29.4,5,31.0,2177,5.2,12.960,23,10.8
1488.0,86,576.0,29.8,100,73,53.7,5,62.5,2296,12.2,12.960,23,16.4
1491.1,86,576.0,30.5,99,73,42.2,5,54.5,2292,9.6,12.941,23,9.6
1494.2,86,577.3,30.6,100,73,72.3,5,83.3,2370,21.7,12.907,23,26.2
1497.3,86,585.7,30.6,100,73,70.1,5,80.2,2482,23.5,12.880,23,29.8
1500.4,86,589.1,30.7,100,73,65.6,5,75.2,2227,17.8,12.933,23,21.6
1503.5,86,592.0,30.7,99,72,58.4,5,68.1,2188,13.6,12.919,23,18.2
1506.6,86,592.0,30.1,99,71,49.7,5,57.7,2137,10.5,12.974,23,14.7
1509.7,86,592.0,29.4,99,69,52.1,5,60.0,2092,11.6,12.960,23,15.5
1512.8,87,592.0,28.4,99,68,58.3,5,67.1,2076,13.8,12.884,23,18.2
1515.9,87,596.0,27.8,100,68,64.4,5,74.3,2079,16.9,12.969,23,21.2
1519.0,87,596.0,28.2,100,67,67.1,5,76.8,2102,18.3,13.027,23,21.6
1522.1,87,600.0,28.6,100,67,72.4,5,83.5,2318,22.9,12.960,23,27.6
1525.2,87,604.0,28.6,100,67,73.7,5,84.4,2444,23.7,12.908,23,28.5
1528.3,87,610.1,28.8,100,67,72.3,5,83.4,2420,23.5,12.960,23,28.2
1531.4,87,612.0,29.0,100,66,66.7,5,77.2,2122,18.8,12.960,23,21.9
1534.5,87,614.3,30.0,100,65,72.2,5,82.2,2171,22.4,12.960,23,25.7
1537.6,87,616.0,29.8,100,64,71.0,5,80.8,2225,22.2,12.960,23,26.7
1540.7,87,620.0,29.4,100,63,71.9,5,81.6,2246,22.5,12.960,23,27.5
1543.8,87,625.0,29.5,100,62,76.1,5,86.9,2407,28.7,12.960,23,32.4
1546.9,87,628.0,30.1,100,63,76.3,5,86.9,2646,34.6,12.960,23,40.0
1550.0,87,634.1,30.6,100,65,75.7,5,86.0,2928,34.2,12.960,23,40.4
1553.1,87,640.0,31.0,100,65,75.1,5,83.7,2968,33.1,12.967,21,39.6
1556.2,87,646.1,31.0,100,65,73.0,5,83.3,2847,31.9,12.963,21,31.9
1559.3,87,644.0,30.6,99,65,70.8,5,81.0,2113,21.2,12.960,22,24.0
1562.4,87,645.6,29.9,99,65,73.3,5,84.1,2335,23.8,12.960,23,27.8
1565.5,87,648.0,29.2,99,66,75.2,5,85.5,2557,26.0,12.960,23,31.8
1568.6,87,651.9,28.6,100,68,75.7,5,84.2,2906,38.0,12.913,23,42.9
1571.7,87,652.0,27.9,100,70,72.4,5,82.3,3122,31.7,12.960,23,37.5
1574.8,87,655.7,27.2,99,69,59.3,5,60.0,2530,20.3,12.960,24,31.7
1577.9,87,650.0,26.5,99,66,36.5,5,31.8,1987,4.0,12.891,24,12.7
1581.0,87,648.0,26.3,99,65,68.9,5,79.2,2036,20.0,12.960,24,22.9
1584.1,87,643.1,27.1,99,64,49.2,5,44.7,2204,1.1,12.960,25,10.3
1587.2,87,628.0,28.2,100,61,14.6,5,19.8,1830,5.5,12.960,25,4.7
1590.3,87,628.0,28.6,100,61,68.0,5,80.0,1994,21.3,12.960,25,23.1
1593.4,87,626.8,28.6,100,61,17.1,5,36.2,1943,11.1,12.960,25,14.6
1596.5,87,617.2,29.3,100,58,29.3,5,29.9,1753,9.8,12.960,25,14.9
1599.6,87,616.0,29.8,100,58,53.1,5,61.2,1762,11.0,12.960,25,14.6
1602.7,87,612.4,29.8,100,56,29.0,5,31.1,1700,3.3,12.960,25,7.8
1605.8,87,605.9,30.4,100,54,31.3,5,34.6,1634,4.6,12.960,25,8.1
1608.9,87,599.2,30.6,100,52,16.9,5,19.7,1565,0.6,12.960,25,3.8
1612.0,87,586.7,31.0,100,47,10.5,5,12.4,1414,0.4,13.038,25,3.5
1615.1,87,574.2,31.3,100,39,11.8,5,14.0,1267,0.4,12.960,25,3.5
1618.2,87,561.8,31.3,100,32,12.1,5,14.7,1267,0.4,12.960,25,3.5
1621.3,87,553.0,32.0,100,23,18.8,5,21.2,1217,0.4,12.960,25,4.9
1624.4,87,544.2,32.9,100,12,22.4,5,26.9,1161,0.4,12.960,25,5.1
1627.5,86,533.3,33.3,100,7,17.1,5,20.8,1020,0.4,12.960,26,4.0
1630.6,86,522.9,33.3,100,5,20.8,5,27.6,786,0.4,12.960,26,3.5
1633.7,86,513.2,33.3,100,4,24.9,5,32.6,1057,2.2,12.880,26,4.7
1636.8,86,508.6,32.9,100,6,20.0,5,23.5,927,0.9,12.944,26,4.5
1639.9,86,500.2,32.5,100,5,21.0,5,24.0,1074,0.2,12.960,26,7.1
1643.0,86,493.7,32.5,100,5,25.9,5,32.1,1189,0.4,12.960,26,5.8
1646.1,86,487.2,32.5,100,5,25.9,5,31.4,1313,0.9,13.006,26,5.4
1649.2,86,481.1,32.2,100,5,18.7,5,21.8,1249,0.6,12.887,26,5.1
1652.3,86,474.9,31.8,100,7,16.3,5,17.2,1285,1.1,12.989,26,6.5
1655.4,86,472.0,31.5,99,13,58.6,5,67.4,1904,13.9,12.960,27,15.8
1658.5,86,484.8,30.9,99,23,77.4,5,88.6,2050,27.5,12.960,27,31.3
1661.6,86,506.5,30.3,99,31,77.1,5,88.6,2035,29.4,12.839,27,33.7
1664.7,86,525.8,30.2,99,37,76.9,5,91.0,2104,47.6,13.036,27,34.2
1667.8,86,537.4,29.8,99,40,76.9,5,88.6,2153,30.8,12.917,27,35.2
1670.9,87,557.0,29.4,99,43,76.5,5,88.6,2216,30.7,12.960,27,35.3
1674.0,87,569.9,29.8,99,47,76.1,5,87.9,2283,31.4,12.960,27,36.4
1677.1,87,582.3,30.1,99,51,76.4,5,87.9,2628,35.0,12.960,27,40.3
1680.2,87,595.5,29.8,99,54,73.4,5,83.1,2961,32.4,12.960,27,39.6
1683.3,87,607.4,29.4,99,56,70.5,5,80.8,3106,29.4,12.960,27,34.9
1686.4,87,616.7,29.0,99,58,69.7,5,80.5,3090,27.5,12.960,27,33.1
1689.5,87,624.1,28.6,99,62,74.2,5,79.8,3735,24.8,12.960,27,32.6
1692.6,87,628.0,27.9,98,65,64.8,5,72.2,3595,20.5,12.960,27,28.0
1695.7,87,629.0,27.5,99,67,72.0,5,79.6,3403,25.4,12.960,27,30.0
1698.8,87,632.0,27.7,99,68,63.8,5,72.3,3200,19.9,12.960,27,26.7
1701.9,87,632.0,28.2,99,70,67.4,5,76.5,3353,21.3,12.960,27,28.1
1705.0,87,634.8,28.2,99,70,67.2,5,76.4,3471,23.7,12.960,28,27.7
1708.1,87,634.8,28.3,99,71,36.4,5,37.1,2360,12.7,12.960,28,23.7
1711.2,87,632.0,28.6,99,69,62.7,5,71.6,2120,17.0,12.960,28,14.1
1714.3,87,632.0,29.0,99,68,70.4,5,81.8,2215,22.6,12.960,28,27.3
1717.4,87,632.0,29.0,99,66,70.0,5,81.0,2305,22.9,13.137,28,27.7
1720.5,87,634.1,29.2,99,64,73.0,5,85.3,2404,27.9,13.270,28,33.8
1723.6,87,640.0,29.0,99,62,74.6,5,86.4,2539,34.5,13.556,28,39.8
1726.7,87,642.6,28.6,99,60,75.8,5,87.3,2732,41.6,13.707,28,48.3
1729.8,87,648.7,28.6,99,58,76.3,5,87.6,2856,43.4,13.762,28,49.5
1732.9,87,654.9,28.4,99,58,75.7,5,86.6,2937,40.1,13.760,28,47.0
1736.0,87,661.1,28.2,99,58,75.9,5,86.6,2949,39.8,13.703,28,45.7
1739.1,87,667.4,28.2,99,58,74.2,5,87.1,2958,40.0,13.763,28,46.3
1742.2,87,669.5,27.7,99,58,74.8,5,86.7,2961,41.6,13.760,28,47.3
1745.3,87,675.3,27.5,99,58,75.1,5,85.5,2964,41.7,13.760,28,49.0
1748.4,87,677.6,27.1,98,57,76.9,5,85.9,2973,43.5,13.760,28,48.7
1751.5,87,680.3,27.1,98,57,74.9,5,86.2,2977,42.6,13.785,28,47.5
1754.6,87,684.0,27.1,98,57,75.3,5,84.6,2978,41.3,13.689,28,47.5
1757.7,87,688.0,27.1,98,57,74.6,5,85.2,2978,42.1,13.793,28,47.5
1760.8,87,688.0,27.1,98,57,72.1,5,80.8,2924,36.3,13.740,28,47.1
1763.9,87,688.0,27.1,98,57,64.4,5,77.4,2810,19.4,13.752,28,35.2
1767.0,87,688.7,27.5,98,56,70.0,5,83.4,2761,39.0,13.802,28,43.8
1770.1,87,692.0,27.5,98,55,76.9,5,88.5,2828,47.8,13.828,28,53.6
1773.2,87,696.0,27.5,98,55,77.5,5,88.6,2935,46.8,13.760,28,52.8
1776.3,87,696.0,27.5,98,56,77.4,5,88.2,3082,45.5,13.760,27,52.5
1779.4,87,700.0,26.9,98,56,78.2,5,91.2,3233,42.8,13.760,27,49.4
1782.5,87,700.3,26.3,98,57,80.0,5,91.9,3340,42.6,13.799,27,49.1
1785.6,87,704.0,26.1,98,59,80.6,5,91.7,3514,44.0,13.760,27,50.7
1788.7,87,704.0,25.8,98,60,82.6,5,93.2,3639,45.6,13.815,27,52.6
1791.8,87,704.0,25.1,98,61,85.8,5,93.9,3807,49.5,13.760,27,56.9
1794.9,87,704.0,24.2,98,62,86.2,5,92.2,3996,54.4,13.702,27,62.1
1798.0,87,704.0,23.9,98,64,85.9,5,92.0,4088,52.4,13.747,27,62.3
1801.1,87,700.0,23.5,98,66,85.6,5,91.0,4250,52.3,13.680,27,59.6
1804.2,87,696.0,23.5,97,68,76.3,5,87.1,3520,38.9,13.715,27,40.5
1807.3,87,696.0,23.7,97,67,77.3,5,88.1,3159,46.0,13.760,27,52.3
1810.4,87,696.0,24.0,97,66,78.5,5,90.8,3246,43.1,13.760,27,49.4
1813.5,87,696.0,24.3,97,65,75.3,5,88.4,3234,41.3,13.760,27,47.1
1816.6,87,694.7,24.3,97,66,73.7,5,85.9,3175,38.2,13.701,27,44.7
1819.7,87,691.9,24.3,97,68,67.5,5,75.2,3052,20.8,13.760,27,34.1
1822.8,87,685.6,25.1,97,67,42.6,5,49.4,2039,9.4,13.760,27,13.0
1825.9,87,679.2,25.9,97,67,17.2,5,25.1,2024,5.7,13.840,27,7.6
1829.0,87,669.3,26.7,97,68,43.5,5,53.9,2046,12.4,13.679,27,17.5
1832.1,87,657.5,27.2,97,68,11.0,5,19.8,2047,0.5,13.692,27,4.9
1835.2,87,639.8,28.3,97,68,11.6,5,13.3,2016,0.4,13.826,27,4.8
1838.3,87,626.5,29.4,97,65,10.2,5,11.9,1945,0.4,13.721,27,4.3
1841.4,86,610.5,30.1,97,64,10.2,5,11.8,1906,0.4,13.744,27,4.3
1844.5,86,597.3,30.6,97,62,9.4,5,11.5,1878,0.4,13.726,27,4.3
1847.6,86,582.5,30.8,98,62,10.9,5,12.5,1869,0.4,13.766,27,3.9
1850.7,86,566.5,31.4,98,61,12.4,5,14.7,1841,0.4,13.795,27,4.9
1853.8,86,551.8,31.1,98,60,12.9,5,14.9,1828,0.5,13.760,28,5.1
1856.9,86,542.7,30.9,98,60,17.7,5,19.4,1826,2.4,13.760,28,7.5
1860.0,86,543.6,30.3,97,61,34.9,5,38.0,1975,6.2,13.783,28,11.7
1863.1,86,540.0,30.3,98,62,23.3,5,27.5,1876,4.2,13.840,28,7.7
1866.2,86,536.5,30.6,98,63,23.2,5,28.8,1886,4.7,13.778,28,8.1
1869.3,86,536.0,30.6,97,64,47.6,5,56.6,1956,10.4,13.785,28,14.2
1872.4,86,540.0,31.0,97,66,53.2,5,62.6,2062,12.2,13.788,28,16.8
1875.5,86,540.3,31.2,97,67,27.7,5,17.3,2013,2.2,13.551,28,8.7
1878.6,86,535.7,31.8,98,67,15.3,5,17.7,2027,1.2,13.286,28,5.6
1881.7,86,529.2,32.4,98,66,10.6,5,12.2,2018,0.8,12.964,28,6.1
1884.8,86,525.8,32.6,98,64,10.2,5,12.2,1933,0.5,13.040,28,4.3
1887.9,86,512.8,33.2,98,62,11.2,5,12.9,1874,0.4,13.002,28,4.7
1891.0,86,500.0,33.7,98,60,20.8,5,22.9,1803,3.7,13.006,28,7.8
1894.1,86,503.7,33.4,98,61,31.6,5,50.2,1998,12.1,13.040,28,16.1
1897.2,86,504.0,33.3,98,61,17.9,5,16.1,1830,1.7,12.975,28,6.6
1900.3,86,503.7,32.9,98,61,13.6,5,19.2,1885,4.3,13.075,28,8.7
1903.4,86,500.0,32.9,98,59,18.2,5,20.3,1831,1.3,13.040,27,5.7
1906.5,86,500.8,32.9,98,58,49.4,5,57.6,1870,11.1,13.040,28,14.1
1909.6,86,507.8,32.6,98,61,59.8,5,70.5,1941,14.9,13.040,27,19.3
1912.7,86,514.5,32.3,98,61,62.3,5,72.8,1987,14.9,13.040,27,20.2
1915.8,86,521.4,32.1,98,62,44.6,5,45.9,1918,9.9,13.040,27,16.1
1918.9,86,524.0,31.8,98,63,54.3,5,63.6,1956,12.4,13.018,27,16.4
1922.0,86,529.7,31.3,98,63,52.9,5,62.7,1939,12.3,13.020,27,16.0
1925.1,86,532.0,31.3,98,63,44.4,5,54.6,1920,11.5,13.040,27,9.6
1928.2,86,534.4,31.3,98,62,27.6,5,34.9,1852,8.8,13.040,27,11.4
1931.3,86,532.0,31.0,98,60,31.1,5,41.0,1809,7.5,13.092,27,11.8
1934.4,86,532.0,31.0,98,58,23.9,5,29.5,1752,5.5,13.040,27,9.5
1937.5,86,528.7,31.0,98,58,43.6,5,54.7,1821,9.8,13.073,27,12.3
1940.6,86,535.3,31.0,98,59,49.7,5,56.2,1845,11.3,13.120,27,15.7
1943.7,86,537.5,31.0,98,61,48.7,5,56.8,1861,11.8,13.057,27,15.5
1946.8,86,543.2,31.0,98,63,62.9,5,72.1,1980,14.3,13.040,27,20.3
1949.9,86,544.0,30.6,98,64,41.4,5,47.3,1937,9.1,13.040,27,13.1
1953.0,86,543.7,31.0,98,65,19.8,5,25.7,1937,5.2,13.075,27,11.9
1956.1,86,534.9,31.0,98,63,11.2,5,12.5,1881,0.4,13.118,27,4.4
1959.2,86,522.8,31.4,98,61,9.7,5,11.0,1829,0.4,13.040,27,4.5
1962.3,86,516.8,31.4,98,60,11.3,5,14.9,1808,2.5,13.098,27,4.3
1965.4,86,513.8,31.2,98,58,58.6,5,69.0,1884,12.4,13.055,27,14.4
1968.5,86,520.4,31.0,98,58,59.9,5,71.0,1859,14.4,13.040,27,15.5
1971.6,86,526.7,30.8,98,58,68.1,5,80.3,2012,20.1,13.036,27,23.1
1974.7,86,532.0,30.5,98,58,24.9,5,35.4,1791,10.0,13.069,26,17.2
1977.8,86,535.2,29.9,98,57,51.9,5,61.6,1754,11.3,13.040,26,14.1
1980.9,86,536.0,29.3,98,59,41.6,5,51.3,1784,10.7,13.040,26,14.6
1984.0,86,539.1,28.7,98,60,51.3,5,61.4,1843,13.1,13.040,26,16.9
1987.1,86,544.0,28.6,98,62,53.9,5,47.6,1875,5.1,13.089,26,12.5
1990.2,86,540.8,28.6,98,62,17.3,5,20.9,1864,3.3,13.056,26,8.2
1993.3,86,536.0,29.1,98,62,22.4,5,27.0,1850,3.0,13.040,26,7.0
1996.4,86,532.5,29.7,98,62,28.6,5,30.1,1841,2.5,13.040,26,9.4
1999.5,86,532.0,29.9,98,62,31.1,5,39.1,1875,6.3,13.040,26,10.0
2002.6,86,529.0,30.2,98,63,17.2,5,25.5,1892,8.0,13.040,26,13.9
2005.7,86,526.6,30.1,98,63,35.2,5,42.4,2049,7.5,12.983,26,8.1
2008.8,86,524.0,29.8,99,63,10.1,5,13.7,1905,0.7,12.975,26,4.3
2011.9,86,516.0,29.8,99,62,14.1,5,18.1,1862,1.8,13.040,26,5.6
2015.0,86,512.0,29.8,99,62,16.8,5,20.2,1862,2.3,13.040,26,6.3
2018.1,86,509.5,29.8,99,62,19.1,5,23.4,1892,3.9,13.040,26,7.5
2021.2,86,508.0,29.4,98,62,32.2,5,34.6,2030,5.5,12.986,26,10.0
2024.3,86,511.8,29.4,98,62,32.9,5,38.6,1949,6.2,13.040,26,9.7
2027.4,86,510.4,29.8,99,62,16.4,5,14.2,1867,2.6,12.916,26,6.0
2030.5,86,508.0,30.1,99,61,23.0,5,26.3,1850,3.8,13.040,26,7.8
2033.6,86,504.0,30.6,99,61,23.4,5,28.0,1824,3.9,13.109,26,7.8
2036.7,86,504.0,30.6,99,60,27.1,5,30.6,1829,4.6,13.040,26,8.9
2039.8,86,504.0,30.6,99,61,37.1,5,43.8,1994,6.5,13.040,26,10.5
2042.9,86,504.0,31.0,99,61,35.1,5,42.6,1867,8.3,13.040,26,11.7
2046.0,86,508.0,30.6,98,62,55.8,5,64.7,1917,13.3,13.040,26,17.2
2049.1,86,514.4,30.4,98,62,59.3,5,68.0,1922,14.5,13.040,26,18.4
2052.2,86,524.7,29.8,98,62,66.5,5,76.6,1998,17.8,12.955,26,20.8
2055.3,86,531.0,29.1,98,62,66.7,5,77.4,2050,18.8,13.040,25,23.1
2058.4,86,541.2,28.5,98,62,66.7,5,78.7,2060,18.5,12.931,25,23.1
2061.5,86,547.6,28.2,98,62,57.0,5,71.4,1996,17.4,13.040,25,19.4
2064.6,86,550.2,27.8,98,64,76.1,5,87.9,2182,27.9,13.040,25,29.9
2067.7,86,561.0,27.5,98,66,75.4,5,87.3,2558,31.9,13.040,25,36.8
2070.8,86,571.1,27.5,98,69,75.7,5,86.1,2720,33.6,13.040,25,40.2
2073.9,86,581.6,27.6,98,71,72.9,5,83.6,3015,32.5,13.040,24,38.6
2077.0,86,591.7,27.8,99,74,58.9,5,74.3,2730,27.0,12.986,24,34.4
2080.1,86,594.4,28.2,99,75,71.9,5,83.1,2477,24.4,13.040,24,29.7
2083.2,86,599.0,28.3,99,75,52.5,5,63.3,2337,10.9,13.040,24,15.8
2086.3,86,596.0,28.9,99,74,42.6,5,58.7,2242,11.7,13.025,24,7.1
2089.4,86,590.6,29.0,99,72,25.0,5,26.0,2156,10.7,13.014,25,12.9
2092.5,86,588.0,29.0,99,71,42.3,5,54.8,2145,6.5,13.040,25,6.8
2095.6,86,588.0,29.4,98,71,68.5,5,79.9,2180,20.0,13.040,25,23.1
2098.7,86,592.0,29.0,98,72,71.9,5,84.1,2576,26.0,12.992,25,31.6
2101.8,86,597.7,28.8,98,74,72.0,5,82.0,2769,29.1,13.004,24,35.0
2104.9,86,604.1,28.6,99,76,73.2,5,84.5,2829,31.4,13.040,24,36.7
2108.0,86,610.4,28.6,98,77,70.9,5,82.3,2730,21.5,13.113,24,27.3
2111.1,86,616.0,28.6,98,77,72.9,5,83.7,2599,27.8,13.040,24,33.3
2114.2,86,619.1,28.6,98,78,68.2,5,77.9,2389,19.1,13.040,24,22.1
2117.3,86,620.0,28.6,98,78,70.2,5,81.8,2400,21.8,13.052,24,26.9
2120.4,86,621.6,28.1,98,78,69.4,5,80.0,2400,21.1,13.054,24,26.3
2123.5,86,624.0,27.5,98,78,65.8,5,74.9,2394,16.4,12.979,24,22.3
2126.6,86,624.0,27.8,99,78,49.4,5,62.6,2400,13.2,13.040,24,18.1
2129.7,86,624.0,28.2,98,79,64.4,5,74.7,2417,20.8,13.040,24,26.2
2132.8,86,626.8,28.2,98,80,71.1,5,83.0,2481,23.0,13.040,24,27.8
2135.9,86,628.0,28.2,98,78,70.6,5,81.8,2470,20.6,12.990,24,25.2
2139.0,86,628.0,28.2,98,78,63.1,5,72.0,2371,17.1,13.040,24,22.3
2142.1,86,628.0,28.2,99,77,60.6,5,70.8,2332,17.3,13.091,24,19.5
2145.2,86,628.0,28.2,98,75,63.9,5,74.6,2296,18.1,12.891,24,23.0
2148.3,86,626.8,28.6,99,74,23.1,5,25.3,2216,8.3,13.066,24,14.8
2151.4,86,624.0,28.6,99,72,38.4,5,43.9,2179,7.5,13.119,24,12.4
2154.5,86,620.0,28.7,99,72,47.8,5,55.4,2208,10.5,13.040,24,15.1
2157.6,86,620.0,29.0,99,74,51.0,5,59.4,2243,12.4,12.981,24,16.5
2160.7,86,616.0,29.0,99,75,56.5,5,65.5,2262,14.0,12.979,24,18.4
2163.8,86,616.0,29.0,99,75,60.7,5,72.2,2268,16.9,13.120,24,21.9
2166.9,86,616.0,29.0,99,75,52.9,5,61.5,2275,12.0,13.064,24,16.6
2170.0,86,616.0,29.0,99,74,53.2,5,60.5,2242,12.2,13.062,24,16.0
2173.1,86,616.0,29.0,99,73,62.0,5,72.1,2250,16.4,13.126,24,20.1
2176.2,86,616.0,29.0,99,75,59.6,5,70.0,2262,15.7,13.065,24,20.0
2179.3,86,616.0,28.8,99,75,62.0,5,71.3,2273,16.8,13.050,24,21.8
2182.4,86,616.0,28.2,99,74,66.5,5,75.6,2247,19.0,13.040,24,22.1
2185.5,86,616.0,28.2,99,72,44.4,5,51.8,2169,10.3,12.888,24,14.2
2188.6,86,615.1,28.2,99,71,58.6,5,67.0,2150,14.8,13.040,24,16.8
2191.7,86,612.0,28.2,99,70,22.8,5,32.1,2082,7.7,13.103,24,6.1
2194.8,86,602.4,28.7,99,68,14.0,5,15.4,2025,1.1,13.104,24,5.6
2197.9,86,596.2,29.3,99,67,12.8,5,14.7,2031,1.4,13.040,24,4.6
2201.0,86,579.7,30.0,99,66,10.4,5,11.9,1988,0.4,13.040,24,4.6
2204.1,86,564.3,30.2,99,64,12.7,5,14.2,1915,0.4,13.102,24,5.2
2207.2,86,552.0,30.6,99,60,21.6,5,25.9,1827,2.9,13.040,24,7.2
2210.3,86,547.4,30.6,99,58,27.3,5,31.3,1810,5.2,13.040,24,8.5
2213.4,86,544.0,30.3,99,56,38.9,5,39.6,1758,7.4,12.969,24,12.7
2216.5,86,542.4,30.2,99,54,19.1,5,16.3,1630,3.5,12.915,24,9.6
2219.6,86,544.1,30.2,99,53,65.2,5,78.0,1900,19.0,13.040,24,23.0
2222.7,86,554.5,30.2,99,55,60.9,5,74.1,1945,17.8,13.040,24,21.5
2225.8,86,556.0,30.6,99,56,52.5,5,63.3,1687,9.8,12.988,24,13.9
2228.9,86,552.2,30.6,99,56,30.0,5,33.1,1681,3.9,13.095,23,6.6
2232.0,86,552.0,30.4,99,57,24.7,5,41.4,1724,11.5,13.040,24,12.1
2235.1,86,552.0,29.8,99,59,53.6,5,58.9,1796,7.4,13.012,24,13.6
2238.2,86,548.6,29.8,99,59,9.4,5,11.0,1777,0.7,13.024,23,3.9
2241.3,86,536.7,30.1,100,57,14.3,5,18.5,1725,2.6,12.984,24,4.2
2244.4,86,536.0,30.2,99,57,51.5,5,66.0,1800,13.5,13.040,23,17.0
2247.5,86,540.1,30.2,99,57,55.1,5,56.1,1758,12.9,13.040,23,17.5
2250.6,86,544.0,29.8,99,57,57.5,5,64.8,1885,10.7,12.882,23,10.1
2253.7,86,544.6,29.8,99,55,61.1,5,64.1,1712,13.2,13.040,23,14.8
2256.8,86,550.5,29.2,99,56,60.1,5,69.3,1872,21.2,12.964,23,14.0
2259.9,86,551.3,29.1,99,56,12.8,5,14.9,1670,5.0,13.090,23,9.0
2263.0,86,548.0,29.4,99,55,34.0,5,37.5,1638,5.5,13.040,23,12.6
2266.1,86,549.4,29.0,99,55,65.2,5,74.5,1773,15.6,13.040,23,19.5
2269.2,86,555.1,28.7,99,57,66.3,5,76.8,1908,16.5,13.040,23,20.4
2272.3,86,560.9,28.5,99,58,63.5,5,75.0,1915,16.2,13.040,23,20.0
2275.4,86,564.0,28.2,99,60,36.1,5,54.2,1796,9.2,13.040,23,8.0
2278.5,86,560.0,28.2,99,58,29.9,5,40.3,1762,8.0,12.991,23,10.2
2281.6,86,560.0,28.2,99,58,40.9,5,48.0,1781,6.5,12.984,23,12.3
2284.7,86,556.0,28.4,99,58,38.1,5,44.7,1775,7.4,13.105,23,10.5
2287.8,86,556.0,28.2,99,58,51.4,5,60.2,1794,11.0,13.040,23,14.6
2290.9,86,560.0,28.2,99,60,38.1,5,47.1,1787,8.1,13.131,23,12.9
2294.0,86,551.5,28.6,99,57,14.4,5,15.6,1721,1.0,13.072,23,5.0
2297.1,86,548.0,29.0,99,57,14.5,5,16.0,1684,1.5,13.094,23,4.3
2300.2,86,544.0,29.4,99,57,19.3,5,21.8,1734,2.6,12.960,23,4.8
2303.3,86,540.2,29.7,100,59,9.6,5,11.5,1768,0.7,13.064,23,3.9
2306.4,86,532.0,29.5,100,60,16.5,5,16.1,1800,1.9,13.048,23,6.5
2309.5,86,531.6,28.6,100,61,27.8,5,32.1,1872,4.3,12.995,23,9.6
2312.6,86,525.5,28.2,100,58,21.5,5,25.5,1762,3.1,13.040,23,7.0
2315.7,86,524.6,28.2,99,57,44.1,5,52.1,1808,8.1,13.040,23,11.9
2318.8,86,528.0,28.6,99,57,49.7,5,59.3,1763,10.9,13.045,23,13.3
2321.9,86,532.5,29.0,99,55,68.2,5,77.3,1851,17.0,13.077,22,20.3
2325.0,86,542.3,29.0,99,55,70.6,5,81.5,2012,20.8,13.040,21,24.7
2328.1,86,549.7,28.5,99,53,70.5,5,82.0,2075,20.5,13.040,21,24.5
2331.2,86,559.8,28.2,99,53,70.4,5,81.2,2044,20.8,13.040,21,24.8
2334.3,86,569.4,27.6,99,54,68.1,5,78.5,2014,20.2,13.042,21,25.4
2337.4,86,572.0,27.4,99,55,61.1,5,72.8,1763,16.2,13.120,21,18.4
2340.5,87,572.0,27.4,99,58,40.5,5,43.1,1762,1.8,13.097,21,8.4
2343.6,87,564.5,27.9,100,60,10.1,5,11.4,1787,0.5,13.103,21,4.5
2346.7,87,556.1,28.6,100,60,9.4,5,11.0,1794,0.4,13.046,21,3.9
2349.8,87,545.8,28.4,100,61,12.0,5,14.7,1814,2.0,13.041,21,5.0
2352.9,87,543.5,28.2,100,61,17.9,5,20.4,1816,2.6,13.040,21,6.1
2356.0,86,537.0,27.8,100,59,25.2,5,29.6,1771,4.1,13.052,21,8.1
2359.1,86,536.0,27.8,100,58,32.0,5,36.8,1817,5.6,13.063,21,9.6
2362.2,86,532.4,28.1,100,58,16.7,5,21.3,1777,1.0,13.059,21,3.9
2365.3,86,524.0,29.0,100,56,14.2,5,15.2,1703,2.3,13.051,23,5.5
2368.4,86,520.0,29.0,100,57,24.4,5,35.8,1734,6.6,13.030,23,7.3
2371.5,86,520.0,28.6,100,59,39.5,5,45.2,1866,7.6,13.040,23,11.0
2374.6,86,524.0,28.5,100,60,40.4,5,44.7,1875,7.8,13.040,23,11.4
2377.7,86,523.0,28.6,100,60,16.8,5,21.0,1794,3.3,13.000,23,6.9
2380.8,86,519.0,28.3,100,60,32.2,5,40.4,1869,5.0,12.969,23,9.9
2383.9,86,514.8,28.6,100,58,17.5,5,17.7,1753,0.7,13.040,23,4.1
2387.0,86,512.0,28.9,100,57,17.3,5,20.5,1737,2.1,13.061,23,4.9
2390.1,86,508.0,28.8,100,57,19.4,5,18.6,1763,2.7,13.045,23,7.7
2393.2,86,508.0,28.2,100,57,24.7,5,33.4,1846,6.7,13.040,23,10.3
2396.3,86,505.7,27.3,100,57,19.5,5,19.2,1710,2.1,12.964,23,7.2
2399.4,86,504.0,26.7,100,56,27.9,5,33.6,1707,6.0,13.040,23,9.5
2402.5,86,506.2,25.9,100,57,54.5,5,63.7,1907,10.9,12.964,23,8.1
2405.6,86,507.8,25.1,100,58,20.1,5,24.9,1831,2.5,13.070,23,7.6
2408.7,86,502.3,25.0,100,56,12.4,5,12.4,1750,0.4,13.052,23,5.3
2411.8,86,496.5,25.9,100,56,53.6,5,60.2,1804,11.1,13.008,23,13.0
2414.9,86,508.0,25.9,100,58,66.0,5,74.4,1987,16.1,13.107,23,20.3
2418.0,86,515.6,25.9,100,59,46.8,5,56.3,1887,12.9,13.040,23,16.7
2421.1,86,518.1,26.5,100,60,59.7,5,69.6,1812,14.7,12.901,23,17.9
2424.2,86,523.2,26.7,100,60,29.9,5,37.1,1794,5.4,13.040,23,9.1
2427.3,86,520.0,27.0,100,59,30.8,5,29.9,1766,4.8,13.040,23,9.7
2430.4,86,521.3,27.1,100,58,47.0,5,53.2,1775,9.6,13.040,23,12.5
2433.5,86,524.0,26.8,100,59,57.5,5,63.2,1824,14.2,13.040,23,18.8
2436.6,86,531.5,26.7,100,60,65.8,5,80.1,2074,20.3,13.087,22,24.3
2439.7,86,536.0,26.7,100,61,42.7,5,50.7,1862,11.2,13.097,21,15.5
2442.8,86,540.0,26.7,100,61,59.8,5,67.0,1875,13.6,13.040,21,17.5
2445.9,86,544.0,26.7,100,62,23.7,5,28.7,1849,6.7,13.040,21,13.2
2449.0,86,541.1,27.2,100,59,26.0,5,25.3,1775,1.8,13.049,21,4.3
2452.1,86,541.2,27.6,100,58,51.6,5,58.5,1785,10.6,13.069,21,11.5
2455.2,86,540.8,28.1,100,58,10.9,5,11.7,1730,1.7,13.040,21,3.7
2458.3,86,537.3,28.1,100,57,51.2,5,54.0,1723,12.3,13.040,21,17.3
2461.4,86,546.9,27.8,100,59,72.6,5,85.1,2057,22.6,13.040,21,26.5
2464.5,86,552.0,27.8,100,61,32.4,5,41.6,1904,9.0,13.040,21,16.7
2467.6,86,545.6,27.8,100,59,16.1,5,24.6,1750,3.0,13.104,21,4.7
2470.7,86,545.6,27.4,100,58,58.6,5,69.3,1774,14.2,13.040,21,15.0
2473.8,86,544.4,26.8,100,58,41.3,5,53.4,1762,8.6,13.019,21,12.6
2476.9,86,549.6,26.3,100,58,68.7,5,79.2,1913,17.8,12.960,21,23.2
2480.0,86,560.0,25.9,100,58,64.6,5,71.8,1907,16.0,13.120,21,22.6
2483.1,86,557.8,25.7,100,58,16.8,5,15.4,1720,0.4,13.120,21,5.9
2486.2,86,544.0,25.9,100,52,18.2,5,27.1,1550,1.4,12.995,21,5.9
2489.3,86,544.0,26.7,100,51,49.0,5,53.1,1596,6.9,13.040,21,12.8
2492.4,86,552.0,26.7,100,53,66.5,5,75.5,1890,17.1,13.001,21,21.4
2495.5,86,552.0,26.7,100,55,38.0,5,31.0,1731,3.2,13.044,21,16.9
2498.6,86,556.0,26.7,100,56,63.0,5,72.3,1945,13.4,13.071,21,17.0
2501.7,86,559.8,26.7,100,58,51.9,5,42.1,1737,10.3,13.040,21,18.2
2504.8,86,558.1,26.7,100,57,49.0,5,61.2,1802,13.2,12.970,21,13.7
2507.9,86,556.1,27.1,100,56,13.7,5,24.0,1678,3.7,12.993,21,5.9
2511.0,86,549.6,27.3,100,54,41.0,5,40.0,1651,1.4,12.961,21,6.5
2514.1,86,544.0,27.8,100,53,30.6,5,36.3,1619,8.1,13.040,21,10.5
2517.2,86,544.0,28.1,100,53,19.3,5,20.2,1592,2.4,13.040,21,5.1
2520.3,86,540.0,28.2,100,51,37.0,5,34.7,1575,4.9,12.987,21,11.1
2523.4,86,543.5,28.2,100,52,60.7,5,67.9,1764,13.6,12.982,21,17.1
2526.5,86,546.1,28.2,100,55,40.7,5,42.5,1653,6.6,12.975,21,6.6
2529.6,86,548.0,27.8,100,55,55.9,5,65.3,1700,11.4,13.040,21,15.6
2532.7,86,548.0,27.8,100,56,46.3,5,57.9,1697,10.3,13.040,21,9.7
2535.8,86,548.6,27.8,100,56,53.7,5,58.8,1743,11.5,13.040,21,14.9
2538.9,86,552.0,27.7,100,57,43.7,5,45.1,1737,4.9,13.040,21,10.4
2542.0,86,545.3,27.9,100,57,9.5,5,11.2,1690,1.9,13.040,21,3.5
2545.1,86,540.0,28.2,100,56,46.9,5,46.4,1739,7.4,13.040,21,10.8
2548.2,86,546.2,27.5,100,57,74.4,5,86.3,2159,23.2,13.040,21,26.9
2551.3,86,558.6,26.9,100,58,75.1,5,85.9,2144,24.4,13.020,20,29.8
2554.4,86,570.0,26.1,100,60,78.4,5,90.2,2463,31.4,13.096,20,35.3
2557.5,86,576.6,25.5,100,62,78.4,5,88.9,2529,32.4,12.972,20,37.3
2560.6,86,589.7,24.8,100,62,77.0,5,88.0,2517,31.2,13.112,20,37.3
2563.7,86,597.0,24.3,100,61,73.7,5,84.3,2299,25.5,13.040,20,27.8
2566.8,86,603.2,24.3,100,58,65.7,5,70.5,1846,21.9,13.030,20,26.0
2569.9,86,605.3,24.7,100,56,74.6,5,85.5,2025,25.0,13.018,20,29.0
2573.0,86,611.9,24.3,100,55,75.3,5,87.2,2283,28.5,13.018,20,32.8
2576.1,87,618.3,24.3,100,55,77.1,5,88.0,2402,31.0,13.040,20,36.0
2579.2,87,624.2,23.9,100,56,75.8,4,87.1,2375,27.7,13.075,19,33.9
2582.3,87,628.0,24.3,100,58,69.2,4,68.8,1810,8.6,13.040,19,16.1
2585.4,87,628.0,24.3,100,58,66.6,4,77.1,1895,18.2,13.040,19,21.5
2588.5,87,628.0,24.3,100,60,56.6,4,67.6,1818,14.0,12.962,20,18.1
2591.6,87,624.0,24.8,100,60,46.7,4,56.9,1826,11.1,13.062,20,11.2
2594.7,87,620.2,25.1,100,61,64.8,4,75.1,1911,16.5,13.013,20,19.0
2597.8,87,617.8,25.7,100,62,33.9,4,43.6,1882,9.7,13.030,20,6.6
2600.9,87,611.3,26.3,100,61,26.4,4,30.1,1840,3.7,13.040,20,7.4
2604.0,87,605.3,26.7,100,61,28.3,4,32.4,1825,4.4,13.040,20,8.6
2607.1,87,599.0,26.7,100,61,33.7,4,38.8,1825,6.5,13.040,20,9.2
2610.2,87,596.0,26.7,100,61,21.7,4,28.5,1828,6.3,13.029,20,6.4
2613.3,87,588.0,27.0,100,60,29.6,4,37.8,1802,10.2,13.008,20,10.2
2616.4,86,588.0,26.1,100,60,56.6,4,67.4,1893,14.6,13.040,20,18.8
2619.5,86,588.0,25.4,100,62,54.7,4,68.6,1875,15.4,13.040,20,17.9
2622.6,86,591.2,25.1,100,63,53.2,4,63.5,1959,14.6,13.103,20,13.8
2625.7,86,590.2,24.4,100,63,40.4,4,51.3,1911,7.3,12.905,20,11.4
2628.8,86,580.3,24.4,100,61,9.8,4,11.3,1816,0.4,13.013,20,3.9
2631.9,86,567.6,24.5,100,59,9.4,4,11.0,1758,0.4,13.029,20,3.6
2635.0,86,555.9,24.7,100,57,9.4,4,11.0,1704,0.4,13.040,20,3.5
2638.1,86,545.9,25.3,100,56,30.3,4,40.7,1698,8.2,13.040,20,10.3
2641.2,86,543.4,25.5,100,57,22.6,4,24.1,1748,4.0,13.040,20,8.7
2644.3,86,537.4,26.1,100,57,15.4,4,15.8,1682,0.8,13.104,20,4.2
2647.4,86,526.3,26.2,100,55,14.1,4,17.3,1643,0.4,12.978,20,4.8
2650.5,86,523.2,25.6,100,55,54.4,4,65.1,1762,11.3,13.040,20,14.5
2653.6,86,524.0,25.4,100,56,14.0,4,24.7,1706,5.3,13.040,20,4.9
2656.7,86,520.8,25.1,100,56,20.1,4,17.8,1666,2.6,12.984,20,7.3
2659.8,86,516.0,25.6,100,55,18.8,4,21.9,1654,2.1,13.070,20,5.7
2662.9,86,512.2,26.2,101,54,12.7,4,15.2,1628,0.8,13.100,20,3.5
2666.0,86,504.9,26.8,101,51,10.1,4,11.1,1565,0.1,13.040,20,4.0
2669.1,86,492.7,27.1,101,48,15.9,4,19.2,1459,0.4,13.040,20,4.8
2672.2,86,480.8,27.7,101,42,19.8,4,24.1,1337,0.4,13.040,20,5.0
2675.3,86,469.3,28.8,101,29,16.0,4,19.3,1311,0.7,13.160,20,4.3
2678.4,86,456.5,29.7,101,19,14.9,4,18.0,1179,0.4,13.040,20,3.7
2681.5,86,448.2,30.5,101,13,14.9,4,18.6,1050,0.4,13.066,20,3.4
2684.6,86,437.7,30.6,101,7,16.9,4,22.2,732,0.4,12.899,20,2.8
2687.7,86,431.9,30.6,101,4,20.6,4,26.1,612,0.8,12.993,20,2.9
2690.8,86,423.5,31.0,101,0,31.0,4,38.9,718,0.8,13.040,20,5.3
2693.9,86,420.0,30.6,101,5,38.1,4,45.0,1531,4.7,13.040,20,8.8
2697.0,86,420.0,29.9,101,12,37.8,4,43.8,1402,4.1,13.045,20,8.4
2700.1,86,421.0,29.3,100,17,67.6,4,75.8,1519,13.8,13.069,20,17.8
2703.2,86,433.5,28.4,100,24,71.9,4,83.9,1787,21.2,13.120,20,23.1
2706.3,86,453.4,27.8,100,31,77.0,4,87.1,1935,24.1,13.018,20,27.9
2709.4,86,475.4,27.5,100,35,77.9,4,88.7,1942,24.0,13.061,20,27.7
2712.5,87,494.0,27.3,100,40,75.9,4,85.3,1950,23.9,13.051,19,27.4
2715.6,87,507.9,27.1,101,43,35.2,4,44.2,1552,9.7,13.069,19,5.6
2718.7,87,495.7,27.6,101,40,13.9,4,16.8,1220,0.8,13.050,19,3.6
2721.8,87,487.4,28.6,101,34,13.3,4,16.2,1192,0.8,12.966,19,3.5
2724.9,87,477.5,29.4,101,24,13.3,4,15.9,1198,0.8,13.033,19,3.5
2728.0,87,467.1,30.6,101,15,14.0,4,17.3,1095,0.6,13.001,20,3.5
2731.1,87,457.0,31.3,101,7,16.5,4,21.6,709,0.8,12.960,20,2.8
2734.2,87,449.6,31.5,101,2,21.7,4,26.6,628,0.5,13.018,20,3.3
2737.3,87,437.8,31.5,101,1,44.2,4,47.4,1026,2.1,12.891,20,8.2
2740.4,87,441.2,31.0,100,10,67.7,4,76.2,2067,16.5,13.096,20,21.0
2743.5,87,458.8,30.6,100,23,69.8,4,79.5,2075,19.2,13.040,20,23.1
2746.6,87,470.3,30.4,100,30,48.6,4,53.7,1834,10.5,13.040,20,16.2
2749.7,86,480.4,30.2,100,32,45.7,4,54.5,1520,7.5,13.075,20,10.7
2752.8,86,486.1,29.6,100,34,46.8,4,55.5,1382,8.2,13.135,20,11.0
2755.9,86,492.2,29.4,101,36,45.9,4,54.7,1318,7.6,13.040,20,8.4
2759.0,86,496.0,29.0,101,36,46.3,4,55.4,1350,2.6,13.041,20,7.3
2762.1,86,496.0,28.9,101,37,37.6,4,44.1,1254,4.6,13.074,20,8.3
2765.2,87,496.0,28.6,101,37,34.1,4,40.2,1225,3.3,13.040,20,7.5
2768.3,87,496.0,28.5,101,37,24.7,4,55.4,1262,6.8,13.040,20,6.4
2771.4,87,492.9,28.5,101,37,23.9,4,28.1,1207,2.3,13.040,20,3.9
2774.5,87,492.0,28.6,101,36,38.3,4,44.6,1315,6.1,13.128,20,8.8
2777.6,87,492.0,28.2,101,37,31.9,4,45.1,1270,4.5,13.040,20,8.5
2780.7,87,490.3,28.4,101,37,30.4,4,39.9,1156,2.6,13.040,20,5.5
2783.8,87,488.0,28.6,101,35,19.1,4,24.5,1310,0.8,13.094,20,4.8
2786.9,87,481.9,29.2,101,31,15.3,4,20.5,933,0.8,13.040,20,3.5
2790.0,87,474.8,29.9,101,21,15.8,4,20.5,978,0.8,13.040,20,3.5
2793.1,87,468.0,30.3,101,13,39.8,4,39.1,1370,6.3,13.040,20,18.9
2796.2,87,474.4,29.7,100,20,72.7,4,79.5,2008,19.0,13.040,20,23.9
2799.3,87,488.6,29.1,100,26,50.2,4,57.8,1692,10.6,13.040,20,15.3
2802.4,87,492.0,28.6,101,29,15.9,4,23.3,1341,2.7,13.040,20,6.7
2805.5,87,488.6,28.6,101,26,26.1,4,29.3,1296,0.5,13.141,20,5.5
2808.6,87,475.9,29.2,101,18,24.0,4,26.9,1217,0.4,13.040,20,5.3
2811.7,87,472.0,28.6,101,19,42.4,4,52.2,1330,8.3,13.023,20,11.5
2814.8,87,473.8,28.2,101,23,50.3,4,60.9,1462,9.8,13.120,20,12.3
2817.9,87,476.1,27.8,101,26,38.8,4,44.8,1253,6.1,13.071,20,9.0
2821.0,87,482.1,27.7,101,28,41.0,4,49.1,1331,7.8,13.048,20,9.0
2824.1,87,484.0,27.5,101,29,31.7,4,36.6,1170,3.1,13.075,20,7.5
2827.2,87,484.0,27.2,101,30,37.6,4,44.3,1178,3.5,13.040,20,8.2
2830.3,87,482.7,27.2,101,29,28.2,4,26.8,1164,1.3,13.040,20,5.1
2833.4,87,473.2,27.7,101,24,13.6,4,16.3,1196,0.8,13.040,20,3.5
2836.5,87,466.0,28.4,101,15,14.1,4,17.7,1011,0.4,13.040,20,3.5
2839.6,87,459.9,29.0,101,4,19.3,4,24.9,629,0.8,12.960,20,2.5
2842.7,87,449.1,29.3,101,0,21.5,4,27.2,575,0.8,13.017,21,3.3
2845.8,87,444.0,29.0,101,0,28.6,4,38.0,651,0.4,12.939,21,4.0
2848.9,87,430.5,28.6,101,0,28.3,4,36.4,731,0.4,13.120,21,4.3
2852.0,87,422.4,28.2,101,0,20.3,4,26.9,727,0.4,13.120,21,3.3
2855.1,87,416.0,28.2,101,2,18.0,4,23.6,774,0.6,12.907,21,3.2
2858.2,87,412.0,27.8,101,5,40.3,4,47.6,1566,8.8,13.030,21,10.6
2861.3,87,416.1,27.1,100,14,58.9,4,66.7,1631,12.7,13.040,21,16.3
2864.4,87,422.5,26.5,100,20,48.2,4,64.9,1284,8.0,13.040,21,7.8
2867.5,87,424.0,26.3,101,22,30.5,4,35.7,1172,2.1,13.083,21,7.9
2870.6,87,421.5,26.7,101,21,21.2,4,29.5,1339,0.5,13.114,21,4.8
2873.7,87,416.0,26.7,101,20,16.4,4,19.3,1242,0.9,13.040,21,3.7
2876.8,87,408.6,27.4,101,13,15.8,4,21.0,927,0.4,13.067,21,3.4
2879.9,87,404.0,27.7,101,5,15.2,4,19.9,691,0.8,12.966,21,2.4
2883.0,87,396.0,28.2,101,0,20.8,4,27.7,558,0.6,12.994,21,3.5
2886.1,87,393.6,28.0,101,4,38.5,4,59.9,1474,5.9,13.043,21,10.1
2889.2,87,396.5,27.5,101,12,61.0,4,69.6,1562,10.3,13.040,21,14.8
2892.3,87,405.2,26.9,101,20,50.0,4,60.0,1518,10.4,13.040,21,12.1
2895.4,87,403.4,26.3,101,22,18.5,4,21.4,1173,0.8,13.040,21,4.0
2898.5,87,397.0,27.0,101,15,16.0,4,19.0,1083,0.7,13.040,21,3.5
2901.6,87,390.9,26.7,101,9,15.4,4,17.2,1016,1.5,12.934,21,4.2
2904.7,87,385.2,26.4,101,7,18.5,4,23.7,1051,0.8,12.974,21,3.8
2907.8,87,380.4,26.0,101,4,19.1,4,32.5,1017,1.1,13.040,21,3.9
2910.9,87,375.4,25.7,101,3,19.2,4,54.4,1537,2.7,13.040,21,3.9
2914.0,87,370.8,25.5,101,3,17.9,4,23.9,1014,1.4,12.987,21,3.7
2917.1,87,365.2,25.5,101,0,30.7,4,39.6,688,0.5,12.960,21,4.0
2920.2,87,356.8,25.5,101,0,22.9,4,29.8,751,0.1,12.880,21,0.8
2923.3,87,352.0,25.5,101,0,0.0,4,0.0,0,1.6,12.885,21,0.0
2926.4,87,351.6,25.5,101,0,0.0,4,0.0,0,1.6,12.883,21,0.0
2929.5,87,352.0,25.5,101,0,0.0,4,0.0,1,1.6,12.882,21,0.0
2932.6,87,352.0,25.5,101,0,0.0,4,0.0,0,1.6,12.880,21,0.0
2935.7,87,352.0,25.5,101,0,1,1.6,12.880,21,0.0
2938.8,87,351.6,25.5,101,0,0,1.6,12.881,21,0.0
2941.9,87,351.9,25.5,101,0,0,1.6,12.880,21,0.0
2945.0,87,352.0,25.5,101,0,0.0
