BlueDriver Data Log
Jul 18, 2018 8:53:40 AM
Time (s),Barometric Pressure (kPa),Vehicle Speed (MPH),Absolute Load Value (%),Ambient Air Temperature (째C),Intake Air Temperature (째C),Engine Coolant Temperature (째C),Catalyst Temperature Bank 1 - Sensor 1 (째C),Engine RPM (rpm),Fuel Level Input (%)
0.0,,,,,,,,,
1.3,,8,50.6,18,21,35,12.7,1423,
2.6,102,10,49.6,18,21,35,19.6,1334,46.8
3.9,102,13,48.7,18,21,35,29.9,1294,46.5
5.2,102,15,48.4,18,21,36,38.0,1246,46.3
6.5,102,16,27.6,18,21,36,42.9,1392,46.3
7.8,102,16,28.3,18,21,36,50.1,1495,46.3
9.1,102,16,29.7,18,21,37,54.3,1543,46.3
10.4,102,17,28.4,18,21,37,57.7,1561,46.3
11.7,102,17,27.1,18,21,38,63.5,1465,46.2
13.0,102,17,25.3,18,21,38,69.2,1375,45.9
14.3,102,17,25.4,18,21,38,72.6,1375,45.9
15.6,102,17,28.4,18,21,39,80.1,1363,45.9
16.9,102,17,30.6,18,21,39,83.7,1362,45.9
18.2,102,17,31.4,18,21,39,90.5,1286,45.9
19.5,102,17,31.4,18,21,40,95.2,1298,45.9
20.8,102,17,26.5,18,21,40,96.0,1292,45.9
22.1,102,17,26.1,18,20,40,99.7,1267,46.2
23.4,102,17,26.1,18,20,41,103.3,1272,46.0
24.7,102,16,23.7,18,20,41,107.0,1249,46.1
26.0,102,14,21.2,18,20,41,110.5,1217,46.5
27.3,102,11,21.4,18,20,42,112.0,1165,46.8
28.6,102,7,23.9,18,20,42,113.4,1060,47.2
29.9,102,4,26.5,18,20,42,116.0,912,47.5
31.2,102,4,37.6,18,20,42,117.1,1078,47.5
32.5,102,5,49.1,18,20,42,121.2,1860,47.5
33.8,101,8,56.1,18,20,42,129.0,2000,47.1
35.1,101,11,63.2,18,20,42,145.1,1804,46.7
36.4,101,15,69.4,18,20,43,150.5,1487,46.6
37.7,101,19,71.1,18,20,43,159.7,1493,46.3
39.0,101,21,70.7,18,20,43,173.7,1523,45.9
40.3,101,23,70.3,18,20,43,183.6,1500,45.9
41.6,101,24,70.6,18,20,44,195.3,1476,45.7
42.9,101,26,64.2,18,20,45,204.1,1489,45.5
44.2,101,27,61.8,18,20,45,214.2,1450,45.5
45.5,100,28,49.7,18,20,45,224.0,1267,45.5
46.8,100,29,28.5,18,20,45,225.2,1266,45.6
48.1,101,29,21.2,18,20,46,229.0,1417,45.9
49.4,102,28,19.3,18,20,46,232.0,1317,45.9
50.7,102,27,19.3,18,20,47,232.8,1274,45.9
52.0,102,27,19.6,18,20,47,236.0,1266,46.3
53.3,102,27,19.6,18,20,47,236.0,1287,46.3
54.6,102,25,19.6,18,20,48,236.7,1284,46.7
55.9,102,22,21.9,18,20,48,240.0,1250,47.1
57.2,102,19,25.4,18,20,48,240.0,1262,47.5
58.5,102,16,26.8,18,20,48,239.6,1226,47.5
59.8,102,12,28.6,18,20,49,243.7,1196,47.7
61.1,102,9,28.0,18,20,49,244.0,1139,47.8
62.4,102,7,29.2,18,20,49,244.0,1008,48.0
63.7,102,4,27.1,18,20,49,244.0,915,48.2
65.0,102,2,29.0,18,20,49,240.8,866,48.4
66.3,102,0,29.1,18,20,50,240.0,844,48.6
67.6,102,0,28.3,18,20,50,238.4,837,48.6
68.9,102,0,27.7,18,20,50,236.0,834,48.6
70.2,102,0,27.5,18,20,50,236.0,827,48.6
71.5,102,0,27.0,18,20,50,235.4,839,48.6
72.8,102,1,32.0,18,20,51,232.2,863,48.2
74.1,102,4,39.6,18,20,51,236.0,1505,47.9
75.4,101,8,46.1,18,20,51,235.8,1756,47.8
76.7,101,11,54.1,18,20,51,243.0,1499,47.6
78.0,101,14,60.1,18,21,51,246.8,1364,47.5
79.3,101,16,65.9,18,20,51,255.5,1375,47.5
80.6,101,18,66.7,18,20,52,262.5,1443,47.5
81.9,101,20,67.5,18,20,52,266.6,1469,47.3
83.2,101,21,69.0,18,20,52,273.3,1468,47.1
84.5,101,23,68.8,18,20,53,279.0,1478,46.9
85.8,101,25,66.9,18,20,53,288.6,1456,46.7
87.1,101,25,60.6,18,20,53,297.0,1431,46.7
88.4,102,26,53.2,18,20,54,304.7,1315,46.7
89.7,102,27,47.8,18,20,54,310.2,1200,46.7
91.0,102,27,50.2,18,20,54,313.8,1219,46.7
92.3,102,29,50.2,18,20,54,317.7,1250,46.7
93.6,101,29,46.2,18,20,55,321.6,1242,46.7
94.9,100,29,29.3,18,20,55,325.4,1215,46.7
96.2,101,29,21.2,18,20,55,325.3,1184,46.7
97.5,102,26,20.4,18,20,55,318.7,1181,46.8
98.8,102,25,23.4,18,20,56,316.0,1197,47.1
100.1,102,24,25.6,18,20,56,315.0,1187,47.1
101.4,102,23,28.4,18,20,56,310.0,1203,46.7
102.7,102,22,37.1,18,20,56,304.6,1306,46.7
104.0,102,22,46.7,18,20,56,308.1,1675,46.3
105.3,102,23,52.4,18,20,56,312.8,1706,45.9
106.6,102,25,58.8,18,20,56,320.2,1387,45.9
107.9,101,28,65.3,18,20,56,327.8,1463,45.6
109.2,100,30,65.4,18,20,57,332.3,1475,45.5
110.5,100,32,62.2,18,20,57,344.1,1486,45.5
111.8,100,33,57.6,18,20,57,347.8,1433,45.5
113.1,100,35,56.5,18,20,57,355.5,1403,45.2
114.4,100,35,50.2,18,20,58,362.5,1372,45.1
115.7,100,36,19.5,18,20,58,364.0,1273,45.3
117.0,101,36,18.8,18,20,58,359.0,1262,45.5
118.3,102,35,23.6,18,20,58,356.0,1258,45.5
119.6,102,35,26.2,18,20,58,357.5,1197,45.5
120.9,102,35,24.2,18,20,59,358.6,1253,45.5
122.2,102,34,24.1,18,20,59,354.4,1225,45.5
123.5,102,32,26.3,18,20,59,350.0,1229,45.5
124.8,102,32,27.4,18,20,59,345.8,1237,45.5
126.1,102,31,26.9,18,20,59,339.9,1232,45.6
127.4,102,30,23.7,18,20,59,334.2,1229,45.9
128.7,102,29,22.2,18,20,59,332.0,1233,45.9
130.0,102,29,21.4,18,20,59,330.6,1225,45.9
131.3,102,27,20.7,18,20,59,325.3,1228,46.0
132.6,102,25,21.3,18,20,59,321.5,1241,46.3
133.9,102,26,48.8,18,20,59,328.0,1300,46.3
135.2,102,27,71.5,18,20,59,332.7,1611,46.0
136.5,101,29,44.1,18,20,59,340.0,1537,45.9
137.8,102,29,20.6,18,20,59,340.0,1338,45.9
139.1,102,29,42.9,18,20,59,340.6,1325,45.9
140.4,102,29,64.8,18,20,59,348.0,1418,45.9
141.7,101,30,63.7,18,20,59,352.1,1472,45.9
143.0,100,31,57.5,18,20,59,360.7,1410,45.6
144.3,100,32,48.6,18,20,59,368.1,1237,45.5
145.6,100,32,45.0,18,20,60,372.0,1175,45.5
146.9,99,32,51.7,18,20,60,372.1,1150,45.5
148.2,100,32,51.0,18,20,60,376.3,1254,45.5
149.5,101,32,28.7,18,20,60,380.0,1198,45.5
150.8,102,32,24.5,18,20,60,375.8,1178,45.5
152.1,102,31,34.4,18,20,61,376.0,1175,45.5
153.4,102,31,56.0,18,20,61,379.7,1300,45.5
154.7,101,31,33.2,18,20,61,384.0,1227,45.5
156.0,101,31,24.8,18,20,61,384.0,1141,45.5
157.3,100,31,27.6,18,20,61,384.0,1102,45.5
158.6,100,31,35.1,18,20,61,384.3,1176,45.1
159.9,101,31,46.7,18,20,61,387.8,1275,45.1
161.2,101,31,43.2,18,20,61,392.0,1309,45.1
162.5,102,31,18.0,18,20,61,391.9,1226,45.1
163.8,102,29,18.0,18,20,62,383.8,1222,45.1
165.1,102,29,20.0,18,20,62,380.5,1315,45.1
166.4,102,28,29.3,18,20,62,385.4,1294,45.1
167.7,102,27,25.9,18,20,62,388.0,1240,45.2
169.0,102,27,26.5,18,20,62,388.0,1225,45.5
170.3,102,27,38.0,18,20,62,389.3,1228,45.5
171.6,102,27,45.1,18,20,62,392.0,1249,45.5
172.9,101,27,51.2,18,20,62,394.1,1292,45.5
174.2,100,28,54.4,18,20,62,401.0,1319,45.5
175.5,100,29,53.4,18,20,62,404.7,1349,45.1
176.8,100,31,52.5,18,20,63,408.9,1338,45.1
178.1,100,31,53.4,18,20,63,416.5,1361,45.1
179.4,99,32,44.2,18,20,63,420.0,1322,45.1
180.7,99,32,40.0,18,20,63,420.4,1202,45.1
182.0,99,32,43.4,18,20,63,424.0,1259,45.1
183.3,100,32,28.8,18,20,63,424.0,1127,45.1
184.6,101,32,22.1,18,20,64,424.0,1197,45.1
185.9,101,32,24.1,18,20,64,424.0,1115,45.1
187.2,101,31,21.7,18,20,64,423.6,1236,45.1
188.5,102,30,23.9,18,20,65,419.6,1212,45.5
189.8,102,29,25.6,18,20,65,415.6,1212,45.5
191.1,102,27,28.4,18,20,65,411.9,1225,45.9
192.4,102,26,31.5,18,20,65,407.9,1148,45.9
193.7,101,26,32.7,18,20,65,408.0,1147,45.9
195.0,101,25,21.7,18,20,65,404.8,1186,45.9
196.3,102,23,19.4,18,20,65,400.6,1190,45.9
197.6,102,20,18.8,18,20,65,396.2,1155,46.2
198.9,102,16,19.4,18,20,65,392.5,1099,46.6
200.2,102,13,20.7,18,20,65,392.0,1065,47.0
201.5,102,10,21.6,18,20,65,383.8,1002,47.1
202.8,102,7,21.3,18,20,65,380.0,1309,47.4
204.1,102,5,22.3,18,20,65,379.6,850,47.5
205.4,102,3,27.3,18,20,65,375.7,662,47.5
206.7,102,1,30.6,18,20,65,371.8,663,47.5
208.0,102,0,30.4,18,20,65,368.7,662,47.5
209.3,101,0,31.3,18,20,65,368.0,653,47.5
210.6,101,0,35.6,18,20,65,360.7,680,47.2
211.9,101,0,36.6,18,20,65,356.0,719,47.1
213.2,101,0,37.2,18,20,65,355.9,754,47.1
214.5,101,0,35.3,18,20,65,352.3,781,47.1
215.8,101,0,32.9,18,20,65,348.5,806,47.1
217.1,101,0,30.7,18,20,65,344.3,791,46.8
218.4,101,0,24.3,18,20,65,344.0,744,46.7
219.7,101,0,24.0,18,20,65,339.9,726,46.7
221.0,101,0,23.2,18,20,66,335.9,665,46.7
222.3,102,0,22.5,18,20,66,331.9,640,46.4
223.6,102,0,22.0,18,21,66,332.0,598,46.3
224.9,101,0,22.0,18,21,66,328.6,606,46.3
226.2,101,0,22.0,18,21,66,328.0,612,46.1
227.5,101,0,22.0,18,21,66,324.6,612,45.9
228.8,101,0,22.0,18,21,66,320.8,612,45.9
230.1,101,0,22.0,18,21,66,320.0,605,45.9
231.4,101,0,22.7,18,21,66,316.9,634,45.9
232.7,101,0,28.9,18,21,67,316.0,658,45.9
234.0,101,0,28.6,18,21,67,312.9,680,45.9
235.3,101,0,32.1,18,21,67,309.1,703,45.7
236.6,101,0,29.8,18,21,67,308.0,726,45.5
237.9,101,0,29.0,18,21,67,305.9,747,45.5
239.2,101,0,24.0,18,21,67,302.1,762,45.5
240.5,101,0,21.4,18,21,67,300.0,744,45.5
241.8,101,0,21.2,18,21,67,298.0,699,45.5
243.1,101,0,21.2,18,21,67,294.3,782,45.5
244.4,101,1,35.7,18,21,67,292.0,1154,45.5
245.7,101,4,44.1,18,21,67,293.2,1573,45.1
247.0,100,8,47.2,18,21,67,297.2,1542,45.1
248.3,99,11,45.4,18,21,67,300.0,1400,44.7
249.6,99,13,47.2,18,21,67,301.4,1297,44.6
250.9,99,15,55.8,18,21,67,305.2,1301,44.3
252.2,100,16,57.6,18,21,67,308.7,1356,44.3
253.5,100,18,56.5,18,21,67,312.7,1405,43.9
254.8,100,20,41.5,18,21,68,316.0,1333,43.9
256.1,100,21,20.7,18,21,68,316.0,1137,43.9
257.4,101,20,19.3,18,21,68,316.0,1326,43.9
258.7,101,20,22.7,18,21,68,316.0,1225,44.3
260.0,101,20,23.8,18,21,68,316.0,1226,44.3
261.3,101,19,24.7,18,21,69,316.0,1274,44.3
262.6,101,19,25.0,18,21,69,316.0,1239,44.3
263.9,101,18,31.8,18,21,69,316.4,1276,44.3
265.2,101,17,42.8,18,21,69,320.4,1947,44.3
266.5,100,19,47.5,18,21,69,324.4,1814,44.3
267.8,100,21,49.5,18,21,69,328.4,1335,44.3
269.1,100,23,50.2,18,21,69,332.5,1237,44.3
270.4,99,24,45.1,18,21,69,336.0,1218,44.3
271.7,101,26,34.3,18,21,70,336.0,1122,44.3
273.0,101,27,26.8,18,21,70,336.0,1039,44.3
274.3,102,27,23.4,18,21,70,336.0,1117,44.3
275.6,101,27,18.5,18,21,70,336.0,1298,44.3
276.9,102,27,15.7,18,21,70,336.0,1252,44.3
278.2,102,26,15.7,18,21,70,334.8,1259,44.2
279.5,102,25,18.1,18,21,70,330.9,1234,43.9
280.8,101,25,25.6,18,21,70,329.4,1155,43.8
282.1,101,25,28.8,18,21,71,332.0,1137,43.5
283.4,101,25,27.9,18,21,71,332.0,1181,43.4
284.7,101,25,25.6,18,21,71,332.0,1249,43.1
286.0,102,25,34.5,18,21,71,332.0,1210,43.0
287.3,101,25,45.5,18,21,71,334.0,1256,42.6
288.6,101,26,44.8,18,21,71,339.7,1295,42.4
289.9,102,27,46.8,18,21,71,344.0,1292,42.4
291.2,102,29,43.7,18,21,71,345.8,1295,42.4
292.5,102,29,42.6,18,21,71,349.6,1279,42.4
293.8,102,30,33.7,18,21,71,352.0,1218,42.4
295.1,102,30,30.8,18,21,71,353.9,1122,42.5
296.4,102,30,30.6,18,21,71,356.0,1091,42.7
297.7,102,30,25.8,18,21,71,356.0,1066,42.7
299.0,102,30,22.5,18,21,72,356.0,1030,42.8
300.3,102,30,20.8,18,21,72,354.5,1102,43.1
301.6,102,30,17.0,18,21,72,352.0,1299,43.2
302.9,102,29,15.7,18,21,72,349.1,1259,43.5
304.2,102,29,15.7,18,21,72,344.0,1250,43.5
305.5,102,29,22.6,18,21,72,344.0,1231,43.6
306.8,101,28,28.2,18,21,72,344.0,1168,43.9
308.1,101,27,30.8,18,21,72,344.0,1112,43.9
309.4,102,27,27.7,18,21,72,345.0,1165,43.9
310.7,102,27,21.2,18,21,72,348.0,1384,43.9
312.0,102,27,17.7,18,21,72,348.0,1300,44.3
313.3,102,27,17.0,18,21,72,348.0,1300,44.3
314.6,102,26,16.5,18,21,72,347.9,1182,44.3
315.9,101,25,16.5,18,21,72,344.0,1199,44.6
317.2,101,21,16.8,18,21,72,344.0,1164,45.0
318.5,102,17,17.3,18,21,72,343.6,1149,45.1
319.8,101,13,17.6,18,21,72,340.0,1112,45.5
321.1,102,9,18.3,18,21,72,339.6,1049,45.2
322.4,102,7,19.8,18,21,72,336.0,936,45.1
323.7,102,4,22.5,18,21,72,335.6,824,45.4
325.0,102,2,26.2,18,21,72,331.7,675,45.5
326.3,102,1,29.4,18,21,72,328.0,652,45.9
327.6,102,0,29.1,18,21,72,327.4,825,45.9
328.9,102,0,26.6,18,21,73,324.0,962,45.9
330.2,102,0,25.2,18,21,73,323.7,939,46.2
331.5,102,0,26.2,18,21,73,319.9,876,46.3
332.8,102,0,24.2,18,21,73,320.0,839,46.3
334.1,102,0,20.2,18,21,73,316.0,837,46.3
335.4,102,0,15.5,18,21,73,315.7,803,46.3
336.7,102,0,33.7,18,21,73,312.0,586,46.3
338.0,102,0,65.7,18,21,73,312.0,383,46.3
339.3,102,0,0.0,3,21,73,310.0,180,46.3
340.6,102,0,0.0,3,21,73,306.9,0,46.3
341.9,102,0,0.0,3,21,73,304.0,0,46.3
343.2,102,0,0.0,3,21,73,302.9,7,46.3
344.5,102,0,0.0,3,21,73,304.0,2,46.3
345.8,102,0,0.1,3,21,73,304.0,0,46.3
347.1,102,0,0.0,3,21,73,303.0,6,46.3
348.4,102,0,73,304.0,1,46.3
349.7,102,0,0,46.3
