BlueDriver Data Log
Sep 8, 2018 7:20:01 PM
Time (s),Engine Coolant Temperature (째C),Catalyst Temperature Bank 1 - Sensor 1 (째C),Fuel Level Input (%),Barometric Pressure (kPa),Vehicle Speed (MPH),Absolute Load Value (%),Ambient Air Temperature (째C),Calculated Engine Load Value (%),Engine RPM (rpm),Relative Throttle Position (%),Control Module Voltage (V),Intake Air Temperature (째C),Absolute Throttle Position (%)
0.0,,,,,,,,,,,,,
3.1,58,12.0,69.8,101,0,23.5,21,30.6,885,0.4,14.314,36,4.3
6.2,58,12.0,69.8,101,0,29.4,21,36.6,959,0.4,14.185,36,5.0
9.3,59,12.0,69.8,101,0,34.5,21,44.7,812,0.4,14.019,36,5.5
12.4,59,12.0,69.8,101,0,33.7,21,43.6,812,0.4,14.160,36,5.5
15.5,60,12.0,69.8,101,0,36.6,21,46.2,882,0.5,14.304,36,5.9
18.6,60,12.0,69.7,101,3,43.1,21,53.0,1342,4.8,14.289,35,9.7
21.7,61,12.0,69.4,101,9,55.4,20,65.4,1749,8.3,14.320,35,13.5
24.8,61,12.0,69.0,101,17,57.2,20,67.8,1342,4.7,14.320,35,10.5
27.9,62,12.0,69.0,101,19,27.7,19,34.3,1283,3.4,13.580,35,9.0
31.0,62,12.0,69.1,101,17,21.2,19,24.0,1089,0.4,13.520,34,5.4
34.1,63,12.0,69.4,101,10,29.6,19,33.1,1190,0.4,13.332,34,6.1
37.2,64,12.0,69.4,101,10,35.5,19,39.2,1361,1.6,13.124,34,8.4
40.3,64,12.0,69.8,101,11,27.9,19,35.1,1258,1.3,12.960,34,6.7
43.4,65,12.0,69.8,101,10,28.6,18,33.8,1214,0.4,12.960,33,6.7
46.5,65,17.7,69.8,101,9,22.7,18,27.8,1231,0.4,12.960,33,5.5
49.6,67,26.9,69.8,101,9,23.4,18,27.6,1224,0.6,12.957,33,5.1
52.7,67,37.5,69.4,101,9,32.7,18,37.6,1490,3.5,12.924,33,7.6
55.8,67,53.3,69.4,101,12,31.2,18,37.1,1452,3.4,12.960,33,7.6
58.9,68,64.7,69.4,101,11,27.3,18,31.9,1217,0.4,12.919,33,6.2
62.0,68,72.0,69.4,101,10,28.0,18,34.4,1181,0.4,12.951,33,6.4
65.1,69,84.1,69.4,101,9,39.6,18,42.0,1595,3.7,12.905,33,9.2
68.2,69,98.6,69.2,101,14,41.6,17,48.7,1404,5.8,12.955,32,10.7
71.3,69,113.2,69.0,101,16,36.8,17,47.5,1086,2.0,12.970,32,6.6
74.4,70,124.3,69.0,101,18,39.7,17,47.3,1152,2.4,12.951,32,8.0
77.5,70,133.4,69.0,101,19,26.3,17,36.1,1142,0.8,12.806,32,7.3
80.6,71,142.8,69.0,101,19,25.0,17,30.3,1292,0.4,12.949,32,5.9
83.7,71,149.1,69.0,101,17,22.0,15,25.6,1255,0.4,12.880,32,5.3
86.8,71,152.0,69.3,101,7,25.5,15,30.6,1031,0.8,12.960,30,5.5
89.9,72,168.4,69.2,101,7,63.3,15,71.4,2091,13.4,12.887,30,17.8
93.0,72,192.5,68.6,101,17,61.2,14,69.9,1871,11.1,12.960,30,17.8
96.1,73,206.5,68.6,101,20,27.0,14,29.1,1478,0.8,12.881,29,7.0
99.2,74,208.9,68.6,101,20,21.3,14,24.4,1331,0.6,12.960,29,5.7
102.3,75,212.0,68.8,101,19,18.3,14,22.2,1197,0.4,12.960,29,4.7
105.4,75,216.0,69.4,101,13,24.6,14,28.9,1150,0.4,12.914,29,4.4
108.5,75,212.9,69.7,101,4,29.7,14,38.8,675,0.4,12.871,29,4.7
111.6,75,217.7,69.8,101,4,50.9,14,57.3,1555,6.1,12.901,29,12.0
114.7,76,230.2,69.4,101,12,56.9,14,67.6,1598,10.5,12.887,29,17.1
117.8,76,245.1,69.4,101,19,44.2,14,52.9,1550,4.2,12.905,29,10.4
120.9,76,248.0,69.7,101,20,28.9,14,32.3,1148,2.7,13.038,29,7.4
124.0,77,252.0,69.4,101,19,16.7,14,22.9,1118,1.6,12.819,29,4.6
127.1,77,252.0,69.8,101,19,25.2,14,29.4,1222,0.4,12.881,29,5.9
130.2,77,252.0,70.1,101,9,29.1,14,35.7,1055,0.4,12.943,29,5.2
133.3,77,251.2,70.2,101,2,25.3,14,33.3,820,0.4,12.849,29,4.2
136.4,78,248.0,70.2,101,0,23.5,14,30.3,718,0.4,12.956,29,3.6
139.5,78,244.0,70.6,101,0,22.9,14,32.6,692,3.2,12.960,29,4.7
142.6,78,248.9,70.2,101,7,51.8,14,58.9,1720,10.6,12.881,29,14.1
145.7,78,256.5,69.8,101,14,27.3,14,36.6,1358,2.0,12.960,29,6.0
148.8,78,260.0,69.8,101,13,22.9,14,26.5,1178,0.4,12.960,29,5.7
151.9,78,260.0,70.2,101,6,27.5,14,33.2,1175,0.4,12.995,29,5.9
155.0,78,260.0,70.5,101,1,34.3,14,44.0,884,0.4,12.880,29,5.9
158.1,79,254.6,70.6,101,0,33.7,14,44.8,862,0.4,12.880,29,5.1
161.2,79,252.0,70.6,101,0,25.9,14,34.1,837,0.4,12.854,29,4.2
164.3,79,248.0,70.8,101,1,27.3,14,33.3,738,0.8,12.867,29,7.9
167.4,79,252.7,70.6,101,8,43.6,14,52.9,1578,8.4,12.828,29,11.8
170.5,79,265.9,70.6,101,16,55.2,14,55.1,1620,4.2,12.960,29,14.8
173.6,80,277.4,70.6,101,22,50.4,14,55.8,1844,0.8,12.902,29,9.0
176.7,80,283.4,70.6,101,23,20.6,14,24.6,1311,0.5,12.939,29,5.5
179.8,81,285.7,70.5,101,20,24.0,14,24.3,1287,3.4,12.942,29,8.7
182.9,81,299.9,70.2,101,23,62.8,13,69.7,1659,11.2,12.985,29,13.9
186.0,81,304.0,69.8,101,23,32.2,13,34.7,1259,2.1,12.874,28,10.5
189.1,81,308.0,69.9,101,21,22.9,13,32.2,1261,1.5,12.850,28,5.5
192.2,82,311.4,70.2,101,17,49.9,13,59.9,1596,9.0,12.968,28,19.7
195.3,82,328.8,70.1,101,21,73.9,13,84.5,1707,20.9,12.908,28,25.8
198.4,82,353.6,69.8,101,26,78.6,12,89.5,2105,30.7,12.928,28,35.6
201.5,83,392.9,69.6,101,32,78.9,12,88.0,2873,38.0,12.880,27,40.2
204.6,84,429.6,69.0,100,41,76.2,11,83.3,3714,24.7,12.914,26,32.9
207.7,85,457.3,69.0,100,46,76.6,11,87.0,2158,28.7,12.960,26,33.1
210.8,85,482.0,69.4,101,48,77.6,10,88.8,2432,34.5,12.884,26,38.4
213.9,87,498.4,69.4,100,52,75.5,10,86.1,2873,34.9,12.948,25,41.6
217.0,87,517.0,69.3,100,56,76.4,10,86.1,2243,28.9,12.880,25,31.4
220.1,87,533.3,69.0,100,58,77.0,10,86.7,2653,36.0,12.960,25,40.6
223.2,87,548.6,68.6,100,60,73.7,10,83.1,2940,30.2,12.960,25,37.5
226.3,87,560.0,68.6,100,62,56.6,10,66.7,2190,15.3,12.960,25,18.3
229.4,87,562.8,68.6,100,61,42.0,10,56.2,1911,13.9,12.803,25,16.6
232.5,87,560.0,68.6,101,59,13.0,10,16.9,1778,0.8,12.935,25,5.4
235.6,87,548.2,68.6,101,56,10.2,10,11.8,1668,0.4,12.960,25,3.9
238.7,87,537.7,69.0,101,52,11.3,10,12.9,1556,0.4,13.035,25,3.9
241.8,87,523.0,69.0,101,50,16.1,10,18.5,1473,0.4,13.000,26,4.9
244.9,86,510.7,69.2,101,45,27.8,10,35.5,1353,1.2,12.802,26,5.5
248.0,86,508.7,69.0,101,43,56.6,10,64.8,1534,10.8,12.960,26,18.7
251.1,86,518.1,69.0,100,45,73.7,10,83.6,1917,23.1,12.971,26,27.3
254.2,86,535.0,68.6,100,49,73.7,10,84.0,2166,22.5,12.982,25,26.6
257.3,86,547.1,68.3,100,51,73.7,10,84.1,2243,24.3,12.904,25,28.3
260.4,86,558.2,68.0,100,54,73.6,10,84.3,2263,24.7,12.960,25,28.9
263.5,86,569.0,67.8,100,56,72.2,10,82.4,2100,21.2,12.960,25,26.4
266.6,86,575.4,67.8,100,58,72.9,10,83.7,2268,23.4,12.916,25,27.8
269.7,87,584.0,67.5,100,60,72.4,10,82.1,2289,23.1,13.095,25,27.8
272.8,87,592.0,67.5,100,62,71.1,10,82.0,2150,19.4,13.269,25,21.0
275.9,87,594.3,67.5,100,63,69.3,10,76.6,2102,18.4,13.586,25,23.5
279.0,87,596.0,67.5,100,63,67.5,10,75.4,1953,16.4,13.723,25,22.1
282.1,87,599.1,67.5,100,63,67.8,10,76.7,2029,17.6,13.760,25,22.4
285.2,87,601.2,67.5,100,65,66.7,10,76.1,2037,17.9,13.760,25,22.2
288.3,87,604.0,67.5,100,64,50.4,10,54.6,1957,12.8,13.760,25,20.9
291.4,87,604.0,67.6,100,63,49.6,10,63.4,1909,12.8,13.760,25,16.0
294.5,87,600.2,67.8,100,62,47.5,10,57.9,1880,9.6,13.811,25,15.0
297.6,87,597.7,68.0,99,62,46.4,10,46.0,1850,6.1,13.760,25,10.4
300.7,87,596.0,67.8,99,61,58.1,10,65.1,1860,12.0,13.760,25,17.1
303.8,87,599.9,67.8,100,62,68.5,10,77.8,1946,18.7,13.760,26,22.3
306.9,87,602.8,67.8,100,63,66.3,10,78.1,2090,21.2,13.760,25,25.2
310.0,87,604.8,67.8,100,63,74.2,10,82.3,2142,23.4,13.760,25,27.8
313.1,87,608.0,67.5,99,65,69.0,10,71.0,1993,15.2,13.748,25,20.6
316.2,87,609.0,67.5,100,65,69.8,10,79.9,2085,23.0,13.706,25,26.7
319.3,87,614.9,67.5,100,66,75.3,10,86.3,2455,27.6,13.760,25,32.7
322.4,87,620.0,67.1,100,67,73.9,10,84.5,2584,27.5,13.760,25,28.0
325.5,87,620.0,67.1,100,68,66.3,10,78.7,2145,20.4,13.760,25,25.5
328.6,87,620.0,67.1,100,68,61.4,10,62.7,2078,8.1,13.760,25,14.4
331.7,87,620.0,67.1,99,66,58.4,10,67.1,2023,13.5,13.789,25,17.4
334.8,87,616.0,67.1,100,66,59.9,10,64.6,2000,13.3,13.762,25,17.1
337.9,87,616.0,67.1,100,66,59.8,10,67.7,2009,13.5,13.638,25,18.4
341.0,87,616.0,67.1,99,66,55.6,10,64.7,2028,6.7,13.356,26,14.2
344.1,87,613.0,67.2,99,67,67.5,10,78.0,2113,17.7,13.131,26,22.4
347.2,87,616.0,67.2,100,68,68.6,10,79.0,2212,20.1,13.028,26,24.7
350.3,87,616.0,67.1,99,70,67.5,10,77.6,2129,19.2,13.020,26,21.8
353.4,87,616.0,67.1,100,70,69.5,10,79.8,2183,20.0,13.040,26,24.9
356.5,87,619.0,67.1,100,71,69.0,10,79.5,2245,20.5,13.040,26,25.1
359.6,87,620.0,66.7,100,72,68.3,10,79.2,2205,20.8,13.040,26,24.7
362.7,87,620.0,66.7,100,72,63.2,10,74.3,2218,19.8,13.012,25,24.9
365.8,87,620.0,66.3,100,73,68.2,10,77.1,2227,20.0,12.960,26,23.9
368.9,87,620.0,66.3,100,73,65.1,10,57.9,2247,16.4,12.993,26,22.5
372.0,87,620.0,66.3,99,73,62.8,10,71.5,2225,15.3,13.026,26,22.0
375.1,87,620.0,66.7,99,72,48.3,10,61.7,2204,11.7,13.009,26,16.1
378.2,87,620.0,66.4,100,73,70.7,10,81.1,2317,23.5,12.978,26,28.1
381.3,87,624.0,66.3,100,74,72.9,10,83.8,2540,24.2,13.040,26,29.8
384.4,87,627.5,66.3,100,75,72.4,10,81.0,2531,24.4,12.960,25,31.0
387.5,87,629.8,66.3,100,75,71.2,10,81.2,2420,21.0,12.897,25,26.7
390.6,87,632.0,66.3,99,73,47.3,10,66.3,2275,19.0,12.976,25,25.1
393.7,87,632.0,66.3,99,71,56.9,10,67.9,2192,14.3,13.040,25,16.4
396.8,87,628.0,66.3,99,71,58.7,10,67.5,2152,13.7,13.040,25,18.5
399.9,87,628.0,66.3,99,71,60.7,10,70.9,2154,15.3,13.025,26,19.2
403.0,87,626.2,66.3,99,71,59.8,10,70.5,2162,15.3,13.026,26,19.5
406.1,87,623.6,66.3,98,71,50.8,10,58.7,2171,10.0,13.005,26,13.4
409.2,87,620.0,66.5,98,72,42.4,10,49.8,2177,8.6,13.038,26,13.0
412.3,87,619.3,66.7,98,72,51.4,10,58.1,2187,10.1,13.040,26,15.5
415.4,87,616.0,67.0,99,72,61.5,10,70.2,2208,16.2,13.033,26,20.5
418.5,87,616.0,67.1,99,73,59.8,10,60.6,2225,9.4,13.011,26,18.4
421.6,87,616.0,67.1,99,73,49.4,10,57.9,2229,10.7,13.120,26,14.9
424.7,87,614.8,66.8,99,73,53.2,10,61.1,2237,11.9,13.012,26,17.8
427.8,87,615.6,67.1,99,74,53.1,10,60.9,2244,14.7,13.040,26,20.1
430.9,87,612.0,67.1,99,73,48.0,10,59.5,2224,8.4,13.040,26,11.5
434.0,87,611.7,67.1,99,72,48.2,10,55.5,2200,10.1,13.069,26,15.3
437.1,87,610.9,67.5,99,73,61.7,10,73.3,2219,16.5,13.031,26,21.6
440.2,87,612.0,67.5,99,73,64.3,10,74.6,2237,17.9,13.007,26,22.4
443.3,87,612.0,67.5,99,75,62.8,10,73.2,2265,14.2,13.040,26,19.0
446.4,87,612.0,67.4,99,75,63.5,10,72.7,2285,16.6,13.046,26,20.7
449.5,87,615.1,67.1,100,76,66.3,10,76.5,2304,18.5,12.982,26,23.5
452.6,87,616.0,66.7,100,76,67.5,10,75.4,2312,19.8,13.068,26,24.0
455.7,87,619.5,66.7,100,76,71.7,10,81.8,2413,22.3,13.040,26,26.8
458.8,87,620.0,67.1,100,76,64.8,10,77.0,2358,11.0,13.040,26,17.5
461.9,87,616.3,67.1,98,75,31.6,10,36.9,2274,6.1,13.040,26,10.0
465.0,87,616.0,67.3,98,75,43.5,10,49.8,2250,8.9,12.966,26,13.6
468.1,87,612.2,67.5,100,75,53.7,10,60.8,2264,11.7,12.960,26,16.7
471.2,87,612.0,67.5,101,75,56.6,10,68.0,2287,15.5,12.960,26,19.1
474.3,87,612.0,67.8,101,75,45.8,10,48.2,2275,12.0,12.982,26,15.9
477.4,87,612.0,67.8,101,75,61.0,10,69.6,2287,15.7,12.971,26,20.3
480.5,87,612.0,67.8,100,76,70.0,10,79.1,2398,21.5,13.040,26,26.5
483.6,87,618.2,67.7,100,76,71.4,10,82.1,2509,22.0,13.040,26,27.6
486.7,87,620.0,67.5,100,77,71.4,10,81.0,2512,22.7,12.996,26,28.1
489.8,87,622.6,67.3,100,78,72.9,10,83.1,2686,27.7,13.040,25,32.8
492.9,87,628.0,67.1,100,78,68.5,10,81.3,2853,24.0,13.040,25,30.3
496.0,87,631.6,67.1,100,78,72.6,10,83.3,2486,23.5,13.040,25,28.2
499.1,87,632.0,67.1,100,77,56.4,10,71.1,2362,19.3,13.071,25,24.8
502.2,87,631.8,67.1,99,76,59.8,10,68.4,2309,12.5,13.010,25,14.6
505.3,87,625.4,67.1,99,74,31.3,10,31.2,2229,3.0,13.040,25,7.0
508.4,87,624.0,67.1,99,73,59.1,10,66.2,2221,14.2,13.040,25,18.7
511.5,87,624.0,67.1,99,73,57.4,10,69.2,2237,16.5,12.972,25,21.6
514.6,87,624.0,67.1,99,74,62.7,10,73.1,2250,16.0,13.040,26,20.2
517.7,87,624.0,67.1,100,75,65.9,10,75.9,2269,18.7,12.982,26,23.0
520.8,87,624.0,66.7,100,75,70.5,10,80.5,2418,22.7,13.037,25,28.0
523.9,87,624.0,67.1,99,76,60.7,10,72.0,2312,16.2,13.040,25,20.0
527.0,87,627.1,66.8,100,77,66.3,10,77.6,2329,19.5,13.040,25,24.3
530.1,87,628.0,67.0,100,77,66.6,10,76.5,2349,18.0,13.040,25,22.7
533.2,87,628.0,66.7,99,77,61.4,10,72.4,2362,16.7,13.040,25,18.4
536.3,87,628.0,66.7,99,77,59.3,10,68.8,2350,16.0,13.040,25,20.5
539.4,87,628.0,66.7,100,78,65.1,10,76.5,2362,18.2,13.040,25,22.6
542.5,87,625.5,66.7,100,77,45.6,10,55.6,2346,7.6,13.040,25,8.9
545.6,87,623.5,66.7,99,76,41.5,10,49.2,2308,9.1,13.081,25,12.7
548.7,87,613.9,66.7,100,75,22.5,10,45.6,2249,2.3,13.040,25,8.2
551.8,87,612.0,66.7,99,73,56.3,10,65.8,2321,14.1,13.040,25,17.7
554.9,87,612.0,66.7,100,75,59.6,10,69.4,2312,16.3,13.040,25,21.2
558.0,87,613.5,66.7,99,75,63.0,10,73.1,2297,16.5,13.040,25,20.2
561.1,87,616.0,66.7,100,75,63.2,10,73.2,2321,17.3,12.988,25,20.0
564.2,87,613.7,66.7,100,75,35.0,10,44.8,2281,1.8,13.040,25,7.7
567.3,87,604.0,67.1,100,73,50.5,10,52.3,2414,10.0,13.040,25,16.5
570.4,87,607.5,66.8,100,74,56.4,10,67.4,2344,16.7,13.040,25,22.6
573.5,87,608.0,66.7,101,75,61.9,10,68.3,2310,15.0,13.040,25,20.4
576.6,87,608.0,66.7,101,75,59.0,10,67.7,2312,15.0,12.997,25,19.3
579.7,87,609.9,66.7,101,75,57.2,10,65.3,2313,14.9,13.019,25,20.3
582.8,87,608.0,66.7,100,75,49.3,10,58.8,2329,12.4,13.000,25,15.3
585.9,87,608.0,66.7,99,75,37.9,10,56.8,2320,12.4,12.960,25,15.8
589.0,87,608.0,66.7,99,75,40.0,10,47.6,2298,10.7,13.040,25,15.3
592.1,87,608.0,66.7,100,75,54.8,10,63.5,2286,13.2,12.969,25,17.3
595.2,87,608.0,66.7,100,75,63.1,10,69.5,2283,15.5,13.040,25,22.4
598.3,87,610.2,66.5,100,75,57.2,10,70.3,2287,17.6,12.904,25,22.4
601.4,87,612.0,66.3,99,76,62.1,10,70.1,2305,13.7,13.079,25,21.8
604.5,87,612.0,66.3,99,76,56.1,10,64.7,2322,12.6,13.114,25,18.7
607.6,87,612.0,66.3,99,76,60.4,10,68.2,2332,14.1,12.990,25,17.8
610.7,87,612.0,66.3,100,77,62.0,10,70.8,2345,15.7,13.015,25,20.4
613.8,87,612.0,66.3,100,77,65.1,10,74.1,2337,17.5,12.998,25,22.4
616.9,87,615.3,66.6,100,77,42.0,10,49.3,2305,12.8,13.103,25,20.7
620.0,87,603.8,66.7,101,72,11.1,10,12.3,2181,0.4,13.040,25,4.9
623.1,87,592.6,66.7,100,69,35.8,10,37.3,2156,8.5,12.980,25,13.8
626.2,87,592.0,66.7,100,70,63.8,10,74.5,2251,16.6,12.982,25,20.7
629.3,87,594.9,66.7,101,70,48.4,10,54.8,2199,11.8,12.904,25,18.8
632.4,87,592.0,66.7,101,70,53.8,10,59.5,2205,11.2,13.040,25,16.0
635.5,87,595.7,66.7,101,70,63.8,10,72.3,2206,15.4,13.018,25,19.7
638.6,87,596.0,66.3,101,70,62.7,10,70.6,2197,15.0,12.960,25,19.5
641.7,87,596.1,66.3,101,70,61.8,10,70.6,2180,15.5,12.996,25,18.8
644.8,87,600.0,66.3,99,71,58.5,10,69.2,2172,14.9,13.040,25,18.3
647.9,87,600.0,66.3,100,71,59.0,10,67.1,2162,11.8,13.040,25,17.3
651.0,87,600.0,66.3,100,71,66.0,10,77.0,2189,17.9,13.040,25,21.9
654.1,87,601.5,66.3,100,71,68.2,10,78.0,2236,19.3,12.923,25,23.9
657.2,87,604.0,66.0,100,72,67.8,10,77.2,2226,19.7,13.040,25,23.5
660.3,87,608.0,65.9,100,72,68.6,10,78.3,2272,20.7,13.104,25,24.7
663.4,87,608.3,65.5,100,73,68.8,10,78.9,2268,20.6,12.977,25,25.3
666.5,87,612.0,65.5,100,74,63.7,10,72.1,2265,17.7,13.040,25,23.0
669.6,87,612.6,65.9,100,75,70.6,10,81.3,2344,21.7,12.993,25,26.2
672.7,87,616.0,65.9,99,74,48.4,10,53.4,2243,9.8,13.040,25,19.0
675.8,87,612.0,65.9,100,73,57.9,10,71.1,2237,15.4,13.040,25,18.7
678.9,87,608.0,66.3,99,72,54.1,10,56.9,2191,8.5,13.040,25,13.1
682.0,87,608.0,65.9,101,72,57.6,10,59.7,2204,12.9,13.040,25,20.0
685.1,87,608.0,65.9,101,72,42.8,10,48.4,2221,8.2,13.040,25,11.5
688.2,87,608.0,65.9,101,71,53.0,10,62.2,2162,12.6,13.024,25,16.5
691.3,87,605.7,65.6,101,71,67.5,10,76.5,2196,17.2,13.050,25,20.8
694.4,87,608.0,65.9,100,72,66.9,10,76.4,2220,18.4,13.010,25,22.4
697.5,87,610.6,65.9,100,73,66.2,10,76.0,2255,18.8,13.040,25,23.0
700.6,87,612.0,65.9,100,75,66.7,10,76.4,2275,18.7,13.040,25,23.7
703.7,87,612.0,65.9,100,75,72.2,10,83.0,2468,22.6,13.001,25,27.9
706.8,87,617.6,65.9,100,76,72.3,10,82.0,2525,23.1,12.943,25,28.8
709.9,87,620.0,65.5,100,76,73.5,10,82.4,2654,26.1,13.013,25,31.3
713.0,87,624.0,65.5,100,76,73.3,10,82.6,2791,28.2,13.040,25,33.6
716.1,87,629.6,65.1,100,77,72.6,10,82.0,2800,26.9,13.040,25,32.2
719.2,87,632.0,65.1,100,77,72.0,10,83.3,2418,22.6,12.960,25,27.7
722.3,87,635.2,65.4,100,77,65.2,10,78.4,2422,17.9,13.016,25,22.8
725.4,87,634.4,65.6,100,77,58.4,10,70.4,2314,13.6,12.999,25,22.3
728.5,87,632.4,65.9,100,76,71.9,10,82.1,2369,23.1,12.996,25,27.9
731.6,87,636.0,65.9,100,76,66.2,10,79.1,2488,23.6,12.963,25,29.7
734.7,87,636.0,65.5,100,76,67.9,10,76.4,2310,19.3,12.988,25,24.8
737.8,87,639.4,65.5,100,76,75.6,10,86.5,2605,30.5,12.976,25,37.5
740.9,87,641.4,65.4,100,77,72.8,10,81.9,3052,30.7,13.040,25,37.5
744.0,87,644.0,65.1,100,79,69.6,10,79.8,3128,24.2,13.040,25,29.4
747.1,87,644.0,64.9,100,80,73.0,10,82.8,3275,26.7,13.040,25,29.9
750.2,86,644.3,64.7,100,81,71.7,10,81.0,3298,25.1,12.994,25,32.0
753.3,86,648.0,64.7,100,81,72.4,10,81.3,3386,25.9,13.040,25,32.8
756.4,86,648.0,64.7,100,80,59.3,9,71.2,2762,12.2,13.040,25,18.3
759.5,86,645.2,64.7,100,79,66.8,9,76.9,2409,17.9,13.040,25,23.3
762.6,86,644.0,64.7,99,78,62.1,9,72.3,2380,10.0,13.040,25,14.3
765.7,86,640.3,65.0,99,76,58.7,9,72.6,2319,16.3,12.979,25,20.8
768.8,87,638.4,65.1,100,74,21.3,9,21.8,2241,7.0,13.040,25,16.9
771.9,87,636.0,65.1,99,73,63.4,9,73.9,2250,17.7,13.040,25,21.9
775.0,87,636.0,65.1,100,73,66.9,9,76.9,2250,19.2,13.040,25,24.1
778.1,87,636.0,65.1,99,73,62.7,9,72.3,2250,17.1,12.977,25,16.4
781.2,87,633.1,65.1,99,73,59.1,9,66.6,2228,14.8,13.033,25,19.4
784.3,87,632.0,65.1,99,72,52.6,9,66.1,2204,15.2,13.018,25,17.5
787.4,87,632.0,65.1,101,72,68.0,9,77.5,2200,20.5,13.040,25,25.2
790.5,87,632.0,65.1,100,72,46.8,9,58.1,2199,14.9,13.040,25,20.9
793.6,87,624.2,65.1,100,70,24.5,9,32.8,2116,7.1,12.993,25,6.6
796.7,87,624.0,65.5,100,70,59.5,9,62.7,2125,15.5,12.901,25,18.5
799.8,87,620.0,65.5,99,70,61.2,9,71.4,2132,15.7,13.010,25,20.0
802.9,87,620.0,65.5,99,71,64.3,9,74.2,2150,16.5,13.034,25,21.5
806.0,87,620.0,65.5,99,71,61.4,9,71.3,2159,15.9,12.995,25,21.0
809.1,87,620.0,65.5,99,71,58.1,9,68.1,2165,13.4,13.040,25,17.5
812.2,87,620.0,65.5,99,72,58.2,9,68.2,2185,12.4,13.040,25,15.7
815.3,87,616.0,65.5,98,72,33.9,9,41.6,2197,7.9,13.067,25,13.0
818.4,87,616.0,65.5,98,74,47.6,9,54.8,2229,10.1,13.047,25,14.9
821.5,87,612.0,65.5,99,76,30.3,9,31.3,2267,5.7,12.916,25,14.5
824.6,87,609.1,65.2,100,76,28.9,9,38.5,2320,8.2,12.963,25,6.7
827.7,87,592.4,65.5,101,74,12.4,9,13.7,2229,0.3,13.040,25,5.3
830.8,86,584.0,65.5,100,73,18.7,9,25.8,2185,4.4,13.047,25,7.1
833.9,86,584.0,65.1,99,72,69.8,9,80.2,2443,18.8,13.052,25,23.1
837.0,86,588.6,65.1,100,73,73.4,9,84.3,2648,24.9,13.005,25,30.2
840.1,86,598.6,65.1,100,75,72.9,9,82.6,2775,26.3,12.963,24,32.1
843.2,86,605.1,65.1,100,77,72.2,9,81.8,2856,26.7,13.040,24,32.5
846.3,86,611.5,65.4,100,77,75.3,9,85.3,2886,30.7,13.040,24,36.6
849.4,86,614.2,65.1,100,77,75.9,8,84.6,2856,32.5,13.040,23,38.4
852.5,86,620.7,65.1,100,76,73.9,8,83.7,2742,28.4,13.040,23,33.3
855.6,86,627.3,65.1,100,75,72.5,8,80.1,2672,23.9,13.040,23,31.3
858.7,86,628.0,64.7,100,74,73.6,8,84.6,2464,24.9,13.040,23,29.5
861.8,86,631.9,64.7,100,73,72.4,8,82.5,2644,26.3,13.057,23,31.7
864.9,86,634.2,64.7,100,74,72.7,8,83.6,2478,23.6,13.045,23,29.3
868.0,86,636.0,64.7,100,75,70.9,8,82.3,2360,17.3,12.991,23,23.3
871.1,86,636.0,64.7,100,75,68.2,8,78.3,2277,12.5,13.040,23,22.0
874.2,86,636.0,64.7,100,76,64.4,8,70.0,2298,19.6,13.040,23,25.0
877.3,86,636.0,65.0,100,77,67.0,8,75.9,2346,20.8,13.040,23,25.0
880.4,86,636.0,65.1,100,78,73.0,8,81.0,2527,23.7,13.040,23,26.6
883.5,86,639.1,65.4,100,80,69.4,8,79.4,2421,21.5,13.028,23,25.9
886.6,86,640.0,65.5,100,78,72.9,8,83.8,2509,23.5,13.014,23,28.6
889.7,86,640.0,65.5,100,78,72.2,8,82.9,2606,25.2,13.040,23,29.6
892.8,86,644.0,65.5,101,78,62.8,8,73.8,2384,14.2,13.118,23,26.3
895.9,86,640.0,65.5,100,77,66.7,8,76.1,2344,14.3,13.040,23,23.2
899.0,86,640.0,65.5,100,76,66.9,8,76.9,2307,18.4,13.028,23,24.3
902.1,86,640.0,65.5,100,75,65.1,8,76.1,2285,18.5,13.033,23,23.0
905.2,86,640.0,65.5,100,73,66.4,8,77.3,2262,19.9,13.040,23,25.9
908.3,86,640.0,65.2,100,73,69.1,8,83.0,2418,25.2,13.032,23,29.0
911.4,86,640.0,65.1,100,73,68.5,8,79.3,2250,9.7,13.029,23,24.7
914.5,86,640.0,65.1,100,73,63.7,8,75.0,2250,19.5,13.040,23,26.1
917.6,86,636.0,65.1,99,73,60.6,8,71.3,2237,15.6,12.976,23,20.3
920.7,86,636.0,65.1,99,74,64.8,8,75.8,2257,18.3,13.040,23,22.9
923.8,86,636.0,65.1,100,75,70.0,8,80.1,2302,19.7,13.037,23,25.3
926.9,86,635.1,65.1,99,75,45.8,8,58.4,2272,14.5,13.010,23,17.5
930.0,86,632.0,65.1,99,74,55.3,8,66.0,2245,14.0,12.967,23,18.5
933.1,86,632.0,65.0,99,73,59.3,8,68.9,2227,14.2,12.984,23,18.8
936.2,86,632.0,64.7,100,73,67.5,8,76.8,2225,19.3,12.960,23,24.6
939.3,86,632.0,64.7,99,73,65.4,8,74.4,2227,19.2,12.887,23,22.1
942.4,86,632.0,64.7,100,72,68.4,8,79.1,2250,20.8,13.010,23,25.5
945.5,86,632.0,64.7,100,73,71.4,8,81.7,2365,21.9,12.889,23,26.8
948.6,86,632.6,64.7,100,75,69.9,8,80.9,2351,21.8,13.000,23,25.6
951.7,86,636.0,64.7,100,75,67.6,8,77.2,2333,19.3,13.040,23,24.0
954.8,86,632.0,64.3,99,76,62.0,8,72.2,2347,15.9,13.040,23,20.4
957.9,86,632.0,64.3,99,77,62.6,8,72.2,2370,16.3,13.040,23,21.2
961.0,86,632.0,64.3,99,78,55.1,8,68.0,2392,15.1,12.960,23,13.2
964.1,86,632.0,64.3,99,78,56.6,8,65.2,2386,13.1,13.016,23,18.6
967.2,86,632.0,64.3,99,78,61.1,8,70.1,2404,15.6,13.040,23,20.4
970.3,86,632.0,64.3,100,78,67.8,8,79.0,2399,19.4,13.040,23,23.2
973.4,86,632.0,64.3,100,76,68.9,8,79.2,2344,19.3,12.936,23,25.9
976.5,86,633.7,64.2,100,75,71.7,8,81.6,2373,21.6,12.942,23,26.1
979.6,86,636.0,64.2,100,74,73.4,8,84.7,2554,26.1,12.991,23,31.5
982.7,86,638.3,64.1,100,73,72.2,8,82.7,2687,27.5,13.041,23,32.5
985.8,86,640.0,63.9,100,72,72.8,8,81.8,2660,26.3,13.040,23,30.0
988.9,86,640.0,63.9,99,71,67.8,8,78.3,2203,7.7,13.042,23,21.7
992.0,86,640.0,63.9,100,71,71.4,8,82.9,2384,19.2,13.078,23,23.4
995.1,86,640.0,63.9,99,71,61.5,8,75.2,2162,19.5,13.040,23,21.6
998.2,86,636.0,63.9,100,71,62.2,8,72.2,2162,17.2,13.040,23,21.8
1001.3,86,636.0,64.2,100,72,73.5,8,84.8,2295,24.6,13.015,23,29.2
1004.4,86,640.0,64.3,100,72,69.0,8,82.4,2573,25.5,13.031,23,30.3
1007.5,86,640.0,64.3,100,73,69.6,8,75.5,2225,15.1,13.050,23,26.1
1010.6,86,640.0,64.3,100,74,69.2,8,78.9,2297,20.8,13.040,23,26.2
1013.7,86,640.0,64.3,100,75,71.0,8,82.1,2362,22.0,13.040,23,26.2
1016.8,86,640.3,64.3,100,77,75.6,8,85.2,2660,30.6,13.040,23,37.3
1019.9,86,644.0,64.3,100,77,73.7,8,75.4,2529,24.3,12.962,23,34.9
1023.0,86,644.7,64.3,100,77,76.0,8,86.3,2683,34.5,13.040,23,35.4
1026.1,86,648.0,64.3,100,76,76.1,8,68.5,2811,35.2,12.955,23,39.6
1029.2,86,650.8,64.0,100,77,76.1,6,28.7,2849,34.5,12.880,23,40.2
1032.3,86,652.5,63.9,100,77,75.4,6,85.0,2853,33.9,13.040,23,39.6
1035.4,86,656.0,63.9,100,77,75.1,6,85.2,2848,34.5,12.961,23,39.6
1038.5,86,656.8,63.9,100,77,75.3,6,84.2,2828,32.4,13.040,22,39.0
1041.6,86,660.0,63.9,99,77,68.5,6,79.8,2360,17.6,13.040,21,27.1
1044.7,86,656.0,63.9,100,76,72.7,6,83.0,2429,22.3,13.040,23,28.6
1047.8,86,656.0,63.9,99,76,71.6,6,80.6,2310,20.2,12.977,23,27.7
1050.9,86,656.0,64.3,99,76,69.4,6,76.4,2312,22.5,12.975,23,24.6
1054.0,86,655.7,64.3,99,76,64.4,6,73.0,2320,18.2,13.002,23,19.3
1057.1,86,652.0,64.3,99,76,64.8,6,72.6,2340,13.9,13.040,23,21.3
1060.2,86,650.8,64.3,99,77,50.3,6,57.7,2339,10.7,13.040,23,15.2
1063.3,86,644.0,64.3,100,77,37.4,6,42.9,2325,7.8,13.012,23,12.3
1066.4,86,641.7,64.3,100,77,27.5,6,33.0,2301,1.2,13.039,23,6.8
1069.5,86,631.5,64.3,100,75,15.1,6,17.0,2232,1.7,13.040,23,6.6
1072.6,86,625.4,64.3,100,74,24.6,6,28.6,2212,4.7,13.037,23,8.9
1075.7,86,619.1,64.4,100,73,23.6,6,28.6,2203,4.7,13.008,23,9.2
1078.8,86,613.1,64.7,100,73,30.3,6,34.0,2212,5.5,13.040,23,9.4
1081.9,86,610.5,64.7,100,73,36.0,6,38.9,2203,6.8,12.981,23,11.4
1085.0,86,608.0,64.7,100,73,56.2,6,64.3,2354,13.5,13.040,23,18.2
1088.1,86,610.4,64.5,100,75,62.8,6,72.1,2345,16.3,13.040,23,21.0
1091.2,86,612.0,64.3,100,77,71.3,6,79.7,2494,22.3,13.040,23,27.3
1094.3,86,615.1,64.3,100,77,71.4,6,81.3,2561,22.1,13.030,23,27.8
1097.4,86,620.0,64.3,100,76,66.3,6,76.7,2300,20.0,13.021,23,23.5
1100.5,86,620.0,64.3,100,74,69.3,6,79.3,2281,21.4,12.986,23,25.9
1103.6,86,621.4,64.2,101,73,71.9,6,81.1,2361,22.7,12.996,23,26.9
1106.7,86,626.4,64.1,100,72,73.7,6,83.3,2483,23.5,13.038,23,28.8
1109.8,86,628.0,63.9,100,72,72.9,6,82.4,2495,22.3,13.040,21,28.2
1112.9,86,631.2,63.9,100,72,67.5,6,81.7,2318,20.6,12.944,21,26.3
1116.0,86,632.0,63.9,100,72,69.8,6,79.7,2225,20.6,13.017,21,24.4
1119.1,86,631.7,63.9,100,72,66.1,6,74.4,2205,16.7,13.040,21,21.5
1122.2,86,628.0,64.1,100,72,62.2,6,71.9,2186,16.0,13.090,21,20.2
1125.3,86,628.0,63.9,100,71,67.5,6,76.8,2237,19.1,13.063,21,25.2
1128.4,87,630.4,64.3,100,71,70.6,6,81.0,2318,21.3,13.040,21,26.5
1131.5,87,632.0,63.9,100,72,74.4,6,85.0,2503,24.0,13.040,21,29.4
1134.6,87,632.0,63.9,100,72,68.9,6,79.8,2242,20.6,13.040,21,26.1
1137.7,87,636.0,63.8,100,72,74.8,6,85.4,2531,25.8,13.040,21,30.8
1140.8,87,636.0,63.5,100,73,71.9,6,82.2,2464,22.8,13.040,21,27.5
1143.9,87,640.0,63.5,100,73,70.4,6,79.8,2239,22.0,13.040,21,29.1
1147.0,87,640.0,63.5,100,73,71.9,6,82.4,2310,20.6,13.040,21,27.4
1150.1,87,641.6,63.5,100,74,74.4,6,84.7,2569,28.0,13.040,21,33.0
1153.2,87,644.0,63.5,100,77,67.4,6,83.6,2504,27.3,13.040,21,32.7
1156.3,87,644.0,63.9,100,77,74.7,6,85.5,2547,28.6,13.040,21,31.1
1159.4,87,648.0,63.9,100,77,77.0,6,87.4,2466,29.8,13.040,21,38.7
1162.5,87,648.0,63.7,100,78,75.6,6,85.9,2694,27.7,13.040,21,38.4
1165.6,87,2634.6,63.5,100,78,75.6,6,85.7,2793,33.3,13.040,21,34.0
1168.7,87,652.0,63.1,100,78,65.9,6,81.4,2504,26.2,13.040,21,34.2
1171.8,87,652.0,63.1,100,78,69.3,6,81.0,2408,19.6,13.040,21,25.3
1174.9,87,652.0,63.1,100,77,70.4,6,79.6,2409,18.4,13.040,21,25.5
1178.0,87,652.0,63.5,100,78,73.3,6,82.0,2537,23.9,12.973,21,28.6
1181.1,87,652.0,63.3,100,80,72.9,6,82.1,2858,27.3,13.040,21,32.8
1184.2,87,652.0,63.5,100,82,73.5,6,82.7,2837,26.3,13.011,21,31.3
1187.3,87,656.0,63.5,100,82,71.9,6,81.3,2938,27.5,12.960,21,33.5
1190.4,87,656.0,63.5,100,83,70.6,6,80.0,2978,27.1,13.040,21,33.1
1193.5,86,656.0,63.8,100,85,71.0,6,81.4,2673,25.0,13.040,21,31.5
1196.6,86,656.0,63.9,100,85,71.8,6,81.0,2790,26.3,12.971,21,32.0
1199.7,86,656.0,63.9,100,86,70.6,6,79.3,2883,25.5,13.008,21,31.4
1202.8,86,656.0,63.9,100,86,69.4,6,78.7,2899,25.5,13.036,21,31.4
1205.9,86,656.0,63.9,101,86,67.3,6,76.2,2643,22.6,13.016,21,29.1
1209.0,86,656.0,63.9,101,85,65.1,6,73.3,2601,19.8,13.040,21,27.4
1212.1,86,654.2,63.9,101,84,59.7,6,67.9,2562,15.7,13.040,21,20.2
1215.2,86,652.0,64.3,100,83,62.3,6,70.3,2542,16.1,13.040,21,22.1
1218.3,86,652.0,64.3,100,83,62.4,6,70.8,2534,16.1,13.040,21,21.0
1221.4,86,648.0,64.3,100,82,61.0,6,69.8,2513,16.1,13.040,21,22.4
1224.5,86,648.0,64.0,100,82,66.7,6,76.5,2502,19.0,12.979,21,24.1
1227.6,86,648.0,63.9,100,80,73.4,6,83.6,2552,24.6,13.040,21,29.2
1230.7,86,648.2,63.9,100,80,72.2,6,81.6,2722,25.9,13.040,21,31.3
1233.8,86,652.0,63.5,100,78,70.7,6,80.2,2691,25.4,12.880,21,23.2
1236.9,86,649.1,63.1,100,77,69.9,6,81.7,2364,21.3,12.988,21,24.5
1240.0,86,652.0,62.8,100,78,71.9,6,83.3,2430,22.7,13.020,21,26.5
1243.1,86,652.0,62.6,100,78,68.8,6,79.3,2390,21.6,13.027,21,28.3
1246.2,86,652.0,62.0,100,77,68.8,6,80.1,2403,21.2,13.013,21,27.1
1249.3,86,649.6,61.6,100,77,66.2,6,76.7,2337,14.1,12.882,21,22.7
1252.4,86,648.0,61.6,100,76,65.9,6,74.7,2328,18.9,13.005,21,23.4
1255.5,86,648.0,61.6,100,76,66.3,6,75.4,2312,17.9,13.040,21,23.2
1258.6,86,648.0,61.6,100,76,72.8,6,82.1,2394,21.5,13.040,21,27.2
1261.7,86,648.0,61.9,100,76,72.4,6,82.9,2557,24.2,13.040,21,29.8
1264.8,86,650.2,62.4,100,76,72.2,6,82.2,2639,25.1,13.040,21,30.2
1267.9,86,652.0,62.4,100,76,71.4,6,79.9,2569,19.3,13.012,21,27.7
1271.0,86,652.0,62.7,100,74,69.5,6,81.7,2292,22.2,12.960,21,26.8
1274.1,86,652.0,62.7,100,72,74.5,6,84.9,2499,24.9,13.013,21,30.2
1277.2,86,652.0,62.7,100,71,73.7,6,82.7,2581,25.5,12.986,21,30.6
1280.3,86,652.0,62.7,100,70,72.4,6,83.3,2590,25.9,13.028,21,31.4
1283.4,86,655.9,62.7,100,70,72.9,6,82.8,2625,26.9,13.009,21,32.6
1286.5,86,656.0,62.7,100,70,73.7,6,83.5,2614,27.5,13.038,21,32.9
1289.6,86,656.0,62.7,100,71,72.4,6,82.9,2642,27.5,13.040,21,32.6
1292.7,86,656.0,62.5,100,72,69.8,6,79.0,2486,20.3,13.040,21,17.0
1295.8,86,654.3,62.0,100,74,64.5,6,64.4,2248,17.3,13.040,21,23.3
1298.9,86,652.0,61.6,100,76,51.6,6,56.9,2292,13.9,13.087,21,17.3
1302.0,86,648.0,61.4,100,76,58.2,6,67.6,2341,14.7,12.962,21,17.2
1305.1,86,648.0,61.6,100,78,63.4,6,73.1,2387,17.4,13.040,21,22.4
1308.2,86,645.9,61.6,100,78,60.8,6,66.7,2385,15.3,13.040,21,22.6
1311.3,86,644.0,61.6,101,77,57.0,6,64.3,2341,13.0,13.040,21,20.5
1314.4,86,644.0,61.8,101,76,64.6,6,74.6,2322,21.1,13.092,21,25.0
1317.5,86,644.0,62.0,101,76,72.2,6,81.7,2461,22.6,13.040,21,26.0
1320.6,86,644.0,62.0,100,75,64.3,6,74.0,2291,17.6,12.887,21,22.3
1323.7,86,642.7,62.0,100,76,65.0,6,73.7,2300,17.3,13.040,21,22.4
1326.8,86,640.0,62.0,100,76,64.1,6,61.8,2301,13.7,13.040,21,21.0
1329.9,86,640.0,62.0,100,76,50.2,6,65.9,2304,14.4,13.040,21,13.3
1333.0,86,636.0,61.6,100,75,52.4,6,56.7,2272,12.4,13.039,21,16.9
1336.1,86,632.9,61.3,100,75,49.3,6,59.4,2262,12.9,13.040,21,18.3
1339.2,86,632.0,61.1,100,75,45.0,6,58.5,2262,13.9,12.980,21,18.4
1342.3,86,632.0,61.2,100,75,64.9,6,75.2,2287,18.1,13.008,21,22.7
1345.4,86,632.0,61.2,100,76,69.9,6,79.8,2343,20.7,13.032,21,25.4
1348.5,86,632.7,61.2,100,77,72.1,6,81.9,2409,21.7,12.964,21,26.5
1351.6,86,636.0,61.2,100,77,72.6,6,82.4,2572,23.5,13.045,21,30.5
1354.7,86,637.7,61.6,100,78,72.9,6,81.6,2797,26.7,13.048,21,32.4
1357.8,86,640.4,61.6,100,78,73.6,6,82.7,2875,29.2,13.040,21,35.0
1360.9,86,644.0,61.6,100,78,73.7,6,82.3,2825,29.1,13.038,21,35.3
1364.0,86,648.0,61.6,100,77,74.4,6,83.1,2825,30.3,13.003,21,35.8
1367.1,86,648.0,61.3,100,78,73.3,6,83.7,2688,26.1,13.040,21,28.0
1370.2,86,650.0,61.2,100,78,74.1,6,83.6,2704,29.3,13.040,21,34.9
1373.3,86,652.6,61.2,100,78,74.6,6,83.6,2782,30.2,13.040,21,36.2
1376.4,86,656.0,61.4,100,79,73.7,6,82.2,2789,29.4,13.040,21,34.4
1379.5,86,656.0,61.2,100,80,73.0,6,83.8,2584,25.5,13.040,21,31.8
1382.6,86,656.0,61.2,100,80,73.1,6,82.4,2801,29.0,13.040,21,35.0
1385.7,86,656.0,61.2,100,80,71.8,6,76.0,2543,24.2,13.040,21,32.0
1388.8,86,660.0,60.8,100,80,71.3,6,80.9,2874,27.3,12.990,21,33.7
1391.9,86,660.0,60.8,100,81,72.8,6,85.1,2621,27.9,13.040,21,35.1
1395.0,86,660.0,60.8,100,81,74.5,6,84.1,2653,28.7,12.987,21,32.9
1398.1,86,660.0,60.5,100,80,74.5,6,84.2,2719,28.2,13.040,21,27.6
1401.2,86,660.0,60.5,100,80,69.2,6,81.7,2432,21.3,12.933,21,26.1
1404.3,86,660.0,60.5,100,79,67.4,6,79.4,2415,21.2,13.083,21,26.4
1407.4,86,660.0,60.8,100,78,71.7,6,82.3,2537,23.2,13.040,21,28.3
1410.5,86,660.0,60.8,100,78,71.1,6,81.0,2545,22.9,13.040,21,27.9
1413.6,86,660.0,61.0,100,78,73.1,6,82.3,2507,23.7,13.040,21,28.5
1416.7,86,660.0,61.2,101,79,75.2,6,85.0,2707,31.1,12.964,21,36.9
1419.8,86,660.0,61.3,101,80,71.4,6,80.0,2825,26.7,13.040,21,32.6
1422.9,86,660.0,61.5,100,81,71.4,6,80.8,2825,26.4,13.040,21,32.0
1426.0,86,660.0,61.2,100,81,71.4,6,80.0,2837,26.3,13.040,21,32.2
1429.1,86,660.0,61.2,100,81,72.2,6,81.5,2860,26.3,13.040,21,32.1
1432.2,86,660.0,61.2,100,81,72.2,6,81.4,2797,26.5,12.960,21,32.2
1435.3,86,662.4,60.8,100,79,71.4,6,81.5,2760,26.7,13.037,21,32.2
1438.4,86,664.0,60.8,100,78,72.1,6,80.6,2793,26.7,13.040,21,32.5
1441.5,86,664.0,60.4,100,78,71.9,6,81.5,2775,27.1,13.038,21,32.5
1444.6,86,664.0,60.4,100,78,71.4,6,82.1,2594,24.5,13.006,21,30.0
1447.7,86,664.0,60.2,100,77,72.2,6,81.7,2566,23.8,13.078,21,28.5
1450.8,86,664.0,60.0,100,77,72.2,6,80.8,2685,25.9,13.040,21,31.4
1453.9,86,664.0,60.0,100,77,71.9,6,81.4,2637,23.9,13.040,21,29.1
1457.0,86,663.6,60.0,100,78,72.1,6,81.1,2494,23.1,13.003,21,27.7
1460.1,86,660.0,60.0,100,80,71.4,6,80.7,2510,22.1,13.040,21,27.8
1463.2,86,660.0,60.4,100,82,72.0,6,81.5,2728,26.8,13.040,21,30.7
1466.3,86,660.0,60.4,100,85,65.6,6,75.9,2799,23.4,13.040,21,22.8
1469.4,86,660.0,60.4,100,84,72.4,6,83.1,2723,29.6,13.040,21,34.4
1472.5,86,660.0,60.4,100,82,73.7,6,82.9,2925,30.0,13.040,21,36.0
1475.6,86,662.0,60.4,100,81,73.0,6,81.7,2884,27.9,13.040,21,34.1
1478.7,86,660.0,60.4,100,81,69.9,6,80.4,2591,23.9,12.995,21,25.4
1481.8,86,660.0,60.0,100,81,70.1,6,80.5,2462,21.6,13.040,21,26.6
1484.9,86,660.0,60.4,100,81,69.2,6,79.9,2471,21.0,13.000,21,25.6
1488.0,86,660.0,60.4,100,81,71.7,6,82.0,2496,23.1,12.960,21,27.6
1491.1,86,660.0,60.4,100,82,67.8,6,77.9,2509,21.1,12.968,21,25.1
1494.2,86,657.4,60.6,100,81,67.1,6,69.5,2490,17.7,13.034,21,23.8
1497.3,86,660.0,60.8,100,81,74.6,6,83.1,2752,29.2,12.965,21,35.0
1500.4,86,660.0,60.8,100,81,72.6,6,82.5,2904,28.4,13.040,21,34.1
1503.5,86,660.0,60.8,100,81,72.9,6,83.1,2902,29.0,13.040,21,35.3
1506.6,86,660.0,60.5,100,81,73.2,6,82.5,2880,29.3,12.981,21,34.9
1509.7,86,661.5,60.4,100,81,72.9,6,81.6,2910,28.3,12.978,21,34.5
1512.8,86,664.0,60.4,100,82,72.4,6,81.4,2937,28.2,13.040,21,34.5
1515.9,86,664.0,60.4,100,83,72.6,6,80.8,2952,28.2,12.961,21,34.2
1519.0,86,664.0,60.4,100,83,72.2,6,80.2,2954,28.0,13.000,21,34.1
1522.1,86,664.0,60.0,100,83,71.0,6,80.3,2958,27.8,12.964,21,33.7
1525.2,86,664.0,59.8,100,83,71.4,6,80.8,2962,27.8,13.040,21,34.2
1528.3,86,664.0,59.6,100,82,71.4,6,80.2,2958,28.2,12.922,21,34.2
1531.4,86,664.0,59.6,100,82,71.0,6,80.5,2946,26.7,13.028,21,34.1
1534.5,86,662.4,59.6,100,82,66.2,6,75.4,2527,20.2,13.016,21,20.3
1537.6,86,660.0,59.6,100,82,70.6,6,79.5,2524,21.4,13.040,21,28.5
1540.7,86,660.0,59.8,100,83,71.2,6,80.9,2699,25.7,13.040,21,31.6
1543.8,86,660.0,60.0,100,83,71.3,6,79.5,2661,24.6,13.040,21,29.0
1546.9,86,660.0,60.0,100,85,70.6,6,80.0,2612,23.4,13.040,21,28.2
1550.0,86,660.0,60.0,100,85,70.6,6,80.0,2662,24.3,13.040,21,29.8
1553.1,86,660.0,60.0,100,85,55.4,6,69.8,2625,20.0,13.004,21,24.0
1556.2,86,657.4,60.0,100,84,47.9,6,50.8,2533,10.0,13.038,21,15.8
1559.3,86,652.0,60.4,100,82,46.0,6,55.8,2487,12.4,13.040,21,12.3
1562.4,86,649.2,60.4,100,81,61.0,6,68.9,2472,15.6,12.967,21,21.1
1565.5,86,648.0,60.4,100,81,65.9,6,75.6,2452,18.0,13.073,21,22.9
1568.6,86,648.0,60.4,100,80,65.9,6,76.0,2433,18.1,13.040,21,22.7
1571.7,86,648.0,60.4,100,80,52.5,6,75.4,2414,15.0,13.040,21,20.9
1574.8,86,644.7,60.4,100,80,62.0,6,70.8,2412,16.1,13.040,21,20.8
1577.9,86,644.0,60.4,100,80,71.0,6,82.7,2412,21.8,13.040,21,26.2
1581.0,86,648.0,60.0,100,80,71.6,6,81.3,2619,24.3,12.998,21,30.1
1584.1,86,648.0,59.7,100,79,71.4,6,80.9,2654,24.8,12.974,21,29.8
1587.2,86,648.0,59.6,100,77,72.2,6,81.6,2637,24.8,13.040,21,30.2
1590.3,86,648.1,59.6,100,75,72.2,6,81.9,2600,24.5,13.040,21,29.9
1593.4,86,649.7,60.0,100,74,59.8,6,72.1,2262,7.8,13.040,21,24.5
1596.5,86,648.0,60.0,100,74,67.5,6,76.9,2270,19.6,13.040,21,24.0
1599.6,86,648.0,60.0,100,76,73.4,6,84.1,2505,25.1,12.963,21,29.6
1602.7,86,649.2,59.9,100,78,73.6,6,82.0,2831,27.3,12.990,21,31.6
1605.8,86,652.0,59.9,100,79,72.2,6,82.2,2544,24.2,12.982,21,29.8
1608.9,86,652.0,59.6,100,77,69.9,6,79.9,2452,18.6,13.040,21,28.4
1612.0,86,652.0,59.6,100,76,60.7,6,64.8,2297,14.3,12.937,21,21.4
1615.1,86,648.0,60.0,100,75,51.9,6,58.8,2289,13.2,13.040,21,18.8
1618.2,86,644.0,60.0,100,76,62.0,6,70.2,2338,16.9,13.040,21,21.9
1621.3,86,647.1,60.1,100,80,72.9,6,84.2,2562,25.4,12.974,21,30.6
1624.4,86,648.0,60.0,100,82,66.1,6,75.8,2521,20.5,12.986,21,27.6
1627.5,86,648.0,60.0,100,81,71.1,6,82.9,2507,23.1,13.070,21,28.1
1630.6,86,648.0,60.0,100,81,73.5,6,83.0,2801,28.8,13.040,21,33.9
1633.7,86,652.0,60.0,100,80,72.9,6,82.6,2882,29.0,13.084,21,34.7
1636.8,86,652.0,60.0,100,79,75.3,6,84.1,2858,31.4,12.961,21,36.9
1639.9,86,656.0,59.7,100,77,75.3,6,83.8,2809,32.7,13.008,21,38.2
1643.0,86,656.0,59.7,100,76,74.8,6,84.9,2795,32.9,13.040,21,38.8
1646.1,86,658.0,59.6,100,75,74.5,6,83.7,2736,32.2,13.040,21,35.9
1649.2,86,660.0,59.6,100,73,72.8,6,82.2,2665,26.7,13.049,21,31.6
1652.3,86,660.0,59.6,100,73,70.3,6,81.5,2494,21.0,13.037,21,25.0
1655.4,86,660.0,59.6,100,75,72.2,6,82.4,2429,22.4,13.021,21,27.1
1658.5,86,656.3,59.6,100,77,71.7,6,82.8,2487,23.0,13.015,21,28.0
1661.6,86,660.0,59.6,100,78,71.9,6,80.9,2625,25.5,13.034,21,30.8
1664.7,86,660.0,59.6,100,78,72.2,6,80.5,2805,27.1,12.981,21,32.7
1667.8,86,660.0,59.6,100,77,70.2,6,81.0,2662,24.4,12.981,21,31.9
1670.9,86,660.0,59.8,100,77,72.0,6,82.4,2389,21.5,13.040,21,26.0
1674.0,86,659.6,59.6,100,78,72.1,6,82.2,2505,22.4,13.040,21,26.4
1677.1,86,656.0,59.0,100,80,55.5,6,64.5,2429,13.4,13.040,21,19.0
1680.2,86,655.2,58.4,100,82,56.5,6,64.1,2480,13.8,13.040,21,19.0
1683.3,86,652.0,58.1,100,83,57.3,6,64.5,2527,14.0,13.040,21,19.6
1686.4,86,650.5,57.6,100,85,51.2,6,54.7,2561,9.1,13.040,21,14.9
1689.5,86,644.3,57.6,100,85,57.3,6,64.2,2580,16.5,12.938,21,20.3
1692.6,86,648.0,57.6,100,86,72.3,6,81.9,2744,27.6,12.908,23,31.5
1695.7,86,648.0,58.0,100,85,69.9,6,78.7,2999,26.3,13.040,23,32.7
1698.8,86,648.0,58.0,100,84,72.2,6,81.1,2998,28.9,12.970,24,34.7
1701.9,86,652.0,58.0,100,82,69.4,6,80.8,2701,23.7,13.060,24,30.2
1705.0,86,649.2,57.6,100,80,56.1,6,65.3,2429,13.6,13.040,24,19.8
1708.1,86,646.8,57.3,100,77,44.5,6,52.3,2320,10.5,13.040,25,15.8
1711.2,86,644.0,57.3,101,74,60.0,6,69.1,2258,15.9,13.040,25,18.4
1714.3,86,642.9,57.5,101,73,56.5,6,65.1,2214,14.9,12.987,25,19.9
1717.4,86,640.0,57.0,101,72,71.4,6,80.8,2309,23.1,13.040,25,27.8
1720.5,86,644.0,57.0,101,72,72.9,6,83.7,2519,25.1,13.040,25,30.2
1723.6,86,644.0,57.3,100,71,72.5,6,83.5,2545,25.1,13.034,25,30.2
1726.7,86,645.0,57.3,100,70,72.9,6,83.9,2494,24.1,13.011,26,29.5
1729.8,86,648.0,57.9,100,68,70.9,6,82.1,2352,22.8,13.040,26,28.1
1732.9,86,648.0,58.0,100,65,72.4,6,84.5,2216,26.8,13.040,26,30.0
1736.0,86,648.0,57.6,100,62,75.5,6,86.7,2427,28.9,13.040,26,33.9
1739.1,86,652.0,57.6,100,62,75.3,6,86.3,2487,29.8,13.040,26,34.9
1742.2,87,655.4,57.6,100,61,75.8,6,86.1,2437,30.9,13.040,26,35.7
1745.3,87,657.9,57.6,100,60,76.6,6,87.0,2606,35.9,13.040,26,40.8
1748.4,87,664.0,58.0,100,61,74.6,6,84.1,2813,35.7,12.998,26,41.6
1751.5,87,667.4,58.3,100,62,74.1,6,83.3,2877,32.3,13.023,26,38.0
1754.6,87,669.7,58.4,100,62,74.5,6,83.8,2837,33.5,13.022,26,39.1
1757.7,87,672.0,58.0,100,62,73.9,6,83.4,2851,33.3,13.040,26,39.0
1760.8,87,674.3,57.8,100,63,74.2,6,82.8,2895,32.4,13.040,26,38.1
1763.9,87,676.0,57.6,100,63,68.5,6,78.4,2838,27.2,13.040,26,34.6
1767.0,87,676.0,57.0,100,65,69.7,6,79.1,3022,26.4,13.094,26,32.3
1770.1,87,673.1,56.5,99,67,72.9,6,81.5,3402,27.5,12.987,26,33.8
1773.2,87,672.5,56.5,99,68,70.7,6,79.2,3356,25.5,13.051,26,30.7
1776.3,87,672.0,56.1,99,68,68.7,6,76.1,3157,24.9,12.963,26,29.2
1779.4,59,669.7,55.9,100,66,66.1,6,67.1,2140,20.1,12.980,26,31.4
1782.5,84,668.0,55.7,100,66,74.2,6,86.1,2433,30.9,13.018,26,35.8
1785.6,87,668.0,55.7,100,67,74.5,6,86.0,2605,33.9,12.960,26,39.5
1788.7,87,672.0,55.7,100,68,72.9,6,82.2,2942,33.6,13.040,26,39.6
1791.8,87,672.0,55.7,99,69,71.0,6,80.7,3059,30.2,12.960,26,36.5
1794.9,87,668.0,55.8,99,70,70.2,6,77.7,3063,27.4,13.021,26,29.7
1798.0,87,664.1,56.1,100,69,30.7,6,41.5,2114,13.7,13.079,26,5.4
1801.1,87,648.4,56.5,100,65,10.9,6,11.9,1916,0.0,12.905,26,4.6
1804.2,87,632.2,56.5,100,59,14.5,6,16.5,1734,0.4,13.040,26,5.2
1807.3,87,614.6,56.7,100,54,17.5,6,20.8,1593,0.4,12.974,26,5.2
1810.4,87,594.4,56.9,100,49,15.7,6,18.3,1431,0.4,13.040,26,4.6
1813.5,87,580.6,56.9,100,42,15.2,6,18.1,1307,0.4,13.040,26,4.3
1816.6,86,568.2,57.1,100,36,14.1,6,16.5,1287,0.4,13.040,26,3.9
1819.7,86,555.2,57.3,100,30,14.1,6,16.8,1267,0.4,13.040,26,3.9
1822.8,86,542.4,57.9,100,22,22.8,6,24.6,1248,0.4,13.040,26,5.0
1825.9,86,533.9,58.4,100,10,23.9,6,28.5,1212,0.4,13.040,26,5.3
1829.0,86,525.2,58.4,100,6,23.1,6,32.1,971,2.2,12.968,27,4.4
1832.1,86,520.0,58.4,100,9,56.0,6,61.7,2027,12.5,12.992,27,17.7
1835.2,86,523.6,58.1,100,21,73.2,6,83.5,1920,24.0,13.015,27,26.7
1838.3,86,538.1,57.8,100,30,76.9,6,87.5,2076,28.2,12.960,27,32.3
1841.4,86,557.0,57.6,100,37,79.4,6,90.1,2080,30.4,13.087,27,33.2
1844.5,86,573.3,57.3,100,40,77.3,6,89.3,2104,31.3,13.045,27,35.3
1847.6,86,585.8,56.9,99,41,76.9,6,89.3,2178,30.6,13.073,27,35.5
1850.7,87,597.9,56.9,99,45,76.6,6,88.7,2259,32.4,13.040,27,36.4
1853.8,87,610.1,57.3,99,50,76.9,6,87.8,2651,39.0,12.985,26,43.6
1856.9,87,619.9,57.0,99,53,71.2,6,81.1,2958,32.2,13.040,26,38.8
1860.0,87,628.0,56.9,99,55,69.5,6,78.3,3029,26.4,13.040,26,32.7
1863.1,87,632.1,56.9,99,57,72.1,6,83.3,2557,27.3,13.040,26,25.9
1866.2,87,638.8,56.9,99,58,76.0,6,87.3,2395,31.9,12.965,26,36.2
1869.3,87,641.2,56.5,99,60,75.2,6,85.7,2751,36.2,13.040,26,35.9
1872.4,87,647.2,56.2,99,62,75.0,6,86.1,2446,30.2,13.040,26,33.2
1875.5,87,649.7,56.1,99,62,74.3,6,85.2,2760,36.2,12.975,26,39.3
1878.6,87,656.0,56.1,99,63,71.3,6,80.5,2787,25.3,13.006,26,32.2
1881.7,87,656.0,56.1,99,65,69.8,6,78.8,2873,25.9,12.960,26,33.3
1884.8,87,656.0,56.1,99,66,68.3,6,78.8,3054,27.0,13.040,26,33.2
1887.9,87,656.0,56.1,99,67,68.2,6,76.8,3075,23.2,12.967,26,30.8
1891.0,87,656.0,56.1,99,68,70.9,6,83.0,3259,27.8,13.040,26,34.1
1894.1,87,656.0,56.1,99,68,68.7,6,78.6,3162,25.0,13.014,26,32.0
1897.2,87,656.0,56.1,99,68,69.1,6,78.6,3157,26.0,13.040,26,33.3
1900.3,87,656.0,56.1,99,66,70.6,6,80.1,2965,27.6,12.943,26,33.7
1903.4,87,659.0,56.1,99,65,72.6,6,82.7,2949,32.0,12.970,26,37.9
1906.5,87,660.0,56.1,99,63,72.8,6,83.5,2828,27.0,13.040,26,35.5
1909.6,87,664.0,56.1,99,61,72.7,6,84.6,2517,29.0,13.040,26,33.3
1912.7,87,666.5,56.1,99,59,75.6,6,87.3,2614,37.9,12.958,26,43.8
1915.8,87,669.0,56.0,99,58,76.9,6,87.2,2819,43.2,12.983,26,49.8
1918.9,87,672.0,55.7,99,57,75.0,6,85.9,2875,40.1,13.040,26,45.9
1922.0,87,677.7,55.7,99,57,74.5,6,85.9,2886,40.1,13.040,26,46.4
1925.1,87,680.1,55.3,98,56,75.1,6,85.2,2887,40.6,13.008,26,46.7
1928.2,87,684.0,55.3,98,56,75.3,6,86.5,2929,39.2,13.046,26,46.0
1931.3,87,688.0,55.3,98,55,76.1,6,87.6,2927,40.6,13.054,26,47.4
1934.4,87,691.9,55.3,98,55,74.3,6,87.2,2981,42.4,12.984,26,48.6
1937.5,87,693.9,55.3,98,53,74.3,6,84.4,3062,39.9,13.040,26,45.9
1940.6,87,696.1,55.3,98,53,73.7,6,85.0,3112,38.6,13.040,26,44.6
1943.7,87,700.0,55.3,98,55,76.3,6,88.0,3217,37.3,13.040,26,44.0
1946.8,87,700.3,55.3,98,55,77.5,6,89.0,3266,36.9,12.992,26,43.5
1949.9,87,704.0,55.3,98,56,78.2,6,89.3,3297,37.3,12.966,25,43.8
1953.0,87,704.0,55.3,98,56,74.9,6,87.6,3203,37.5,13.040,25,44.0
1956.1,87,707.1,55.3,98,56,76.9,6,88.8,3226,37.4,13.040,25,43.9
1959.2,87,708.0,55.3,98,56,78.4,6,89.8,3323,36.2,13.040,25,43.0
1962.3,87,708.0,55.3,98,57,78.4,6,89.5,3312,36.7,13.002,25,43.6
1965.4,87,708.0,55.3,98,58,78.6,6,90.4,3298,39.7,13.040,25,46.2
1968.5,87,708.0,54.9,98,58,76.1,6,88.1,3172,40.5,12.990,25,46.9
1971.6,87,708.0,54.5,98,58,74.7,6,86.8,3112,41.5,13.040,25,48.0
1974.7,87,708.0,54.3,98,58,76.6,6,88.0,3131,43.1,13.040,25,49.3
1977.8,87,712.0,54.1,97,57,76.3,6,87.7,3127,44.1,13.040,25,50.3
1980.9,87,712.0,54.1,98,57,78.4,6,91.2,3203,43.3,13.040,25,50.2
1984.0,87,712.0,54.0,98,58,77.6,6,89.8,3200,42.7,12.978,25,49.0
1987.1,87,712.0,53.7,97,58,77.6,6,90.4,3204,42.6,13.031,25,49.4
1990.2,87,712.0,53.7,97,58,78.1,6,90.0,3210,43.1,12.960,25,49.7
1993.3,87,712.0,53.3,97,58,77.0,6,90.9,3208,43.3,13.040,25,49.7
1996.4,87,712.0,53.3,97,60,78.0,6,90.7,3195,43.2,13.027,25,50.2
1999.5,87,710.9,53.4,97,61,75.4,6,88.5,3137,44.1,13.011,25,50.2
2002.6,87,708.0,53.7,97,63,78.7,6,90.6,3275,39.5,13.016,25,48.0
2005.7,87,708.0,53.7,97,67,74.0,6,86.9,3386,34.6,13.026,25,41.0
2008.8,87,704.1,54.0,97,69,71.1,6,83.3,2778,24.7,13.040,25,27.1
2011.9,87,700.0,54.1,97,73,70.0,6,81.6,2693,28.9,13.040,25,35.9
2015.0,87,695.6,54.1,97,76,63.1,6,71.7,2461,17.1,12.960,25,19.8
2018.1,87,689.3,54.7,97,76,38.4,6,45.7,2328,7.7,13.040,25,12.5
2021.2,87,673.1,55.4,97,77,12.0,6,18.2,2278,0.8,13.040,25,5.3
2024.3,87,660.5,56.0,98,75,11.8,6,13.8,2212,0.4,12.960,25,5.1
2027.4,87,637.1,56.2,98,72,12.3,6,14.1,2117,0.4,13.019,25,5.1
2030.5,86,620.3,56.5,98,68,10.4,6,12.5,2016,0.4,13.040,25,4.6
2033.6,86,607.2,56.5,98,66,13.2,6,14.7,1962,0.7,12.882,25,5.2
2036.7,86,600.0,56.1,97,66,46.8,6,53.2,2083,9.4,13.005,25,15.0
2039.8,86,600.0,55.8,97,68,49.2,6,58.0,2097,11.7,13.040,25,16.5
2042.9,86,600.0,56.1,97,70,41.0,6,47.8,2112,8.5,13.040,25,12.8
2046.0,86,596.0,56.1,98,71,40.9,6,47.8,2130,8.6,13.002,26,12.9
2049.1,86,596.0,56.5,98,71,37.5,6,43.6,2139,5.6,12.882,26,10.7
2052.2,86,589.8,57.0,98,71,11.0,6,14.9,2139,2.7,13.040,26,5.2
2055.3,86,577.7,57.5,98,70,13.4,6,15.3,2096,2.2,13.019,26,6.2
2058.4,86,570.5,57.7,98,69,22.8,6,26.7,2087,4.1,12.880,26,8.3
2061.5,86,568.0,58.0,98,68,30.1,6,33.5,2107,5.3,13.040,26,10.3
2064.6,86,566.3,58.4,98,68,31.4,6,36.7,2050,6.0,13.040,25,10.4
2067.7,86,564.0,58.4,98,67,37.7,6,42.5,2088,5.7,13.040,26,8.2
2070.8,86,564.0,58.4,98,68,46.3,6,55.7,2211,10.8,12.974,25,15.0
2073.9,86,564.0,58.4,98,68,45.6,6,52.8,2125,9.6,13.040,25,13.5
2077.0,86,566.8,58.4,98,69,52.5,6,61.5,2134,12.1,13.040,25,16.3
2080.1,86,568.0,58.4,98,70,51.7,6,61.2,2125,11.8,13.040,25,16.1
2083.2,86,568.0,58.4,98,70,54.4,6,63.1,2125,12.7,12.915,25,15.9
2086.3,86,572.0,58.1,98,70,60.3,6,70.9,2147,16.8,13.040,25,20.7
2089.4,86,575.6,58.1,98,71,65.1,6,76.3,2193,18.4,13.040,25,23.2
2092.5,86,580.0,58.0,97,72,67.0,6,78.4,2274,20.6,13.040,25,24.4
2095.6,86,584.1,57.6,97,72,67.6,6,79.2,2291,20.8,13.040,24,25.5
2098.7,86,588.0,57.6,97,72,67.1,6,77.5,2252,20.3,13.040,24,25.5
2101.8,86,592.0,57.6,98,72,55.1,6,65.7,2174,15.4,13.040,24,19.4
2104.9,86,592.0,57.6,98,71,66.1,6,79.4,2197,19.8,12.987,24,23.9
2108.0,86,595.5,57.6,97,71,68.5,6,80.4,2315,21.2,12.901,24,25.9
2111.1,86,600.0,57.6,97,72,69.0,6,80.5,2313,21.6,13.029,24,26.2
2114.2,86,603.1,57.6,97,73,45.0,6,52.1,2251,12.9,12.993,24,23.4
2117.3,86,603.5,57.9,97,74,66.4,6,74.5,2262,20.1,12.912,24,24.7
2120.4,86,606.0,58.0,97,75,69.2,6,80.5,2319,21.2,13.040,24,25.7
2123.5,86,608.8,57.6,98,77,70.5,6,82.1,2463,22.2,13.040,24,27.0
2126.6,86,612.0,57.6,98,79,70.6,6,82.4,2534,22.8,13.040,23,27.8
2129.7,86,617.3,57.6,98,80,70.1,6,81.6,2696,25.8,13.040,23,31.4
2132.8,86,620.0,57.6,98,79,32.9,6,43.8,2361,11.1,13.040,23,17.0
2135.9,86,610.9,58.0,98,75,20.6,6,21.0,2207,1.1,13.040,23,6.5
2139.0,86,606.8,57.6,98,71,31.0,6,39.8,2145,10.8,13.040,23,14.0
2142.1,86,597.3,57.4,98,69,12.4,6,13.2,2069,0.7,13.040,23,4.8
2145.2,86,586.3,57.3,98,67,10.2,6,11.8,1979,0.4,13.040,23,4.3
2148.3,86,571.8,57.6,98,65,10.2,6,11.4,1927,0.6,12.936,23,4.8
2151.4,86,562.0,57.6,98,63,28.6,6,32.3,1912,5.0,12.905,24,9.6
2154.5,86,560.0,57.6,98,63,41.6,6,46.7,2010,6.5,13.040,24,12.0
2157.6,86,557.3,57.8,99,64,23.6,6,23.3,1925,1.5,13.040,24,4.7
2160.7,86,556.0,57.6,98,65,41.6,6,47.3,2009,8.7,12.986,24,12.9
2163.8,86,556.0,57.6,98,66,52.0,6,60.1,2076,11.0,13.011,24,15.3
2166.9,86,556.0,57.6,98,67,44.8,6,37.1,2015,4.1,13.038,24,13.6
2170.0,86,556.0,57.6,98,68,37.6,6,33.6,2046,6.7,12.999,23,12.0
2173.1,86,556.0,57.6,98,67,26.3,6,31.0,2025,4.7,13.040,23,8.9
2176.2,86,550.4,57.6,99,67,15.0,6,15.7,2013,1.2,13.040,23,6.0
2179.3,86,544.2,57.6,99,66,24.3,6,30.1,2000,5.0,13.040,23,7.9
2182.4,86,539.5,57.4,99,65,19.5,6,21.1,1975,0.8,13.040,23,5.6
2185.5,86,532.0,57.6,99,63,15.1,6,17.9,1921,2.0,12.990,23,5.7
2188.6,86,528.4,57.9,99,63,27.9,6,31.9,1949,3.3,12.981,23,8.9
2191.7,86,528.0,58.0,99,62,33.9,6,38.5,2036,5.9,12.901,23,10.3
2194.8,86,532.0,58.0,99,62,39.1,6,45.1,1955,7.6,13.040,23,11.8
2197.9,86,532.0,58.0,99,62,32.1,6,35.4,1888,5.9,13.040,23,13.1
2201.0,86,532.5,58.0,98,62,44.0,6,51.3,1987,9.4,13.040,23,13.2
2204.1,86,536.0,58.0,98,63,53.9,6,59.1,1952,12.2,12.962,23,17.8
2207.2,86,540.5,57.6,99,65,61.9,6,70.7,1989,13.8,12.998,23,17.8
2210.3,86,546.8,57.6,98,63,63.1,6,72.5,2000,16.1,12.881,23,19.9
2213.4,86,549.4,57.2,98,63,62.6,6,72.5,1988,16.1,12.919,23,20.0
2216.5,86,555.9,56.9,98,62,62.5,6,72.2,1931,15.3,13.040,23,19.6
2219.6,86,560.0,56.5,98,62,55.9,6,65.5,1887,12.9,12.965,23,17.9
2222.7,86,560.5,56.1,99,62,60.8,6,71.5,1957,15.4,13.075,23,18.3
2225.8,87,566.7,56.1,98,64,63.8,6,74.4,2040,17.3,12.961,23,21.2
2228.9,87,568.4,56.1,98,65,64.3,6,74.9,2058,20.0,13.000,23,23.4
2232.0,87,574.1,56.1,98,66,72.2,6,83.6,2366,23.8,12.960,21,28.6
2235.1,87,584.3,56.1,98,68,73.5,6,85.9,2532,25.7,13.040,21,30.9
2238.2,87,590.9,56.1,99,70,75.7,6,86.2,2716,34.5,12.971,21,40.4
2241.3,87,598.4,55.7,99,72,74.6,6,85.9,2973,34.3,13.040,21,40.2
2244.4,86,607.1,55.7,98,74,75.3,6,86.0,3280,30.0,13.040,21,35.8
2247.5,86,612.0,56.1,98,76,60.5,6,67.9,2529,16.5,13.040,21,23.6
2250.6,86,612.0,56.1,98,76,67.6,6,79.5,2325,24.7,13.040,21,29.0
2253.7,86,612.0,55.8,98,76,20.2,6,23.1,2273,7.6,13.040,21,18.4
2256.8,86,612.0,56.1,99,76,69.3,6,80.9,2375,21.4,13.040,21,24.7
2259.9,86,617.4,56.1,99,77,75.9,6,85.1,2765,32.2,13.040,21,37.4
2263.0,86,623.4,56.1,99,79,71.6,6,83.0,2832,29.3,13.049,21,35.7
2266.1,86,624.0,56.1,99,80,63.3,6,77.5,2448,18.1,13.047,21,25.2
2269.2,86,620.0,56.5,99,77,18.3,6,27.8,2327,3.4,13.007,21,7.0
2272.3,86,620.0,56.5,99,76,50.0,6,56.6,2336,10.5,12.960,21,17.5
2275.4,86,620.0,56.5,98,76,49.9,6,52.2,2316,13.1,13.040,21,20.9
2278.5,86,620.0,56.2,99,76,40.5,6,51.3,2309,12.1,13.040,21,18.8
2281.6,86,612.4,56.1,99,74,19.6,6,17.1,2238,1.4,13.040,21,7.2
2284.7,86,599.5,55.7,99,72,12.3,6,13.0,2166,0.6,13.040,21,6.0
2287.8,86,590.3,55.7,99,70,21.4,6,23.9,2120,1.6,13.040,21,4.7
2290.9,86,589.3,55.7,99,71,73.6,6,85.2,2391,22.5,13.040,21,25.4
2294.0,86,595.6,55.7,99,72,72.9,6,84.1,2660,26.6,13.021,21,31.0
2297.1,86,601.7,55.8,99,74,74.7,6,85.9,2771,29.5,12.960,21,32.2
2300.2,86,607.9,56.1,98,75,55.6,6,60.5,2244,14.5,13.040,21,24.3
2303.3,86,595.8,56.1,99,71,12.1,6,13.2,2119,0.8,13.040,21,9.0
2306.4,86,591.7,56.5,99,68,29.1,6,35.8,2050,6.2,13.078,21,8.2
2309.5,86,585.1,56.5,99,67,19.3,6,31.5,1987,3.6,13.040,21,6.5
2312.6,86,579.2,56.9,99,63,10.4,6,15.3,1918,2.0,13.040,21,5.0
2315.7,86,576.0,56.9,99,63,32.7,6,34.6,1909,4.0,12.974,21,16.4
2318.8,86,576.0,56.9,99,65,43.1,6,52.8,1962,9.5,13.040,21,13.2
2321.9,86,576.0,56.9,99,67,52.8,6,60.4,2044,11.8,13.040,21,15.7
2325.0,86,576.0,56.9,99,67,54.2,6,61.8,2057,11.8,13.040,21,17.0
2328.1,86,579.9,56.9,99,68,61.7,6,71.0,2105,12.8,13.040,21,18.6
2331.2,86,580.0,56.9,99,68,52.0,6,60.0,2120,11.8,13.040,21,15.0
2334.3,86,580.0,56.9,99,68,48.9,6,58.1,2087,11.3,12.998,21,15.4
2337.4,86,580.0,57.3,99,68,50.2,6,58.7,2097,11.3,13.040,21,15.3
2340.5,86,580.0,57.3,99,68,29.1,6,47.3,2087,10.4,12.987,21,14.7
2343.6,86,580.0,57.3,99,68,50.4,6,57.1,2085,11.2,13.027,21,15.7
2346.7,86,580.0,57.2,99,67,53.3,6,61.6,2062,12.1,13.020,21,15.9
2349.8,86,580.0,57.2,99,66,42.2,6,50.2,2013,9.6,13.015,21,11.0
2352.9,86,580.0,57.3,99,64,39.4,6,44.5,1974,7.8,13.034,21,12.0
2356.0,86,579.7,57.3,99,63,33.5,6,35.3,1916,5.8,12.971,21,11.1
2359.1,86,574.1,57.3,99,62,37.1,6,43.4,1901,7.0,13.012,21,10.1
2362.2,86,572.0,57.6,99,63,37.6,6,42.7,1944,7.3,13.040,21,11.0
2365.3,86,572.0,57.6,99,65,41.7,6,48.3,2034,9.4,13.040,21,13.2
2368.4,86,572.0,57.6,99,67,30.3,6,39.2,2049,9.9,13.040,21,13.0
2371.5,86,568.7,57.6,99,66,31.1,6,34.1,2039,7.3,13.040,21,12.2
2374.6,86,568.0,57.6,99,64,35.8,6,40.5,1982,7.4,13.040,21,12.0
2377.7,86,568.0,57.6,99,63,54.4,6,61.9,1968,12.6,13.040,21,16.7
2380.8,86,572.0,57.6,99,62,40.7,6,52.0,1899,12.2,13.114,21,16.7
2383.9,86,572.0,57.6,99,61,41.4,6,53.2,1847,11.5,13.040,21,8.7
2387.0,86,572.0,57.6,99,59,38.3,6,47.3,1811,9.6,12.892,21,13.7
2390.1,86,572.0,58.0,99,58,46.7,6,53.9,1795,9.9,13.040,21,13.8
2393.2,86,569.0,58.0,99,58,17.1,6,17.1,1741,2.0,13.040,21,7.0
2396.3,86,564.0,57.5,99,58,32.3,6,40.3,1808,2.0,13.100,21,6.1
2399.4,86,560.3,57.3,99,58,22.3,6,26.7,1788,4.4,13.040,21,6.6
2402.5,86,556.0,56.9,99,60,34.7,6,43.4,1922,7.4,13.040,21,10.7
2405.6,86,556.0,56.9,99,59,29.6,6,34.9,1830,5.7,12.990,21,10.2
2408.7,86,557.6,56.9,99,60,69.0,6,81.2,2064,19.0,12.998,21,22.4
2411.8,86,563.3,56.9,99,61,49.5,6,61.9,2040,15.6,13.040,21,15.1
2414.9,86,561.9,56.9,99,60,12.3,5,15.3,1763,3.5,13.040,21,9.1
2418.0,86,559.1,56.9,99,57,54.4,5,63.2,1874,13.0,13.040,21,17.4
2421.1,86,560.0,56.9,99,57,52.6,5,69.8,1737,15.0,12.917,21,18.7
2424.2,86,560.0,56.9,99,57,54.5,5,55.1,1741,12.0,13.040,21,16.6
2427.3,86,564.0,56.9,99,58,60.4,5,69.7,1812,14.9,13.040,21,17.8
2430.4,86,568.0,56.9,99,60,59.7,5,69.4,1820,14.5,13.086,21,17.6
2433.5,86,570.7,56.5,99,60,59.6,5,68.7,1840,14.5,13.040,21,17.9
2436.6,86,573.1,56.5,99,61,59.6,5,69.4,1871,14.2,13.040,20,17.6
2439.7,87,572.3,56.5,99,62,56.5,5,57.4,1881,11.2,13.040,20,17.6
2442.8,87,576.0,56.1,99,63,52.4,5,62.9,1925,12.4,13.040,20,16.5
2445.9,87,576.0,56.1,99,63,39.9,5,44.9,1905,7.7,13.040,20,10.5
2449.0,87,571.0,56.1,99,62,15.7,5,17.1,1850,2.2,12.961,20,6.2
2452.1,87,564.0,56.5,100,61,18.2,5,27.7,1827,6.3,13.053,20,7.0
2455.2,87,560.0,56.5,99,60,22.8,5,32.1,1773,2.4,13.013,20,7.1
2458.3,87,557.8,56.3,100,58,16.3,5,20.3,1750,3.4,13.039,21,6.5
2461.4,87,547.0,56.1,100,58,10.1,5,11.6,1775,0.6,13.040,21,3.9
2464.5,86,540.0,56.1,100,60,15.9,5,16.1,1801,2.5,13.040,21,6.0
2467.6,86,530.8,56.0,100,61,9.4,5,11.1,1848,0.5,13.040,21,3.9
2470.7,86,521.4,55.7,100,59,9.4,5,11.4,1807,1.7,13.062,21,3.9
2473.8,86,517.5,55.3,100,57,41.3,5,49.9,1810,4.8,13.062,21,10.3
2476.9,86,516.3,55.3,100,56,18.9,5,27.7,1695,6.4,13.040,21,5.2
2480.0,86,518.0,55.5,100,55,48.0,5,54.0,1710,10.2,13.040,21,12.3
2483.1,86,520.6,55.7,100,53,59.5,5,67.2,1706,13.0,13.040,21,14.0
2486.2,86,527.4,55.7,100,51,36.7,5,51.0,1699,11.7,13.040,21,15.4
2489.3,86,529.9,55.7,99,50,59.9,5,63.3,1653,14.4,12.945,20,18.3
2492.4,86,538.8,55.7,99,48,66.7,5,77.0,1845,17.4,13.040,20,21.2
2495.5,86,545.2,55.7,99,48,62.9,5,73.6,1842,16.3,13.040,20,19.6
2498.6,87,555.5,55.3,99,49,63.7,5,70.6,1803,17.2,13.040,20,21.6
2501.7,87,558.9,55.3,99,51,65.9,5,75.5,1888,17.3,13.040,20,21.2
2504.8,87,567.9,55.3,99,58,53.6,5,70.6,1942,15.7,13.011,20,17.0
2507.9,87,568.0,55.5,99,62,55.7,5,61.3,1889,9.8,13.038,20,15.9
2511.0,87,571.2,55.3,99,65,37.3,5,43.0,1978,8.8,13.005,20,14.2
2514.1,87,571.4,55.3,100,67,42.1,5,46.3,2015,9.0,13.056,20,13.7
2517.2,87,566.2,55.1,100,66,13.0,5,15.4,1974,2.3,13.054,20,5.5
2520.3,87,563.7,55.3,100,64,13.1,5,15.1,1914,1.2,13.085,20,5.2
2523.4,87,557.4,55.7,100,62,18.0,5,21.7,1872,2.8,12.961,20,6.8
2526.5,86,552.0,56.2,100,61,10.6,5,12.1,1884,0.6,13.040,20,4.8
2529.6,86,552.0,56.2,100,62,30.4,5,30.8,1948,7.8,13.040,20,12.6
2532.7,86,549.8,56.1,100,63,28.5,5,32.6,1904,5.5,13.040,20,9.0
2535.8,86,547.3,56.1,100,63,16.1,5,29.5,1897,6.0,13.040,20,7.3
2538.9,86,544.0,56.1,100,63,34.0,5,41.4,1938,7.4,13.040,20,10.6
2542.0,86,544.0,56.1,100,63,37.8,5,42.0,1948,7.5,13.040,21,11.4
2545.1,86,544.0,56.1,100,63,32.2,5,35.4,1912,6.5,13.040,20,10.6
2548.2,86,542.0,56.1,100,63,17.4,5,21.4,1876,3.8,13.040,20,6.9
2551.3,86,540.6,55.7,100,62,47.9,5,54.5,1939,8.5,13.040,20,13.8
2554.4,86,544.0,55.4,100,63,43.9,5,50.2,1945,9.0,13.040,20,12.9
2557.5,86,542.4,54.8,100,63,25.0,5,28.0,1901,4.6,13.040,20,7.3
2560.6,86,543.7,54.2,100,63,29.9,5,29.6,1912,5.7,13.040,20,10.8
2563.7,86,540.0,53.9,100,62,27.4,5,32.4,1889,5.9,13.040,20,8.8
2566.8,86,536.1,53.3,100,62,34.5,5,43.4,1915,8.2,13.005,20,11.0
2569.9,86,540.0,53.3,100,62,28.4,5,24.5,1887,1.5,13.038,20,7.6
2573.0,86,540.0,53.7,100,62,53.3,5,61.6,1944,12.0,13.040,20,15.5
2576.1,86,543.0,53.7,100,62,61.5,5,70.1,1962,14.6,13.040,20,18.6
2579.2,86,548.8,54.1,100,63,62.0,5,71.4,1966,12.1,13.040,20,16.3
2582.3,86,548.7,54.1,100,63,39.1,5,29.4,1902,3.3,12.942,20,8.6
2585.4,86,548.0,54.1,100,62,45.1,5,52.2,1925,9.3,13.046,20,10.2
2588.5,86,548.4,54.1,100,62,51.7,5,60.4,1917,11.2,13.040,20,13.7
2591.6,86,552.0,54.3,100,62,55.7,5,63.4,1913,12.2,12.965,20,16.4
2594.7,86,556.0,54.5,100,63,51.6,5,55.8,1916,11.6,13.040,20,16.2
2597.8,86,559.1,54.5,100,63,61.3,5,69.5,1970,15.3,12.960,20,20.1
2600.9,86,560.8,54.6,100,65,63.5,5,71.9,1997,13.1,12.960,20,18.3
2604.0,86,561.7,55.1,100,64,26.5,5,20.4,1892,0.5,13.036,20,8.3
2607.1,86,556.0,55.7,100,61,13.3,5,18.5,1825,3.7,13.040,20,6.3
2610.2,86,558.2,55.9,100,60,52.4,5,62.8,1905,14.7,13.040,20,17.1
2613.3,86,556.0,55.7,100,60,48.0,5,47.3,1919,6.0,13.040,20,9.9
2616.4,86,558.0,55.7,100,61,52.5,5,52.4,1888,13.9,13.105,20,16.6
2619.5,86,559.9,55.7,100,61,41.2,5,48.1,1898,3.6,12.995,20,12.1
2622.6,86,556.0,55.7,100,61,22.6,5,21.2,1777,0.8,13.040,20,7.3
2625.7,86,551.1,55.7,100,58,18.2,5,23.3,1760,2.4,13.085,20,4.2
2628.8,86,548.0,55.4,100,57,31.2,5,38.1,1750,7.5,13.056,20,7.2
2631.9,86,544.0,54.7,100,56,14.2,5,14.0,1659,1.3,13.047,20,8.2
2635.0,86,540.0,54.4,100,53,19.7,5,34.2,1616,5.8,13.038,20,7.3
2638.1,86,542.9,54.1,100,53,62.2,5,71.5,1781,15.4,13.117,20,18.6
2641.2,86,548.9,54.0,100,54,61.3,5,72.0,1926,16.3,13.040,20,20.2
2644.3,86,555.0,54.0,100,56,67.0,5,76.3,2029,18.4,13.040,20,22.5
2647.4,86,566.3,54.0,100,59,73.7,5,84.9,2288,22.8,13.040,20,28.2
2650.5,86,575.3,53.7,100,62,74.6,5,85.9,2402,23.8,13.040,20,29.0
2653.6,86,584.0,53.7,100,65,75.1,5,86.3,2461,24.8,13.040,20,29.4
2656.7,86,591.1,53.7,100,67,74.2,4,84.5,2569,26.6,13.015,19,32.2
2659.8,86,596.0,53.7,100,69,73.5,4,83.5,2600,27.5,13.033,19,32.7
2662.9,86,600.0,53.7,100,70,67.9,4,77.6,2272,18.5,13.040,19,20.6
2666.0,86,602.9,53.7,100,70,69.4,4,80.2,2293,20.8,13.040,19,25.1
2669.1,86,605.3,53.8,100,71,69.0,4,79.2,2264,20.8,13.040,19,25.1
2672.2,86,608.0,54.4,100,71,60.2,4,70.6,2215,20.0,12.988,19,25.2
2675.3,86,610.5,54.5,100,73,74.0,4,86.1,2461,27.8,13.040,19,32.0
2678.4,86,613.0,54.5,100,75,73.8,4,83.8,2706,27.5,13.040,19,33.0
2681.5,86,619.1,54.5,100,75,67.2,4,79.5,2571,21.8,13.026,19,19.7
2684.6,86,620.0,54.5,100,76,68.0,4,76.7,2330,18.1,12.974,19,22.2
2687.7,86,616.9,54.5,100,75,16.9,4,17.6,2262,5.6,13.023,19,7.9
2690.8,86,612.0,54.5,100,73,60.8,4,69.9,2249,14.6,13.024,19,19.7
2693.9,86,611.4,54.1,100,72,21.1,4,33.0,2162,6.9,13.040,19,6.4
2697.0,86,604.0,53.7,100,69,43.3,4,51.8,2127,9.6,13.044,20,12.1
2700.1,86,604.0,53.7,100,67,65.8,4,77.8,2196,18.5,13.108,20,22.4
2703.2,86,606.8,53.3,100,65,70.5,4,81.7,2307,21.5,13.043,20,25.7
2706.3,86,608.0,53.3,100,62,68.2,4,76.8,2070,16.3,13.068,19,19.9
2709.4,86,611.1,53.6,100,59,67.8,4,72.9,1893,17.7,13.040,19,24.6
2712.5,86,609.6,53.7,100,56,67.1,4,79.1,1738,19.7,13.040,19,20.4
2715.6,86,612.1,53.7,100,55,73.1,4,83.9,1989,22.9,13.040,19,26.6
2718.7,87,618.0,53.7,100,55,71.6,4,83.1,2074,22.1,13.040,19,25.9
2721.8,87,620.4,53.7,100,56,72.2,4,82.2,2096,21.8,13.040,19,25.9
2724.9,87,624.0,53.7,99,58,71.4,4,82.7,2104,20.7,13.040,19,25.9
2728.0,87,628.0,53.7,100,59,66.1,4,76.1,1987,17.0,12.983,19,20.4
2731.1,87,628.0,53.7,99,61,68.8,4,78.8,2089,19.6,13.006,19,24.2
2734.2,87,630.6,53.7,100,63,72.7,4,84.6,2341,23.9,13.038,19,28.4
2737.3,87,632.0,53.7,99,66,65.4,4,72.5,2122,19.3,13.040,19,26.4
2740.4,87,632.0,53.7,100,68,43.7,4,68.1,2077,17.1,13.040,19,13.9
2743.5,87,630.0,54.1,100,69,56.4,4,62.9,2087,13.3,12.970,19,14.3
2746.6,87,624.4,54.1,100,69,28.8,4,32.2,2074,5.0,13.012,19,9.9
2749.7,87,618.0,54.5,100,68,13.9,4,13.5,2032,0.5,12.960,19,5.7
2752.8,87,607.0,54.5,100,66,10.3,4,14.5,1958,2.3,13.040,19,5.8
2755.9,87,596.8,54.2,100,65,27.1,4,32.9,1929,6.2,13.040,19,10.2
2759.0,86,590.8,54.0,100,63,20.5,4,19.5,1890,3.5,13.040,19,7.3
2762.1,86,584.5,53.7,100,62,23.0,4,27.3,1864,4.0,13.040,19,7.5
2765.2,86,580.0,53.5,100,61,28.3,4,31.6,1853,5.1,13.040,20,9.0
2768.3,86,576.0,53.7,100,61,31.0,4,36.2,1870,6.2,13.080,20,9.3
2771.4,86,573.1,54.0,100,61,33.8,4,37.4,1900,6.8,13.040,20,10.8
2774.5,86,572.0,54.1,100,61,36.3,4,38.0,1892,7.0,13.040,20,11.3
2777.6,86,572.0,54.4,100,62,44.6,4,50.7,1937,9.1,13.020,20,12.9
2780.7,86,570.5,55.1,100,62,41.6,4,47.2,1926,6.7,13.018,19,8.5
2783.8,86,560.7,55.4,101,61,9.7,4,11.2,1844,0.4,12.981,19,3.9
2786.9,86,548.0,55.1,101,60,9.4,4,11.4,1787,0.4,13.040,20,3.9
2790.0,86,535.8,54.5,101,58,9.4,4,11.2,1742,0.6,13.087,20,3.5
2793.1,86,524.0,54.1,101,56,10.2,4,12.3,1695,0.4,13.040,20,3.5
2796.2,86,520.0,53.7,100,55,34.8,4,37.1,1737,5.2,12.909,20,9.9
2799.3,86,520.0,54.1,100,56,32.7,4,45.2,1759,8.6,13.102,20,9.4
2802.4,86,515.3,54.1,101,55,9.6,4,11.4,1655,0.6,13.084,20,3.5
2805.5,86,502.6,54.3,101,51,10.2,4,12.0,1561,0.4,13.040,20,3.5
2808.6,86,492.0,55.0,101,45,11.0,4,12.9,1444,0.4,13.040,20,3.5
2811.7,86,485.3,55.3,101,36,11.8,4,13.9,1365,0.4,13.040,20,3.5
2814.8,86,474.3,55.7,101,31,12.5,4,14.5,1314,0.4,13.040,20,3.5
2817.9,86,463.9,56.1,101,22,13.1,4,15.7,1224,0.4,13.076,20,5.1
2821.0,86,462.5,56.1,101,21,67.1,4,76.7,1496,13.4,12.960,20,15.8
2824.1,-21,477.0,55.8,100,27,70.1,4,80.2,1707,18.7,12.991,20,19.3
2827.2,86,491.3,55.3,100,31,65.9,4,75.7,1704,16.6,12.934,20,20.2
2830.3,86,500.0,55.3,100,35,56.8,4,60.8,1651,10.7,13.019,19,14.8
2833.4,86,509.1,55.3,100,37,50.3,4,56.6,1677,4.9,12.960,19,13.0
2836.5,86,515.5,55.3,100,40,53.4,4,61.6,1666,12.1,13.011,19,14.1
2839.6,86,520.0,55.3,100,42,44.5,4,48.1,1424,7.9,13.054,19,11.9
2842.7,87,523.9,55.3,100,43,54.7,4,62.0,1418,8.7,13.087,19,11.8
2845.8,87,521.6,55.1,101,43,17.7,4,18.4,1298,0.8,13.040,19,4.4
2848.9,87,511.7,55.3,101,40,14.6,4,17.1,1190,0.4,13.084,19,3.5
2852.0,87,505.5,55.7,101,38,27.5,4,33.8,1162,5.2,13.040,20,6.4
2855.1,87,504.8,55.7,101,39,47.9,4,55.2,1336,7.6,13.040,20,11.2
2858.2,87,511.1,55.7,100,41,54.5,4,64.6,1505,10.6,13.040,20,13.6
2861.3,87,513.6,55.7,101,41,14.8,4,19.0,1260,2.9,13.040,20,4.5
2864.4,87,500.6,56.1,101,37,14.1,4,16.7,1200,0.4,12.994,20,3.5
2867.5,87,490.5,56.1,101,32,14.0,4,16.5,1212,0.4,13.001,20,3.5
2870.6,87,480.0,56.5,101,25,13.3,4,16.3,1204,0.4,12.990,20,3.5
2873.7,87,476.0,56.7,101,20,38.3,4,62.6,1287,10.0,13.040,20,10.7
2876.8,86,481.3,56.1,101,23,61.5,4,71.7,1474,12.3,13.040,20,14.3
2879.9,86,490.4,56.1,101,28,52.2,4,61.2,1480,9.4,13.040,20,13.2
2883.0,86,496.7,56.1,101,31,43.4,4,54.0,1416,6.1,13.040,20,8.9
2886.1,86,500.0,56.2,101,32,39.9,4,49.0,1259,6.7,12.940,20,9.5
2889.2,86,500.0,56.1,101,34,36.0,4,42.2,1211,5.0,12.864,20,7.8
2892.3,86,500.0,56.1,101,34,33.7,4,39.6,1195,4.1,13.058,20,6.5
2895.4,86,500.0,56.1,101,35,34.6,4,41.7,1196,4.9,13.061,20,8.4
2898.5,86,500.0,56.1,101,35,21.7,4,33.0,1213,4.6,13.040,20,4.5
2901.6,86,489.8,56.1,101,34,23.5,4,30.2,1150,4.3,12.966,20,7.1
2904.7,86,492.0,56.0,101,34,36.9,4,43.6,1285,5.5,13.040,20,8.6
2907.8,86,492.0,55.7,101,34,26.8,4,30.1,1210,2.4,13.040,20,5.5
2910.9,86,488.0,55.7,101,34,25.2,4,30.6,1124,2.4,12.983,20,5.3
2914.0,86,484.5,55.7,101,34,25.4,4,30.4,1151,2.4,12.985,20,5.5
2917.1,86,482.9,55.7,101,32,24.9,4,30.6,1137,2.4,13.040,20,4.8
2920.2,86,480.0,56.0,101,32,16.9,4,20.5,1170,1.4,12.975,20,4.3
2923.3,86,471.0,55.8,101,31,14.1,4,16.7,1241,0.5,13.040,20,3.7
2926.4,86,463.0,56.1,101,28,13.3,4,16.1,1237,0.4,13.040,20,3.5
2929.5,86,455.0,56.5,101,20,14.0,4,16.4,1202,0.4,12.999,20,3.5
2932.6,86,444.9,56.9,101,12,16.2,4,19.5,1054,0.9,13.029,20,3.9
2935.7,86,440.0,56.1,101,10,22.8,4,23.8,1216,1.2,13.019,20,6.5
2938.8,86,435.8,56.5,101,8,16.5,4,20.7,974,0.6,12.987,20,3.8
2941.9,86,428.0,56.1,101,4,33.0,4,37.9,1470,1.1,12.911,20,4.5
2945.0,86,423.9,56.1,101,4,19.4,4,24.3,954,0.6,13.057,20,3.8
2948.1,86,414.8,56.1,101,1,25.6,4,33.4,620,0.8,12.884,20,3.5
2951.2,86,407.3,55.7,101,0,23.6,4,30.9,620,0.4,12.991,20,3.1
2954.3,86,400.9,55.7,101,0,17.7,4,23.3,764,0.7,12.969,20,2.7
2957.4,86,392.1,55.7,101,0,16.5,4,21.6,712,0.6,12.977,20,2.7
2960.5,86,386.6,55.7,101,0,16.5,4,21.6,709,0.8,12.960,20,2.4
2963.6,86,378.8,55.7,101,0,16.5,4,21.2,722,0.8,12.960,20,2.4
2966.7,86,372.5,55.7,101,0,16.5,4,21.6,717,0.8,12.960,20,2.7
2969.8,86,366.1,55.7,101,0,16.5,4,21.2,722,0.8,12.960,20,2.5
2972.9,86,360.0,55.7,101,0,17.2,4,24.4,687,0.6,13.006,20,2.7
2976.0,86,357.5,55.7,101,1,22.7,4,30.0,722,0.4,13.200,20,3.5
2979.1,86,351.1,55.6,101,1,22.7,4,29.7,712,0.4,13.289,21,3.5
2982.2,87,341.5,55.3,101,0,24.1,4,32.3,686,0.5,13.416,21,3.5
2985.3,87,336.0,55.4,101,0,24.0,4,32.4,602,0.8,13.155,21,2.7
2988.4,87,331.9,56.1,101,0,21.3,4,24.6,708,0.6,12.936,21,2.2
2991.5,87,325.7,56.1,101,0,49.9,4,79.0,305,0.1,12.800,21,0.0
2994.6,87,320.0,56.1,101,0,0.0,4,0.0,0,1.6,12.720,21,6.3
2997.7,87,319.4,56.1,101,0,0.0,4,0.1,2,1.6,12.722,21,6.3
3000.8,87,319.7,56.1,101,0,0.0,4,0.0,1,1.6,12.720,21,6.3
3003.9,87,320.0,56.1,101,0,0.0,4,0.0,0,1.6,12.720,21,6.3
3007.0,87,319.9,56.1,0,0.0,4,0.0,0,1.6,12.720,21,6.3
3010.1,87,320.0,56.1,0.0
