BlueDriver Data Log
Dec 12, 2018 6:45:35 AM
Time (s),Accelerator Pedal Position E (%),Mass Air Flow Rate (g/s),Intake Air Temperature (°C),O2 Bank 1 - Sensor 2 - Oxygen Sensor Voltage (V),Absolute Throttle Position B (%),Fuel Level Input (%),Ambient Air Temperature (°C),Calculated Engine Load Value (%),Absolute Throttle Position (%),Engine Coolant Temperature (°C),Catalyst Temperature Bank 1 - Sensor 1 (°C),Absolute Load Value (%),Long Term Fuel Trim Bank 1 (%),Commanded Throttle Actuator (%),Wide Range O2S: Bank 1 - Sensor 1 - Equivalence Ratio (λ),Short Term Fuel Trim Bank 1 (%),Relative Throttle Position (%),Commanded Evaporative Purge (%),Evap. System Vapor Pressure (Pa),Barometric Pressure (kPa),Vehicle Speed (km/h),Wide Range O2S: Bank 1 - Sensor 1 - Voltage (V),Timing Advance for #1 cylinder (°),Commanded Equivalence Ratio (λ),O2 Bank 1 - Sensor 2 - Short Term Fuel Trim (%),Engine RPM (rpm),Accelerator Pedal Position D (%),Control Module Voltage (V)
0.0,,,,,,,,,,,,,,,,,,,,,,,,,,,,
17.2,0.0,4.90,8,0.278,5.5,57.6,7,26.7,5.5,19,0.0,22.7,0.0,5.5,1.000,3.8,0.8,0.0,0.0,102,0,2.189,14.6,0.999,99.2,1278,0.0,14.560
34.4,0.0,4.76,8,0.278,5.5,57.6,7,26.1,5.5,23,0.0,22.2,0.0,5.5,1.003,2.8,0.4,0.0,0.0,102,0,2.189,14.0,0.999,99.2,1262,0.0,14.560
51.6,0.0,4.67,8,0.298,5.3,57.6,7,25.9,5.5,26,0.0,22.6,0.0,5.5,0.998,2.3,0.4,0.0,0.0,102,0,2.195,13.0,0.999,99.2,1246,0.0,14.560
68.8,0.0,3.91,8,0.280,4.9,58.0,7,36.2,4.7,29,0.0,28.6,-10.2,4.7,0.994,14.1,0.8,0.0,0.0,102,2,2.209,9.1,0.999,99.2,843,0.0,13.680
86.0,0.0,4.21,8,0.280,4.7,58.4,7,36.4,5.0,32,0.0,27.2,-9.1,5.5,1.032,17.1,0.4,0.0,0.0,102,0,2.178,6.0,0.999,99.2,869,0.0,13.539
103.2,0.0,4.67,8,0.288,5.3,58.4,7,39.7,5.4,34,0.0,31.9,-10.2,5.4,1.010,5.4,0.4,0.0,0.0,102,0,2.223,5.5,0.999,99.2,922,0.0,12.960
120.4,2.1,5.63,8,0.280,4.7,57.9,7,40.0,6.0,37,0.0,71.5,0.8,21.6,0.990,0.8,16.9,0.0,0.0,102,8,2.195,8.9,0.999,99.2,951,2.6,12.960
137.6,19.2,21.66,7,0.280,4.7,56.9,7,81.5,22.5,39,0.0,71.9,0.8,22.7,0.999,1.6,17.2,4.2,5.8,102,45,2.180,8.7,0.996,99.2,1721,18.9,13.017
154.8,0.7,4.88,7,0.409,5.5,57.7,7,25.8,5.5,43,72.5,22.0,0.0,5.5,1.000,-3.9,0.4,0.0,0.0,102,51,2.177,12.0,0.996,99.2,1302,0.4,12.922
172.0,0.0,4.71,7,0.421,5.4,60.0,7,40.3,5.5,45,107.6,31.4,-8.7,5.5,1.000,4.7,0.4,0.0,0.0,102,3,2.191,4.9,0.998,99.2,910,0.0,13.040
189.2,17.6,18.52,8,0.765,20.2,58.8,7,78.9,20.1,47,150.7,68.2,0.6,19.4,0.990,-0.4,14.0,58.4,13.9,101,31,2.170,11.5,0.998,99.2,1660,17.2,12.904
206.4,11.0,11.69,7,0.741,12.2,57.7,7,65.7,12.2,51,300.4,55.7,0.0,12.2,1.028,-0.8,7.1,82.6,1.2,100,63,2.210,20.9,0.992,99.2,1353,7.8,12.915
223.6,16.2,17.59,7,0.377,19.9,58.3,7,71.1,15.1,54,341.7,61.8,0.8,15.7,0.996,-0.3,11.6,39.3,9.6,101,63,2.200,10.9,1.006,99.2,1675,16.7,12.960
240.8,3.7,5.96,7,0.793,6.8,59.2,7,35.4,7.6,56,356.9,51.2,0.0,13.3,0.926,-7.4,10.0,0.4,0.0,102,56,2.197,28.7,1.000,99.2,1241,4.7,12.960
258.0,0.0,4.11,8,0.000,4.7,59.6,7,22.7,4.7,57,365.1,19.6,-2.5,4.7,1.999,0.0,0.7,0.0,0.0,102,46,3.079,2.1,0.461,99.2,1259,0.0,12.960
275.2,20.7,21.02,7,0.733,26.2,58.8,7,83.5,26.8,57,383.3,76.3,1.4,27.2,0.998,3.6,20.8,66.9,22.2,101,46,2.168,9.8,1.007,99.2,1788,20.2,12.935
292.4,20.5,22.89,7,0.749,24.8,57.3,7,83.9,24.8,61,487.9,74.3,1.6,24.6,0.999,-0.5,20.4,91.4,4.1,101,76,2.191,11.2,0.999,99.2,2004,20.5,12.960
309.6,20.0,22.73,8,0.710,23.9,57.3,7,82.6,24.1,65,532.1,72.9,1.6,24.5,1.003,-0.4,20.8,91.2,7.5,101,81,2.197,11.8,0.998,99.2,1996,20.6,12.969
326.8,18.3,18.13,8,0.710,22.6,55.7,7,79.0,21.3,69,558.7,67.8,1.0,20.8,0.993,0.1,17.2,74.0,14.5,101,79,2.187,14.1,1.001,99.2,1600,17.0,12.960
344.0,12.4,14.33,9,0.684,15.3,55.7,7,68.9,16.5,72,578.0,53.5,-0.7,15.2,0.982,-1.0,12.4,7.9,4.4,101,90,2.176,16.1,1.002,99.2,1937,18.0,12.960
361.2,19.5,19.43,9,0.696,23.3,56.1,7,80.7,17.1,73,573.7,48.8,-1.0,17.9,0.997,-1.7,16.2,28.4,2.6,101,82,2.199,3.7,0.998,99.2,1646,19.4,12.960
378.4,10.5,8.95,9,0.731,12.4,55.7,7,61.5,14.8,75,585.4,62.9,-1.6,17.5,1.003,0.8,8.0,0.0,0.0,101,88,2.184,8.2,0.995,99.2,1649,4.8,12.992
395.6,14.9,17.39,10,0.710,13.4,55.5,7,41.3,11.6,76,580.0,46.6,-2.3,14.2,1.030,1.5,10.2,94.9,0.2,99,101,2.185,23.3,0.998,99.2,1951,15.0,12.960
412.8,15.8,20.51,10,0.737,15.0,56.4,7,70.9,20.9,77,576.8,64.7,-0.3,21.4,0.997,1.7,16.9,91.4,7.6,100,120,2.189,20.0,1.003,99.2,2293,18.3,12.960
430.0,12.8,14.65,10,0.710,15.4,56.8,7,63.2,16.1,78,571.8,60.3,-2.3,18.2,1.000,2.1,13.5,93.2,3.6,100,110,2.172,23.0,1.002,99.2,2065,12.0,12.960
447.2,15.8,18.59,9,0.647,17.6,55.4,7,64.7,17.1,79,568.0,48.8,-2.3,6.7,0.993,0.7,6.5,79.4,63.2,100,106,2.216,33.5,0.998,99.2,2012,15.3,12.960
464.4,15.4,17.33,8,0.724,14.4,55.3,7,62.4,15.0,80,564.0,58.5,-2.3,16.9,1.009,2.0,13.6,93.4,2.8,100,100,2.167,18.5,1.000,99.2,1895,16.5,12.960
481.6,5.1,8.23,7,0.223,8.6,56.8,7,34.0,9.7,81,546.6,33.9,-2.8,9.8,0.976,1.6,8.8,51.9,37.9,101,85,2.069,15.8,1.007,99.2,1737,6.9,12.960
498.8,22.1,26.34,8,0.712,27.6,56.9,7,86.9,27.5,81,543.7,77.5,0.0,28.0,1.001,0.9,24.6,88.6,0.0,101,82,2.200,10.5,0.993,99.2,2138,22.5,12.983
516.0,14.9,17.32,8,0.723,13.5,55.5,7,58.5,14.6,81,568.0,61.4,-1.9,17.7,1.000,1.5,12.5,93.6,6.9,100,98,2.189,20.6,0.999,99.2,1867,16.6,12.960
533.2,14.9,17.33,8,0.712,19.0,55.5,7,72.7,17.5,84,571.1,34.5,-2.0,6.5,1.010,3.7,1.9,2.5,0.0,101,100,2.129,34.6,1.006,99.2,1911,12.7,12.987
550.4,22.9,28.98,8,0.705,29.2,56.1,7,86.2,29.0,85,584.9,76.1,0.0,29.1,1.000,-0.7,24.7,87.5,3.9,100,102,2.191,11.9,1.000,99.2,2434,23.6,12.960
567.6,14.6,16.00,7,0.709,12.4,56.4,7,51.9,12.8,87,587.9,50.8,-2.3,14.4,0.997,1.2,13.4,93.8,0.0,99,99,2.200,17.3,1.002,99.2,1909,15.8,12.960
584.8,21.5,25.18,7,0.710,26.5,56.0,7,85.4,26.0,87,579.6,73.1,-0.1,26.3,1.002,1.8,22.7,89.9,1.9,100,89,2.187,9.7,0.997,99.2,2099,21.6,12.916
602.0,19.7,19.02,8,0.773,28.9,55.3,7,89.0,31.7,87,595.4,78.4,0.0,32.0,0.995,1.0,27.8,88.2,2.0,100,94,2.183,11.0,0.996,99.2,1935,14.3,12.960
619.2,11.0,10.92,8,0.708,11.0,55.3,7,49.4,11.3,87,577.4,44.6,-1.6,10.8,0.999,-0.9,6.9,37.3,1.4,101,83,2.160,26.0,1.000,99.2,1575,12.7,12.960
636.4,11.0,10.06,9,0.704,10.2,54.6,7,46.9,8.7,87,554.2,39.2,-2.3,12.8,0.969,-2.9,9.6,73.6,0.0,100,96,2.218,24.8,0.997,99.2,1837,7.8,12.954
653.6,16.3,18.83,9,0.723,18.6,54.6,7,72.4,18.9,87,564.0,48.4,-0.6,16.3,0.985,0.9,14.5,93.0,8.9,100,84,2.181,22.0,0.995,99.2,1802,15.8,12.960
670.8,10.1,9.06,9,0.562,13.2,54.9,7,59.5,14.4,87,557.8,53.7,-1.6,14.5,1.010,0.3,11.6,15.5,220.3,100,84,2.199,19.1,1.002,99.2,1862,15.2,12.960
688.0,10.6,10.20,10,0.515,10.0,55.1,7,41.5,9.4,87,554.7,37.2,-1.6,10.6,0.974,-6.2,7.9,71.7,0.0,99,86,2.241,24.8,0.996,99.2,1640,11.4,13.027
705.2,12.7,12.71,10,0.639,11.6,54.9,7,50.5,12.1,87,544.0,44.5,-1.6,12.5,0.994,-3.5,10.4,94.9,0.0,99,94,2.168,23.5,0.991,99.2,1762,12.8,12.960
722.4,18.1,20.79,10,0.721,21.9,55.7,7,78.6,22.1,87,553.1,69.0,0.0,22.4,0.992,0.9,18.3,91.5,0.8,100,90,2.178,15.0,1.005,99.2,1936,18.0,12.960
739.6,10.5,10.51,10,0.698,11.2,54.5,7,46.8,11.4,87,554.9,46.8,-2.8,14.3,1.001,1.9,8.1,88.4,41.3,99,100,2.114,20.6,0.997,99.2,1846,7.7,12.938
756.8,12.5,12.73,10,0.628,13.3,55.3,7,58.3,15.0,87,544.0,59.1,-1.6,16.5,1.001,0.7,13.3,0.0,0.0,100,88,2.194,18.7,0.994,99.2,1701,9.7,12.960
774.0,17.8,20.65,10,0.711,21.0,54.5,7,75.4,19.8,87,560.0,64.8,-0.1,20.9,1.012,0.8,17.3,91.8,7.5,99,99,2.203,15.9,1.001,99.2,1974,17.8,13.007
791.2,17.1,18.88,10,0.784,18.5,55.6,7,70.9,17.1,87,544.2,58.3,-1.6,15.4,1.118,0.7,12.7,76.6,1.4,99,94,2.106,19.9,0.949,99.2,1840,16.9,12.960
808.4,19.7,22.33,10,0.564,25.5,55.3,7,84.3,26.0,87,551.7,72.3,-0.3,24.5,0.996,1.7,20.4,90.8,0.0,99,93,2.184,12.0,1.006,99.2,1946,19.4,13.009
825.6,14.5,15.73,10,0.651,14.5,55.3,7,60.0,15.0,87,560.1,60.4,-2.0,16.3,1.004,2.0,11.5,83.4,17.5,99,99,2.159,23.4,1.003,99.2,1875,14.2,12.970
842.8,9.7,9.92,10,0.687,7.1,55.7,7,72.2,19.0,87,548.0,63.0,-2.3,19.7,0.991,1.3,16.2,92.6,1.5,99,95,2.162,15.8,0.996,99.2,1869,16.3,12.960
860.0,25.1,30.25,10,0.730,32.5,55.0,7,88.3,32.2,87,573.2,72.7,0.0,30.4,0.993,0.8,26.4,87.4,0.0,99,104,2.185,11.3,0.994,99.2,2396,25.8,13.030
877.2,17.5,21.82,10,0.784,21.4,54.5,7,76.0,23.0,87,588.0,69.8,-1.4,15.8,1.019,1.9,8.2,0.0,0.0,100,112,2.233,24.7,0.999,99.2,2096,13.8,12.893
894.4,6.6,9.17,10,0.250,11.2,53.7,7,38.9,14.8,87,590.6,35.1,-3.3,7.8,1.011,2.1,1.9,24.7,14.8,99,115,2.311,8.1,0.058,99.2,2135,0.1,12.811
911.6,13.3,13.92,10,0.861,8.2,60.8,7,22.2,13.6,87,566.1,50.3,-2.3,14.4,1.006,-0.9,10.5,93.9,7.1,98,103,2.182,25.1,0.941,99.2,1975,11.1,13.001
928.8,3.1,6.36,10,0.248,6.3,55.0,7,27.9,10.8,87,552.8,36.1,-2.3,9.2,1.027,1.7,5.8,75.7,51.6,99,104,2.235,28.3,0.989,99.2,1937,0.7,12.812
946.0,18.4,22.39,11,0.707,21.8,54.3,7,78.1,22.6,87,553.2,68.6,0.0,23.3,1.000,-0.4,19.3,90.9,0.4,99,102,2.193,14.6,1.000,99.2,2074,19.1,12.960
963.2,14.6,15.17,11,0.677,18.0,53.7,7,79.8,24.0,87,568.0,71.8,0.0,24.9,1.009,0.0,21.2,90.3,1.6,99,104,2.193,13.1,0.990,99.2,2103,20.1,12.960
980.4,18.8,21.57,11,0.691,23.3,53.5,7,79.3,24.6,87,573.4,69.9,0.0,24.3,0.999,1.3,20.6,90.7,0.0,99,98,2.188,14.0,1.007,99.2,2007,19.2,12.960
997.6,23.8,29.14,10,0.699,30.6,53.5,7,85.6,30.2,87,597.1,74.0,0.0,30.0,0.998,-0.6,26.0,0.0,0.0,99,104,2.214,13.9,0.997,99.2,2513,23.9,12.960
1014.8,12.4,12.94,11,0.715,12.8,54.1,7,52.6,12.8,87,579.2,41.8,-2.3,6.3,1.026,-1.5,1.1,25.5,0.0,98,104,2.304,33.6,0.997,99.2,1943,9.8,12.960
1032.0,19.3,22.90,11,0.705,22.6,53.3,7,77.2,21.6,87,580.3,67.2,0.0,23.1,0.991,0.8,19.9,91.1,0.9,98,102,2.190,13.9,0.997,99.2,2111,19.7,12.918
1049.2,9.5,12.66,11,0.545,12.2,53.0,7,52.3,13.6,87,576.3,47.2,-2.0,13.8,1.001,1.6,9.7,88.4,0.0,97,106,2.170,25.0,1.003,99.2,2006,14.1,12.867
1066.4,17.3,19.93,11,0.698,20.3,53.6,7,74.5,20.4,87,551.6,62.7,-0.4,19.7,0.987,-1.0,15.6,52.1,18.9,99,94,2.203,17.2,0.993,99.2,1966,17.3,13.010
1083.6,18.7,21.64,10,0.681,24.0,52.9,7,81.2,23.3,87,567.3,68.0,0.0,22.4,1.000,0.0,18.6,72.7,29.7,98,96,2.187,14.8,1.004,99.2,2002,18.6,12.906
1100.8,22.0,26.38,10,0.724,27.8,51.8,7,83.0,27.4,87,590.6,71.1,0.0,27.2,0.999,3.1,22.9,89.4,0.0,98,99,2.176,14.8,1.000,99.2,2275,22.1,12.960
1118.0,21.9,25.49,10,0.705,27.5,51.4,7,83.1,27.4,87,602.8,70.6,0.0,23.6,0.996,2.4,20.1,84.5,0.0,98,96,2.193,14.8,1.005,99.2,2197,21.6,12.973
1135.2,27.6,29.54,10,0.719,36.2,51.8,7,89.3,35.1,87,611.1,74.9,0.0,34.1,0.998,1.2,29.8,87.5,17.6,98,94,2.177,11.6,1.003,99.2,2408,27.9,12.960
1152.4,17.9,18.79,10,0.695,23.2,51.0,7,78.4,23.5,87,628.0,68.5,0.0,24.6,1.002,0.1,20.9,86.2,3.8,98,97,2.193,14.7,0.989,99.2,2075,14.3,12.960
1169.6,5.7,5.82,11,0.645,7.3,52.2,7,28.1,8.1,87,592.7,22.9,-3.3,6.6,1.007,-1.2,2.8,6.0,25.5,98,100,2.520,25.8,0.793,99.2,1874,5.9,12.960
1186.8,0.0,4.15,11,0.000,5.0,53.6,7,13.2,5.0,85,514.6,11.4,-4.7,4.9,1.999,0.0,0.6,0.0,0.0,99,94,3.690,-12.0,0.000,99.2,2051,0.0,12.960
1204.0,0.4,4.28,11,0.000,5.2,54.4,7,13.5,5.3,85,443.8,11.0,-4.7,4.9,1.354,0.0,0.5,0.0,0.0,99,85,3.520,-12.2,0.000,99.2,2113,0.0,12.958
1221.2,1.8,4.25,11,0.036,5.2,55.7,7,16.5,5.7,84,391.7,14.4,-4.7,4.3,1.162,0.7,0.8,0.0,0.0,99,92,3.153,-12.5,0.000,99.2,1901,0.6,12.960
1238.4,0.0,4.09,11,0.000,4.8,55.8,7,12.5,4.8,84,351.7,11.0,-4.7,4.7,1.999,0.0,0.8,0.0,0.0,100,88,3.625,-11.8,0.000,99.2,2065,0.0,12.960
1255.6,4.0,5.06,11,0.644,5.0,55.7,7,12.9,4.3,83,324.0,10.5,-4.7,4.5,1.771,0.2,0.8,1.9,8.7,100,100,3.070,8.9,0.510,99.2,1899,3.3,12.960
1272.8,0.6,4.06,11,0.000,5.1,56.1,7,16.4,5.5,83,288.4,15.2,-4.7,5.5,1.756,3.4,0.8,0.0,0.0,100,91,3.267,-11.3,0.000,99.2,1928,0.0,12.960
1290.0,11.8,12.15,11,0.776,11.8,55.7,7,50.1,11.8,83,314.7,43.5,-1.6,11.9,1.003,-0.4,8.7,21.1,12.2,100,92,2.193,26.3,0.999,99.2,1758,11.8,12.960
1307.2,1.2,3.56,10,0.555,5.0,55.7,7,17.0,5.8,84,352.0,18.1,-4.5,5.9,1.001,0.0,1.8,2.7,0.0,101,97,2.220,7.0,0.454,99.2,1819,0.7,12.994
1324.4,8.1,6.89,11,0.742,5.3,54.5,7,15.6,3.9,85,328.5,10.5,-4.7,4.2,1.753,3.4,2.5,3.3,3.9,101,89,2.072,40.0,0.931,99.2,1676,8.4,12.929
1341.6,14.3,15.90,10,0.729,14.6,53.2,7,59.3,14.5,85,366.1,52.4,-2.3,14.4,1.007,1.6,11.0,28.6,29.7,100,99,2.186,23.0,0.999,99.2,1904,14.4,12.987
1358.8,9.6,9.49,10,0.175,9.7,52.5,7,30.7,7.4,86,404.0,24.5,-3.3,5.1,0.985,2.7,2.9,5.5,0.0,101,103,2.682,14.2,0.992,99.2,1922,9.6,12.960
1376.0,11.0,11.56,10,0.664,11.0,53.6,7,37.2,10.6,86,418.5,29.1,-2.3,7.6,1.019,2.7,3.7,9.5,0.0,101,107,2.181,32.6,1.000,99.2,2056,10.5,12.960
1393.2,6.0,5.64,10,0.255,6.3,54.4,7,19.4,6.2,86,411.9,16.7,-4.7,6.0,1.557,1.7,2.0,3.6,6.0,101,104,3.418,-4.8,0.093,99.2,1961,3.1,12.960
1410.4,8.9,8.62,10,0.707,7.9,54.8,7,20.7,6.2,86,408.0,17.5,-4.7,6.5,1.329,2.2,2.8,7.1,0.0,101,108,2.394,33.7,0.926,99.2,2051,9.0,12.883
1427.6,5.0,6.13,11,0.312,6.6,54.1,7,22.9,7.8,86,409.1,27.7,-3.0,9.7,1.175,0.6,3.6,2.7,0.0,102,110,2.203,-12.2,0.068,99.2,2066,4.0,12.760
1444.8,13.3,15.83,11,0.721,14.2,54.8,7,55.2,14.1,86,424.9,48.0,-2.3,13.9,1.002,3.5,10.0,27.9,15.6,101,106,2.167,25.5,0.999,99.2,2050,13.3,13.030
1462.0,16.7,20.50,11,0.740,19.9,53.8,7,58.4,17.0,86,447.4,40.0,-2.8,19.3,0.981,-1.1,17.2,62.6,58.8,101,98,2.183,12.3,1.010,99.2,2025,20.5,12.960
1479.2,26.3,31.27,11,0.692,34.6,53.3,7,82.6,25.2,86,524.4,73.7,0.0,30.8,1.000,-0.3,27.2,88.8,4.1,101,100,2.185,12.3,1.011,99.2,2494,26.2,12.960
1496.4,16.5,18.20,12,0.733,16.9,53.4,7,70.5,18.5,86,519.9,63.5,-0.9,19.1,1.010,-1.8,15.4,52.0,14.3,101,93,2.196,16.6,0.989,99.2,1857,16.4,12.883
1513.6,16.9,20.09,12,0.722,19.6,53.3,7,67.0,19.6,86,545.7,60.5,-0.9,18.7,1.004,2.3,15.4,49.0,34.2,101,103,2.188,17.3,0.997,99.2,1962,16.9,12.960
1530.8,10.8,10.79,14,0.778,10.3,53.3,7,37.4,11.2,86,524.0,41.4,-2.3,12.1,1.004,0.2,8.6,25.4,8.7,101,108,2.229,38.4,0.991,99.2,2022,7.0,12.960
1548.0,18.3,22.00,15,0.763,22.3,53.3,7,76.1,21.8,86,523.6,64.5,-1.4,21.2,1.003,1.5,18.0,67.3,2.3,101,104,2.181,15.0,1.007,99.2,2050,18.7,12.967
1565.2,4.1,8.78,16,0.258,10.8,52.2,7,40.8,13.8,86,544.8,49.0,-1.6,18.5,0.981,4.5,16.1,73.2,4.7,101,112,2.181,15.8,0.993,99.2,2120,1.9,12.889
1582.4,20.7,26.33,16,0.673,25.7,52.2,7,80.5,25.6,87,540.7,70.7,0.0,25.4,1.010,1.3,20.9,88.9,3.4,101,109,2.195,13.9,0.996,99.2,2296,21.3,12.887
1599.6,20.0,26.14,16,0.709,25.6,51.8,7,81.3,26.4,87,559.6,73.5,0.0,26.7,1.001,0.3,22.0,23.1,2.8,102,117,2.169,13.4,1.001,99.2,2310,19.5,12.913
1616.8,17.0,22.21,17,0.722,20.8,51.8,7,72.9,20.8,87,572.0,66.0,0.0,23.2,1.006,3.1,20.1,90.2,11.5,101,119,2.184,16.2,0.998,99.2,2261,20.0,13.000
1634.0,15.4,18.51,17,0.812,17.2,52.2,7,64.6,17.8,87,564.1,55.7,-2.5,15.9,1.156,1.9,11.2,31.8,33.8,101,107,2.164,26.2,0.944,99.2,2031,15.4,12.969
1651.2,20.9,26.27,17,0.710,26.0,52.2,7,80.2,25.9,87,575.7,71.3,0.0,25.9,1.004,1.1,21.5,89.5,6.5,101,113,2.190,13.1,0.998,99.2,2305,21.0,12.960
1668.4,4.5,9.97,17,0.777,19.1,52.2,7,70.3,18.5,87,568.0,53.1,-2.3,18.5,0.981,3.5,19.1,79.5,11.9,101,117,2.158,18.7,1.005,99.2,2202,15.2,12.960
1685.6,13.9,19.50,17,0.685,19.7,52.2,7,60.1,6.3,87,568.0,64.7,-0.4,22.0,1.019,-0.2,16.5,67.2,3.9,101,117,2.246,22.5,0.987,99.2,2215,19.1,12.907
1702.8,13.5,14.97,17,0.698,14.6,51.8,7,55.1,14.9,87,556.7,33.6,-2.3,13.0,0.977,2.0,4.6,10.1,0.0,101,108,2.205,32.9,0.998,99.2,2024,11.4,12.937
1720.0,18.3,23.23,17,0.706,23.1,51.8,7,76.4,23.1,87,567.1,67.7,0.0,21.8,1.004,1.5,16.7,42.0,17.3,101,114,2.181,15.0,1.001,99.2,2191,17.7,13.019
1737.2,23.9,31.28,17,0.712,32.2,50.6,7,81.6,32.2,87,582.5,73.5,0.0,31.8,0.996,1.6,26.4,87.2,5.8,101,116,2.187,14.7,1.005,99.2,2637,24.2,13.017
1754.4,13.8,19.91,17,0.705,20.9,50.2,7,71.9,23.1,87,596.0,67.3,0.0,23.8,1.001,-0.8,19.3,83.5,7.2,101,125,2.181,16.8,0.998,99.2,2381,19.7,12.960
1771.6,13.0,14.93,17,0.664,16.1,50.6,7,61.4,17.6,86,572.0,57.2,-2.3,19.5,1.002,0.9,15.6,53.8,33.4,101,120,2.205,19.3,1.005,99.2,2322,12.0,12.994
1788.8,23.4,31.13,17,0.697,31.5,50.1,7,82.7,31.8,86,580.4,73.7,0.0,30.6,1.004,-0.8,25.5,87.5,6.7,101,118,2.199,15.4,0.996,99.2,2640,23.4,12.924
1806.0,22.0,28.46,16,0.682,27.1,49.8,7,77.3,18.9,86,596.0,68.9,-0.1,26.7,0.997,-0.7,22.4,88.2,0.6,101,126,2.198,14.0,0.997,99.2,2465,22.4,12.960
1823.2,13.4,15.19,16,0.816,14.0,49.8,7,52.8,14.2,86,583.6,21.4,-4.5,7.5,1.043,4.8,6.6,0.0,3.3,102,113,2.117,25.3,0.965,99.2,2146,12.8,12.994
1840.4,9.4,15.84,16,0.709,16.0,49.8,7,58.1,19.9,86,588.5,68.5,0.0,23.9,0.994,0.7,19.8,84.1,17.9,101,123,2.188,16.5,0.999,99.2,2384,21.1,13.005
1857.6,16.6,18.91,16,0.689,16.2,50.5,7,58.5,18.4,86,596.1,66.7,0.0,24.0,0.995,1.7,22.0,89.5,0.0,101,118,2.177,16.4,0.996,99.2,2280,17.5,12.999
1874.8,21.5,26.02,16,0.677,27.0,50.2,7,76.0,26.4,86,596.0,73.0,0.0,27.4,0.998,0.0,22.8,84.3,12.7,101,113,2.190,13.3,0.996,99.2,2273,21.8,12.960
1892.0,24.3,32.01,15,0.704,32.4,49.4,7,82.5,32.4,86,602.7,73.4,0.0,32.6,0.999,1.6,27.2,86.5,3.9,101,118,2.181,14.7,1.002,99.2,2667,24.5,12.800
1909.2,27.8,32.39,15,0.707,38.7,50.5,7,86.1,38.3,86,614.5,76.4,0.0,38.6,0.998,0.9,33.7,86.0,1.7,101,110,2.193,13.5,1.001,99.2,2633,28.4,12.960
1926.4,23.6,29.11,15,0.744,31.4,49.5,7,84.3,31.9,86,610.0,76.9,0.0,36.0,1.006,-0.7,25.4,0.0,0.0,101,121,2.184,16.3,0.993,99.2,2515,22.3,13.038
1943.6,24.7,33.26,15,0.696,33.6,47.7,7,82.6,33.7,86,610.0,74.5,0.0,33.2,1.005,0.8,27.6,86.2,1.8,101,127,2.187,16.2,1.001,99.2,2828,24.7,12.960
1960.8,13.8,16.85,15,0.629,15.5,49.0,7,60.1,14.5,86,601.9,48.6,-1.1,17.3,0.963,4.0,13.9,53.9,27.6,101,121,2.193,33.8,1.012,99.2,2260,12.6,13.039
1978.0,16.3,21.49,16,0.634,19.1,49.7,7,57.6,16.4,86,552.0,41.3,-2.5,15.8,0.967,3.9,11.4,39.3,24.8,102,107,1.923,18.8,1.011,99.2,2235,17.6,12.880
1995.2,13.3,16.12,15,0.663,11.3,49.4,7,38.6,9.5,86,570.1,32.7,-2.3,11.0,1.005,0.4,7.1,19.8,17.3,101,112,2.193,22.4,0.993,99.2,2133,14.1,12.960
2012.4,10.1,15.92,16,0.710,18.3,49.2,7,68.5,26.2,87,568.6,73.8,0.0,30.7,1.002,0.7,27.0,84.9,3.3,101,112,2.182,14.8,0.992,99.2,2522,25.1,13.014
2029.6,19.4,23.42,16,0.391,22.6,48.2,7,75.7,21.6,87,572.5,64.6,-2.1,20.3,1.005,1.6,15.8,51.6,0.0,101,106,2.139,16.2,1.000,99.2,2128,19.7,12.960
2046.8,21.7,27.39,15,0.686,27.3,48.3,7,82.7,27.4,87,591.6,72.8,0.0,27.6,0.995,0.0,23.1,87.9,1.1,101,117,2.180,17.0,0.999,99.2,2340,21.0,12.960
2064.0,18.1,22.56,15,0.299,21.4,48.2,7,74.4,21.5,87,584.5,60.8,-0.4,20.5,0.987,0.3,18.6,89.5,32.5,101,115,2.196,27.2,0.987,99.2,2152,15.7,12.933
2081.2,12.6,9.34,15,0.125,20.1,49.0,7,73.9,21.3,87,576.9,64.3,-0.6,20.9,0.979,1.6,12.6,0.0,3.5,101,115,2.158,25.5,0.989,99.2,2145,6.3,12.901
2098.4,17.6,22.04,15,0.745,13.9,49.4,7,43.2,10.1,87,572.0,34.1,-3.1,16.3,0.967,0.5,13.6,53.1,13.6,101,115,2.200,17.2,1.002,99.2,2206,17.9,12.960
2115.6,14.5,18.09,15,0.761,16.3,49.4,7,52.6,14.9,87,569.8,46.2,-2.5,17.4,0.977,-0.8,12.4,43.6,19.8,101,119,2.190,28.0,0.982,99.2,2237,12.7,12.960
2132.8,17.9,22.10,14,0.719,21.0,49.5,7,74.8,24.2,87,558.4,70.6,0.0,24.5,1.007,0.9,20.1,73.0,0.0,101,109,2.181,15.6,1.000,99.2,2148,18.5,12.814
2150.0,26.7,31.17,14,0.697,34.6,49.4,7,86.5,34.6,87,578.3,76.1,0.0,27.9,0.998,-0.5,22.4,69.5,7.3,101,106,2.192,13.4,1.000,99.2,2470,27.4,12.962
2167.2,21.8,26.85,14,0.720,27.5,48.8,7,84.1,27.8,87,585.6,72.7,0.0,27.4,0.992,1.3,22.5,88.5,1.9,101,106,2.169,13.1,1.006,99.2,2350,22.0,12.960
2184.4,17.9,22.69,15,0.703,21.4,48.6,7,74.1,20.4,87,584.0,59.1,-0.7,18.2,1.004,-0.1,16.2,56.3,34.6,101,116,2.199,16.6,0.992,99.2,2195,18.1,12.960
2201.6,5.8,5.03,15,0.057,10.5,48.7,7,39.4,10.7,87,547.1,29.3,-3.9,9.3,1.705,-0.8,4.7,14.9,0.0,101,102,3.504,-11.7,0.000,99.2,1878,4.5,13.006
2218.8,10.5,10.59,14,0.707,11.3,47.9,7,45.2,14.9,86,536.0,66.7,0.0,20.8,1.003,-2.1,11.9,22.0,0.0,101,100,2.073,14.7,1.008,99.2,1899,13.9,12.951
2236.0,10.2,10.83,14,0.412,15.6,47.5,7,65.1,9.7,87,542.2,33.3,-2.3,9.7,0.964,-2.8,1.3,0.3,1.1,101,104,2.862,-9.7,0.989,99.2,1946,12.8,12.975
2253.2,6.2,10.12,14,0.064,13.1,47.8,7,47.9,8.9,87,543.3,27.4,-2.3,13.1,0.992,0.0,1.6,4.5,0.0,101,118,2.487,26.8,0.774,99.2,2177,2.3,12.906
2270.4,19.2,24.42,14,0.724,23.5,47.9,7,78.0,23.5,86,540.4,68.3,0.0,23.1,1.000,2.3,19.1,81.1,20.5,101,114,2.179,17.0,0.999,99.2,2208,19.3,12.960
2287.6,13.1,16.81,12,0.722,18.4,48.6,7,68.4,20.0,87,556.0,64.7,-0.2,20.7,1.008,1.8,10.7,27.3,0.0,101,115,2.044,20.5,1.006,99.2,2194,14.2,12.960
2304.8,14.6,18.11,14,0.695,15.9,48.2,7,39.9,8.5,87,552.0,45.4,-2.3,15.7,1.011,2.5,12.6,40.7,15.4,101,116,2.179,22.0,1.003,99.2,2182,13.4,13.014
2322.0,10.5,11.65,14,0.665,11.3,47.8,7,41.0,12.8,87,552.0,44.9,-1.1,19.5,1.004,-1.4,16.1,57.7,11.5,101,118,2.198,19.4,0.995,99.2,2188,9.8,12.960
2339.2,13.4,16.14,13,0.683,15.3,47.7,7,55.1,15.5,87,548.0,49.0,-2.3,15.0,0.990,4.3,10.4,30.4,32.2,101,116,2.173,22.1,1.005,99.2,2210,12.3,12.960
2356.4,22.7,29.17,12,0.731,29.0,47.6,7,84.8,29.2,86,539.2,74.7,0.0,28.3,1.011,-0.3,23.1,87.7,0.0,101,112,2.176,14.9,0.996,99.2,2385,21.5,12.960
2373.6,19.6,26.75,11,0.712,23.2,46.7,7,74.5,26.0,86,577.3,70.8,0.0,28.3,0.995,-0.4,24.0,82.2,4.7,101,126,2.203,15.1,0.997,99.2,2596,21.5,12.973
2390.8,17.2,23.80,11,0.705,20.5,46.9,7,70.1,21.2,86,576.8,62.2,0.0,20.7,1.003,-1.6,15.3,51.3,2.9,101,130,2.184,24.5,0.989,99.2,2466,16.9,12.960
2408.0,19.8,25.31,10,0.717,23.9,47.8,7,78.4,23.9,86,584.7,68.4,0.0,24.1,1.006,0.8,20.0,89.5,1.1,101,120,2.191,16.3,0.995,99.2,2313,20.0,12.960
2425.2,18.8,23.57,11,0.688,22.7,47.8,7,77.5,22.7,86,592.0,68.1,0.0,22.7,0.997,0.8,18.4,66.3,0.0,101,114,2.190,17.5,1.000,99.2,2183,18.7,13.010
2442.4,18.7,24.58,11,0.714,22.9,47.8,7,76.3,22.8,86,592.0,64.7,-0.4,23.3,1.001,1.0,17.2,60.4,16.4,101,124,2.198,21.4,1.000,99.2,2329,18.3,12.960
2459.6,13.8,17.49,12,0.649,15.4,47.8,7,59.1,17.5,86,584.0,57.9,-0.6,19.4,0.999,-1.4,11.4,33.0,0.0,101,126,2.221,23.6,0.989,99.2,2371,11.4,13.022
2476.8,8.4,12.50,12,0.366,10.1,48.0,7,29.1,8.2,86,555.3,15.2,-4.5,10.4,0.935,6.9,8.6,27.1,78.6,101,118,1.991,28.2,1.006,99.2,2255,10.8,12.974
2494.0,15.6,19.68,12,0.767,16.7,48.7,7,64.4,17.1,86,536.0,55.8,-2.5,16.6,0.983,3.4,11.8,37.1,29.5,101,112,2.079,26.0,1.004,99.2,2163,15.8,12.960
2511.2,0.0,4.31,12,0.000,5.1,48.2,7,15.3,9.2,86,540.8,32.0,-2.3,11.3,0.936,4.8,5.5,16.0,0.0,102,115,2.189,6.0,0.624,99.2,2139,0.0,12.960
2528.4,2.1,5.30,11,0.669,5.3,48.2,7,12.4,5.7,86,509.5,16.1,-4.1,5.8,1.682,0.0,4.5,2.4,7.1,102,102,2.028,25.2,0.949,99.2,1958,7.6,12.916
2545.6,14.6,16.61,11,0.709,16.1,48.2,7,63.7,15.3,86,507.0,54.3,-2.3,15.0,0.991,1.8,9.2,20.8,15.3,101,97,2.128,27.0,1.005,99.2,1840,14.4,13.023
2562.8,0.0,3.11,11,0.000,3.9,49.4,7,15.6,3.9,86,463.3,13.5,-4.7,3.9,1.999,0.0,0.8,0.0,0.0,102,68,3.677,-12.3,0.000,99.2,1352,0.0,12.960
2580.0,11.9,12.34,11,0.706,12.9,49.0,7,63.8,13.0,86,440.6,58.6,-1.6,13.9,1.002,-0.5,11.0,30.0,0.0,101,42,2.201,15.8,0.993,99.2,1519,14.2,12.960
2597.2,0.0,3.18,11,0.000,3.9,49.7,7,19.3,3.3,86,420.0,16.9,-8.1,3.7,1.383,0.9,0.6,0.0,0.0,102,22,3.018,-8.7,0.223,99.2,1076,0.0,12.960
2614.4,0.0,2.26,11,0.729,3.1,51.0,7,28.6,3.1,86,377.6,22.2,-10.2,3.1,1.000,-0.5,0.8,0.0,0.0,102,0,2.181,0.2,1.000,99.2,620,0.0,12.888
2631.6,0.0,3.23,11,0.655,3.9,49.0,7,19.9,4.8,87,379.0,26.8,-3.8,7.1,1.643,0.6,4.4,10.9,0.0,102,40,2.898,1.5,0.622,99.2,1270,1.1,12.960
2648.8,0.0,3.22,11,0.760,4.1,48.3,7,20.8,4.6,87,349.5,20.7,-3.4,5.0,0.949,5.3,1.5,4.5,0.0,102,22,1.965,26.3,1.012,99.2,1195,6.7,12.952
2666.0,0.0,0.73,11,0.498,6.0,47.5,-5,4.9,5.6,87,316.4,6.6,-1.1,3.9,1.100,0.0,0.7,0.0,0.0,102,0,2.329,13.0,0.999,99.2,0,0.0,12.480
2683.2,0.0,0.66,11,0.480,6.3,47.5,-8,0.0,6.3,87,312.0,0.0,5.5,6.7,1.130,0.0,1.6,0.0,0.0,102,0,2.329,13.0,0.999,99.2,0,0.0,12.480
