BlueDriver Data Log
Aug 19, 2018 5:26:05 PM
Time (s),Engine Coolant Temperature (째C),Catalyst Temperature Bank 1 - Sensor 1 (째C),Fuel Level Input (%),Barometric Pressure (kPa),Vehicle Speed (MPH),Absolute Load Value (%),Ambient Air Temperature (째C),Calculated Engine Load Value (%),Engine RPM (rpm),Relative Throttle Position (%),Control Module Voltage (V),Intake Air Temperature (째C),Absolute Throttle Position (%)
0.0,,,,,,,,,,,,,
3.1,67,16.0,100.0,101,0,30.6,19,40.4,788,0.4,14.102,34,5.1
6.2,68,16.0,100.0,101,0,32.5,19,40.6,810,0.4,14.301,34,5.1
9.3,68,16.0,100.0,101,1,30.7,19,40.8,802,0.4,14.218,34,5.3
12.4,68,16.0,100.0,101,0,31.4,19,40.3,812,0.4,14.160,34,5.2
15.5,68,16.0,100.0,101,2,30.1,19,38.9,893,0.4,14.161,34,4.9
18.6,69,16.0,100.0,101,4,18.0,19,22.4,1050,0.4,14.187,34,3.8
21.7,69,16.0,100.0,101,4,30.6,19,34.8,1391,2.4,14.237,34,5.2
24.8,69,16.0,100.0,101,6,23.5,19,25.6,1251,1.0,14.320,34,5.3
27.9,70,16.0,100.0,101,4,25.7,19,31.2,1061,0.1,13.760,34,5.9
31.0,70,16.0,100.0,101,0,34.2,19,43.7,862,0.4,13.440,34,5.5
34.1,70,16.0,100.0,101,0,32.4,19,41.5,856,0.4,13.287,34,5.4
37.2,70,16.0,100.0,101,0,31.2,19,40.7,850,0.4,13.120,34,5.1
40.3,71,16.0,100.0,101,0,23.9,19,31.1,820,0.4,12.915,34,3.8
43.4,71,16.0,100.0,101,0,20.9,19,27.2,729,0.4,12.957,34,3.2
46.5,71,16.0,100.0,101,0,20.4,19,26.3,650,0.6,12.841,34,5.0
49.6,72,16.0,100.0,101,6,57.1,19,67.8,1814,12.0,12.980,34,16.8
52.7,72,42.1,100.0,101,16,65.8,18,74.5,1844,14.2,12.960,34,19.6
55.8,72,71.3,100.0,101,23,68.2,18,77.0,1880,15.6,13.029,33,20.8
58.9,74,114.9,100.0,101,28,65.6,17,75.0,1888,15.3,12.960,32,19.4
62.0,75,153.4,100.0,101,32,55.6,17,65.6,1773,10.8,12.960,32,14.4
65.1,75,180.8,100.0,101,34,40.8,15,44.7,1445,6.1,12.960,30,10.8
68.2,76,186.4,100.0,101,34,31.8,15,45.2,1187,4.9,12.960,30,8.2
71.3,77,206.4,100.0,101,34,55.2,15,64.9,1382,7.8,13.002,30,12.9
74.4,78,226.2,100.0,101,36,50.0,15,60.4,1342,6.8,12.949,30,12.4
77.5,78,240.9,100.0,101,37,38.0,15,46.9,1226,4.4,12.999,30,9.5
80.6,78,248.0,100.0,101,27,15.2,15,17.8,1249,0.4,12.960,30,4.8
83.7,78,244.0,100.0,101,9,18.4,15,24.0,929,0.4,12.999,30,4.3
86.8,78,241.2,100.0,101,0,36.6,15,46.3,717,0.4,12.960,30,5.4
89.9,78,236.0,100.0,101,0,33.7,15,43.7,771,0.4,12.960,30,5.1
93.0,79,232.8,100.0,101,0,32.5,15,41.8,835,0.4,12.952,30,5.5
96.1,79,230.6,100.0,101,0,31.4,15,40.9,850,0.4,12.948,30,5.3
99.2,79,228.0,100.0,101,0,26.6,15,35.3,832,0.4,12.890,30,5.1
102.3,79,224.0,100.0,101,0,23.7,15,28.3,759,0.4,12.960,30,3.5
105.4,79,228.1,100.0,101,4,47.3,15,52.0,1606,9.5,12.960,30,13.3
108.5,79,241.5,100.0,101,15,61.2,15,69.4,1665,12.5,12.960,30,17.9
111.6,80,261.5,100.0,100,21,57.9,15,66.1,1783,11.8,12.960,30,17.6
114.7,81,280.9,100.0,100,25,48.3,15,56.8,1482,7.0,12.873,30,12.6
117.8,81,288.9,100.0,100,26,24.2,15,32.1,1261,1.2,12.897,30,4.1
120.9,81,288.6,100.0,101,25,17.0,15,19.2,1180,0.5,12.960,30,3.9
124.0,81,282.3,100.0,101,23,14.8,15,16.9,1212,0.5,12.960,30,3.7
127.1,81,280.0,100.0,101,21,19.9,15,24.3,1180,0.4,12.960,30,4.7
130.2,81,283.9,100.0,101,20,38.0,15,44.7,1502,5.4,12.892,30,10.1
133.3,81,293.6,100.0,101,23,59.8,14,69.1,1530,10.8,12.960,29,15.8
136.4,81,310.6,100.0,101,27,56.9,14,66.9,1387,7.8,12.960,29,13.0
139.5,81,325.2,100.0,101,29,44.4,14,53.2,1293,7.5,12.933,29,11.6
142.6,82,337.1,100.0,101,32,49.4,14,56.1,1379,8.3,12.892,29,11.4
145.7,82,349.2,100.0,101,34,50.2,13,58.6,1373,8.3,12.960,29,12.0
148.8,83,359.2,100.0,101,34,52.0,13,62.4,1351,6.7,12.960,28,11.1
151.9,83,369.9,100.0,100,35,37.6,13,53.3,1229,2.2,12.960,28,8.1
155.0,84,376.0,100.0,101,35,34.9,13,42.5,1174,2.1,12.960,28,6.7
158.1,84,374.1,100.0,101,34,15.4,13,18.3,1200,0.5,12.891,28,3.6
161.2,84,367.2,100.0,101,31,13.4,13,16.3,1204,0.4,12.925,28,3.8
164.3,84,357.7,100.0,101,26,20.5,13,23.0,1212,0.4,12.809,28,5.0
167.4,84,360.1,100.0,101,24,50.2,13,52.9,1293,4.4,12.960,28,10.8
170.5,84,368.7,100.0,101,26,53.4,13,62.7,1373,5.2,12.960,28,10.5
173.6,84,380.2,100.0,101,28,56.9,12,66.2,1487,10.0,12.960,28,13.4
176.7,84,399.6,100.0,100,32,57.7,12,68.0,1533,11.0,12.802,27,13.7
179.8,84,413.7,100.0,99,35,54.2,12,65.1,1452,9.6,12.960,27,13.2
182.9,84,426.4,100.0,99,36,57.3,12,67.9,1434,9.0,12.960,27,13.3
186.0,84,435.1,100.0,99,37,57.1,12,67.5,1438,8.4,12.960,27,13.3
189.1,85,443.8,100.0,101,39,29.0,11,39.6,1271,3.9,12.960,26,4.9
192.2,85,438.4,100.0,101,37,19.6,11,24.3,1107,0.4,12.846,26,4.1
195.3,86,430.3,100.0,101,35,14.5,11,17.2,1200,0.4,12.872,27,3.6
198.4,86,422.5,100.0,101,26,14.1,11,16.6,1239,0.1,12.843,27,3.9
201.5,86,418.7,100.0,101,24,45.7,11,51.6,1332,11.6,12.965,27,17.4
204.6,86,435.1,100.0,100,28,76.2,11,86.1,1869,25.3,12.994,26,29.1
207.7,86,458.6,100.0,100,33,76.6,11,86.0,1994,24.2,12.960,26,27.8
210.8,86,479.9,100.0,100,37,75.5,10,85.5,1996,23.1,12.960,25,27.8
213.9,86,499.6,100.0,100,41,73.5,10,83.7,2019,22.6,12.959,25,27.8
217.0,86,512.8,100.0,100,43,72.1,9,83.4,1954,21.0,12.919,24,25.5
220.1,87,525.1,100.0,100,47,70.3,9,80.0,1900,19.6,13.019,24,23.7
223.2,87,537.6,100.0,100,48,70.5,9,81.3,1956,20.3,12.960,24,24.7
226.3,87,549.7,100.0,100,50,73.3,9,83.5,2092,22.6,12.952,24,27.0
229.4,87,558.3,100.0,100,51,72.3,9,82.7,2086,22.4,12.932,24,27.1
232.5,87,569.7,100.0,100,52,74.1,9,84.3,2164,23.9,12.821,24,28.1
235.6,87,576.6,100.0,100,53,73.0,9,82.8,2181,20.3,12.985,24,25.2
238.7,87,585.0,100.0,100,53,74.0,9,82.9,2024,23.3,12.960,24,26.2
241.8,87,592.4,100.0,100,55,68.2,9,77.1,1950,19.8,12.960,24,24.6
244.9,87,598.5,100.0,100,55,74.2,9,85.1,2133,25.2,12.960,24,29.1
248.0,87,604.8,100.0,100,55,75.7,8,86.5,2280,27.8,12.927,23,31.9
251.1,87,614.5,100.0,100,56,76.6,8,88.4,2425,29.4,12.803,23,34.2
254.2,87,620.4,100.0,100,57,76.8,8,88.4,2425,28.8,13.004,23,33.7
257.3,87,626.3,100.0,100,59,76.6,8,87.2,2437,29.0,12.960,23,33.4
260.4,87,632.4,100.0,100,61,76.1,8,86.6,2454,28.6,12.960,23,33.8
263.5,87,638.6,100.0,100,62,76.9,8,87.1,2489,30.2,12.960,23,35.1
266.6,87,644.0,100.0,100,63,76.9,8,87.0,2509,31.1,12.960,23,36.2
269.7,87,647.0,100.0,100,65,76.5,8,86.9,2608,33.6,12.887,23,38.6
272.8,87,649.6,100.0,100,66,74.8,8,83.9,2895,31.0,12.960,23,36.7
275.9,87,651.6,100.0,99,67,54.2,8,65.5,2403,18.9,12.960,23,25.3
279.0,87,643.2,100.0,99,65,11.5,8,12.9,1940,0.8,12.960,23,6.5
282.1,87,635.1,100.0,99,61,36.4,8,42.4,1856,6.3,12.960,23,11.0
285.2,87,632.0,100.0,99,60,63.9,8,74.1,1929,15.8,12.960,23,20.1
288.3,87,632.7,100.0,100,60,73.5,8,83.8,2084,22.6,12.919,23,27.4
291.4,87,638.4,100.0,100,61,72.7,8,82.2,2294,24.7,12.952,23,28.9
294.5,87,640.0,100.0,99,61,65.6,8,73.4,1940,16.6,12.891,23,20.2
297.6,87,637.8,100.0,99,62,50.2,8,63.0,1858,3.9,12.948,23,9.4
300.7,87,631.3,100.0,99,61,50.7,8,56.7,1834,9.2,12.960,23,12.9
303.8,87,628.0,100.0,99,61,52.2,8,59.9,1837,10.3,12.824,23,16.4
306.9,87,621.5,100.0,98,61,20.5,8,22.3,1816,2.9,12.908,23,8.1
310.0,87,609.1,100.0,100,60,18.2,8,19.9,1785,1.0,12.960,24,5.9
313.1,87,605.8,100.0,99,61,18.6,8,20.5,1827,1.6,12.960,24,4.4
316.2,87,593.2,100.0,100,62,10.2,8,11.4,1848,0.4,12.864,24,3.9
319.3,86,577.9,100.0,101,62,10.2,8,11.4,1891,0.4,12.960,24,4.3
322.4,86,566.0,100.0,101,63,10.2,8,11.7,1957,0.4,12.912,24,4.3
325.5,86,550.8,100.0,101,63,12.1,8,13.9,1883,0.4,12.960,24,4.7
328.6,85,538.2,100.0,101,61,12.6,8,14.8,1844,0.4,13.009,24,6.0
331.7,85,535.6,100.0,100,61,53.3,8,60.6,1937,14.8,12.960,24,20.7
334.8,85,540.0,100.0,99,61,32.3,8,37.8,1850,10.2,12.893,24,16.7
337.9,85,540.4,100.0,100,61,52.3,8,54.7,1858,10.7,13.001,24,11.1
341.0,85,541.3,100.0,99,60,58.6,8,59.7,1849,7.5,12.962,24,12.8
344.1,85,551.0,100.0,100,61,79.2,8,90.9,2282,30.1,12.921,24,35.2
347.2,85,563.2,100.0,100,62,75.0,8,85.8,2646,30.7,12.960,23,36.3
350.3,86,569.3,100.0,99,63,64.8,8,75.2,2035,18.6,12.988,23,17.0
353.4,86,572.0,100.0,100,63,72.3,8,82.7,2088,21.5,12.960,23,25.5
356.5,86,582.0,100.0,100,65,75.3,8,86.5,2394,25.1,12.960,23,29.8
359.6,86,587.7,100.0,100,66,74.7,8,85.0,2456,23.7,12.986,23,28.8
362.7,86,594.0,100.0,100,68,72.4,8,82.1,2325,22.0,12.968,23,27.3
365.8,86,600.2,100.0,100,68,72.9,8,83.0,2348,22.2,12.960,23,27.0
368.9,86,604.0,100.0,100,69,70.9,8,81.5,2278,21.6,13.034,23,26.4
372.0,86,608.0,100.0,100,70,68.5,8,78.2,2190,17.8,12.960,23,23.7
375.1,86,608.0,100.0,100,71,65.8,8,75.1,2150,17.2,12.890,23,21.6
378.2,86,608.0,100.0,99,71,63.1,8,75.2,2161,16.8,13.019,23,21.2
381.3,86,608.0,100.0,99,69,35.5,8,30.9,2077,1.1,12.825,23,8.7
384.4,86,594.6,100.0,100,65,11.8,8,12.4,1935,0.5,12.960,23,4.5
387.5,86,588.0,100.0,99,62,49.7,8,60.2,1914,10.8,12.960,23,14.7
390.6,86,589.8,100.0,100,63,63.7,8,82.1,2119,22.4,12.960,23,23.5
393.7,86,592.0,100.0,99,63,53.3,8,62.3,1927,13.2,12.866,23,17.4
396.8,86,594.6,100.0,99,64,61.2,8,64.3,2024,16.4,12.960,23,19.5
399.9,86,592.0,100.0,98,63,48.1,8,54.3,1925,7.9,12.960,23,13.0
403.0,86,592.0,100.0,99,63,68.6,8,77.1,1989,17.9,12.960,23,20.5
406.1,86,596.2,100.0,100,63,74.2,8,85.9,2250,25.6,12.960,24,30.2
409.2,86,602.5,100.0,100,65,74.4,8,84.9,2472,25.9,12.960,23,30.5
412.3,86,607.6,100.0,99,66,32.4,8,37.5,2062,10.0,12.960,23,17.3
415.4,86,601.8,100.0,99,64,40.7,8,38.2,1937,5.4,12.808,24,10.4
418.5,86,599.6,100.0,100,62,15.2,8,25.4,1871,5.6,12.960,24,5.9
421.6,86,596.0,100.0,100,61,64.3,8,76.1,1950,19.8,12.960,24,22.0
424.7,86,600.0,100.0,100,62,71.8,8,82.6,2216,22.9,12.870,24,27.0
427.8,86,602.3,100.0,100,63,70.9,8,82.8,2243,22.1,12.959,24,26.9
430.9,86,608.0,100.0,100,64,67.8,8,76.8,2178,16.9,12.919,24,25.9
434.0,86,608.0,100.0,99,65,23.0,8,31.9,1944,9.3,12.960,24,15.0
437.1,86,603.3,100.0,100,63,24.0,8,28.3,1894,5.7,12.960,24,8.7
440.2,86,600.0,100.0,99,62,33.4,8,48.1,1894,11.0,12.960,24,15.3
443.3,86,595.3,100.0,100,61,36.2,8,37.3,1840,5.5,12.960,24,8.1
446.4,86,588.8,100.0,100,59,34.5,8,35.4,1769,4.5,12.895,24,8.6
449.5,86,588.0,100.0,100,58,57.3,8,65.6,1787,12.2,12.960,24,12.6
452.6,86,591.9,100.0,100,58,68.4,8,77.0,1911,18.5,12.989,24,24.4
455.7,86,589.7,100.0,100,59,43.8,8,53.3,1796,1.9,13.040,24,9.5
458.8,86,580.0,100.0,100,56,10.2,8,11.5,1669,1.8,13.003,24,6.2
461.9,86,580.0,100.0,99,55,61.2,8,69.0,1760,15.2,12.965,24,18.5
465.0,86,585.1,100.0,100,55,73.6,8,83.8,2054,21.8,12.936,24,26.3
468.1,86,591.6,100.0,100,56,71.9,8,82.6,2185,22.2,12.960,24,26.4
471.2,86,597.7,100.0,100,57,71.4,8,82.4,2285,22.7,12.960,24,27.3
474.3,86,603.8,100.0,100,58,71.9,8,82.6,2281,22.9,12.960,24,27.8
477.4,86,610.2,100.0,100,60,71.6,8,82.8,2287,22.7,12.960,24,27.5
480.5,86,615.9,100.0,100,60,50.8,8,64.2,2020,16.3,12.960,24,7.0
483.6,86,612.0,100.0,99,60,61.6,8,64.5,1817,11.9,12.960,24,13.5
486.7,86,612.3,100.0,100,59,72.7,8,73.5,1957,19.6,12.995,24,25.8
489.8,87,618.5,100.0,100,60,74.2,8,86.3,2344,25.4,12.960,24,30.2
492.9,87,624.0,100.0,100,61,69.0,8,73.9,2062,22.5,12.960,24,28.7
496.0,87,627.3,100.0,100,62,75.3,8,87.0,2348,28.1,12.960,24,32.9
499.1,87,632.0,100.0,99,62,72.3,8,84.8,2396,22.1,12.908,25,25.3
502.2,87,628.6,100.0,99,61,40.2,8,59.0,1857,12.9,12.827,25,15.4
505.3,87,629.3,100.0,99,60,71.0,8,83.5,1918,24.0,12.960,25,27.7
508.4,87,632.0,100.0,100,60,76.0,8,87.3,2309,29.6,12.960,25,34.4
511.5,87,637.5,100.0,100,62,75.1,8,85.5,2433,24.6,12.960,25,31.8
514.6,87,640.0,100.0,99,63,74.3,8,85.6,2432,25.3,12.960,25,30.0
517.7,87,644.0,100.0,99,64,74.5,8,86.0,2500,27.0,12.960,25,32.2
520.8,87,648.0,100.0,99,63,74.5,8,86.0,2484,26.9,12.917,25,32.3
523.9,87,650.6,100.0,99,62,75.4,8,86.4,2462,27.9,12.960,25,33.1
527.0,87,652.7,100.0,99,61,76.1,8,87.3,2444,28.2,12.925,25,33.9
530.1,87,656.0,100.0,99,61,66.7,8,76.4,2112,19.3,12.960,25,24.3
533.2,87,651.0,100.0,99,61,26.2,8,35.4,1829,8.6,12.960,25,12.0
536.3,87,644.4,100.0,98,62,36.4,8,38.9,1869,5.5,12.960,25,9.8
539.4,87,635.3,100.0,99,63,26.8,8,29.3,1912,0.6,12.960,25,6.3
542.5,87,625.9,100.0,100,63,10.2,8,11.8,1891,0.4,12.960,25,4.3
545.6,87,612.8,100.0,100,63,20.2,8,20.6,1863,1.4,12.960,25,6.1
548.7,87,608.0,100.0,98,61,52.2,8,59.7,1875,9.8,12.960,25,14.4
551.8,87,608.0,100.0,99,62,32.4,8,39.7,1889,9.1,12.960,25,17.9
554.9,86,601.8,100.0,100,60,39.2,8,41.7,1825,3.4,12.960,25,10.9
558.0,86,604.0,100.0,99,59,59.1,8,71.5,1908,15.1,12.869,25,18.6
561.1,86,604.0,100.0,99,55,67.7,8,77.6,1962,14.9,12.960,25,19.2
564.2,86,608.0,100.0,99,54,69.9,8,81.1,1984,20.2,12.925,25,23.2
567.3,86,614.7,100.0,99,53,75.8,8,87.4,2217,28.0,12.960,25,31.8
570.4,86,620.0,100.0,99,55,71.5,8,82.8,2243,23.0,13.010,25,27.6
573.5,86,623.4,100.0,99,57,72.2,8,83.5,2320,23.8,12.974,25,28.2
576.6,86,629.5,100.0,99,59,72.8,8,84.3,2346,23.5,12.984,24,28.2
579.7,86,635.1,100.0,99,62,68.9,8,80.3,2242,22.6,12.960,24,26.5
582.8,86,636.0,100.0,99,62,69.0,8,79.5,2155,19.6,12.960,24,24.1
585.9,87,633.0,100.0,98,63,45.0,8,55.3,1906,9.6,12.960,24,11.6
589.0,87,626.7,100.0,99,61,16.5,8,23.6,1813,4.2,12.960,24,6.4
592.1,87,620.4,100.0,98,59,25.1,8,30.9,1771,3.2,12.982,25,6.1
595.2,87,614.4,100.0,97,58,36.8,8,43.0,1737,6.0,12.859,25,9.3
598.3,87,608.2,100.0,97,57,34.4,8,40.1,1725,5.5,12.960,25,8.7
601.4,87,601.9,100.0,98,57,36.6,8,43.6,1700,6.3,12.960,25,9.3
604.5,87,600.0,100.0,98,56,43.4,8,50.0,1735,4.9,13.006,25,11.3
607.6,87,596.0,100.0,98,56,55.3,8,65.8,1768,11.5,12.960,25,17.3
610.7,87,600.0,100.0,99,58,67.5,8,76.8,2003,18.0,12.960,25,22.4
613.8,87,600.0,100.0,98,60,46.2,8,53.5,1837,7.2,12.895,25,10.2
616.9,87,594.5,100.0,99,61,34.6,8,32.9,1814,1.9,13.019,25,6.4
620.0,87,583.9,100.0,100,59,10.2,8,11.4,1756,0.4,13.011,25,4.0
623.1,87,577.5,100.0,99,57,27.6,8,32.9,1713,7.6,12.960,25,10.1
626.2,87,576.0,100.0,98,55,45.4,8,54.0,1722,8.6,12.960,25,12.4
629.3,87,579.1,100.0,99,54,64.7,8,75.7,1789,17.2,12.960,25,20.8
632.4,87,581.3,100.0,99,53,65.9,8,77.1,1902,16.8,12.960,25,20.8
635.5,87,587.2,100.0,99,53,65.1,8,75.4,1916,17.2,12.890,25,21.2
638.6,87,592.0,100.0,99,55,64.9,8,75.8,1900,17.2,12.960,25,20.7
641.7,87,595.2,100.0,99,57,71.2,8,83.8,2093,22.5,12.960,25,26.7
644.8,87,601.6,100.0,99,60,71.4,8,85.9,2384,22.4,12.960,25,24.6
647.9,87,604.0,100.0,98,62,61.5,8,71.0,1892,14.2,12.991,25,18.3
651.0,87,601.9,100.0,98,63,21.1,8,27.3,1887,6.0,12.972,25,11.8
654.1,87,595.5,100.0,99,62,12.9,8,17.1,1869,2.5,13.001,25,4.6
657.2,87,589.7,100.0,99,62,25.8,8,28.8,1856,2.4,12.880,25,5.7
660.3,87,588.0,100.0,98,61,60.8,8,62.0,1921,9.2,12.872,25,14.8
663.4,87,588.0,100.0,98,59,38.1,8,35.8,1781,6.4,12.961,25,16.1
666.5,87,592.7,100.0,99,57,75.3,8,85.6,2126,25.3,12.997,25,29.3
669.6,87,599.2,100.0,100,57,73.7,8,85.3,2304,25.4,12.960,25,29.8
672.7,87,608.0,100.0,100,57,72.8,8,84.4,2352,24.8,12.960,25,29.3
675.8,87,611.3,100.0,99,59,67.8,8,81.0,1999,19.1,12.943,25,23.6
678.9,87,613.8,100.0,99,61,69.9,8,80.8,2138,20.8,13.015,25,25.1
682.0,87,616.0,100.0,99,64,70.6,8,82.0,2254,22.2,12.983,25,26.4
685.1,87,620.0,100.0,99,66,58.5,8,74.3,2057,15.3,12.979,25,19.2
688.2,87,619.9,100.0,99,66,18.9,8,25.7,1970,4.9,12.960,25,4.6
691.3,87,609.3,100.0,98,64,18.5,8,22.0,1888,1.6,12.961,25,5.9
694.4,87,603.1,100.0,98,61,18.8,8,23.6,1818,5.6,12.992,25,9.1
697.5,87,597.0,100.0,98,60,32.0,8,33.5,1800,5.4,12.960,25,12.0
700.6,87,596.0,100.0,98,60,64.3,8,73.1,1869,14.0,12.960,25,15.9
703.7,87,599.2,100.0,99,60,66.4,8,76.2,2005,18.9,12.960,26,23.1
706.8,87,600.0,100.0,99,62,55.0,8,65.6,1905,13.8,12.908,26,18.7
709.9,87,600.0,100.0,98,61,56.5,8,65.6,1875,12.0,12.900,26,16.2
713.0,87,601.4,100.0,98,61,64.2,8,74.5,1934,15.6,12.960,26,19.8
716.1,87,604.0,100.0,98,60,67.7,8,78.1,1957,17.7,12.932,26,21.7
719.2,87,606.8,100.0,99,60,68.5,8,79.4,2041,19.7,12.964,26,23.2
722.3,87,608.9,100.0,99,60,72.2,8,82.6,2193,23.7,12.992,26,26.8
725.4,87,612.0,100.0,98,61,62.4,8,72.5,1894,15.4,12.960,26,19.0
728.5,87,612.0,100.0,98,62,47.2,8,47.3,1890,6.9,12.960,26,15.6
731.6,87,612.0,100.0,99,63,66.6,8,79.6,1974,19.5,12.960,26,23.5
734.7,87,612.0,100.0,98,65,65.1,8,75.8,2037,17.6,12.960,26,21.9
737.8,87,612.0,100.0,98,66,65.8,8,74.6,2030,16.5,12.909,26,22.2
740.9,87,614.2,100.0,99,66,70.0,8,81.7,2270,22.2,12.960,26,26.6
744.0,87,616.0,100.0,98,68,65.4,8,76.5,2109,18.3,12.960,26,23.4
747.1,87,616.0,100.0,98,68,65.5,8,74.3,2104,17.1,12.960,26,22.0
750.2,87,614.4,100.0,99,67,21.3,8,25.9,2003,6.4,12.960,26,10.4
753.3,87,612.0,100.0,98,65,52.8,8,65.4,1964,13.6,12.960,26,17.8
756.4,87,612.0,100.0,98,64,69.1,8,81.6,2028,23.3,12.960,26,28.0
759.5,87,616.3,100.0,99,66,75.1,8,87.8,2495,30.6,12.923,26,35.8
762.6,87,622.4,100.0,99,68,75.6,8,86.9,2714,39.0,12.957,25,46.0
765.7,87,628.4,100.0,99,70,73.3,8,85.5,3105,33.8,12.960,25,39.9
768.8,87,632.0,100.0,99,71,76.6,8,86.6,3341,31.0,12.960,25,37.8
771.9,87,636.4,100.0,99,73,76.1,8,85.2,3527,28.9,12.960,25,36.6
775.0,86,640.0,100.0,98,76,73.2,8,81.1,3616,26.5,12.884,25,33.8
778.1,86,643.7,100.0,98,77,67.4,8,74.6,3680,21.4,12.975,25,29.3
781.2,86,641.9,100.0,98,78,65.3,8,73.4,3531,18.0,12.964,25,24.8
784.3,86,640.0,100.0,98,78,65.9,8,77.4,2379,19.2,12.960,25,24.0
787.4,86,640.0,100.0,99,77,67.5,8,78.9,2362,20.8,12.883,26,25.6
790.5,86,640.0,100.0,99,77,66.8,8,77.7,2372,20.7,12.994,26,25.0
793.6,87,643.2,100.0,99,77,69.8,8,80.4,2389,22.0,13.037,26,26.7
796.7,87,644.0,100.0,99,78,71.9,8,81.6,2515,22.8,12.919,26,28.6
799.8,87,644.0,100.0,98,78,70.4,8,82.0,2525,22.6,12.960,26,27.4
802.9,87,644.0,100.0,98,78,70.9,8,80.8,2702,26.5,12.960,26,31.9
806.0,87,644.0,100.0,98,78,68.0,8,79.7,2460,21.7,12.960,25,25.7
809.1,87,644.0,100.0,98,78,68.0,8,79.2,2385,20.0,12.960,25,25.5
812.2,87,648.0,100.0,98,77,70.9,8,82.4,2581,24.7,12.960,25,29.8
815.3,87,648.0,100.0,98,78,69.7,8,81.8,2470,22.0,12.960,25,27.9
818.4,87,648.0,100.0,98,78,68.2,8,79.8,2391,20.4,12.960,25,25.1
821.5,87,648.0,100.0,98,80,67.7,8,79.0,2426,19.6,12.995,25,24.8
824.6,87,648.0,100.0,98,81,67.6,8,77.5,2455,18.7,12.921,26,23.9
827.7,87,648.0,100.0,98,81,69.4,8,81.8,2471,20.8,12.824,26,26.1
830.8,87,646.8,100.0,98,80,62.8,8,74.7,2439,18.0,12.960,26,22.0
833.9,87,644.0,100.0,97,79,57.6,8,67.8,2391,13.1,12.960,26,17.6
837.0,87,642.9,100.0,97,77,52.5,8,61.6,2328,12.3,12.960,26,15.9
840.1,87,640.0,100.0,98,75,59.4,8,68.0,2287,14.1,12.960,26,20.4
843.2,87,640.0,100.0,98,75,64.3,8,75.7,2276,18.4,12.960,26,23.3
846.3,87,636.5,100.0,98,75,67.5,8,78.7,2291,20.6,12.960,26,25.5
849.4,87,640.0,100.0,98,73,63.8,8,80.2,2337,21.8,12.903,26,25.5
852.5,87,636.5,100.0,99,70,12.4,8,13.7,2094,0.4,13.020,26,6.1
855.6,87,618.8,100.0,99,65,12.1,8,14.2,1939,0.4,12.960,26,5.0
858.7,87,600.6,100.0,99,61,12.3,8,14.5,1810,1.0,12.960,26,5.2
861.8,87,589.8,100.0,98,57,32.6,8,30.8,1725,0.5,12.820,26,7.3
864.9,86,592.3,100.0,98,56,68.7,8,77.7,1976,19.1,12.960,26,24.3
868.0,86,598.6,100.0,98,57,72.2,8,84.4,2297,23.9,12.960,26,28.3
871.1,86,604.5,100.0,98,58,70.7,8,84.0,2342,23.2,12.960,26,28.1
874.2,86,610.8,100.0,98,59,66.9,8,80.7,2227,18.8,12.960,26,23.9
877.3,86,612.0,100.0,98,60,67.3,8,79.0,2023,19.1,12.960,27,21.9
880.4,86,615.1,100.0,98,59,66.9,8,76.2,1956,17.1,12.972,27,22.7
883.5,86,616.8,100.0,98,60,70.6,8,82.6,2173,23.2,12.994,27,27.8
886.6,87,623.2,100.0,98,60,70.1,8,83.1,2302,23.0,12.945,27,27.8
889.7,87,624.0,100.0,98,61,66.2,8,77.4,1913,17.8,12.948,27,21.3
892.8,87,619.0,100.0,98,61,13.3,8,23.4,1842,3.0,12.960,27,4.7
895.9,87,612.0,100.0,99,60,15.5,8,18.5,1787,1.0,12.960,27,5.4
899.0,87,602.0,100.0,97,60,24.1,8,27.9,1788,2.4,12.960,27,6.8
902.1,87,595.3,100.0,96,60,32.6,8,41.0,1809,5.9,12.925,27,9.5
905.2,87,592.0,100.0,97,61,54.9,8,64.5,1910,12.0,12.944,27,15.8
908.3,87,592.0,100.0,97,61,53.5,8,63.1,1854,11.7,12.910,27,14.7
911.4,87,592.0,100.0,98,60,63.4,8,74.6,1917,17.0,12.984,27,21.2
914.5,87,596.0,100.0,98,60,64.3,8,74.5,1950,16.3,12.978,28,21.0
917.6,87,599.9,100.0,97,60,64.3,8,74.9,1968,16.7,12.912,28,21.1
920.7,87,600.0,100.0,97,60,63.5,8,74.6,1975,16.9,12.884,28,20.8
923.8,87,604.0,100.0,97,60,63.5,8,73.6,1961,16.5,12.960,28,21.0
926.9,87,604.0,100.0,97,60,52.5,8,66.7,1927,16.5,12.960,28,16.6
930.0,87,603.6,100.0,98,59,25.2,8,28.0,1762,3.7,12.877,28,7.6
933.1,87,597.1,100.0,97,57,52.6,8,64.1,1737,11.0,12.889,28,15.0
936.2,87,594.7,100.0,97,57,25.2,8,34.5,1727,5.3,12.960,28,10.7
939.3,87,584.8,100.0,98,56,12.6,8,14.5,1659,0.4,12.960,28,4.3
942.4,87,571.4,100.0,98,54,10.8,8,12.7,1606,0.4,12.960,28,3.6
945.5,87,559.9,100.0,98,52,10.2,8,12.3,1545,0.4,12.960,28,3.8
948.6,87,552.0,100.0,98,51,31.2,8,34.6,1547,7.7,12.804,28,11.2
951.7,87,556.3,100.0,97,52,62.7,8,73.7,1748,14.5,13.004,28,18.7
954.8,87,562.3,100.0,98,54,71.4,8,83.4,2018,22.0,12.960,28,26.3
957.9,87,572.0,100.0,98,56,69.9,8,82.2,2170,21.4,12.960,28,25.9
961.0,87,574.5,100.0,98,57,52.3,8,62.8,1748,13.4,12.960,28,21.2
964.1,87,580.6,100.0,98,57,67.4,8,80.4,1907,20.1,12.960,28,23.5
967.2,87,586.9,100.0,98,59,70.2,8,82.3,2121,22.5,12.960,28,27.4
970.3,87,588.0,100.0,97,61,59.7,8,72.2,1891,16.0,12.960,28,17.8
973.4,87,591.5,100.0,97,60,57.6,8,69.9,1825,13.8,13.020,28,15.0
976.5,87,588.4,100.0,97,59,24.5,8,20.6,1777,2.2,13.025,29,9.8
979.6,87,584.0,100.0,97,57,55.9,8,68.9,1817,17.7,12.960,29,21.8
982.7,87,585.9,100.0,98,58,68.7,8,83.1,2095,24.7,12.894,29,28.2
985.8,87,588.3,100.0,97,58,62.5,8,75.1,1791,16.8,12.960,29,13.9
988.9,87,592.0,100.0,97,58,60.0,8,75.9,1887,17.2,12.960,29,16.4
992.0,87,592.0,100.0,98,58,67.9,8,65.1,1831,8.8,12.960,29,18.6
995.1,87,588.6,100.0,98,55,41.1,8,42.0,1659,3.9,12.960,29,8.2
998.2,87,586.0,100.0,98,53,25.7,8,23.7,1564,10.4,12.960,29,16.3
1001.3,87,587.7,100.0,98,51,70.9,8,81.8,1934,23.9,12.960,29,28.1
1004.4,87,599.5,100.0,98,52,75.3,8,87.7,2331,31.9,12.960,29,36.1
1007.5,87,604.4,100.0,98,54,68.8,8,83.5,2591,30.2,12.960,29,36.6
1010.6,87,614.3,100.0,98,56,72.2,8,82.9,2736,31.0,12.960,29,36.2
1013.7,87,624.8,100.0,97,57,69.8,8,81.3,2842,27.7,12.887,29,31.6
1016.8,87,628.0,100.0,97,58,70.3,8,76.5,2600,15.7,13.035,29,20.9
1019.9,87,632.0,100.0,97,58,71.5,8,83.9,2289,26.0,12.905,30,30.8
1023.0,87,635.7,100.0,97,58,72.2,8,85.5,2425,26.3,12.911,30,31.8
1026.1,87,640.0,100.0,97,58,71.9,8,85.1,2393,15.6,12.947,30,22.5
1029.2,87,640.9,100.0,97,58,72.9,8,85.7,2240,27.5,12.960,30,32.5
1032.3,87,644.0,100.0,97,58,72.6,8,85.8,2401,27.6,12.960,30,32.5
1035.4,87,649.8,100.0,97,58,73.6,8,87.1,2425,29.5,12.960,30,34.4
1038.5,87,652.0,100.0,97,58,73.5,8,86.7,2469,31.3,12.960,30,36.0
1041.6,87,656.0,100.0,97,58,70.4,8,80.0,2341,24.6,12.960,30,31.3
1044.7,87,656.0,100.0,97,57,72.2,8,78.3,1985,16.0,12.910,30,18.3
1047.8,87,656.0,100.0,97,57,38.4,8,56.0,1740,17.2,12.804,30,22.5
1050.9,87,652.0,100.0,97,55,56.8,8,71.7,1816,16.2,12.960,30,15.9
1054.0,88,648.3,100.0,97,52,46.5,8,50.3,1598,8.1,12.960,30,15.2
1057.1,88,646.0,100.0,97,51,72.6,8,85.4,2041,26.4,13.011,30,29.7
1060.2,88,648.7,100.0,97,55,70.6,8,83.4,2309,24.1,12.960,30,28.8
1063.3,88,652.0,100.0,97,57,68.0,8,80.0,2064,21.4,12.882,30,25.9
1066.4,88,647.2,100.0,97,60,12.6,8,23.2,1825,6.8,12.960,30,4.1
1069.5,88,636.7,100.0,97,58,12.6,8,14.1,1744,0.1,12.960,30,4.7
1072.6,88,618.9,100.0,97,58,15.1,8,18.0,1737,0.4,12.960,30,5.4
1075.7,88,599.1,100.0,98,58,13.8,8,16.7,1792,0.4,12.996,30,5.3
1078.8,87,582.8,100.0,98,57,10.7,8,12.4,1961,0.4,12.884,30,4.4
1081.9,86,566.2,100.0,98,55,10.9,8,12.4,2105,0.4,12.960,30,4.7
1085.0,86,556.4,100.0,98,56,11.0,8,12.5,2162,0.4,12.960,30,5.1
1088.1,85,539.9,100.0,98,56,11.0,8,12.9,2159,0.4,12.960,30,5.1
1091.2,85,526.9,100.0,98,54,11.0,8,13.2,2129,0.4,12.890,30,5.1
1094.3,85,511.5,100.0,98,52,11.6,8,13.8,2125,0.4,12.947,30,4.8
1097.4,85,499.0,100.0,98,52,10.3,8,12.5,2125,0.4,13.001,30,4.7
1100.5,85,486.3,100.0,98,54,11.0,8,12.5,2137,0.4,12.817,30,4.7
1103.6,85,473.8,100.0,98,52,11.0,8,12.5,2107,0.4,12.960,30,4.7
1106.7,85,460.8,100.0,98,50,10.2,8,12.5,2063,0.4,12.899,30,4.7
1109.8,85,449.9,100.0,98,51,11.8,8,13.8,2051,0.4,12.890,30,5.0
1112.9,85,443.5,100.0,98,53,13.9,8,15.0,1972,0.6,12.921,30,5.3
1116.0,85,434.9,100.0,98,55,10.5,8,12.5,2165,0.4,13.033,30,4.7
1119.1,85,423.3,100.0,98,55,11.0,8,12.5,2165,0.4,12.891,30,4.9
1122.2,85,414.1,100.0,99,52,10.6,8,12.3,2143,0.4,12.889,30,4.7
1125.3,85,402.7,100.0,99,53,11.0,8,12.5,2113,0.4,12.960,30,4.7
1128.4,85,392.3,100.0,99,51,12.1,8,14.3,2081,0.2,12.960,30,5.1
1131.5,85,380.0,100.0,99,50,13.1,8,15.7,2049,0.4,12.960,30,5.5
1134.6,85,373.9,100.0,99,51,10.8,8,12.4,2135,0.4,12.960,30,5.2
1137.7,85,366.9,100.0,99,54,11.0,8,12.4,2146,0.4,12.960,30,4.9
1140.8,85,356.8,100.0,99,56,11.0,8,12.9,2181,0.4,12.978,30,5.1
1143.9,85,350.5,100.0,99,55,11.0,8,12.5,2199,0.4,12.981,30,5.1
1147.0,85,339.9,100.0,99,55,11.0,8,12.2,2176,0.4,12.927,30,5.0
1150.1,85,331.4,100.0,99,54,12.3,8,14.3,2158,0.4,12.960,30,5.4
1153.2,85,326.0,100.0,99,55,11.0,8,12.8,2177,0.4,12.960,30,5.3
1156.3,85,316.1,100.0,99,56,10.8,8,12.2,2200,0.4,12.907,30,5.1
1159.4,85,310.2,100.0,99,58,11.0,8,12.2,2213,0.4,12.960,30,5.1
1162.5,85,300.3,100.0,99,59,11.0,8,12.5,2232,0.4,12.960,30,5.1
1165.6,85,293.9,100.0,99,61,11.0,8,12.5,2248,0.4,12.888,30,5.1
1168.7,85,288.2,100.0,99,60,11.0,8,12.4,2225,0.4,13.014,30,5.1
1171.8,85,281.5,100.0,99,60,11.0,8,12.5,2255,0.4,12.960,30,5.4
1174.9,85,274.8,100.0,100,59,11.0,8,12.5,2252,0.4,12.960,30,5.1
1178.0,85,268.4,100.0,100,57,10.5,8,12.0,2074,0.4,12.960,30,4.3
1181.1,85,264.0,100.0,100,55,12.7,8,14.4,1662,2.5,12.960,30,5.4
1184.2,85,268.0,100.0,100,55,12.1,8,17.5,1648,0.6,12.960,32,4.0
1187.3,85,265.5,100.0,100,52,14.1,8,16.4,1580,0.5,12.960,32,4.6
1190.4,85,266.2,100.0,99,51,32.4,8,36.8,1550,4.0,12.860,32,8.7
1193.5,85,275.3,100.0,99,52,26.0,8,33.8,1620,5.0,12.892,32,4.5
1196.6,85,272.0,100.0,100,48,9.4,8,11.4,1586,0.5,13.034,32,3.5
1199.7,85,272.1,100.0,99,47,22.6,8,18.6,1426,2.6,12.960,32,6.5
1202.8,85,276.0,100.0,99,47,19.0,8,17.7,1425,1.4,12.960,32,5.3
1205.9,85,279.1,100.0,99,47,14.1,8,17.6,1404,0.4,12.960,32,4.1
1209.0,85,272.8,100.0,100,45,18.4,8,21.1,1349,0.1,12.960,32,5.5
1212.1,85,266.3,100.0,100,43,20.4,8,22.6,1312,0.7,12.960,32,5.7
1215.2,85,268.0,100.0,99,43,16.0,8,22.5,1330,2.2,12.960,32,4.8
1218.3,85,271.2,100.0,99,44,20.5,8,25.1,1330,1.6,12.960,32,4.7
1221.4,85,276.0,100.0,98,45,23.4,8,26.7,1405,1.6,12.909,32,4.5
1224.5,85,273.2,100.0,100,45,17.4,8,21.0,1428,0.4,12.882,32,4.8
1227.6,85,267.2,100.0,100,42,23.4,8,27.7,1348,0.4,12.960,32,5.7
1230.7,85,260.4,100.0,100,42,19.7,8,24.0,1275,0.4,12.960,32,4.7
1233.8,85,254.1,100.0,100,41,15.6,8,18.3,1261,0.8,13.028,32,3.8
1236.9,85,257.3,100.0,99,41,50.0,8,55.9,1349,7.2,12.917,32,9.9
1240.0,85,273.6,100.0,98,43,57.1,8,66.5,1506,8.7,12.960,32,11.4
1243.1,85,293.5,100.0,98,45,59.3,8,69.1,1526,11.7,12.960,32,15.6
1246.2,85,313.3,100.0,99,48,60.5,8,71.3,1658,11.9,12.960,32,17.0
1249.3,85,326.8,100.0,99,51,59.0,8,69.5,1662,12.8,13.028,32,17.5
1252.4,86,341.2,100.0,98,55,42.7,8,51.6,1651,5.1,12.935,32,11.1
1255.5,86,351.4,100.0,98,56,50.8,8,56.4,1701,9.2,12.852,32,14.2
1258.6,86,364.1,100.0,99,58,53.5,8,64.1,1764,12.5,12.960,32,16.1
1261.7,86,376.9,100.0,98,59,52.1,8,59.3,1815,10.0,12.873,32,13.9
1264.8,86,392.2,100.0,99,62,62.2,8,73.1,1871,15.1,12.952,32,18.9
1267.9,86,409.3,100.0,99,63,66.4,8,75.4,2021,18.4,12.920,32,22.9
1271.0,86,423.2,100.0,99,65,66.4,8,77.5,2119,19.0,12.960,32,23.3
1274.1,86,438.9,100.0,99,67,63.7,8,73.7,2078,16.6,12.960,32,20.8
1277.2,86,451.0,100.0,98,68,45.7,8,56.1,2078,5.1,12.960,32,10.4
1280.3,86,452.0,100.0,98,68,25.8,8,28.2,2051,3.5,12.960,32,7.8
1283.4,86,452.2,100.0,97,67,27.5,8,31.8,2025,3.7,12.960,32,8.2
1286.5,86,458.4,100.0,98,68,41.9,8,46.5,2055,6.6,12.806,32,11.5
1289.6,86,457.0,100.0,100,68,15.8,8,24.3,2077,3.7,12.932,32,6.4
1292.7,86,456.6,100.0,100,70,18.5,8,25.4,2090,0.4,12.831,32,4.8
1295.8,86,445.2,100.0,100,68,10.2,8,12.2,2052,0.4,12.960,32,4.5
1298.9,86,436.4,100.0,100,64,10.2,8,12.4,1911,0.4,12.960,32,4.4
1302.0,86,427.9,100.0,100,59,15.0,8,17.3,1771,0.4,12.960,32,5.4
1305.1,86,415.2,100.0,100,55,17.3,8,19.8,1667,0.4,12.960,32,5.2
1308.2,86,401.5,100.0,100,51,13.6,8,16.0,1562,0.4,12.949,32,4.3
1311.3,86,394.2,100.0,100,51,11.4,8,13.4,1616,0.4,12.948,32,4.0
1314.4,86,388.1,100.0,100,51,39.0,8,40.9,1650,4.8,12.914,32,7.4
1317.5,86,394.8,100.0,99,53,50.6,8,49.7,1653,3.4,12.803,32,6.7
1320.6,86,409.9,100.0,100,56,72.9,8,84.7,1958,21.0,12.960,33,25.7
1323.7,86,431.1,100.0,100,60,63.1,8,63.7,2083,16.0,12.880,33,20.9
1326.8,86,436.0,100.0,99,62,21.5,8,26.4,1889,2.6,12.960,32,4.9
1329.9,86,423.7,100.0,101,62,10.2,8,11.8,1979,0.4,12.960,32,4.3
1333.0,86,420.0,100.0,101,62,20.2,8,19.8,1973,1.6,12.960,33,6.9
1336.1,86,428.5,100.0,99,65,62.0,8,68.7,2030,14.2,12.960,32,17.5
1339.2,86,438.0,100.0,100,67,65.5,8,75.8,2223,17.3,12.960,32,21.6
1342.3,86,454.6,100.0,100,69,65.7,8,75.7,2281,17.9,12.960,32,22.8
1345.4,86,467.4,100.0,99,71,56.3,8,67.6,2183,15.7,12.975,32,18.1
1348.5,86,477.6,100.0,100,71,63.3,8,74.4,2199,16.3,12.896,30,20.0
1351.6,86,488.1,100.0,100,72,63.1,8,72.3,2194,16.3,12.908,30,20.6
1354.7,86,498.3,100.0,100,72,67.7,8,77.7,2262,19.1,12.960,30,23.0
1357.8,86,508.8,100.0,100,73,68.2,8,77.7,2315,19.9,12.960,30,24.3
1360.9,86,517.6,100.0,100,75,67.5,8,77.2,2293,19.5,12.964,30,24.3
1364.0,86,526.7,100.0,100,75,69.1,8,79.1,2298,20.8,12.976,29,24.5
1367.1,86,535.6,100.0,100,77,71.6,8,80.8,2362,21.4,12.960,29,25.8
1370.2,86,545.7,100.0,100,77,59.8,8,69.1,2349,15.6,12.892,29,20.2
1373.3,86,551.6,100.0,100,77,61.5,8,70.9,2325,15.9,12.960,29,19.9
1376.4,86,557.8,100.0,100,75,65.4,8,76.5,2300,18.6,13.026,29,23.4
1379.5,86,564.0,100.0,100,73,67.4,8,76.4,2227,19.2,12.960,29,23.9
1382.6,86,566.5,100.0,100,70,67.5,8,77.3,2175,19.4,12.960,29,23.6
1385.7,86,572.9,100.0,100,67,71.4,8,80.4,2233,22.0,12.917,29,26.7
1388.8,86,578.9,100.0,100,65,73.6,8,85.0,2387,25.4,13.034,29,30.0
1391.9,86,589.1,100.0,100,65,76.1,8,87.1,2520,31.3,12.960,28,36.0
1395.0,86,594.9,100.0,100,65,76.1,8,86.2,2562,31.8,12.960,28,36.9
1398.1,86,604.8,100.0,100,65,75.4,8,86.0,2572,32.0,12.917,28,37.4
1401.2,86,610.5,100.0,100,66,76.1,8,86.4,2614,32.2,12.881,28,37.6
1404.3,86,616.6,100.0,100,68,74.7,8,84.3,2634,30.8,12.932,28,35.5
1407.4,86,620.0,100.0,100,72,73.0,8,83.6,2647,27.9,12.960,28,33.3
1410.5,86,625.4,100.0,100,73,72.9,8,82.7,2675,27.9,12.960,28,33.5
1413.6,86,628.0,100.0,100,74,72.9,8,82.1,2687,28.4,12.880,28,33.7
1416.7,86,630.3,100.0,100,75,72.2,8,81.4,2666,25.9,12.956,28,32.0
1419.8,86,632.0,100.0,100,75,70.4,8,80.5,2436,24.1,12.928,27,27.3
1422.9,86,634.3,100.0,100,75,66.2,8,77.0,2289,21.1,12.880,28,24.2
1426.0,86,632.0,100.0,99,76,60.3,8,69.4,2322,15.7,12.931,28,20.6
1429.1,86,632.0,100.0,99,78,55.3,8,64.2,2374,12.5,12.917,28,16.6
1432.2,86,632.0,100.0,99,79,56.3,8,65.0,2414,13.6,12.937,28,18.7
1435.3,86,631.5,100.0,101,81,57.1,8,65.2,2455,14.1,12.960,28,19.3
1438.4,86,628.0,100.0,101,81,61.2,8,68.3,2507,15.5,12.951,28,20.8
1441.5,86,628.0,100.0,101,82,62.3,8,71.7,2525,17.4,12.943,28,22.8
1444.6,86,628.0,100.0,100,83,59.1,8,67.8,2532,14.9,13.020,28,20.2
1447.7,86,628.0,100.0,100,83,64.1,8,73.3,2528,17.2,12.892,28,22.4
1450.8,86,628.9,100.0,100,81,66.7,8,75.8,2484,18.4,12.960,28,23.5
1453.9,86,632.0,100.0,100,79,64.2,8,74.6,2424,17.2,12.960,28,21.0
1457.0,86,632.0,100.0,100,78,63.8,8,73.7,2376,16.9,12.960,28,21.6
1460.1,86,632.0,100.0,100,76,65.7,8,74.8,2329,18.0,12.973,28,23.1
1463.2,86,632.0,100.0,100,75,61.7,8,69.5,2291,15.2,12.868,28,20.7
1466.3,86,628.5,100.0,99,75,47.1,8,56.9,2265,11.4,12.960,28,12.3
1469.4,86,626.3,100.0,100,74,42.0,8,43.4,2237,2.2,12.960,28,8.5
1472.5,86,611.7,100.0,101,71,14.3,8,19.3,2119,3.4,12.960,28,7.3
1475.6,86,608.0,100.0,100,70,60.1,8,69.3,2124,16.0,12.960,28,18.9
1478.7,86,612.0,100.0,100,70,72.7,8,83.0,2340,23.0,12.928,28,27.8
1481.8,86,615.4,100.0,100,70,72.5,8,83.3,2450,22.1,12.992,28,27.7
1484.9,86,616.0,100.0,100,72,67.6,8,77.4,2213,19.3,12.960,27,23.6
1488.0,86,619.5,100.0,100,74,67.8,8,78.6,2277,19.7,12.960,27,24.3
1491.1,86,621.1,100.0,100,76,70.0,8,81.1,2333,21.1,12.960,27,26.8
1494.2,86,624.0,100.0,100,77,72.6,8,82.8,2575,25.0,12.960,27,30.7
1497.3,86,628.0,100.0,100,77,72.2,8,81.6,2721,26.2,12.960,27,31.4
1500.4,86,631.9,100.0,100,77,71.6,8,81.7,2637,24.7,12.960,27,30.3
1503.5,86,632.0,100.0,100,77,70.6,8,81.5,2385,21.6,12.961,27,25.9
1506.6,86,632.8,100.0,100,77,70.6,8,81.5,2357,21.5,12.914,27,26.2
1509.7,86,636.0,100.0,100,77,70.3,8,80.2,2350,20.8,12.972,27,25.9
1512.8,86,636.0,100.0,100,77,69.3,8,79.9,2350,20.8,13.039,27,25.7
1515.9,86,636.0,100.0,100,77,69.8,8,79.6,2350,21.0,12.960,27,25.9
1519.0,86,636.0,100.0,100,76,69.3,8,79.5,2320,20.9,12.949,27,25.9
1522.1,86,636.0,100.0,100,75,64.6,8,76.1,2310,19.2,13.007,27,22.8
1525.2,86,636.0,100.0,99,75,58.5,8,67.3,2267,14.5,12.960,27,19.0
1528.3,86,633.6,100.0,99,73,54.7,8,61.7,2224,12.3,12.960,27,18.4
1531.4,86,632.0,100.0,99,72,55.7,8,62.9,2195,11.8,12.960,27,16.6
1534.5,86,632.0,100.0,99,71,56.8,8,65.8,2171,12.6,12.952,27,16.9
1537.6,86,628.0,100.0,99,71,57.3,8,65.8,2162,12.9,12.977,27,18.0
1540.7,86,628.0,100.0,101,71,59.1,8,66.8,2157,15.1,12.960,27,18.9
1543.8,86,626.5,100.0,101,70,60.9,8,66.4,2128,14.0,13.019,27,19.2
1546.9,86,624.0,100.0,101,70,55.7,8,62.7,2106,12.8,12.938,27,17.0
1550.0,86,622.3,100.0,100,70,52.8,8,60.5,2100,11.2,12.945,27,15.2
1553.1,86,620.0,100.0,99,70,58.7,8,66.9,2118,13.2,12.846,27,16.8
1556.2,86,620.0,100.0,100,70,62.0,8,72.0,2137,12.9,12.960,27,15.5
1559.3,86,620.0,100.0,100,71,64.3,8,74.3,2145,16.9,13.014,27,21.4
1562.4,86,620.0,100.0,100,72,66.7,8,76.3,2170,18.8,12.960,27,23.1
1565.5,86,620.0,100.0,100,72,69.4,8,79.8,2281,21.2,12.960,27,25.9
1568.6,86,620.6,100.0,100,72,71.3,8,82.7,2409,21.8,12.921,27,26.8
1571.7,86,624.0,100.0,100,72,70.6,8,80.7,2350,21.5,13.034,27,26.4
1574.8,86,625.6,100.0,100,73,68.9,8,78.7,2255,20.9,12.899,27,25.4
1577.9,86,628.0,100.0,100,73,65.9,8,75.7,2225,17.9,12.960,27,22.4
1581.0,86,628.0,100.0,100,73,60.6,8,70.7,2237,16.4,12.960,27,20.8
1584.1,86,624.0,100.0,99,73,61.4,8,69.4,2245,15.0,12.912,27,19.0
1587.2,86,624.0,100.0,100,75,65.4,8,73.9,2262,17.3,12.960,27,22.4
1590.3,86,624.8,100.0,100,73,69.0,8,77.4,2253,19.3,12.960,27,23.4
1593.4,86,628.0,100.0,100,73,68.2,8,78.4,2259,20.7,12.817,27,25.1
1596.5,86,628.0,100.0,100,73,68.2,8,78.0,2260,20.4,12.904,27,25.5
1599.6,86,628.0,100.0,100,73,69.8,8,80.1,2319,21.3,12.880,27,25.9
1602.7,86,628.0,100.0,100,73,70.0,8,80.6,2352,22.0,12.953,27,26.2
1605.8,86,631.2,100.0,100,73,56.3,8,66.3,2254,16.7,12.960,27,22.5
1608.9,86,628.0,100.0,100,73,65.0,8,73.9,2243,18.7,12.960,27,23.6
1612.0,86,629.5,100.0,100,73,70.4,8,81.4,2351,21.5,12.960,27,26.3
1615.1,86,628.2,100.0,100,75,45.0,8,56.2,2287,8.1,12.960,27,10.6
1618.2,86,628.0,100.0,100,76,62.7,8,75.2,2318,16.7,12.960,27,22.6
1621.3,86,624.0,100.0,100,75,48.8,8,59.5,2260,6.7,12.960,27,12.7
1624.4,86,624.0,100.0,100,73,66.6,8,76.3,2240,18.8,12.950,27,23.7
1627.5,86,624.0,100.0,100,71,53.4,8,61.8,2425,9.8,12.934,27,17.3
1630.6,86,620.4,100.0,101,68,23.6,8,30.8,2044,3.5,13.020,27,5.8
1633.7,86,616.0,100.0,100,67,52.4,8,59.6,2043,14.3,12.960,27,17.9
1636.8,86,620.0,100.0,100,68,70.3,8,80.0,2213,21.5,12.960,27,24.9
1639.9,86,620.0,100.0,100,70,71.2,8,81.1,2333,20.5,12.960,27,24.8
1643.0,86,620.0,100.0,100,71,66.9,8,77.9,2184,18.8,12.960,27,20.2
1646.1,86,620.0,100.0,100,71,36.3,8,36.1,2173,7.5,12.899,27,14.2
1649.2,86,614.4,100.0,101,71,15.4,8,15.2,2125,2.1,12.960,27,6.7
1652.3,86,611.9,100.0,101,70,21.8,8,23.8,2079,5.2,12.960,27,11.3
1655.4,86,602.5,100.0,101,68,13.2,8,15.6,2034,1.1,12.960,27,5.1
1658.5,86,596.0,100.0,101,68,33.9,8,38.4,2074,6.9,12.960,27,11.4
1661.6,86,596.0,100.0,100,70,45.0,8,48.8,2257,7.4,12.960,27,12.9
1664.7,86,592.0,100.0,100,71,30.6,8,34.2,2140,5.5,12.960,27,11.1
1667.8,86,592.0,100.0,100,71,55.1,8,62.9,2279,12.8,13.002,27,16.4
1670.9,86,595.0,100.0,100,71,68.2,8,76.9,2341,20.8,12.960,27,25.5
1674.0,86,596.0,100.0,100,72,61.3,8,71.2,2260,16.4,12.960,27,20.5
1677.1,86,596.3,100.0,100,72,61.9,8,71.6,2214,11.9,12.960,27,15.1
1680.2,86,597.1,100.0,101,71,26.6,8,32.3,2150,3.5,12.887,27,9.3
1683.3,86,596.0,100.0,100,71,68.0,8,76.8,2259,19.8,12.960,27,23.5
1686.4,86,600.5,100.0,100,71,72.2,8,82.2,2436,22.0,12.960,27,26.9
1689.5,86,606.5,100.0,100,71,73.4,8,83.5,2510,24.3,12.882,27,29.1
1692.6,86,609.4,100.0,100,72,73.2,8,82.7,2561,25.5,12.971,27,31.1
1695.7,86,615.9,100.0,100,73,76.5,8,85.5,2786,35.2,12.931,27,40.3
1698.8,86,622.7,100.0,100,75,73.4,8,83.2,3065,30.9,12.960,26,37.3
1701.9,86,624.9,100.0,100,77,71.6,8,81.8,3232,27.1,12.960,26,34.5
1705.0,86,631.0,100.0,100,79,71.0,8,78.9,3341,22.8,12.960,26,28.1
1708.1,86,632.0,100.0,100,80,67.9,8,76.2,3403,21.6,12.960,26,28.4
1711.2,86,632.0,100.0,100,81,57.2,8,60.4,2722,12.5,12.945,26,20.4
1714.3,86,630.7,100.0,100,80,46.6,8,52.0,2415,9.6,12.992,27,14.9
1717.4,86,628.0,100.0,100,79,46.2,8,51.2,2383,9.9,12.960,27,14.1
1720.5,86,626.6,100.0,100,77,42.8,8,48.9,2352,11.1,12.960,27,15.2
1723.6,86,624.0,100.0,100,77,58.9,8,67.0,2362,15.2,12.960,27,20.0
1726.7,86,624.0,100.0,100,77,62.0,8,69.4,2362,15.6,12.960,27,20.1
1729.8,86,624.0,100.0,100,77,55.9,8,65.4,2366,13.2,12.963,27,17.3
1732.9,86,624.0,100.0,100,78,48.2,8,55.8,2375,10.7,12.886,27,15.7
1736.0,86,624.0,100.0,100,78,52.5,8,60.4,2404,13.0,12.960,27,17.8
1739.1,86,620.6,100.0,100,80,44.6,8,55.4,2407,9.7,12.960,27,12.9
1742.2,86,620.0,100.0,101,78,41.3,8,45.6,2387,8.2,13.031,27,14.8
1745.3,86,620.0,100.0,100,76,52.2,8,64.7,2387,11.8,12.972,27,16.4
1748.4,86,620.0,100.0,100,75,59.2,8,67.6,2318,15.4,12.985,27,19.6
1751.5,86,620.0,100.0,100,75,66.1,8,76.6,2309,18.8,12.887,27,23.5
1754.6,86,620.0,100.0,101,75,61.5,8,70.8,2262,17.7,12.960,27,22.6
1757.7,86,620.0,100.0,101,73,65.9,8,74.5,2254,17.8,12.960,27,23.3
1760.8,86,620.0,100.0,101,75,66.7,8,75.7,2286,18.8,12.960,27,23.5
1763.9,86,623.5,100.0,100,74,68.3,8,78.2,2311,19.8,13.017,26,24.6
1767.0,86,624.0,100.0,100,73,68.2,8,78.3,2273,20.4,12.888,26,24.2
1770.1,86,624.0,100.0,100,73,62.7,8,72.2,2242,17.9,13.005,26,23.2
1773.2,86,624.0,100.0,100,73,64.3,8,73.2,2237,17.6,12.883,26,21.8
1776.3,86,624.0,100.0,100,73,65.9,8,76.2,2227,18.3,12.899,26,22.4
1779.4,86,624.0,100.0,100,73,67.9,8,77.6,2250,19.1,12.960,26,23.9
1782.5,86,624.0,100.0,100,73,67.5,8,77.9,2250,20.0,12.960,26,24.3
1785.6,86,628.0,100.0,100,73,67.5,8,76.7,2258,19.2,12.986,26,23.9
1788.7,86,628.0,100.0,100,75,69.8,8,79.1,2297,20.4,12.960,26,24.6
1791.8,86,628.0,100.0,100,74,72.9,8,83.9,2434,23.3,12.960,26,28.2
1794.9,86,632.0,100.0,100,73,72.9,8,83.1,2492,23.1,12.960,26,28.1
1798.0,86,632.0,100.0,100,72,64.8,8,76.5,2411,19.4,12.800,26,19.3
1801.1,86,632.0,100.0,100,70,56.4,8,66.2,2120,13.1,12.880,26,17.4
1804.2,86,632.0,100.0,100,68,68.2,8,77.6,2101,19.5,13.025,26,23.5
1807.3,86,629.5,100.0,100,68,69.8,8,80.8,2173,21.1,12.960,26,25.0
1810.4,86,632.0,100.0,100,69,69.8,8,80.1,2275,22.0,12.900,26,26.6
1813.5,87,632.0,100.0,100,70,73.4,8,84.0,2473,24.4,12.960,26,29.4
1816.6,87,636.0,100.0,100,72,72.1,8,82.4,2586,24.5,12.960,26,29.0
1819.7,87,636.2,100.0,100,76,70.8,8,81.9,2422,21.8,12.960,26,26.3
1822.8,87,640.0,100.0,100,79,71.0,8,80.9,2524,22.4,12.960,26,27.3
1825.9,87,640.0,100.0,100,80,57.3,8,65.4,2469,13.7,12.960,26,18.8
1829.0,87,634.3,100.0,100,81,30.0,8,39.9,2461,7.0,12.960,26,8.6
1832.1,87,628.0,100.0,101,80,36.8,8,41.1,2381,7.0,12.960,26,10.8
1835.2,87,628.0,100.0,100,78,61.4,8,67.3,2380,15.0,13.036,26,21.3
1838.3,87,632.0,100.0,100,78,72.3,8,81.2,2648,24.6,12.980,26,31.4
1841.4,87,632.0,100.0,100,80,72.2,8,82.0,2571,23.1,12.955,26,28.3
1844.5,87,636.0,100.0,100,80,66.7,8,77.7,2434,19.0,12.938,26,23.1
1847.6,87,636.0,100.0,100,80,64.8,8,73.6,2433,17.2,12.960,26,23.0
1850.7,87,636.0,100.0,100,80,64.2,8,74.4,2425,17.2,12.960,26,21.6
1853.8,87,636.0,100.0,100,80,70.3,8,80.5,2434,20.9,12.960,26,25.8
1856.9,87,636.0,100.0,100,80,71.7,8,82.0,2520,22.9,12.980,26,28.4
1860.0,87,640.0,100.0,101,81,69.1,8,78.0,2487,20.5,12.976,26,25.6
1863.1,87,640.0,100.0,101,82,65.9,8,70.3,2507,15.7,12.960,26,21.8
1866.2,87,637.1,100.0,101,82,36.4,8,42.0,2483,8.3,12.963,26,13.0
1869.3,87,632.0,100.0,101,81,37.1,8,41.3,2454,8.1,12.975,26,13.0
1872.4,87,626.0,100.0,101,79,32.8,8,42.5,2396,10.3,12.960,26,5.9
1875.5,87,615.7,100.0,101,74,11.0,8,12.9,2225,0.4,12.960,26,4.9
1878.6,86,596.5,100.0,101,70,11.0,8,12.3,2086,0.4,12.960,26,5.2
1881.7,86,590.7,100.0,100,68,61.0,8,70.5,2225,17.3,12.960,26,19.9
1884.8,86,593.1,100.0,100,68,67.7,8,79.9,2225,19.5,12.910,26,23.6
1887.9,86,599.5,100.0,100,69,72.4,8,82.8,2379,22.4,12.960,26,27.1
1891.0,86,602.0,100.0,100,70,72.8,8,83.2,2496,23.0,12.960,26,27.7
1894.1,86,604.3,100.0,100,71,66.8,8,76.3,2217,17.6,12.960,26,21.2
1897.2,86,605.6,100.0,100,69,47.4,8,65.5,2127,11.2,12.960,26,9.3
1900.3,86,604.3,100.0,100,68,63.1,8,71.1,2158,18.9,12.960,26,23.5
1903.4,86,608.0,100.0,100,69,71.7,8,82.2,2360,22.5,12.960,26,22.9
1906.5,86,608.0,100.0,101,70,42.4,8,53.8,2088,14.6,12.960,26,19.1
1909.6,87,608.0,100.0,100,68,73.7,8,85.5,2231,26.4,12.960,26,28.5
1912.7,87,612.8,100.0,100,70,72.4,8,82.8,2443,25.1,12.960,26,30.2
1915.8,87,613.1,100.0,100,69,48.8,8,55.9,2084,5.8,12.884,26,12.8
1918.9,87,612.0,100.0,100,68,62.6,8,71.1,2066,17.6,12.960,26,21.4
1922.0,87,615.0,100.0,100,68,74.5,8,85.6,2411,26.8,12.960,26,32.1
1925.1,87,620.0,100.0,100,69,74.1,8,83.1,2648,29.7,12.960,26,34.5
1928.2,87,620.0,100.0,100,70,72.9,8,83.2,2378,21.4,12.934,26,27.6
1931.3,87,626.0,100.0,100,71,76.3,8,87.0,2605,32.3,12.811,26,37.9
1934.4,87,628.3,100.0,100,73,72.8,8,82.5,2955,30.1,12.960,26,36.5
1937.5,87,629.3,100.0,100,74,33.6,8,31.2,2252,7.0,13.031,26,18.5
1940.6,87,628.0,100.0,100,74,62.4,8,71.1,2288,16.6,12.822,26,22.3
1943.7,87,628.0,100.0,100,75,70.9,8,81.0,2482,24.5,12.941,26,30.4
1946.8,87,632.0,100.0,100,76,69.6,8,77.8,2705,18.0,12.953,26,25.9
1949.9,87,632.0,100.0,100,77,67.6,8,65.6,2338,9.1,12.891,26,19.3
1953.0,87,625.5,100.0,100,75,18.0,8,25.0,2239,7.0,12.899,26,17.3
1956.1,87,616.5,100.0,101,71,11.0,8,12.8,2136,1.1,12.994,26,5.0
1959.2,87,600.0,100.0,101,67,16.8,8,26.0,2047,4.5,12.960,26,9.3
1962.3,86,600.0,100.0,100,68,65.9,8,75.2,2175,17.0,12.960,27,22.9
1965.4,86,598.6,100.0,100,68,24.4,8,22.5,2067,6.8,12.960,27,16.7
1968.5,86,596.0,100.0,100,69,61.3,8,70.7,2162,15.2,12.960,27,18.5
1971.6,86,600.0,100.0,100,70,60.4,8,68.9,2139,14.5,12.960,27,18.9
1974.7,86,600.0,100.0,100,71,61.8,8,70.0,2174,15.3,12.960,27,19.9
1977.8,86,602.1,100.0,100,72,67.5,8,76.3,2217,18.7,12.960,27,23.8
1980.9,86,599.4,100.0,101,72,20.6,8,31.1,2190,10.9,12.960,27,7.3
1984.0,86,593.2,100.0,101,71,46.2,8,51.2,2226,9.0,12.960,27,13.1
1987.1,86,596.0,100.0,101,72,61.7,8,69.9,2285,16.2,12.960,27,21.0
1990.2,86,599.0,100.0,100,73,65.8,8,74.8,2316,18.2,12.978,27,23.9
1993.3,86,600.0,100.0,100,75,64.8,8,68.5,2271,12.6,12.960,27,20.5
1996.4,86,600.0,100.0,100,75,56.4,8,62.7,2292,15.6,12.960,27,20.8
1999.5,86,604.0,100.0,100,76,63.2,8,72.5,2324,16.8,12.960,27,21.6
2002.6,86,604.0,100.0,100,77,61.4,8,69.6,2356,13.3,12.974,27,20.2
2005.7,86,604.0,100.0,100,78,41.6,8,48.3,2371,11.2,12.959,27,15.8
2008.8,86,604.0,100.0,100,78,62.9,8,68.4,2377,13.8,12.886,27,19.3
2011.9,86,607.2,100.0,100,79,64.1,8,74.5,2429,18.0,12.950,27,22.4
2015.0,86,609.4,100.0,100,80,59.8,8,73.6,2461,17.3,12.938,26,22.0
2018.1,86,608.6,100.0,100,77,49.4,8,45.3,2347,5.5,12.960,26,16.6
2021.2,86,609.2,100.0,100,76,69.8,8,79.8,2373,20.1,12.960,26,24.9
2024.3,86,612.0,100.0,100,75,73.1,8,83.5,2526,24.7,12.960,26,29.3
2027.4,86,617.3,100.0,100,74,73.7,8,82.4,2703,28.2,12.903,26,33.7
2030.5,86,624.0,100.0,100,73,72.5,8,83.5,2608,27.4,12.987,26,30.6
2033.6,86,626.5,100.0,100,73,73.7,8,83.6,2649,28.3,12.960,26,34.1
2036.7,86,628.8,100.0,100,73,74.4,8,84.0,2718,30.1,12.960,26,35.6
2039.8,86,634.2,100.0,100,73,72.9,8,83.9,2711,30.2,12.960,26,35.8
2042.9,86,636.2,100.0,100,73,73.5,8,83.6,2700,30.2,12.929,26,35.3
2046.0,86,640.0,100.0,100,73,72.7,8,82.5,2698,29.8,12.951,26,34.7
2049.1,86,644.0,100.0,100,73,73.4,8,82.7,2694,28.6,12.960,26,34.2
2052.2,86,644.0,100.0,100,75,72.9,8,82.7,2715,29.4,12.960,26,35.1
2055.3,86,648.0,100.0,100,75,72.9,8,82.1,2746,29.3,12.960,26,35.1
2058.4,86,648.0,100.0,100,77,73.4,8,82.2,2767,28.6,12.960,26,34.9
2061.5,86,649.5,100.0,100,77,71.4,8,80.4,2798,27.2,12.960,26,32.7
2064.6,86,652.0,100.0,100,79,70.8,8,80.2,2845,26.9,12.960,26,32.5
2067.7,86,652.0,100.0,100,81,67.9,8,71.7,2488,19.0,12.960,26,27.2
2070.8,86,652.0,100.0,100,82,70.0,8,80.0,2521,22.2,12.923,26,26.6
2073.9,86,652.0,100.0,100,83,69.0,8,78.1,2543,20.7,12.960,26,27.9
2077.0,86,652.0,100.0,100,85,66.7,8,74.0,2573,20.5,12.985,26,26.0
2080.1,86,648.7,100.0,100,85,36.3,8,45.6,2559,10.2,12.960,26,15.9
2083.2,86,644.0,100.0,100,83,25.1,8,31.5,2506,8.1,12.884,27,14.2
2086.3,86,635.8,100.0,101,81,39.5,8,41.6,2457,7.7,12.960,27,11.8
2089.4,86,634.1,100.0,101,81,69.8,8,80.6,2486,21.8,12.960,27,25.7
2092.5,86,636.0,100.0,101,81,72.1,8,82.3,2515,23.2,12.923,27,28.4
2095.6,86,638.5,100.0,100,81,71.9,8,80.6,2775,27.0,12.960,27,32.3
2098.7,86,640.0,100.0,100,81,69.9,8,80.1,2579,23.5,12.960,27,30.1
2101.8,86,640.0,100.0,100,81,70.2,8,81.1,2475,21.4,12.968,27,26.7
2104.9,86,644.0,100.0,100,81,69.7,8,80.2,2559,22.4,13.040,27,27.8
2108.0,86,644.0,100.0,100,82,67.9,8,78.2,2487,20.1,12.941,27,25.1
2111.1,86,644.0,100.0,100,82,66.4,8,75.7,2502,18.0,12.960,27,24.2
2114.2,86,644.0,100.0,100,82,65.0,8,74.5,2535,18.1,12.938,27,23.1
2117.3,86,640.1,100.0,100,83,52.7,8,55.4,2537,10.5,12.960,27,16.5
2120.4,86,640.0,100.0,100,83,35.1,8,39.4,2536,7.8,12.960,27,12.8
2123.5,86,635.3,100.0,100,83,23.9,8,27.2,2507,4.3,12.921,27,9.2
2126.6,86,626.2,100.0,101,83,24.5,8,25.0,2457,1.6,12.958,27,6.5
2129.7,86,620.0,100.0,100,82,62.0,8,67.6,2571,14.0,12.931,27,19.3
2132.8,86,623.1,100.0,100,81,68.6,8,78.3,2605,22.2,12.960,27,28.0
2135.9,86,625.0,100.0,100,81,70.1,8,80.1,2720,24.1,12.907,27,23.4
2139.0,86,624.2,100.0,100,80,43.7,8,46.6,2400,9.4,12.856,27,14.0
2142.1,86,624.0,100.0,100,77,49.1,8,60.2,2360,13.6,12.960,27,18.5
2145.2,86,624.0,100.0,100,76,67.6,8,80.0,2361,20.9,12.960,27,25.4
2148.3,86,628.0,100.0,100,76,72.6,8,81.7,2675,25.6,12.992,27,31.5
2151.4,86,630.7,100.0,100,76,71.4,8,82.1,2652,24.2,12.960,27,28.5
2154.5,86,632.0,100.0,100,77,66.6,8,71.5,2385,11.6,12.960,27,22.1
2157.6,86,632.0,100.0,100,77,57.0,8,66.7,2356,14.6,12.960,27,20.1
2160.7,86,630.1,100.0,100,77,46.1,8,50.9,2348,9.7,12.891,27,14.0
2163.8,86,615.8,100.0,101,75,11.2,8,12.8,2218,0.4,12.880,27,5.0
2166.9,86,598.8,100.0,101,71,12.3,8,13.6,2104,0.0,12.952,27,5.4
2170.0,86,586.8,100.0,101,67,17.3,8,17.2,2007,0.4,12.904,27,6.8
2173.1,86,580.6,100.0,101,65,15.1,8,19.0,1963,2.5,12.897,27,4.5
2176.2,86,580.0,100.0,100,64,43.0,8,52.6,2077,2.3,12.960,27,7.7
2179.3,86,576.4,100.0,100,63,66.2,8,69.3,2106,14.5,12.872,27,23.8
2182.4,86,585.5,100.0,100,66,78.0,8,87.9,2637,34.2,12.960,27,40.8
2185.5,86,593.7,100.0,100,68,73.2,8,84.1,3158,30.5,12.960,27,37.4
2188.6,86,603.1,100.0,100,72,75.3,8,83.5,3491,28.2,12.960,26,35.4
2191.7,86,609.8,100.0,100,76,74.0,8,79.2,3782,24.0,12.960,26,32.5
2194.8,86,616.1,100.0,101,79,71.1,8,74.6,3440,19.0,12.911,26,29.2
2197.9,86,620.0,100.0,100,81,64.6,8,73.3,2464,19.7,12.960,26,25.1
2201.0,86,620.0,100.0,100,81,29.9,8,40.9,2427,12.4,12.904,26,15.0
2204.1,86,605.4,100.0,101,75,11.6,8,12.8,2259,0.4,12.960,26,5.1
2207.2,86,591.5,100.0,101,68,11.6,8,13.0,2043,0.6,12.960,26,4.9
2210.3,86,584.0,100.0,101,66,45.7,8,52.9,2027,11.5,12.960,26,16.3
2213.4,86,584.2,100.0,100,69,65.7,8,75.7,2164,18.0,12.985,26,22.9
2216.5,86,585.3,100.0,101,70,35.5,8,24.1,2115,1.1,12.880,26,7.2
2219.6,86,580.0,100.0,100,69,62.6,8,70.5,2125,14.3,12.880,26,16.4
2222.7,86,576.1,100.0,101,67,28.9,8,45.7,2070,6.2,12.960,26,6.6
2225.8,86,576.0,100.0,100,65,48.9,8,58.4,2003,9.9,12.960,27,14.3
2228.9,86,576.0,100.0,100,65,62.5,8,71.9,2006,16.5,12.960,27,21.5
2232.0,86,579.6,100.0,100,65,54.2,8,66.3,2049,17.9,12.960,27,13.2
2235.1,86,580.0,100.0,100,65,47.1,8,57.9,1984,2.3,12.960,27,8.6
2238.2,86,580.0,100.0,100,65,44.9,8,63.2,1990,11.0,12.878,27,15.3
2241.3,86,580.0,100.0,100,66,28.3,8,30.9,1972,7.3,12.960,27,12.2
2244.4,86,575.5,100.0,101,66,13.7,8,15.6,1944,3.9,12.960,27,7.9
2247.5,86,568.6,100.0,100,65,44.8,8,48.3,1966,7.6,12.960,27,12.9
2250.6,86,568.0,100.0,101,66,31.5,8,36.2,1987,5.2,12.960,27,8.3
2253.7,86,564.0,100.0,101,67,31.9,8,24.7,1996,3.8,12.960,27,8.8
2256.8,86,557.9,100.0,101,66,10.2,8,12.0,1995,0.4,12.960,26,4.3
2259.9,86,548.0,100.0,101,66,49.1,8,63.8,2095,11.1,12.960,27,7.2
2263.0,86,540.4,100.0,101,66,19.0,8,18.6,1999,1.8,12.960,27,7.0
2266.1,86,536.0,100.0,101,64,32.3,8,42.4,1930,9.0,12.960,27,11.6
2269.2,86,540.7,100.0,101,63,60.7,8,66.6,1997,12.7,12.920,27,15.8
2272.3,86,544.0,100.0,101,63,56.6,8,58.4,1941,7.5,12.960,26,15.4
2275.4,86,545.4,100.0,100,64,61.6,8,70.6,1986,15.8,12.843,27,20.2
2278.5,86,551.6,100.0,100,65,68.4,8,77.9,2125,19.9,12.863,27,23.9
2281.6,86,557.8,100.0,100,65,64.8,8,78.7,2211,19.6,12.928,26,22.6
2284.7,86,564.0,100.0,101,64,50.7,8,67.3,1954,14.0,12.893,26,12.3
2287.8,86,566.5,100.0,100,62,64.0,8,74.8,1913,18.6,12.960,26,23.0
2290.9,87,573.3,100.0,100,61,69.1,8,78.0,1927,18.9,12.960,26,23.9
2294.0,87,576.0,100.0,100,60,71.1,8,81.4,2099,21.5,12.960,26,25.5
2297.1,87,582.4,100.0,100,60,64.9,8,72.0,1919,15.1,13.033,26,19.5
2300.2,87,579.8,100.0,101,60,21.9,8,27.2,1780,1.7,12.960,26,9.2
2303.3,87,570.4,100.0,100,58,30.9,8,28.6,1720,1.7,12.960,26,5.9
2306.4,87,573.0,100.0,100,57,63.5,8,71.0,1821,13.1,12.960,27,20.5
2309.5,87,576.0,100.0,100,59,69.6,8,77.3,1984,18.3,12.908,27,23.3
2312.6,87,575.0,100.0,101,59,15.7,8,16.6,1760,0.6,12.960,27,6.8
2315.7,87,569.4,100.0,100,59,50.3,8,61.8,1869,10.6,12.960,27,14.6
2318.8,87,568.3,100.0,101,59,36.6,8,36.6,1798,6.0,12.960,27,9.9
2321.9,87,568.0,100.0,101,60,48.3,8,54.1,1825,10.2,12.960,27,14.1
2325.0,87,568.0,100.0,101,60,43.4,8,50.2,1825,4.8,12.910,27,8.6
2328.1,87,568.0,100.0,101,60,50.9,8,57.5,1894,11.3,12.960,27,14.9
2331.2,87,568.0,100.0,100,61,47.8,8,53.3,1884,9.1,12.960,27,10.1
2334.3,87,568.0,100.0,100,62,43.6,8,49.8,1900,7.7,12.960,27,12.5
2337.4,87,568.0,100.0,100,63,44.6,8,50.2,1930,9.3,12.960,27,13.1
2340.5,87,568.0,100.0,100,63,50.6,8,57.6,1987,11.1,12.960,27,14.5
2343.6,87,572.0,100.0,100,65,52.5,8,59.1,2000,11.4,12.960,27,15.8
2346.7,87,572.0,100.0,100,66,52.5,8,58.7,2000,10.0,12.960,27,13.7
2349.8,87,572.0,100.0,100,66,49.9,8,56.7,2004,10.2,12.960,27,14.6
2352.9,87,572.0,100.0,100,67,49.0,8,51.3,2033,9.2,12.924,27,14.6
2356.0,87,572.0,100.0,100,67,46.5,8,50.7,2056,9.9,12.960,27,14.1
2359.1,87,572.0,100.0,101,67,22.7,8,37.4,2048,8.2,13.013,27,8.1
2362.2,87,568.1,100.0,101,67,30.4,8,33.9,2075,6.2,12.960,27,10.2
2365.3,87,563.2,100.0,101,67,15.9,8,14.3,2007,0.4,12.883,27,5.0
2368.4,87,551.4,100.0,101,65,11.8,8,14.2,1947,0.8,12.960,27,5.6
2371.5,86,551.0,100.0,100,65,43.9,8,50.6,2119,9.5,12.954,27,13.9
2374.6,86,552.0,100.0,100,65,54.5,8,65.7,2075,13.2,13.007,27,16.2
2377.7,86,556.0,100.0,100,67,64.3,8,72.1,2071,15.9,12.992,27,19.8
2380.8,86,560.0,100.0,100,67,57.2,8,64.1,2059,8.5,12.960,27,12.9
2383.9,86,555.2,100.0,101,66,13.5,8,21.8,1974,2.0,13.008,27,5.8
2387.0,86,552.0,100.0,101,64,32.0,8,34.2,1931,5.2,12.966,27,10.0
2390.1,86,550.2,100.0,101,63,39.8,8,30.3,1891,3.3,12.989,27,9.4
2393.2,86,538.1,100.0,101,60,11.0,8,12.9,1833,0.4,12.960,27,4.4
2396.3,86,525.6,100.0,101,58,10.2,8,11.5,1768,0.4,12.960,27,3.7
2399.4,86,512.8,100.0,101,51,10.3,8,12.1,1561,0.4,12.978,27,3.5
2402.5,86,504.9,100.0,101,42,12.0,8,14.5,1303,0.4,12.981,27,3.5
2405.6,86,492.8,100.0,101,30,16.0,8,19.0,1262,0.4,12.960,27,3.7
2408.7,86,482.3,100.0,101,20,20.7,8,31.7,1056,0.4,12.960,27,5.2
2411.8,86,476.2,100.0,101,7,26.4,8,34.0,960,0.4,12.984,27,4.6
2414.9,86,468.2,100.0,101,0,21.8,8,28.5,735,0.4,13.066,27,3.5
2418.0,86,460.0,100.0,101,0,20.6,8,26.9,643,0.4,12.800,27,3.0
2421.1,86,459.5,100.0,101,0,20.4,8,26.7,606,0.4,12.849,28,2.7
2424.2,86,445.6,100.0,101,0,21.9,8,28.8,609,0.4,12.641,28,2.7
2427.3,86,434.9,100.0,101,0,28.3,8,36.4,660,0.4,12.831,28,4.2
2430.4,86,426.1,100.0,101,1,30.5,8,38.1,828,0.4,13.040,28,6.2
2433.5,87,423.0,100.0,101,2,30.6,8,35.8,879,0.4,12.990,28,5.3
2436.6,87,416.7,100.0,101,0,23.9,8,31.1,800,0.4,12.834,28,3.9
2439.7,87,406.9,100.0,101,0,24.1,8,31.0,694,0.4,12.960,28,3.8
2442.8,88,400.4,100.0,101,0,21.7,8,28.0,631,0.4,12.900,28,2.8
2445.9,88,391.9,100.0,101,0,31.0,8,40.9,678,0.4,12.960,29,4.3
2449.0,88,382.8,100.0,101,0,31.5,8,41.5,735,0.4,12.880,29,4.7
2452.1,88,376.0,100.0,101,0,30.6,8,38.7,793,0.4,12.880,29,4.7
2455.2,88,368.0,100.0,101,0,21.1,8,28.6,774,0.4,12.968,29,3.4
2458.3,88,361.6,100.0,101,3,35.6,8,39.8,1082,8.8,12.950,29,11.2
2461.4,88,369.3,100.0,100,13,60.8,8,69.2,1797,15.1,12.924,30,18.5
2464.5,88,384.1,100.0,100,21,69.4,8,79.3,1780,18.5,12.817,30,22.9
2467.6,88,399.5,100.0,100,27,61.5,8,69.6,1674,12.2,12.960,30,16.1
2470.7,88,411.6,100.0,101,31,24.2,8,24.9,1363,0.4,12.960,30,5.4
2473.8,88,401.9,100.0,101,29,17.6,8,20.9,1190,0.4,12.808,29,4.3
2476.9,88,395.6,100.0,101,26,15.3,8,18.4,1212,0.4,12.960,29,3.8
2480.0,88,385.9,100.0,101,24,14.1,8,16.5,1183,0.4,12.960,29,3.5
2483.1,88,379.5,100.0,101,16,14.1,8,18.9,1123,0.2,12.960,29,4.0
2486.2,88,376.0,100.0,101,10,21.9,8,27.3,1017,0.1,12.973,29,5.5
2489.3,88,372.0,100.0,101,7,21.0,8,27.1,1023,0.4,12.984,29,4.5
2492.4,87,368.2,100.0,101,10,16.6,8,20.4,1431,3.7,12.960,29,10.2
2495.5,87,368.0,100.0,101,12,14.1,8,15.8,1291,0.4,12.960,30,3.9
2498.6,86,364.0,100.0,101,11,18.5,8,23.3,1225,3.1,12.899,30,5.0
2501.7,86,366.7,100.0,101,15,27.0,8,26.8,1550,7.7,12.960,30,11.9
2504.8,86,372.0,100.0,101,19,39.0,8,44.8,1459,5.3,12.960,30,8.9
2507.9,86,375.8,100.0,101,21,41.5,8,48.7,1287,5.4,13.017,30,9.6
2511.0,86,380.0,100.0,101,21,29.2,8,29.7,1277,0.8,12.960,30,5.5
2514.1,86,380.0,100.0,101,19,31.8,8,27.4,1451,0.4,12.933,30,5.9
2517.2,86,377.5,100.0,101,20,15.7,8,17.3,1216,0.6,12.960,30,3.6
2520.3,86,377.1,100.0,101,21,39.7,8,44.9,1603,6.5,12.960,30,9.2
2523.4,86,387.0,100.0,101,25,55.0,8,64.3,1390,8.5,12.955,30,13.2
2526.5,86,400.9,100.0,101,29,60.4,8,69.8,1455,9.5,12.955,30,12.9
2529.6,87,415.2,100.0,101,33,59.0,8,68.8,1507,10.3,12.942,30,15.3
2532.7,87,427.4,100.0,101,35,57.2,8,67.0,1476,10.6,12.945,30,14.5
2535.8,87,440.3,100.0,101,38,55.8,8,64.0,1483,9.2,12.925,30,13.3
2538.9,87,450.2,100.0,101,41,57.7,8,67.5,1485,11.9,12.939,30,14.8
2542.0,87,457.5,100.0,101,43,51.4,8,60.6,1325,8.9,12.916,30,11.9
2545.1,87,463.2,100.0,101,43,52.5,8,60.4,1387,7.9,12.960,30,12.5
2548.2,87,468.0,100.0,101,45,32.7,8,39.6,1342,4.3,12.903,29,8.7
2551.3,87,468.0,100.0,101,45,30.0,8,35.0,1343,3.5,12.960,29,7.5
2554.4,87,468.0,100.0,101,45,29.5,8,34.7,1337,3.9,12.960,29,7.1
2557.5,87,468.0,100.0,101,45,33.5,8,38.8,1363,4.9,12.960,29,7.9
2560.6,87,472.0,100.0,101,45,30.5,8,35.7,1349,4.3,12.888,29,7.2
2563.7,87,471.6,100.0,101,44,19.3,8,24.0,1320,1.9,12.960,29,6.7
2566.8,87,468.0,100.0,101,43,32.2,8,39.7,1298,3.5,12.960,29,7.9
2569.9,87,468.7,100.0,101,42,38.2,8,44.8,1387,5.3,13.006,29,8.9
2573.0,87,472.0,100.0,101,42,42.4,8,48.7,1400,7.1,12.960,29,10.2
2576.1,87,476.0,100.0,101,42,41.3,8,47.9,1389,6.8,13.016,29,9.6
2579.2,87,476.0,100.0,101,41,30.2,8,34.1,1255,3.7,12.960,29,6.7
2582.3,87,476.0,100.0,101,41,32.1,8,37.9,1273,4.0,12.960,29,8.5
2585.4,87,475.4,100.0,101,39,29.0,8,34.8,1191,1.1,13.003,29,5.9
2588.5,87,467.2,100.0,101,36,20.5,8,25.9,1235,0.4,12.964,29,4.8
2591.6,87,453.6,100.0,101,26,18.6,8,22.7,1258,0.4,12.983,29,4.5
2594.7,87,448.2,100.0,101,24,37.8,8,42.3,1256,4.3,12.837,29,7.6
2597.8,87,454.3,100.0,101,27,54.9,8,65.8,1430,8.6,13.040,29,11.8
2600.9,87,464.0,100.0,101,31,51.2,8,61.2,1354,6.4,12.934,28,9.3
2604.0,87,464.0,100.0,101,31,22.7,8,26.0,1161,0.4,12.960,28,5.5
2607.1,87,460.0,100.0,101,31,21.6,8,26.7,1268,0.4,12.905,28,5.3
2610.2,87,459.7,100.0,101,26,16.9,8,19.6,1271,0.4,12.960,28,4.3
2613.3,87,456.0,100.0,101,17,16.5,8,19.7,1093,0.4,13.016,28,4.0
2616.4,87,448.0,100.0,101,9,15.7,8,20.1,1328,5.9,12.960,28,7.6
2619.5,87,450.8,100.0,101,14,58.2,8,66.2,1872,14.3,13.018,28,17.5
2622.6,87,457.5,100.0,101,20,67.4,8,76.1,1668,16.1,12.912,28,19.6
2625.7,87,470.9,100.0,101,24,68.4,8,78.0,1664,16.1,12.960,28,20.4
2628.8,87,484.2,100.0,101,28,65.9,8,77.0,1633,19.9,13.033,28,19.1
2631.9,87,492.6,100.0,101,31,35.3,8,49.0,1434,8.9,12.960,28,12.4
2635.0,87,493.3,100.0,101,32,23.1,8,28.2,1213,1.8,12.960,28,5.4
2638.1,87,486.8,100.0,101,31,13.3,8,16.6,1185,0.4,12.960,28,3.5
2641.2,87,477.1,100.0,101,23,14.7,8,19.0,1111,0.7,13.022,28,3.6
2644.3,87,470.4,100.0,101,14,20.7,8,24.4,1287,0.6,12.960,28,5.1
2647.4,87,464.3,100.0,101,13,28.2,8,28.2,1231,0.6,12.960,28,6.4
2650.5,87,457.8,100.0,101,11,14.4,8,18.2,952,0.4,12.960,28,3.7
2653.6,87,451.6,100.0,101,4,16.6,8,22.0,667,0.4,12.765,28,2.5
2656.7,87,445.4,100.0,101,1,21.2,8,27.7,603,0.8,12.873,28,2.7
2659.8,87,435.0,100.0,101,0,25.1,8,34.5,646,0.5,12.929,28,3.4
2662.9,87,426.0,100.0,101,0,23.6,8,30.8,741,0.4,13.200,28,3.5
2666.0,87,419.2,100.0,101,0,23.6,8,30.3,740,0.4,13.341,28,3.2
2669.1,87,413.1,100.0,101,0,7.3,8,11.3,252,9.5,12.870,28,0.2
2672.2,87,408.0,100.0,101,0,0.0,8,0.0,0,21.0,12.756,29,6.3
2675.3,87,408.0,100.0,101,0,0.0,8,0.0,0,1.6,12.720,29,6.3
2678.4,87,407.9,100.0,101,0,0.0,8,0.0,0,1.6,12.720,29,6.3
2681.5,87,408.0,100.0,101,0,1.6,12.723,29,6.3
2684.6,87,407.4,100.0,101,0,1.6,12.721,29,6.3
2687.7,87,407.8,100.0,101,0,1.6,12.720,29,6.3
2690.8,87,408.0,100.0,101,0,29,6.3
