BlueDriver Data Log
Dec 20, 2018 6:10:34 AM
Time (s),Accelerator Pedal Position E (%),Mass Air Flow Rate (g/s),Intake Air Temperature (°C),O2 Bank 1 - Sensor 2 - Oxygen Sensor Voltage (V),Absolute Throttle Position B (%),Fuel Level Input (%),Ambient Air Temperature (°C),Calculated Engine Load Value (%),Absolute Throttle Position (%),Engine Coolant Temperature (°C),Catalyst Temperature Bank 1 - Sensor 1 (°C),Absolute Load Value (%),Long Term Fuel Trim Bank 1 (%),Commanded Throttle Actuator (%),Wide Range O2S: Bank 1 - Sensor 1 - Equivalence Ratio (λ),Short Term Fuel Trim Bank 1 (%),Relative Throttle Position (%),Commanded Evaporative Purge (%),Evap. System Vapor Pressure (Pa),Barometric Pressure (kPa),Vehicle Speed (km/h),Wide Range O2S: Bank 1 - Sensor 1 - Voltage (V),Timing Advance for #1 cylinder (°),Commanded Equivalence Ratio (λ),O2 Bank 1 - Sensor 2 - Short Term Fuel Trim (%),Engine RPM (rpm),Accelerator Pedal Position D (%),Control Module Voltage (V)
0.0,,,,,,,,,,,,,,,,,,,,,,,,,,,,
17.2,0.0,4.63,9,0.275,5.4,59.7,8,40.1,5.4,19,0.0,32.3,-9.4,5.9,0.997,11.2,0.4,0.0,0.0,102,1,2.186,8.7,0.999,99.2,939,0.0,13.587
34.4,0.0,5.18,9,0.275,5.9,59.6,8,38.7,5.9,22,0.0,29.7,-4.8,5.9,0.994,7.3,0.4,0.0,0.0,102,4,2.141,5.2,0.999,99.2,932,0.0,13.337
51.6,17.2,25.64,8,0.280,20.5,59.6,8,67.6,21.0,26,0.0,57.3,-0.0,19.5,0.994,2.2,13.9,0.0,0.0,102,47,2.175,25.5,0.996,99.2,2561,16.3,13.760
68.8,12.0,14.37,8,0.299,13.6,60.3,7,62.2,12.1,34,0.0,47.2,-3.1,12.7,1.003,-0.5,7.2,0.0,0.0,102,45,2.006,22.7,0.996,99.2,1750,12.0,13.766
86.0,14.1,14.99,7,0.443,14.0,60.0,7,70.7,15.1,38,28.8,62.7,-2.4,15.3,0.998,2.8,10.4,0.0,0.0,102,59,2.205,14.4,0.996,99.2,1534,14.3,13.760
103.2,9.7,10.01,7,0.813,11.6,60.4,7,59.0,13.3,42,166.5,56.9,-3.1,13.8,1.009,-2.7,2.5,4.6,2.3,102,64,2.187,23.3,0.990,99.2,1246,6.6,12.979
120.4,0.0,5.00,7,0.713,5.5,61.9,7,27.0,5.5,45,225.7,22.7,-3.1,5.5,1.009,2.9,0.4,0.1,0.0,102,41,2.173,12.7,0.997,99.2,1310,0.0,13.040
137.6,15.1,15.94,7,0.711,16.9,61.8,7,76.3,14.3,48,311.1,54.1,-2.1,14.6,1.006,0.3,10.7,87.4,11.0,101,54,2.213,11.3,0.991,99.2,1616,15.5,13.040
154.8,0.0,5.32,7,0.080,6.1,61.7,7,31.9,6.6,51,360.0,28.9,-3.1,6.6,1.924,0.0,0.3,0.0,0.0,102,54,3.687,-7.2,0.000,99.2,1206,0.8,13.040
172.0,17.1,20.22,7,0.805,19.4,59.9,7,81.0,25.0,53,427.3,76.3,-0.8,28.2,1.004,2.7,24.2,90.7,4.1,101,61,2.200,13.8,0.993,99.2,1947,19.3,12.995
189.2,23.0,26.79,6,0.769,30.0,59.2,6,85.2,29.8,57,500.2,75.3,-0.8,29.9,0.999,2.6,25.8,89.4,0.0,101,76,2.188,9.7,1.000,99.2,2202,23.2,12.927
206.4,24.7,24.69,6,0.731,31.3,58.9,6,85.0,27.1,62,560.0,63.0,-1.7,22.3,1.000,0.2,21.8,91.1,3.0,101,82,2.193,10.2,0.992,99.2,2000,24.6,13.040
223.6,25.9,28.86,5,0.720,37.1,58.0,5,88.8,36.9,66,585.2,78.1,-0.8,36.7,0.995,0.4,32.3,88.0,1.0,101,85,2.193,11.5,0.999,99.2,2335,26.3,13.040
240.8,23.9,26.45,5,0.718,29.4,58.5,5,84.2,30.7,69,596.0,70.6,-0.4,27.5,0.998,1.2,24.2,47.5,2.3,101,90,2.200,11.1,1.003,99.2,2103,24.1,13.000
258.0,22.7,25.82,5,0.715,29.8,59.0,4,84.2,29.8,71,598.4,75.2,0.8,31.0,0.992,0.2,26.8,18.0,18.1,101,90,2.186,12.1,0.994,99.2,2223,22.7,13.030
275.2,13.8,15.83,5,0.732,13.9,58.0,3,51.1,10.2,75,591.0,44.4,-0.5,12.2,1.124,1.4,9.5,91.2,1.8,99,96,2.180,22.3,0.997,99.2,1827,13.8,14.313
292.4,22.5,25.54,5,0.827,29.1,58.2,3,81.7,25.4,75,567.2,59.6,0.1,8.4,0.985,-1.6,1.3,0.0,0.0,101,108,3.058,26.1,0.971,99.2,2043,21.8,14.425
309.6,24.1,30.38,3,0.711,32.0,58.3,3,83.1,31.9,74,576.5,73.1,0.8,31.3,1.000,-3.1,26.5,89.3,1.6,101,112,2.198,16.0,0.999,99.2,2515,24.1,14.495
326.8,25.0,30.65,3,0.716,34.3,56.7,3,84.6,34.0,75,592.3,73.8,0.8,33.6,1.001,-0.9,28.1,82.7,0.3,101,112,2.178,15.6,0.999,99.2,2508,25.2,14.480
344.0,24.6,32.90,3,0.705,33.3,56.0,3,85.1,33.3,78,603.6,75.5,0.8,32.7,0.998,-1.0,27.4,87.5,3.9,101,116,2.189,14.7,1.000,99.2,2700,24.9,14.385
361.2,22.8,29.25,2,0.702,29.1,56.5,2,85.1,29.0,81,604.0,75.3,0.8,28.4,0.995,-1.6,23.9,88.9,0.0,100,116,2.191,12.2,1.005,99.2,2423,23.1,14.484
378.4,22.4,27.83,2,0.714,27.8,56.5,2,85.6,27.3,82,600.0,74.1,0.8,26.9,1.000,-0.8,23.1,89.7,0.0,100,112,2.194,11.9,0.996,99.2,2309,22.4,14.457
395.6,25.3,30.50,2,0.705,33.6,56.4,2,86.0,32.4,84,600.0,75.2,0.8,31.7,1.005,-0.4,26.5,89.1,0.8,100,112,2.178,12.2,1.007,99.2,2468,24.9,14.480
412.8,17.2,22.03,2,0.705,28.1,55.8,2,84.1,30.9,86,605.8,76.8,0.8,34.5,0.998,-1.3,30.8,87.7,0.0,101,115,2.203,16.4,1.006,99.2,2216,13.2,14.556
430.0,27.0,32.93,2,0.707,37.5,58.3,1,87.1,37.6,86,608.0,77.6,0.8,37.7,0.999,-1.3,29.9,87.7,10.6,100,112,2.193,13.6,1.000,99.2,2637,27.1,14.480
447.2,22.5,31.02,2,0.704,28.6,57.6,1,79.5,29.9,86,612.0,71.6,0.8,30.8,0.998,-1.8,25.6,88.0,0.9,100,114,2.182,16.3,1.009,99.2,2851,22.8,14.472
464.4,26.5,34.13,3,0.688,36.8,57.3,1,85.8,36.4,86,612.0,76.6,0.8,37.1,0.997,-1.4,32.4,86.4,0.4,100,112,2.186,15.0,1.007,99.2,2782,26.7,14.400
481.6,8.3,11.48,3,0.780,14.1,56.9,1,48.8,18.8,86,613.4,64.3,0.6,22.4,1.008,0.6,15.3,0.0,0.2,101,116,2.132,28.4,1.002,99.2,2241,6.6,14.532
498.8,25.1,32.30,3,0.705,34.2,56.7,1,86.1,34.5,86,608.0,75.3,0.8,33.3,1.013,-1.6,28.2,87.5,1.8,100,116,2.187,14.1,0.996,99.2,2669,24.8,14.453
516.0,23.0,29.46,3,0.695,30.6,56.1,1,84.5,31.7,86,612.0,74.3,0.8,32.4,1.001,-1.6,27.6,88.1,1.9,100,112,2.200,13.9,1.000,99.2,2481,22.5,14.480
533.2,19.1,24.00,3,0.688,22.7,56.4,1,78.7,23.8,86,608.0,71.5,0.8,26.2,0.999,0.6,22.1,89.9,0.0,100,114,2.184,14.4,1.008,99.2,2386,19.3,14.480
550.4,21.7,27.98,3,0.706,26.0,55.7,1,83.9,27.1,86,604.0,72.9,0.8,27.4,0.997,-1.8,22.3,88.9,1.5,100,120,2.196,15.0,0.994,99.2,2396,21.9,14.497
567.6,19.3,24.29,3,0.675,23.6,55.9,1,81.4,28.8,86,600.2,74.5,0.8,28.5,1.003,-1.6,23.5,88.9,4.6,100,112,2.189,17.1,0.996,99.2,2246,19.5,14.502
584.8,24.1,31.23,2,0.717,32.0,55.4,1,84.8,31.9,87,592.1,74.5,0.8,31.8,1.000,-1.6,27.1,87.7,0.8,100,82,2.186,13.3,0.998,99.2,2620,24.9,14.522
602.0,22.7,28.54,2,0.705,28.7,55.7,1,86.9,30.3,87,598.9,74.7,0.8,30.9,1.000,-1.3,26.7,88.2,3.6,100,116,2.178,13.7,1.002,99.2,2614,25.4,14.484
619.2,21.5,27.71,2,0.703,26.7,56.1,1,84.3,26.7,87,600.0,73.3,0.8,26.5,0.998,-1.7,21.9,89.4,0.0,99,116,2.185,13.2,1.000,99.2,2413,21.7,14.480
636.4,25.9,32.53,2,0.706,35.5,55.7,1,87.3,36.1,87,605.4,75.8,0.8,35.5,1.007,-1.4,30.3,86.8,0.0,100,114,2.170,13.5,1.000,99.2,2662,25.9,14.480
653.6,24.8,33.67,2,0.709,33.7,56.1,1,85.5,33.7,87,608.0,75.0,0.8,33.6,1.003,-2.2,28.6,86.7,0.0,100,122,2.167,14.5,1.000,99.2,2790,24.9,14.480
670.8,28.3,35.96,2,0.705,40.0,55.9,1,88.0,40.4,87,612.0,77.7,0.8,40.3,0.999,-1.6,34.6,86.3,0.0,100,122,2.195,14.9,0.997,99.2,2815,28.7,14.480
688.0,24.7,32.38,2,0.708,33.7,55.7,1,84.7,34.3,87,616.0,74.4,0.8,28.7,1.015,-0.8,27.5,89.4,13.3,99,124,2.176,13.8,1.001,99.2,2573,24.3,14.480
705.2,15.8,18.89,3,0.407,18.6,55.7,1,49.8,15.0,87,595.4,42.7,0.0,14.5,0.980,2.3,10.9,90.5,58.6,98,115,2.202,23.7,1.009,99.2,2161,11.3,14.400
722.4,10.2,14.01,3,0.703,12.1,55.9,1,39.7,12.6,87,579.0,49.3,0.2,15.3,0.998,-0.8,12.7,94.8,48.9,99,106,2.146,14.4,1.011,99.2,2200,18.7,14.521
739.6,13.1,13.88,5,0.566,15.3,57.3,1,77.5,25.3,87,556.0,75.3,0.8,28.0,1.025,-2.3,25.4,89.3,6.9,99,104,2.159,19.5,0.987,99.2,1942,12.2,14.468
756.8,15.6,16.52,5,0.691,17.7,56.1,1,77.3,22.0,87,560.0,72.3,0.8,24.7,1.008,-1.4,21.2,71.5,23.0,99,101,2.186,22.3,0.993,99.2,1882,14.0,14.433
774.0,24.0,29.26,5,0.714,31.2,55.7,1,86.7,31.9,87,579.3,75.0,0.8,31.3,1.004,-0.3,26.7,88.8,3.3,99,100,2.170,11.7,1.003,99.2,2452,25.1,14.480
791.2,23.8,28.06,5,0.724,30.2,55.0,1,87.9,30.0,87,590.2,74.5,0.8,30.0,0.996,0.6,25.1,89.2,2.3,99,98,2.179,12.1,1.002,99.2,2341,23.9,14.473
808.4,21.7,26.11,5,0.718,28.2,55.1,1,84.0,26.2,87,604.0,71.0,0.8,25.8,1.003,0.0,22.1,91.0,0.0,99,103,2.201,14.8,0.995,99.2,2185,21.3,14.542
825.6,19.0,22.55,5,0.595,24.0,55.5,1,80.7,23.5,87,588.0,38.2,0.3,17.2,0.958,-2.6,15.2,17.6,0.4,99,106,2.213,14.0,1.008,99.2,2029,19.4,14.480
842.8,21.7,25.13,5,0.708,27.2,54.3,1,83.4,26.9,87,584.0,70.3,0.8,24.6,1.005,0.9,20.4,90.4,9.0,98,102,2.190,15.3,1.001,99.2,2079,20.1,14.418
860.0,19.6,22.89,6,0.735,24.5,53.7,1,82.6,25.1,87,576.0,67.4,0.0,16.2,1.004,0.8,16.6,37.9,0.0,99,108,2.179,15.5,1.012,99.2,2051,18.1,14.400
877.2,19.4,22.75,6,0.826,21.1,54.0,1,73.3,24.5,87,564.0,72.5,0.8,27.0,1.018,-0.8,21.2,81.9,15.2,98,102,2.133,21.6,0.960,99.2,2027,18.4,14.432
894.4,20.5,24.92,6,0.704,29.8,53.7,1,86.6,31.2,87,576.1,71.4,0.8,26.3,1.010,-0.1,22.6,90.9,0.0,98,102,2.189,13.4,0.997,99.2,2344,22.9,14.436
911.6,26.2,29.92,7,0.706,33.8,52.5,1,86.0,30.8,87,592.0,66.2,0.8,26.4,0.997,-2.9,26.0,89.4,0.0,98,102,2.203,11.2,0.996,99.2,2435,26.6,14.400
928.8,27.3,33.72,7,0.711,37.4,52.5,1,86.0,37.5,87,607.6,73.2,0.8,35.2,0.998,-0.2,28.3,87.4,10.8,98,104,2.187,18.2,0.999,99.2,2773,26.8,14.480
946.0,24.1,26.96,8,0.716,32.1,52.2,1,88.6,32.6,87,612.0,75.0,0.8,34.4,1.005,-1.3,31.0,55.4,3.2,98,101,2.180,15.1,0.996,99.2,2263,20.5,14.425
963.2,14.8,16.55,9,0.636,12.7,52.2,1,38.4,12.1,87,604.8,46.4,0.2,18.1,1.007,-0.1,16.6,45.1,2.4,98,100,2.188,16.9,0.995,99.2,2116,17.7,14.480
980.4,0.0,4.25,9,0.000,5.1,55.2,1,14.0,4.9,86,530.5,12.6,-2.3,5.3,1.999,0.0,0.6,0.0,0.0,98,102,3.682,-10.3,0.000,99.2,1920,0.0,14.552
997.6,0.0,4.47,10,0.000,5.1,57.7,1,12.9,5.1,85,449.2,11.0,-2.3,5.1,1.999,0.0,0.4,0.0,0.0,99,104,3.738,-9.5,0.000,99.2,2238,0.0,14.489
1014.8,0.0,4.62,10,0.000,5.1,57.5,1,12.9,5.1,84,377.0,11.0,-2.3,5.1,1.999,0.0,0.4,0.0,0.0,99,98,3.593,-9.0,0.000,99.2,2278,0.0,14.480
1032.0,0.0,4.46,10,0.000,5.1,57.6,1,12.9,5.1,83,317.5,11.0,-2.3,5.1,1.999,0.0,0.4,0.0,0.0,100,94,3.571,-9.5,0.000,99.2,2221,0.0,14.480
1049.2,0.0,4.52,10,0.000,5.1,57.6,1,12.9,5.1,83,266.4,11.0,-2.3,5.1,1.999,0.0,0.4,0.0,0.1,100,96,3.694,-9.5,0.000,99.2,2249,0.0,14.480
1066.4,2.8,4.41,10,0.319,4.7,57.6,1,14.5,4.6,82,228.3,10.2,-2.3,4.4,1.272,5.4,1.4,8.1,47.1,100,98,2.113,35.1,0.884,99.2,1852,4.7,14.400
1083.6,11.6,12.55,9,0.747,11.1,57.3,1,46.7,11.0,81,277.7,42.1,0.0,11.8,1.006,-2.1,7.8,73.6,393.8,99,101,2.203,27.8,0.998,99.2,1910,11.7,14.507
1100.8,0.0,3.41,8,0.000,4.3,56.9,1,11.8,4.3,83,303.3,10.2,-2.3,4.0,1.999,0.0,0.4,0.0,1.3,101,98,3.620,-12.5,0.000,99.2,1837,0.0,14.448
1118.0,0.3,3.84,8,0.764,5.1,55.7,1,22.5,5.1,83,316.0,10.9,-2.3,4.3,1.481,0.0,1.5,3.2,17.8,101,95,2.126,38.3,0.989,99.2,1794,8.5,14.560
1135.2,14.1,16.35,7,0.712,14.4,54.6,1,58.5,13.8,84,354.8,41.5,0.0,11.9,0.975,-0.7,8.7,18.1,1627.4,101,102,2.201,19.4,0.993,99.2,1960,14.1,14.462
1152.4,6.6,7.00,7,0.890,7.1,54.7,1,26.8,7.2,86,374.4,17.6,-1.5,4.4,1.726,0.4,0.7,0.0,21.4,101,96,2.116,30.7,0.884,99.2,1809,7.4,14.560
1169.6,4.8,7.10,7,0.436,8.0,55.7,1,34.3,5.5,86,345.2,11.5,-2.3,3.9,1.175,0.0,0.8,0.0,0.0,101,94,3.470,-9.1,0.140,99.2,1774,2.6,14.421
1186.8,8.2,10.24,7,0.552,7.9,55.3,1,34.9,6.2,85,363.7,14.7,-2.1,5.0,1.085,0.4,2.8,21.6,3.2,101,87,3.049,-1.0,0.415,99.2,1591,6.2,14.520
1204.0,9.4,8.47,7,0.842,6.1,54.1,1,25.5,5.8,85,362.6,17.9,-1.9,4.4,0.995,2.5,1.5,32.2,44.4,101,89,2.028,24.8,0.662,99.2,1672,8.0,14.468
1221.2,16.6,21.75,8,0.770,19.3,52.5,1,72.3,16.5,85,395.8,46.0,0.4,12.7,0.976,0.9,9.8,54.4,0.0,101,110,2.516,10.5,0.797,99.2,2184,15.0,14.411
1238.4,19.0,24.58,8,0.721,22.6,53.7,1,78.2,22.7,86,430.5,68.5,0.8,23.0,0.989,-0.2,19.0,91.5,1.6,101,116,2.175,16.5,1.001,99.2,2305,19.4,14.480
1255.6,24.1,32.87,9,0.691,32.7,53.4,1,84.0,32.4,86,494.8,75.3,0.8,31.7,1.006,-2.7,26.8,87.8,1.4,101,125,2.192,14.5,0.995,99.2,2747,24.2,14.480
1272.8,25.4,32.31,9,0.704,34.4,54.1,1,85.2,34.1,86,543.6,75.8,0.8,34.3,1.002,-1.1,29.3,87.9,1.1,101,114,2.192,13.5,1.000,99.2,2662,25.9,14.400
1290.0,23.6,31.26,10,0.715,29.9,53.8,1,84.1,29.4,86,112.2,75.3,0.8,33.2,1.000,-0.5,28.4,87.9,0.6,101,117,2.193,13.5,0.999,99.2,2682,25.0,14.480
1307.2,23.9,33.09,11,0.705,31.8,53.7,1,82.1,31.7,86,577.9,73.1,0.8,31.4,1.001,-1.7,25.9,88.0,0.0,101,131,2.175,16.9,1.001,99.2,2811,23.9,14.480
1324.4,23.1,32.49,11,0.719,31.0,53.7,1,80.0,31.0,86,590.8,71.9,0.8,31.0,0.997,-1.2,25.3,88.0,0.0,101,138,2.184,16.8,1.003,99.2,2815,23.5,14.468
1341.6,21.9,28.78,11,0.700,27.4,52.5,1,81.9,27.7,86,596.0,71.8,0.8,27.4,0.995,-1.3,22.8,89.4,0.9,101,130,2.197,15.6,1.000,99.2,2538,22.4,14.480
1358.8,22.0,29.06,11,0.708,28.0,53.1,1,81.4,28.0,86,600.0,71.6,0.8,28.0,1.000,-1.7,22.8,89.8,5.6,101,132,2.185,17.0,0.998,99.2,2569,22.0,14.480
1376.0,22.4,29.55,11,0.707,28.9,53.3,1,81.2,28.8,86,600.0,72.2,0.8,28.6,1.000,-0.8,23.5,89.4,0.9,101,130,2.197,16.5,0.999,99.2,2625,22.7,14.480
1393.2,22.3,29.42,11,0.705,28.4,53.3,1,80.9,28.6,86,604.0,72.6,0.8,28.6,1.003,-1.6,23.6,88.6,27.4,101,128,2.184,16.1,0.995,99.2,2574,22.4,14.406
1410.4,23.1,31.07,12,0.712,30.6,53.3,1,82.2,30.6,86,604.0,72.6,0.8,30.2,0.998,-1.4,25.1,88.2,0.7,101,126,2.178,16.0,0.998,99.2,2675,23.5,14.486
1427.6,18.8,25.44,12,0.687,22.8,53.3,1,76.6,23.1,86,602.4,63.2,0.8,21.4,1.000,-2.1,16.7,61.4,37.4,101,128,2.205,19.8,1.001,99.2,2426,18.1,14.480
1444.8,22.0,28.71,12,0.689,27.8,53.0,1,81.7,27.8,86,600.0,72.2,0.8,27.8,0.999,-1.6,22.7,88.6,5.4,101,126,2.195,15.9,0.995,99.2,2512,22.4,14.472
1462.0,21.2,26.59,12,0.704,26.2,52.2,1,81.2,25.9,86,600.0,71.8,0.8,26.1,0.999,-0.3,21.5,89.7,2.4,101,124,2.173,14.4,1.002,99.2,2363,21.2,14.404
1479.2,22.3,28.81,12,0.693,28.3,52.3,1,82.7,28.3,86,600.0,71.9,0.8,26.8,0.996,-0.8,21.5,81.4,0.0,101,126,2.189,15.1,1.002,99.2,2435,21.7,14.400
1496.4,22.2,29.07,12,0.700,28.8,51.2,1,82.4,28.7,86,604.0,73.1,0.8,28.3,0.999,-1.6,22.9,88.6,5.9,101,122,2.185,14.9,0.999,99.2,2512,22.6,14.422
1513.6,21.7,29.48,12,0.710,28.5,51.4,1,80.9,27.3,86,607.0,70.0,0.8,24.9,0.995,-1.7,20.5,89.8,1.7,101,128,2.176,16.0,1.003,99.2,2500,21.5,14.499
1530.8,16.5,22.13,12,0.708,19.6,51.8,1,67.4,20.7,86,595.5,62.2,0.9,20.1,1.000,-0.8,3.1,7.7,0.0,101,130,2.034,26.7,1.009,99.2,2450,15.9,14.528
1548.0,22.4,29.83,12,0.705,29.0,51.4,1,82.6,29.1,86,592.3,73.6,0.8,29.0,1.010,-1.5,23.9,88.3,1.4,101,122,2.194,14.9,1.000,99.2,2558,22.7,14.421
1565.2,20.9,27.52,13,0.705,26.5,51.5,1,81.3,27.0,86,596.0,71.2,0.8,25.9,0.991,-1.6,21.1,83.9,16.1,101,126,2.191,17.7,0.999,99.2,2436,20.8,14.480
1582.4,19.8,25.99,14,0.698,24.3,51.5,1,79.0,24.4,86,596.0,69.2,0.8,23.9,1.003,-2.2,19.2,82.7,0.6,101,126,2.204,24.1,1.003,99.2,2387,19.3,14.480
1599.6,23.0,32.09,11,0.699,30.5,51.5,1,79.7,30.2,86,599.7,72.2,0.8,29.8,0.999,-1.6,24.7,88.4,5.5,101,132,2.195,17.0,0.999,99.2,2759,23.1,14.480
1616.8,22.1,28.83,14,0.676,28.6,51.8,1,81.5,28.1,86,600.0,72.5,0.8,28.0,0.997,-1.6,23.2,88.9,1.3,101,128,2.195,14.9,0.997,99.2,2512,22.4,14.460
1634.0,22.4,28.31,14,0.676,28.6,51.4,1,82.6,28.2,86,603.2,72.2,0.8,28.0,1.004,-1.3,23.3,89.1,6.1,101,126,2.178,15.0,0.999,99.2,2530,22.4,14.480
1651.2,22.7,29.40,14,0.705,29.6,51.8,1,82.6,29.8,86,604.0,72.4,0.8,29.5,1.001,-1.3,24.5,88.4,3.5,101,121,2.175,15.6,0.999,99.2,2576,23.1,14.480
1668.4,20.1,26.62,15,0.705,26.4,51.4,1,82.1,26.7,86,596.0,34.1,-1.2,14.8,1.555,-0.8,12.2,46.3,1.4,101,123,2.648,7.5,0.722,99.2,2451,18.1,14.439
1685.6,22.4,29.92,12,0.716,28.3,49.8,1,83.4,28.4,86,554.5,72.6,0.8,27.5,1.006,-1.6,22.4,50.4,1.5,101,121,2.201,14.4,1.000,99.2,2450,22.4,14.480
1702.8,21.6,28.74,12,0.685,26.9,50.1,1,81.8,26.8,86,578.1,72.6,0.8,26.9,1.006,-2.0,22.1,89.0,0.6,101,130,2.190,15.3,0.997,99.2,2500,21.7,14.448
1720.0,11.6,13.11,14,0.694,16.4,51.0,1,56.6,14.9,86,578.0,40.2,3.0,15.0,0.996,-4.2,13.0,42.9,29.2,101,133,2.194,25.6,0.996,99.2,2509,10.7,14.400
1737.2,22.0,28.78,12,0.691,27.7,51.0,1,82.1,27.5,86,580.0,72.9,0.8,27.5,1.002,-1.6,22.4,88.8,3.2,101,126,2.189,14.6,0.998,99.2,2500,22.0,14.480
1754.4,22.0,28.67,12,0.697,27.5,50.1,1,82.7,27.5,86,589.5,72.4,0.8,27.4,0.991,-1.6,22.4,88.6,4.5,101,120,2.208,15.0,0.995,99.2,2463,22.0,14.493
1771.6,21.6,27.94,13,0.683,27.1,49.2,1,82.6,26.9,86,596.0,72.4,0.8,26.7,0.999,-2.3,22.0,89.2,0.0,101,120,2.183,14.5,0.998,99.2,2426,22.0,14.455
1788.8,23.1,31.05,12,0.700,30.9,49.4,1,82.3,31.2,86,600.0,72.5,0.8,30.7,1.004,-2.0,25.6,68.7,0.0,101,124,2.174,15.0,1.001,99.2,2658,23.5,14.480
1806.0,19.2,24.60,12,0.707,22.0,48.3,1,70.6,20.6,86,598.3,58.7,0.3,18.5,0.990,0.7,14.4,58.9,34.1,101,122,2.184,16.2,1.013,99.2,2327,19.8,14.472
1823.2,18.4,24.49,14,0.690,22.1,48.9,1,75.9,23.2,86,592.0,67.6,0.8,22.7,1.000,-2.0,17.8,68.1,0.0,101,126,2.187,19.9,0.998,99.2,2399,18.9,14.480
1840.4,15.8,20.01,12,0.603,18.5,49.8,1,66.4,18.6,86,583.3,53.4,0.1,16.8,0.995,2.1,11.5,34.1,65.6,101,124,2.177,20.8,1.008,99.2,2353,18.4,14.426
1857.6,20.2,26.99,11,0.686,25.3,49.8,1,79.4,25.0,86,580.6,69.4,0.8,24.8,0.994,-0.8,20.0,89.6,1.7,101,130,2.180,17.3,1.002,99.2,2461,20.4,14.532
1874.8,23.1,29.76,11,0.693,29.8,49.4,1,83.0,29.8,86,592.0,72.9,0.8,29.8,1.001,-1.6,24.7,88.3,0.0,101,117,2.190,14.5,0.998,99.2,2561,23.5,14.479
1892.0,22.7,29.48,12,0.692,29.1,49.4,1,83.5,29.4,86,599.7,73.7,0.8,29.3,0.998,-1.6,24.6,24.3,2.1,101,114,2.177,13.7,0.998,99.2,2506,23.1,14.447
1909.2,21.2,28.17,12,0.697,28.3,49.8,1,81.6,28.5,86,600.0,72.8,0.8,28.0,0.999,-1.4,19.7,72.9,24.9,101,125,2.182,19.4,1.002,99.2,2510,20.4,14.480
1926.4,18.3,25.15,12,0.690,22.0,49.3,1,71.3,21.6,86,596.4,63.7,2.1,20.9,0.998,-2.7,15.1,55.2,0.0,101,132,2.195,21.1,1.000,99.2,2498,18.7,14.480
1943.6,16.4,21.53,11,0.698,18.1,48.1,1,62.8,15.7,86,588.0,35.6,0.1,14.0,1.001,1.5,10.8,38.0,6.7,101,125,2.179,20.7,1.001,99.2,2362,18.0,14.527
1960.8,18.6,25.46,12,0.696,23.2,47.5,1,76.0,23.9,86,584.0,67.6,0.8,23.4,1.002,-2.9,18.7,74.8,8.7,101,130,2.173,20.0,0.999,99.2,2482,19.3,14.560
1978.0,21.6,28.79,11,0.705,27.5,47.8,1,80.3,27.4,86,584.0,71.1,0.8,27.5,1.000,-1.1,22.6,88.9,2.4,101,134,2.194,17.0,1.000,99.2,2578,22.0,14.480
1995.2,16.6,22.72,11,0.662,20.5,48.2,1,73.2,23.0,86,588.0,70.5,0.8,25.0,0.998,-2.3,20.8,0.0,0.0,101,124,2.195,15.1,0.999,99.2,2372,20.3,14.480
2012.4,20.4,27.17,11,0.690,25.5,48.6,1,80.4,25.1,86,592.0,70.9,0.8,25.1,0.999,-1.9,20.4,90.2,0.0,101,127,2.182,16.3,1.000,99.2,2414,20.8,14.480
2029.6,20.7,27.23,12,0.676,25.6,48.2,1,79.5,25.0,86,592.0,68.4,0.8,24.1,1.002,-1.6,19.4,77.2,18.5,101,128,2.167,18.1,1.002,99.2,2415,20.5,14.487
2046.8,20.0,27.41,12,0.703,25.2,48.2,1,77.8,25.1,86,592.0,69.0,0.8,24.9,1.001,-1.7,20.1,88.3,4.0,101,130,2.169,18.6,0.999,99.2,2488,20.4,14.559
2064.0,20.7,27.33,10,0.677,25.8,47.2,1,80.8,25.7,86,593.8,70.5,0.8,25.6,0.998,-0.8,21.2,89.8,0.0,101,128,2.176,16.3,1.003,99.2,2452,21.2,14.471
2081.2,8.4,9.60,11,0.269,10.2,47.2,1,33.1,10.5,86,586.4,34.9,2.3,12.1,1.004,-2.9,5.5,16.4,0.0,101,128,2.159,24.1,1.007,99.2,2362,0.0,14.477
2098.4,9.8,10.08,11,0.713,12.0,47.8,1,52.8,17.1,86,538.2,63.7,0.3,19.6,1.003,-2.6,11.3,16.5,2.8,102,110,2.178,35.6,0.991,99.2,2025,6.4,14.480
2115.6,21.5,27.03,9,0.686,27.1,47.8,1,83.5,26.9,86,548.3,72.7,0.8,26.7,0.995,1.1,22.4,89.7,1.6,101,104,2.190,12.0,1.010,99.2,2295,21.6,14.548
2132.8,19.1,23.71,10,0.697,23.7,47.5,1,75.3,21.9,86,572.0,66.2,0.7,21.2,1.002,-0.6,16.5,60.1,0.0,101,108,2.192,15.7,1.002,99.2,2102,18.7,14.504
2150.0,12.6,13.82,11,0.670,12.7,47.8,1,48.8,12.5,86,551.1,41.3,0.0,11.9,0.992,1.6,9.5,24.8,40.2,101,102,2.185,26.6,0.999,99.2,1937,12.8,14.423
2167.2,24.3,32.53,10,0.708,33.3,47.5,1,83.9,33.0,86,566.1,75.3,0.8,32.6,1.003,-0.8,27.5,87.5,0.1,101,116,2.177,14.0,1.000,99.2,2695,24.7,14.422
2184.4,12.8,15.97,10,0.742,12.9,47.6,1,37.8,10.8,86,564.0,22.5,-1.8,12.5,0.923,3.5,8.5,24.3,0.0,101,120,2.006,25.1,1.010,99.2,2288,16.3,14.480
2201.6,11.7,14.91,10,0.709,15.7,48.0,1,58.4,10.0,86,566.3,19.5,-1.9,7.3,0.929,-1.4,2.0,0.0,0.1,102,120,2.158,31.5,1.010,99.2,2299,13.5,14.560
2218.8,16.8,20.93,10,0.705,18.6,48.0,1,65.0,18.1,86,560.8,52.2,0.0,18.4,0.998,-0.6,17.2,67.4,0.1,101,118,2.199,18.2,1.000,99.2,2255,18.1,14.508
2236.0,17.7,22.44,10,0.707,20.6,47.6,1,69.0,13.1,86,548.0,41.2,0.0,13.5,0.995,1.4,10.3,32.6,54.1,101,114,2.187,23.5,0.998,99.2,2198,16.4,14.480
2253.2,14.4,17.82,9,0.722,16.9,47.8,1,63.5,17.3,86,548.0,56.8,0.1,18.0,0.998,1.2,9.6,27.8,6.9,101,115,2.191,23.7,1.003,99.2,2134,13.5,14.360
2270.4,0.0,3.07,9,0.000,3.5,48.4,1,11.8,3.5,86,517.1,10.2,-2.3,3.6,1.999,0.0,0.5,0.0,1.1,102,83,3.669,-13.0,0.000,99.2,1542,0.0,14.560
2287.6,18.6,22.02,9,0.404,22.0,49.3,1,78.1,22.5,86,475.8,71.2,0.7,22.8,1.005,-3.5,18.3,0.0,36.4,102,32,2.210,16.8,0.987,99.2,2137,18.8,14.480
2304.8,0.0,3.06,9,0.000,3.5,46.7,1,14.6,3.7,86,495.9,11.4,-2.3,3.9,1.989,0.0,0.8,0.0,0.0,102,72,3.538,-13.0,0.000,99.2,1520,0.0,14.537
2322.0,1.1,3.47,9,0.760,4.3,47.8,1,21.7,6.0,86,438.8,25.4,-1.2,7.7,0.980,-3.5,3.4,7.5,14.8,102,18,2.190,20.2,1.005,99.2,1233,2.5,14.461
2339.2,0.0,2.60,9,0.838,3.4,46.7,1,33.0,3.5,86,399.9,23.5,-9.7,3.6,1.015,2.6,0.6,0.0,0.0,102,1,2.039,2.3,1.008,99.2,683,0.0,14.201
2356.4,0.0,0.66,10,0.815,6.3,47.1,1,100.0,0.0,86,388.0,0.0,7.8,4.7,1.513,0.0,33.3,0.0,0.0,102,0,2.600,9.0,0.999,99.2,0,0.0,12.800
2373.6,0.0,0.66,10,0.815,6.3,47.1,1,100.0,0.0,86,388.0,0.0,7.8,4.7,1.513,0.0,33.3,0.0,0.0,102,0,2.600,9.0,0.999,99.2,0,0.0,12.800
