BlueDriver Data Log
Jul 30, 2018 8:49:47 AM
Time (s),Engine Coolant Temperature (째C),Catalyst Temperature Bank 1 - Sensor 1 (째C),Fuel Level Input (%),Barometric Pressure (kPa),Vehicle Speed (MPH),Absolute Load Value (%),Ambient Air Temperature (째C),Calculated Engine Load Value (%),Engine RPM (rpm),Relative Throttle Position (%),Control Module Voltage (V),Intake Air Temperature (째C),Absolute Throttle Position (%)
0.0,,,,,,,,,,,,,
3.1,72,352.0,100.0,99,28,38.9,16,43.3,1134,3.7,12.923,18,7.4
6.2,73,353.7,100.0,101,30,32.7,16,39.2,1124,2.7,12.896,18,6.3
9.3,73,356.0,100.0,101,30,30.0,16,36.1,1142,2.4,12.880,18,6.0
12.4,74,354.7,100.0,101,30,16.5,16,21.1,1216,0.9,12.830,18,4.5
15.5,74,352.0,100.0,101,29,19.3,16,23.4,1100,0.9,12.960,18,4.6
18.6,74,352.0,100.0,101,29,20.6,16,23.6,1118,0.9,12.960,18,4.7
21.7,74,348.7,100.0,101,26,14.9,16,17.4,1245,0.4,12.960,18,3.7
24.8,74,340.0,100.0,102,21,15.3,16,19.5,1175,0.2,12.960,18,3.5
27.9,74,340.2,100.0,102,14,16.7,16,20.6,1048,0.0,12.960,18,3.6
31.0,74,1078.8,100.0,102,8,19.0,16,23.9,892,0.0,12.956,18,3.9
34.1,73,320.1,100.0,102,5,22.1,16,29.0,797,0.6,12.880,18,3.6
37.2,73,314.6,100.0,102,1,23.7,16,28.6,787,0.4,12.880,18,8.4
40.3,73,305.5,100.0,101,1,27.4,16,29.0,812,0.5,12.880,18,22.3
43.4,73,301.2,100.0,101,0,27.7,16,35.0,776,0.0,13.205,14,4.7
46.5,73,297.6,100.0,101,0,24.8,16,30.9,781,0.1,13.360,18,4.1
49.6,73,292.1,100.0,101,0,18.8,16,22.9,888,0.4,13.355,18,3.2
52.7,73,285.8,100.0,101,0,17.0,16,22.2,742,0.4,13.286,18,2.5
55.8,73,284.0,100.0,102,0,17.0,16,21.2,553,0.3,13.126,18,2.2
58.9,73,278.6,100.0,102,0,0.0,1,1.2,35,18.6,12.779,18,3.1
62.0,73,276.0,100.0,102,0,0.0,1,0.0,0,1.6,12.720,18,6.3
65.1,73,276.0,100.0,102,0,0.0,1,0.0,0,1.6,12.721,18,6.3
68.2,73,276.0,100.0,102,0,0.0,1,0.4,16,1.6,12.720,18,6.3
71.3,73,276.2,100.0,102,0,0.0,1,0.0,0,1.6,12.720,18,6.3
