BlueDriver Data Log
Sep 18, 2018 6:39:40 PM
Time (s),Engine Coolant Temperature (°C),Catalyst Temperature Bank 1 - Sensor 1 (°C),Absolute Throttle Position B (%),Evap. System Vapor Pressure (Pa),Fuel Level Input (%),Barometric Pressure (kPa),Vehicle Speed (MPH),Absolute Load Value (%),Ambient Air Temperature (°C),Long Term Fuel Trim Bank 1 (%),Commanded Throttle Actuator (%),Commanded Equivalence Ratio (λ),Timing Advance for #1 cylinder (°),Accelerator Pedal Position E (%),Short Term Fuel Trim Bank 1 (%),Calculated Engine Load Value (%),Accelerator Pedal Position D (%),Engine RPM (rpm),Mass Air Flow Rate (g/s),Relative Throttle Position (%),Control Module Voltage (V),Intake Air Temperature (°C),Commanded Evaporative Purge (%),Absolute Throttle Position (%)
0.0,,,,,,,,,,,,,,,,,,,,,,,,
2.8,84,596.0,,,,,,,,,,,,,,,,,,,,,,
5.6,85,596.0,22.3,3.5,89.4,86,72,66.7,24,-0.8,21.7,0.998,18.8,17.2,0.7,63.0,14.7,,,,,,,
8.4,85,596.0,21.9,2.8,89.4,69,71,66.7,24,-0.8,20.3,0.999,19.4,17.0,0.5,65.5,15.4,2134,9.64,4.7,12.960,24,32.2,10.4
11.2,85,596.0,21.5,2.1,89.4,51,71,66.7,24,-0.8,19.0,1.000,19.9,16.7,0.2,68.0,16.1,2130,14.69,9.2,12.960,24,52.1,13.7
14.0,86,596.0,21.0,1.3,89.4,57,70,9087.1,24,-0.8,18.6,1.000,20.4,16.5,0.0,70.5,16.8,2126,19.74,13.8,12.960,24,72.1,17.0
16.8,86,596.0,20.6,0.6,89.4,100,70,67.9,24,-0.8,24.4,0.995,16.7,19.5,0.8,73.9,18.0,2155,22.09,16.6,12.960,24,91.8,20.3
19.6,86,598.5,21.6,0.0,89.4,100,70,68.2,24,-0.8,24.9,0.994,16.3,20.0,2.1,77.8,19.5,2210,21.94,17.3,12.960,24,75.8,22.4
22.4,86,603.5,25.3,0.3,89.4,100,69,69.1,24,-0.8,25.1,1.000,16.1,20.4,2.2,80.4,20.4,2224,25.31,20.6,12.960,24,87.7,24.3
25.2,86,604.0,25.5,0.0,89.4,100,68,69.8,24,-0.8,25.1,1.011,16.5,20.4,1.6,79.9,20.3,2211,24.46,20.5,12.960,24,90.2,25.1
28.0,86,605.0,25.5,0.0,89.4,100,68,69.8,24,-0.8,25.1,0.996,16.1,20.3,2.7,80.6,20.4,2204,24.98,20.6,12.960,24,90.2,25.3
30.8,86,608.0,25.5,0.1,89.4,100,68,70.5,24,-0.8,25.1,0.996,16.3,20.4,2.7,80.4,20.4,2210,24.96,20.8,12.960,24,90.1,25.5
33.6,86,610.9,25.5,6.6,89.4,100,68,70.2,24,-0.8,25.2,1.002,16.5,20.5,2.0,79.8,20.5,2230,24.92,20.8,12.960,24,88.3,25.2
36.4,86,612.0,25.8,6.5,89.4,100,69,70.0,24,-0.8,25.6,1.012,16.5,20.8,0.8,79.0,20.7,2260,24.85,21.0,13.018,24,89.7,25.8
39.2,86,612.9,26.5,0.4,89.4,100,70,70.6,24,-0.8,26.3,1.001,16.0,21.1,1.4,80.6,21.3,2295,25.98,21.6,12.999,24,89.6,26.2
42.0,86,616.2,27.1,2.5,89.4,100,70,71.3,24,-0.8,26.6,1.002,16.0,21.4,0.7,81.8,21.6,2347,26.76,21.7,12.936,24,89.2,26.7
44.8,86,619.4,26.6,6.8,89.4,100,70,71.9,24,-0.8,26.7,1.001,15.8,21.6,0.0,82.4,21.6,2387,27.18,22.0,12.880,24,88.6,26.7
47.6,86,622.0,25.9,7.2,89.4,100,71,71.2,24,-0.8,26.5,0.999,15.7,21.5,0.1,82.4,21.6,2385,26.52,21.3,12.882,24,88.2,25.5
50.4,86,624.0,25.4,3.9,89.4,100,71,69.3,24,-0.8,25.5,0.997,17.5,20.8,3.1,79.3,21.0,2323,26.01,21.4,12.926,24,89.8,26.1
53.2,86,624.3,26.4,0.0,89.4,100,72,71.4,24,-0.8,26.1,1.001,16.1,21.3,1.7,81.0,21.2,2340,26.14,21.5,12.960,24,89.3,26.9
56.0,86,627.5,28.9,2.5,89.4,100,72,72.8,24,-1.2,27.6,1.002,15.5,22.0,0.8,82.2,21.9,2414,27.22,22.4,12.960,24,83.1,28.6
58.8,86,630.1,29.0,1.4,89.4,100,73,73.4,24,-1.6,28.7,1.000,15.6,22.6,0.7,82.7,22.7,2523,28.90,24.4,12.960,24,0.4,29.4
61.6,86,632.0,28.7,0.0,89.4,100,73,72.8,24,-1.6,27.5,1.000,16.0,21.6,-0.8,81.7,21.9,2451,27.99,23.4,12.960,24,0.0,28.6
64.4,86,631.9,27.5,0.0,89.4,100,73,72.1,24,-1.6,27.3,1.000,17.5,20.1,-1.2,78.1,20.7,2360,26.43,21.8,12.960,24,0.0,26.9
67.2,86,634.4,26.6,0.0,89.4,100,73,71.1,24,-1.4,26.8,1.000,18.7,18.6,-1.5,72.6,19.2,2249,24.21,19.8,12.960,24,0.4,24.8
70.0,86,636.0,25.9,0.0,89.4,100,74,69.8,24,-0.8,25.9,1.001,16.5,20.4,0.8,78.3,20.5,2269,25.19,20.8,13.010,24,13.7,25.5
72.8,86,636.0,26.4,0.0,89.4,100,75,69.8,24,-0.8,26.3,0.998,15.8,20.9,0.8,80.6,21.3,2337,26.27,21.6,13.005,24,48.0,26.3
75.6,86,635.9,29.8,0.0,89.4,100,75,72.7,24,-1.3,29.0,0.997,15.7,22.3,0.8,82.2,22.3,2470,27.97,22.9,12.960,24,86.5,27.6
78.4,86,638.9,30.4,3.8,89.4,100,75,72.9,24,-1.6,28.2,1.001,16.7,22.9,0.8,81.9,23.1,2613,29.97,25.8,12.960,24,87.3,31.3
81.2,86,640.0,28.8,6.4,89.3,100,76,71.5,24,-1.6,22.7,1.012,19.5,20.0,0.8,78.0,19.8,2355,24.70,18.5,12.996,24,88.5,28.4
84.0,86,639.1,23.9,7.7,89.0,100,78,68.2,24,-1.2,23.1,1.007,20.0,19.4,0.3,77.7,19.6,2366,25.25,19.1,13.039,24,89.1,23.7
86.8,86,640.0,22.6,6.4,89.1,100,79,66.8,24,-0.7,23.5,1.000,21.0,18.0,-1.6,72.8,15.3,2442,19.93,15.9,13.004,24,90.6,21.5
89.6,86,639.4,17.7,0.1,89.4,99,81,54.4,24,0.8,18.1,1.001,22.6,17.0,-2.2,68.5,12.6,2448,18.78,11.9,12.960,24,91.7,17.6
92.4,86,637.2,14.2,0.0,89.3,100,81,46.2,24,1.3,17.1,1.000,24.6,15.7,-3.1,60.8,0.2,2432,5.20,0.4,12.960,24,42.8,11.7
95.2,86,631.9,7.2,0.0,89.0,101,81,17.0,24,4.6,7.8,0.979,35.6,11.3,-5.9,42.3,2.5,2437,5.99,0.9,12.960,24,5.4,6.0
98.0,86,627.5,7.6,17.6,89.1,101,77,26.5,24,3.9,9.6,0.980,34.6,8.2,-8.2,23.6,19.5,2429,9.18,3.8,12.960,24,72.2,9.0
100.8,86,619.7,8.8,51.0,89.4,100,62,66.7,24,-0.8,23.8,0.987,18.0,19.9,0.8,77.5,19.7,1379,9.58,3.9,12.960,24,73.7,9.0
103.6,86,620.0,11.7,43.2,89.4,100,62,66.7,24,-0.8,23.9,0.986,18.0,19.9,0.8,78.0,19.8,2307,24.67,10.5,12.960,24,79.5,13.9
106.4,86,619.4,24.7,0.1,89.4,100,66,67.9,24,-0.8,24.4,0.988,17.7,20.1,0.8,78.4,20.0,2312,25.21,19.1,12.960,24,89.0,24.1
109.2,86,620.4,25.2,0.1,89.4,100,76,71.4,24,-0.8,27.1,0.999,14.5,21.9,0.0,85.2,22.2,2425,27.80,22.2,12.960,24,88.6,26.9
112.0,86,623.8,33.6,2.5,89.4,100,76,74.9,24,-1.2,33.0,0.999,14.7,24.2,0.3,85.8,24.9,2581,30.98,26.9,12.949,24,86.6,31.7
114.8,86,628.5,37.2,1.3,89.4,100,76,76.6,24,-1.6,39.0,0.999,15.0,27.9,0.8,86.3,28.2,2799,35.05,33.9,12.881,24,84.1,40.5
117.6,86,632.8,40.8,0.0,89.4,100,76,76.2,23,-1.6,40.8,0.998,15.1,28.8,0.8,85.4,29.1,2819,35.23,35.4,12.910,24,84.7,41.3
120.4,86,635.4,42.1,0.1,89.4,100,75,76.7,23,-1.6,39.9,0.998,15.3,29.2,0.9,85.8,29.5,2840,35.33,37.2,12.960,23,84.2,42.1
123.2,86,637.9,41.7,1.4,89.4,100,75,76.7,23,-1.6,40.3,0.998,16.5,30.1,1.6,84.4,30.4,2950,35.93,35.2,12.960,23,84.5,41.1
126.0,86,643.9,39.1,7.8,89.4,100,75,73.6,23,-1.6,39.0,0.999,17.7,30.2,1.6,84.0,30.5,2986,36.22,33.0,12.960,23,84.3,39.1
128.8,86,644.0,38.0,7.8,89.6,100,75,73.3,23,-1.6,37.4,0.999,19.3,30.0,1.5,82.7,30.1,3052,35.83,31.7,12.960,23,84.0,37.4
131.6,86,645.6,36.9,9.5,89.7,100,76,72.8,23,-1.6,36.0,0.998,20.5,29.0,0.8,82.3,29.3,3144,37.01,30.5,12.960,23,83.6,36.8
134.4,86,648.0,35.1,12.4,89.4,100,77,72.2,23,-1.6,32.5,1.005,24.0,22.2,-1.2,75.7,23.5,2742,31.01,24.3,12.927,23,85.3,32.4
137.2,86,647.8,25.1,0.0,89.4,100,78,70.8,23,-1.6,29.1,1.002,21.7,20.0,-1.5,74.5,20.0,2427,25.61,18.3,12.893,24,89.7,23.5
140.0,86,648.0,26.5,0.0,89.5,100,79,69.8,23,-1.6,26.1,0.999,16.4,21.7,-0.0,81.2,22.0,2499,27.93,22.6,12.960,24,87.7,28.0
142.8,86,648.0,27.1,0.0,89.7,100,80,69.8,23,-1.6,27.1,1.001,21.5,14.1,-0.8,59.6,16.4,2459,24.97,19.1,12.960,24,89.5,25.5
145.6,86,647.9,22.7,0.0,89.4,99,82,67.7,23,-1.6,26.0,0.998,21.5,15.7,-13.7,57.9,15.7,2454,23.86,16.9,12.960,24,90.8,22.1
148.4,86,648.0,24.8,0.0,89.4,99,82,67.7,23,-1.6,25.7,0.995,21.4,23.6,-57.8,80.3,21.8,2525,27.75,22.4,12.960,24,86.0,27.5
151.2,86,647.0,29.7,0.1,89.4,100,81,72.1,23,-1.6,31.2,0.997,21.5,23.7,-58.9,80.6,21.9,2533,28.19,22.8,12.960,24,87.3,27.9
154.0,86,648.0,29.8,0.0,89.4,100,81,72.2,23,-1.6,31.3,0.997,-23.1,23.8,-33.7,81.0,22.7,2624,29.64,24.1,12.960,24,87.9,28.7
156.8,86,648.0,31.0,0.0,89.4,100,81,71.9,23,-1.6,24.0,0.997,19.3,22.6,0.2,79.8,23.3,2759,31.82,26.7,12.960,24,86.1,32.1
159.6,86,648.0,25.9,21.9,89.4,100,80,62.8,23,-1.7,10.3,0.997,25.5,17.3,-3.1,71.4,18.8,2435,25.08,18.3,13.016,24,88.5,26.7
162.4,86,645.6,15.0,74.2,89.4,99,78,18.8,23,-2.3,5.5,1.002,-2.0,4.2,-0.8,30.9,6.4,2346,13.98,10.5,13.003,24,63.4,18.7
165.2,86,636.0,13.7,82.3,89.4,99,75,47.2,23,-1.2,5.8,1.001,-2.1,3.9,0.0,15.7,3.0,2252,5.18,2.0,12.940,24,19.8,10.3
168.0,86,630.0,7.7,28.3,89.4,100,72,27.4,23,-1.5,5.3,0.585,-2.0,5.0,0.0,17.1,6.8,2175,5.37,1.1,12.881,24,0.0,5.1
170.8,86,622.0,17.9,0.3,89.4,100,70,30.3,23,-1.9,11.4,0.183,-10.1,1.1,-0.0,12.5,7.1,2050,6.72,8.2,12.960,24,61.7,20.9
173.6,86,617.0,35.6,1.6,89.4,100,68,77.6,23,-0.8,36.5,1.004,12.0,28.6,-0.8,68.3,22.6,2449,23.64,24.4,12.917,24,87.5,35.4
176.4,86,620.5,42.5,6.0,89.4,100,71,76.1,23,-1.4,38.8,1.008,15.8,30.0,-0.4,87.0,30.3,2863,35.36,34.7,12.880,24,84.1,42.5
179.2,86,627.9,37.2,6.0,89.4,100,73,77.1,23,-1.6,38.1,1.005,18.0,29.6,-0.3,84.0,30.0,3189,38.55,30.2,12.880,24,80.0,36.8
182.0,86,628.0,26.7,38.3,89.6,99,74,55.7,23,-1.3,26.6,1.002,22.5,24.5,-1.4,77.9,24.9,3282,38.34,23.5,12.880,25,43.8,13.3
184.8,86,626.2,18.7,36.6,89.7,99,75,38.5,23,-0.8,11.2,1.002,35.7,12.2,-4.7,40.4,11.8,2250,14.41,11.4,12.938,25,76.5,12.6
187.6,86,624.9,18.1,0.0,89.4,99,75,64.0,23,-0.8,23.5,0.992,16.0,23.1,0.8,73.4,20.0,2283,22.47,18.2,12.917,25,90.9,19.8
190.4,86,628.0,23.9,0.0,89.4,100,76,71.4,23,-0.8,26.5,0.994,13.9,23.3,1.2,85.3,23.7,2364,27.97,26.0,12.905,25,73.5,29.1
193.2,86,627.9,14.9,0.0,89.4,100,76,62.8,23,-0.8,25.1,0.996,14.7,23.4,1.1,85.3,23.7,2425,28.84,25.5,12.964,25,22.7,22.0
196.0,86,630.3,17.0,0.0,89.4,100,76,46.0,23,-1.2,18.2,0.996,20.5,22.0,-0.2,83.2,23.0,2312,27.62,25.1,13.020,25,4.6,28.0
198.8,86,630.4,14.1,0.0,89.4,100,76,24.2,23,-2.3,6.2,0.955,32.5,12.2,-2.3,48.6,14.1,2282,19.66,15.6,12.979,25,0.0,23.0
201.6,87,624.2,7.3,18.9,89.4,100,74,14.4,23,-2.3,5.1,0.002,-3.2,2.5,-0.5,22.5,9.5,2209,10.32,6.4,12.960,25,0.0,13.5
204.4,87,612.0,11.4,108.7,89.4,100,71,45.6,23,-0.8,13.5,0.706,8.5,10.2,-1.7,37.1,12.6,2175,13.16,7.7,12.936,25,21.7,10.0
207.2,87,611.9,21.4,32.1,89.4,100,72,58.5,23,-0.8,20.1,1.004,18.5,18.1,-1.7,64.9,18.3,2182,22.84,18.2,12.886,25,91.0,23.9
210.0,87,612.0,24.5,0.0,89.4,100,72,68.0,23,-0.8,22.8,0.995,17.5,19.4,1.5,78.4,19.6,2212,24.56,19.5,12.960,25,89.9,23.8
212.8,87,613.1,23.9,0.0,89.4,100,72,66.7,23,-0.8,18.8,0.999,21.0,17.6,-0.8,72.9,19.0,2221,23.90,18.9,13.004,25,90.6,23.5
215.6,87,615.7,23.5,0.0,89.4,100,73,53.3,23,-0.8,16.8,1.000,23.2,16.0,-0.8,65.2,16.5,2242,20.89,15.2,13.014,25,91.7,21.0
218.4,87,612.0,14.1,0.0,89.7,99,74,28.1,23,-1.7,10.3,0.507,9.5,8.8,-0.5,42.6,9.9,2246,14.36,8.1,12.940,25,88.3,13.8
221.2,87,606.6,8.7,0.0,89.8,100,74,16.7,23,-2.3,5.8,0.306,0.1,2.4,-0.1,17.0,1.4,2200,4.96,0.8,12.800,25,7.5,5.5
224.0,87,602.2,7.1,19.3,89.7,100,73,22.8,23,-2.0,7.9,1.011,32.8,11.8,-0.8,42.0,12.5,2200,14.90,5.2,12.915,25,54.3,7.6
226.8,87,599.2,9.9,46.6,89.4,99,73,39.2,23,-0.8,12.9,0.996,27.0,12.6,-1.9,47.0,12.8,2223,15.23,7.5,12.960,25,86.9,10.5
229.6,86,596.0,12.9,0.0,89.4,98,73,38.0,23,-0.8,11.1,0.995,31.4,10.7,-2.3,40.4,11.0,2227,12.84,6.5,12.923,25,93.9,12.8
232.4,86,592.8,11.1,0.0,89.4,98,73,39.0,23,-0.8,11.6,0.991,32.2,11.1,-1.6,39.7,10.2,2235,10.24,3.6,12.810,26,94.9,9.4
235.2,86,594.3,18.1,0.0,89.4,99,73,49.6,23,-0.8,15.6,0.987,26.9,15.7,0.0,64.3,15.7,2337,21.08,15.7,12.960,26,91.1,17.6
238.0,86,597.3,24.5,0.5,89.4,100,73,66.0,23,-0.8,22.7,0.992,19.0,19.2,0.8,76.0,19.2,2301,23.02,17.4,12.914,26,91.2,21.9
240.8,86,600.0,23.9,2.5,89.4,100,72,67.5,23,-0.8,23.3,0.996,18.7,19.5,1.3,77.2,19.4,2281,24.16,18.6,12.909,26,90.8,23.3
243.6,86,600.0,23.9,3.5,89.4,100,71,67.5,23,-0.8,23.9,0.999,18.1,19.8,1.6,77.9,19.7,2262,24.41,18.9,12.971,26,90.2,23.9
246.4,86,602.6,24.1,4.5,89.4,100,71,67.8,23,-0.8,24.3,1.002,17.5,20.0,1.6,77.6,20.0,2225,24.14,19.6,13.040,26,90.0,24.3
249.2,86,605.8,24.3,3.2,89.4,100,70,68.4,23,-0.8,24.5,1.002,17.5,20.0,1.6,78.0,20.0,2212,24.22,19.9,12.981,26,90.2,24.3
252.0,86,608.9,26.1,0.0,89.4,100,70,69.1,23,-0.8,25.5,0.998,17.5,21.0,2.1,80.1,22.2,2255,25.86,23.7,12.960,26,88.4,27.6
254.8,86,612.0,33.3,0.0,89.4,100,71,73.7,23,-1.4,31.2,0.997,15.7,23.4,1.9,82.2,24.1,2465,28.84,27.4,12.960,26,86.3,32.8
257.6,86,615.0,34.2,5.3,89.4,100,72,73.2,23,-1.6,33.7,0.999,15.0,25.1,1.6,83.1,24.9,2684,31.72,28.7,12.960,26,86.3,34.5
260.4,86,618.1,30.9,4.6,89.4,100,73,72.2,23,-1.4,31.9,1.003,16.0,24.9,1.6,82.0,24.3,2675,31.10,23.5,12.960,26,88.8,29.5
263.2,86,621.1,27.2,1.4,89.4,100,73,70.6,23,-0.8,25.9,1.001,16.5,21.2,1.6,81.1,22.3,2421,27.73,22.6,12.960,26,89.2,27.3
266.0,86,624.0,26.8,3.5,89.4,100,73,71.4,23,-0.8,27.1,1.000,15.9,21.7,1.1,81.9,22.0,2371,26.80,22.3,12.986,26,72.8,23.1
268.8,86,624.0,7.8,0.0,89.4,100,73,47.9,23,-0.8,19.6,1.000,22.5,17.9,0.5,68.8,19.4,2375,24.78,20.3,13.028,26,35.2,8.6
271.6,86,621.4,11.6,0.0,89.4,99,73,38.7,23,-0.8,11.1,1.000,32.7,11.7,-0.7,42.8,12.8,2211,15.15,9.0,12.960,26,93.6,14.9
274.4,86,618.3,10.9,0.0,89.4,99,73,40.8,23,-0.8,9.3,1.000,36.1,11.4,-3.9,40.8,11.8,2200,13.59,6.7,12.903,26,53.1,9.0
277.2,86,615.1,8.1,0.7,89.4,100,72,38.7,23,-0.8,16.1,1.009,23.0,14.4,-3.3,56.4,14.2,2200,16.83,9.1,12.921,26,56.9,9.7
280.0,86,612.0,16.9,4.2,89.4,99,73,51.8,23,-0.8,14.0,1.002,24.9,11.3,-1.3,44.2,7.6,2182,13.18,7.9,12.960,26,71.3,16.7
282.8,86,608.0,24.4,21.4,89.4,100,73,31.1,23,-1.6,9.1,0.528,27.2,10.4,-0.8,33.3,4.2,2169,8.32,2.4,12.960,26,10.8,17.3
285.6,86,605.5,19.3,33.9,89.4,100,72,32.1,23,-1.8,11.9,0.227,26.4,14.8,-2.0,46.7,14.5,2190,16.53,10.6,12.960,26,93.1,19.6
288.4,86,605.6,23.1,27.0,89.4,99,71,60.5,23,-0.9,30.2,0.998,12.0,25.9,0.8,87.4,26.7,2598,27.04,24.4,12.960,26,89.1,29.4
291.2,86,609.4,39.6,0.5,89.4,100,72,76.9,23,-1.6,42.4,1.013,15.1,29.0,0.3,86.5,29.1,2820,33.88,31.9,12.960,26,85.3,38.1
294.0,86,616.0,37.6,4.2,89.4,100,75,74.5,23,-1.6,39.0,1.008,18.3,30.2,0.0,85.5,30.6,3075,37.38,32.2,12.960,26,83.9,38.3
296.8,86,622.0,37.6,1.4,89.4,100,75,72.9,23,-1.6,35.6,1.005,20.6,29.5,0.2,84.6,30.1,3224,39.44,31.4,12.960,26,81.9,37.6
299.6,86,626.0,36.9,0.0,89.4,100,76,72.7,23,-1.6,33.8,1.004,21.8,27.8,0.8,83.1,28.2,3285,40.12,29.3,12.904,26,82.3,36.4
302.4,86,628.9,35.4,0.4,89.4,100,77,75.9,23,-1.6,36.1,1.005,19.0,27.8,-0.4,83.1,27.2,3350,40.03,28.2,12.917,26,50.8,34.5
305.2,86,632.0,31.8,2.5,89.4,100,78,70.6,23,-1.6,33.3,1.001,19.8,26.2,-0.8,81.6,25.9,3410,39.78,26.5,12.960,26,0.0,32.1
308.0,86,634.9,31.0,0.9,89.4,100,79,67.8,23,-1.6,29.6,0.999,21.7,23.5,-0.6,78.0,24.0,3447,39.19,24.7,12.960,26,0.0,31.0
310.8,86,636.0,29.9,13.1,89.4,100,80,65.8,23,-1.6,26.5,0.997,24.5,20.4,-0.0,71.8,20.8,3424,35.08,20.8,12.960,26,0.0,29.9
313.6,86,636.0,27.3,24.2,89.4,99,81,67.5,23,-1.6,27.1,0.994,24.5,20.4,-0.8,65.1,17.9,3178,28.50,17.2,12.960,26,45.3,25.4
316.4,86,636.4,22.6,0.2,89.4,99,81,67.5,23,-1.6,27.5,0.988,18.7,22.4,0.1,75.5,20.5,2848,27.57,19.5,12.931,26,89.8,23.5
319.2,86,639.9,32.2,7.0,89.4,100,82,69.0,23,-1.6,28.6,0.999,18.2,21.5,0.5,80.0,22.2,2582,28.83,25.1,12.891,26,86.9,31.8
322.0,86,640.0,25.9,15.6,89.4,99,83,53.1,23,0.9,20.7,1.006,13.4,14.3,0.0,61.5,15.7,2504,24.10,17.9,12.960,26,89.7,23.1
324.8,86,634.6,17.0,13.0,89.4,99,83,31.4,23,4.0,6.6,1.001,-2.0,0.4,-0.0,13.7,0.0,2437,5.05,0.4,12.902,26,30.2,12.1
327.6,86,627.0,9.4,0.0,89.4,100,81,26.2,23,0.8,10.6,1.013,35.0,10.6,-3.1,30.1,7.7,2429,9.50,2.8,12.922,26,43.8,7.0
330.4,86,622.7,9.8,0.1,89.4,99,80,11.9,23,3.7,7.3,0.332,9.6,4.6,-1.5,25.4,5.6,2392,9.24,3.3,12.960,26,73.8,9.4
333.2,86,608.0,18.0,87.5,89.4,99,79,36.6,23,2.8,12.7,0.430,2.7,5.4,-0.2,27.3,3.3,2383,7.96,1.7,12.964,26,9.8,11.0
336.0,86,608.0,18.2,58.5,89.4,99,79,45.0,23,1.8,17.7,1.011,24.5,16.3,-0.9,69.0,17.3,2550,24.44,15.7,13.040,27,68.6,17.2
338.8,86,606.6,16.6,19.4,89.4,99,81,20.8,23,4.4,6.4,1.000,35.0,5.1,-4.7,27.3,7.7,2446,12.01,7.1,12.945,27,92.7,13.9
341.6,86,602.7,13.2,4.2,89.4,98,80,37.6,23,0.8,8.6,0.989,20.2,1.7,-1.7,15.8,2.2,2493,6.04,1.3,12.912,27,62.7,7.7
344.4,86,596.0,19.2,84.1,89.4,99,80,55.3,23,0.8,16.7,1.001,17.3,7.9,0.0,36.4,6.4,2558,11.23,4.1,12.960,27,8.6,8.5
347.2,86,596.0,20.0,44.3,89.4,99,81,50.1,23,0.8,16.3,1.004,25.4,15.8,0.0,63.9,16.9,2540,24.62,16.8,12.960,27,90.1,22.0
350.0,86,592.1,13.7,12.1,89.4,100,82,28.5,23,1.6,6.2,1.006,35.1,8.7,0.1,26.2,8.6,2462,6.09,0.4,12.960,27,28.6,11.2
352.8,86,585.6,6.5,11.4,89.4,101,81,12.1,23,4.7,5.5,1.119,30.5,4.3,3.9,16.6,5.4,2409,6.15,0.4,12.960,27,41.5,6.4
355.6,86,579.6,9.8,49.1,89.4,98,80,15.8,23,-2.3,5.8,0.325,6.9,6.2,1.6,19.3,8.8,2381,10.22,3.1,12.932,27,85.6,8.9
358.4,86,576.0,14.5,0.0,89.4,99,78,37.9,23,-0.6,11.6,0.480,5.9,10.8,-0.6,36.8,14.0,2378,16.83,8.4,12.887,27,93.2,12.9
361.2,86,576.0,17.7,2.3,89.4,99,76,55.8,23,0.3,18.5,1.005,22.7,16.6,-1.2,68.6,16.8,2386,22.23,14.9,12.960,27,91.7,19.6
364.0,86,577.7,22.0,3.0,89.4,99,75,63.6,23,-0.8,22.3,0.994,19.5,19.6,1.6,78.4,20.4,2350,25.39,18.4,12.960,27,90.3,23.1
366.8,86,582.0,25.4,1.7,89.4,100,75,67.7,23,-0.8,24.7,1.001,18.0,20.2,1.6,78.7,20.7,2341,25.65,20.3,12.960,27,89.0,25.7
369.6,86,588.0,26.3,5.2,89.4,100,75,70.6,23,-0.8,25.6,1.000,17.4,20.9,1.1,79.9,19.8,2349,24.63,18.4,12.960,27,89.3,24.0
372.4,86,592.0,22.8,1.2,89.4,99,75,67.2,23,-0.8,23.8,1.001,20.8,18.7,1.9,74.2,18.2,2333,21.86,13.1,12.960,27,91.5,16.5
375.2,86,592.0,15.0,2.0,89.4,98,74,50.3,23,-0.8,18.0,1.001,25.0,12.0,4.2,54.5,15.5,2246,17.18,9.4,12.960,27,69.3,10.0
378.0,86,588.7,8.1,2.3,89.4,99,72,26.2,23,-1.1,9.1,0.891,21.5,0.0,5.5,14.1,0.0,2137,4.25,3.3,12.853,27,26.7,6.3
380.8,86,580.9,5.1,16.0,89.4,100,70,11.0,23,-2.3,4.7,0.001,-4.6,0.0,1.8,12.9,0.0,2072,4.04,1.4,12.905,27,17.1,6.3
383.6,86,568.0,7.1,116.7,89.4,99,66,12.7,23,-2.3,5.5,0.000,-10.6,0.2,0.0,14.4,2.8,1997,5.60,3.1,13.021,27,53.7,10.0
386.4,86,564.9,21.7,33.7,89.4,100,65,49.5,23,-1.6,17.1,0.413,-1.4,6.0,0.9,31.5,5.4,1955,8.61,5.8,12.960,27,94.1,14.9
389.2,86,566.3,24.1,0.0,89.4,100,65,72.9,23,-0.8,28.6,0.992,13.4,17.7,2.8,70.6,1.2,1981,6.36,5.1,12.960,27,94.8,12.9
392.0,86,569.6,23.2,0.0,89.4,99,65,69.0,23,-0.8,23.9,1.008,15.0,19.6,0.8,78.8,19.6,2150,23.79,14.8,12.960,27,92.9,16.6
394.8,86,573.9,25.7,1.4,89.4,100,66,72.2,23,-0.8,26.7,0.999,15.4,21.5,3.1,81.1,21.2,2276,25.52,20.7,12.980,27,90.2,23.0
397.6,86,580.3,27.8,7.8,89.4,100,68,72.9,23,-1.4,27.5,0.996,14.9,22.2,2.6,82.8,22.2,2396,27.36,22.8,12.988,27,88.0,28.0
400.4,86,588.0,28.6,7.1,89.4,100,69,73.4,23,-1.6,28.0,0.997,14.7,22.4,1.6,83.4,22.4,2446,28.09,23.1,12.960,27,87.5,28.6
403.2,86,590.9,29.4,7.0,89.4,100,70,74.1,23,-1.6,29.2,0.999,15.2,22.7,1.6,83.1,22.7,2461,27.82,23.2,12.960,26,87.8,28.2
406.0,86,596.4,30.6,3.6,89.4,100,71,73.7,23,-1.6,30.7,1.000,15.5,23.5,1.5,83.1,23.9,2600,30.39,26.3,12.960,26,21.6,30.5
408.8,86,601.5,31.4,0.0,89.4,100,72,72.3,23,-1.6,31.0,1.000,15.5,23.5,0.0,82.4,23.5,2640,30.45,26.3,12.960,26,0.0,31.4
411.6,86,605.5,30.8,0.0,89.4,100,73,72.9,23,-1.6,31.4,1.001,18.5,20.9,0.0,79.0,21.5,2423,27.20,24.7,12.960,26,0.0,29.9
414.4,86,612.0,27.8,0.0,89.4,100,76,70.6,23,-1.0,28.2,1.002,17.8,21.1,0.0,80.0,21.1,2336,25.76,22.3,12.960,26,10.1,24.1
417.2,86,612.0,11.5,0.0,89.4,100,76,53.8,23,-0.8,21.6,0.995,19.3,20.2,1.3,79.2,20.9,2409,26.62,20.0,12.960,26,53.5,6.4
420.0,86,612.0,15.0,0.0,89.4,100,76,52.9,23,-0.8,18.3,0.991,23.7,14.7,3.7,64.5,16.2,2349,23.33,16.9,12.960,26,90.9,21.6
422.8,86,610.7,18.0,23.5,89.4,99,77,63.3,23,-0.8,22.6,1.000,24.5,2.0,2.3,22.8,0.0,2300,10.14,7.9,12.960,26,61.4,15.7
425.6,86,608.0,10.5,87.8,89.4,99,76,47.8,23,-0.8,18.4,0.983,22.7,12.3,1.3,52.4,10.5,2300,14.29,8.4,12.960,26,55.1,13.0
428.4,86,608.0,14.1,21.8,89.4,99,76,39.1,23,-0.8,10.0,0.991,5.2,8.6,0.4,45.6,10.4,2273,16.31,12.3,12.960,26,77.9,18.0
431.2,86,602.0,7.9,99.5,89.4,100,74,23.7,23,-1.5,6.4,0.951,5.2,3.5,3.2,19.4,2.5,2219,5.92,1.0,12.960,26,0.0,6.3
434.0,86,597.8,12.2,68.6,89.4,100,73,30.3,23,-1.9,10.1,0.906,31.4,12.3,11.6,42.7,13.3,2187,17.31,10.6,12.960,26,71.2,13.3
436.8,86,596.0,19.0,0.0,89.4,99,72,59.4,23,-0.8,18.8,0.996,21.5,16.5,2.3,69.4,17.3,2241,20.51,13.8,12.912,26,92.3,18.3
439.6,86,596.2,20.3,0.4,89.4,99,73,63.5,23,-0.8,20.8,0.997,20.9,17.2,2.8,71.2,17.5,2262,22.17,15.9,12.908,26,91.7,20.5
442.4,86,600.0,16.1,49.9,89.4,99,74,51.6,23,-0.8,17.6,1.005,23.0,16.3,1.7,67.1,16.7,2265,21.47,15.6,12.960,26,91.4,20.8
445.2,86,600.0,18.5,25.8,89.4,99,75,51.1,23,-0.8,16.3,1.009,25.5,14.7,-0.8,57.5,14.8,2277,18.06,11.8,12.960,26,91.7,19.6
448.0,86,601.3,20.0,6.5,89.4,99,76,60.6,23,-0.8,20.8,0.997,21.5,17.6,-0.8,71.8,18.0,2362,22.64,15.1,12.960,27,91.4,20.6
450.8,86,604.0,17.9,27.8,89.4,99,78,49.4,23,-0.8,15.7,0.997,24.6,15.8,-0.3,63.2,16.2,2383,21.42,14.4,12.989,27,91.4,20.2
453.6,86,604.0,16.1,0.0,89.4,99,78,51.0,23,-0.8,16.4,1.005,25.8,14.9,-0.9,55.2,13.6,2396,17.17,10.1,13.028,27,91.6,15.7
456.4,86,601.3,12.3,10.1,89.4,98,78,43.2,23,-0.8,14.2,1.009,28.0,14.1,-2.7,49.2,11.0,2384,12.78,6.3,12.960,27,85.8,9.8
459.2,86,600.0,9.6,13.2,89.4,98,78,34.0,23,-0.8,10.2,1.003,35.3,11.0,-4.6,38.0,11.0,2350,12.87,6.0,12.960,27,91.8,10.7
462.0,86,598.4,10.2,8.7,89.4,98,77,35.9,23,-0.8,11.6,1.000,34.0,10.6,-3.1,36.9,11.4,2330,13.70,7.2,12.960,26,93.7,11.7
464.8,86,594.5,11.3,6.1,89.4,98,77,40.8,23,-0.8,13.3,1.001,28.5,12.0,-1.0,30.9,4.7,2311,9.22,4.5,12.960,26,57.1,9.8
467.6,86,588.0,5.1,0.0,89.4,101,75,11.9,23,-1.8,8.4,0.444,9.5,9.1,0.0,22.4,1.8,2262,5.13,1.3,12.960,27,5.3,5.8
470.4,86,580.2,8.0,56.2,89.4,100,73,23.0,23,-1.7,8.4,0.327,-0.9,7.1,-0.7,21.2,6.3,2195,6.47,3.5,12.960,27,46.3,9.4
473.2,86,576.0,11.6,62.3,89.4,99,72,39.3,23,-0.8,14.9,1.011,26.5,14.1,-3.9,54.9,14.1,2362,17.29,8.5,12.960,27,75.6,12.6
476.0,86,576.7,14.9,0.5,89.4,99,71,54.1,23,-0.8,17.6,0.997,22.4,16.5,-0.9,65.9,16.1,2278,20.11,13.0,12.960,27,92.6,16.7
478.8,86,580.0,17.3,4.2,89.4,99,71,56.7,23,-0.8,17.4,1.004,21.5,16.9,0.5,70.9,17.1,2201,21.92,15.5,12.960,27,91.4,20.1
481.6,86,580.0,9.5,1.6,89.4,100,71,36.3,23,-1.3,13.1,0.704,13.9,13.0,0.0,59.1,15.6,2169,19.79,12.9,12.960,27,91.7,17.3
484.4,86,578.2,10.6,4.3,89.4,100,70,26.2,23,-2.0,7.2,0.117,-9.5,2.2,-0.0,13.3,10.6,2087,13.23,10.2,12.902,27,92.8,16.0
487.2,86,576.9,17.3,18.2,89.4,99,70,64.5,23,-0.8,22.0,1.006,20.0,18.0,-0.8,57.6,15.8,2211,18.85,12.1,12.919,27,92.6,16.7
490.0,86,579.9,12.5,58.0,89.4,99,71,44.7,23,-0.8,16.5,1.006,23.7,15.7,-0.8,63.7,16.3,2258,20.39,11.3,12.960,27,75.9,16.3
492.8,86,572.0,6.6,13.4,89.4,100,70,25.7,23,-1.6,10.3,1.002,29.7,12.4,1.0,48.1,14.1,2197,17.15,5.1,12.960,27,16.1,4.7
495.6,86,572.0,9.7,22.0,89.4,100,69,25.6,23,-1.8,7.4,1.001,35.4,9.5,3.7,33.9,12.8,2075,16.43,9.8,12.960,27,93.2,13.8
498.4,86,572.0,15.7,26.9,89.4,99,68,47.2,23,-0.8,10.2,1.004,37.0,9.8,-4.7,36.5,10.6,2100,12.86,8.2,12.960,27,93.1,16.8
501.2,86,573.0,22.2,0.0,89.4,99,67,68.2,23,-0.8,26.7,0.986,18.8,20.7,0.2,69.3,20.4,2292,21.41,17.9,12.960,27,90.4,22.8
504.0,86,580.0,35.7,0.0,89.4,100,68,73.5,23,-1.3,32.5,0.993,13.5,25.3,2.3,85.1,26.1,2531,30.68,30.1,12.944,27,85.8,34.9
506.8,86,585.9,35.4,5.8,89.4,100,69,74.9,23,-1.6,34.7,0.998,14.8,24.3,2.3,81.9,24.7,2615,31.29,30.6,12.880,27,85.5,35.3
509.6,86,592.1,31.3,4.9,89.4,100,70,73.3,23,-1.4,31.5,0.997,16.3,20.5,2.3,72.2,18.0,2125,21.53,17.3,12.944,26,89.5,27.4
512.4,86,597.3,29.4,0.0,89.5,100,70,71.2,23,-0.8,26.8,0.989,14.5,22.4,2.3,81.8,22.0,2315,26.25,23.5,12.960,26,40.7,28.0
515.2,86,601.3,35.9,0.0,89.8,101,71,76.1,23,-1.6,37.6,0.996,14.1,25.6,1.8,84.6,25.5,2550,30.80,30.7,12.995,26,0.0,35.3
518.0,86,608.0,40.8,0.0,89.8,101,72,76.1,23,-1.6,39.6,1.001,14.2,27.4,1.6,85.0,27.5,2714,33.68,35.4,13.024,26,0.0,40.8
520.8,86,613.3,41.1,0.0,89.8,101,73,76.1,23,-1.6,40.9,1.002,14.6,27.8,1.6,84.7,28.2,2775,34.76,35.7,12.960,26,0.0,41.2
523.6,86,619.4,41.5,2.8,89.8,101,74,75.9,23,-1.6,41.2,0.999,15.0,27.8,1.6,84.3,28.6,2786,34.54,36.5,12.906,26,52.0,41.9
526.4,86,624.8,41.8,7.1,89.8,100,76,75.3,23,-1.6,41.2,0.998,15.5,29.0,1.6,84.6,29.1,2826,34.62,36.3,12.915,26,84.5,42.0
529.2,86,628.0,40.8,1.8,89.4,100,77,75.3,23,-1.6,40.7,0.999,15.8,29.2,1.2,84.4,29.6,2845,34.62,35.9,12.960,26,84.7,41.3
532.0,86,630.8,41.1,4.4,89.6,100,77,74.9,23,-1.6,40.1,0.995,16.7,29.6,1.1,83.8,29.9,2858,34.47,36.4,12.961,26,84.7,42.0
534.8,86,633.8,39.8,4.5,89.7,100,77,74.1,23,-1.6,39.2,0.988,18.5,30.2,2.3,83.1,30.6,3036,35.52,32.1,12.960,26,84.7,39.6
537.6,86,636.7,37.4,2.8,89.4,100,78,72.9,23,-1.6,36.9,1.000,20.0,30.2,1.2,83.9,30.6,3154,37.49,31.4,12.960,26,83.5,37.4
540.4,86,640.0,36.1,10.5,89.8,100,80,72.2,23,-1.6,35.1,0.998,20.8,28.2,1.2,82.7,28.6,3205,37.46,28.3,12.960,26,82.9,35.3
543.2,86,642.9,32.0,3.6,89.8,100,80,69.4,23,-1.6,32.8,0.997,22.0,25.6,1.6,79.8,25.5,3152,34.63,22.7,12.960,26,86.3,30.2
546.0,86,644.0,30.9,0.0,89.8,100,79,67.2,23,-1.6,31.1,0.998,22.9,23.9,1.6,76.5,23.9,3012,32.85,25.5,12.838,26,86.6,31.3
548.8,86,644.0,32.5,1.2,89.7,100,78,68.5,23,-1.6,31.4,1.000,21.5,23.9,0.8,78.4,24.2,2950,32.31,26.2,12.890,26,86.3,32.6
551.6,86,644.1,34.9,6.0,89.4,100,77,72.2,23,-1.6,35.3,0.997,18.6,25.1,1.6,80.3,25.3,2872,32.69,28.5,12.932,26,85.8,34.5
554.4,86,647.9,37.1,1.5,89.4,100,76,73.6,23,-1.6,36.5,0.997,17.2,26.6,2.1,82.2,26.8,2846,33.65,31.4,12.890,26,85.4,37.3
557.2,86,648.0,36.9,2.5,89.4,100,76,73.5,23,-1.6,37.2,0.999,17.9,27.9,1.6,82.4,28.2,2953,34.28,31.4,12.960,26,84.7,36.5
560.0,86,649.8,36.7,5.3,89.4,100,76,72.4,23,-1.6,36.6,1.001,19.0,28.2,1.6,80.8,28.2,2987,34.74,30.8,12.902,26,85.2,36.5
562.8,86,652.0,36.6,6.5,89.4,100,77,72.8,23,-1.6,36.9,1.001,19.0,28.2,2.3,80.8,28.5,3013,34.78,30.4,12.923,26,85.1,36.3
565.6,86,652.0,35.4,4.5,89.4,100,80,70.6,23,-1.6,35.3,0.999,20.7,27.3,2.3,80.8,27.8,3117,35.96,28.2,12.960,26,85.1,34.5
568.4,86,652.0,30.2,29.0,89.4,100,81,66.0,23,-1.6,29.9,0.998,22.8,24.2,1.3,78.7,25.2,3252,36.84,24.1,12.960,26,85.4,29.5
571.2,86,652.0,23.7,9.9,89.6,99,83,62.2,23,-0.5,24.4,0.999,23.7,20.2,-0.6,74.1,20.9,3204,34.24,20.4,12.960,26,82.0,22.7
574.0,86,649.8,13.5,0.0,89.8,99,85,44.8,23,1.8,17.8,0.996,24.8,16.8,-2.5,68.1,18.3,2575,25.50,17.6,12.892,27,88.4,22.7
576.8,86,642.3,6.0,0.0,89.8,100,84,12.4,23,4.7,6.7,0.969,35.0,7.5,-5.5,22.0,7.1,2525,11.05,6.2,12.932,27,37.2,13.0
579.6,86,628.9,5.4,0.0,89.8,101,81,11.8,23,4.7,5.5,0.002,5.1,2.5,-2.0,16.7,3.0,2436,5.75,0.6,12.927,27,0.0,5.5
582.4,86,612.0,5.1,0.0,89.8,101,78,14.0,23,0.3,7.4,0.000,-8.5,0.0,0.0,13.3,0.5,2340,4.84,0.8,12.901,27,1.6,5.9
585.2,86,605.6,9.1,60.0,89.8,100,75,25.4,23,-1.8,13.4,0.004,-9.5,0.0,0.0,13.4,2.0,2225,4.50,3.1,13.040,27,17.6,11.8
588.0,86,600.0,13.3,111.6,89.8,99,72,43.1,23,-0.8,13.3,1.013,19.4,8.6,-2.1,29.4,4.4,2217,8.19,5.1,12.976,27,43.0,12.4
590.8,86,600.0,16.1,0.0,89.8,99,70,52.9,23,-0.8,18.1,1.000,23.1,15.3,-1.6,55.0,11.1,2212,15.41,10.2,12.880,27,93.3,14.7
593.6,86,600.0,20.3,0.0,89.8,99,70,60.9,23,-0.8,21.1,0.993,17.8,18.4,0.6,75.7,18.4,2216,23.24,17.6,12.885,27,91.0,22.0
596.4,86,600.0,24.5,0.0,89.6,99,71,67.1,23,-1.0,22.7,0.997,18.3,18.7,2.2,74.1,18.4,2237,23.21,17.6,13.040,27,91.0,24.2
599.2,86,602.4,27.6,0.0,89.4,100,72,71.6,23,-1.6,27.1,1.004,16.5,21.6,0.0,82.0,21.1,2434,26.97,21.1,12.995,27,89.2,27.0
602.0,86,608.3,29.1,0.0,89.4,100,75,72.9,23,-1.6,28.8,1.000,16.8,22.3,0.5,81.6,22.6,2568,29.46,24.2,12.960,27,87.3,29.4
604.8,86,612.0,31.0,0.6,89.4,100,75,71.9,23,-1.6,30.3,1.000,16.8,22.9,0.8,81.3,23.2,2642,30.30,25.5,12.950,27,86.7,31.0
607.6,86,617.2,31.0,0.3,89.4,100,76,71.8,23,-1.6,31.6,0.999,16.6,23.3,1.1,81.5,23.6,2695,30.60,25.5,12.880,27,86.7,31.0
610.4,86,621.9,31.8,0.0,89.4,100,77,72.2,23,-1.6,32.4,0.995,17.1,23.9,2.3,80.8,24.3,2775,31.76,26.8,12.940,27,86.1,32.0
613.2,86,625.1,32.8,0.8,89.4,100,77,72.1,23,-1.6,32.2,0.996,18.0,23.9,2.3,80.0,24.3,2828,32.08,26.9,12.960,27,86.1,32.4
616.0,86,628.0,32.5,4.2,89.4,100,78,71.4,23,-1.6,32.2,0.996,18.3,23.9,1.5,80.0,24.1,2844,32.27,26.7,12.960,27,71.5,32.2
618.8,86,631.9,32.5,1.2,89.4,101,79,70.5,23,-1.6,30.2,0.998,17.5,23.5,0.6,80.3,23.6,2790,31.89,26.5,12.956,27,0.0,32.5
621.6,86,632.0,31.2,0.0,89.4,101,80,70.2,23,-1.6,28.1,1.000,15.5,22.4,0.0,81.6,22.4,2537,29.16,24.3,12.880,27,0.0,30.7
624.4,86,633.2,29.9,0.0,89.4,101,81,71.4,23,-1.6,29.4,1.000,17.0,22.4,0.7,81.0,22.6,2589,29.48,24.8,12.925,27,0.0,30.0
627.2,86,636.5,30.2,0.0,89.4,101,82,71.4,23,-1.6,29.7,0.999,18.0,22.6,1.3,79.8,22.7,2650,29.76,24.9,12.931,27,27.1,30.1
630.0,86,640.0,30.2,0.0,89.4,100,81,70.8,23,-1.6,29.8,0.998,18.5,22.4,1.6,78.5,21.4,2610,28.39,23.3,12.892,27,87.8,29.4
632.8,86,640.0,25.3,0.0,89.4,100,79,68.3,23,-1.6,26.9,0.999,19.1,21.2,1.4,77.1,19.2,2441,24.39,17.3,12.960,27,90.2,22.7
635.6,86,640.0,22.9,4.0,89.4,100,78,65.6,23,-1.6,22.8,0.999,20.4,19.2,0.8,75.3,19.2,2387,24.55,18.0,12.960,26,90.2,22.7
638.4,86,640.0,23.4,6.1,89.4,100,77,65.2,23,-1.6,23.1,0.997,20.0,19.2,1.6,76.0,19.5,2367,24.90,18.5,13.010,26,90.0,23.1
641.2,86,640.0,24.0,0.0,89.4,100,77,65.9,23,-1.6,23.5,0.998,20.0,19.5,1.6,76.6,19.6,2362,24.93,18.8,13.004,26,89.8,23.6
644.0,87,640.0,24.7,0.0,89.4,100,77,67.2,23,-1.0,24.6,0.999,19.4,20.1,1.2,77.6,20.1,2362,25.28,19.3,12.960,27,89.7,24.2
646.8,87,640.0,25.0,9.0,89.4,100,77,67.0,23,-0.8,23.1,0.999,19.0,12.5,0.8,58.8,14.8,2340,21.67,18.3,12.955,27,88.5,25.5
649.6,87,632.5,13.3,8.7,89.4,100,75,42.9,23,-1.3,15.9,0.712,12.1,0.0,0.7,15.4,0.0,2270,4.78,0.8,12.880,27,0.0,9.2
652.4,87,619.3,7.4,51.3,89.4,101,72,17.2,23,-2.0,5.7,0.082,-10.5,0.0,0.0,12.5,0.0,2137,4.25,0.8,12.821,27,0.0,6.9
655.2,87,607.1,9.9,110.8,89.4,100,70,36.9,23,-0.8,9.8,1.013,36.0,7.5,-2.7,25.8,5.8,2099,7.36,2.7,12.880,27,16.2,6.7
658.0,87,604.0,4.7,0.0,89.4,100,67,16.3,23,-1.8,8.0,0.932,36.8,8.6,1.3,27.8,8.5,2041,8.83,4.6,12.960,27,47.9,5.2
660.8,87,597.6,8.6,52.5,89.1,99,66,24.6,23,-1.5,8.6,0.942,34.6,9.4,2.8,33.2,10.6,2028,10.37,6.5,12.957,27,84.3,9.8
663.6,86,596.0,13.5,50.2,89.0,99,66,43.7,23,-0.8,14.2,1.011,26.7,14.8,-5.3,64.0,19.6,2186,23.81,18.8,12.880,27,89.2,18.2
666.4,86,596.0,20.3,21.9,89.0,99,66,60.1,23,-0.8,23.6,1.005,15.0,19.6,-0.8,79.6,19.6,2137,23.66,19.1,12.934,27,90.0,23.5
669.2,86,597.4,28.2,0.0,89.0,100,67,73.7,23,-0.8,29.8,1.003,13.1,23.0,0.3,83.6,22.5,2359,27.06,22.8,12.960,27,88.4,28.1
672.0,86,604.0,32.5,0.0,89.0,100,68,71.3,23,-0.8,15.2,1.002,21.6,16.2,-0.6,58.8,18.0,2356,23.46,22.6,12.960,27,87.5,29.8
674.8,86,604.0,21.3,8.7,89.0,99,68,63.6,23,-0.8,12.9,1.000,25.7,10.9,-2.2,32.5,9.4,2034,8.94,9.4,12.960,27,93.6,14.1
677.6,86,604.0,21.5,9.0,89.0,99,67,60.7,23,-0.9,24.2,0.998,14.0,20.4,-1.6,81.2,21.2,2112,25.14,21.5,12.960,27,90.1,24.5
680.4,86,605.7,31.1,0.0,89.0,100,68,75.3,23,-1.6,33.7,1.010,13.0,24.2,0.1,83.9,23.2,2410,27.97,24.9,12.960,27,87.9,30.4
683.2,86,612.0,31.4,0.0,89.0,100,70,74.5,23,-1.6,32.4,1.000,13.9,24.9,1.6,83.8,24.3,2606,30.36,24.9,12.960,27,87.3,29.8
686.0,86,615.0,32.2,1.7,89.0,100,71,74.1,23,-1.6,30.9,0.997,15.7,22.9,1.8,81.0,23.7,2572,30.26,27.1,12.961,27,86.3,32.9
688.8,86,618.1,29.2,1.4,89.0,100,73,72.2,23,-1.4,29.1,0.999,17.8,20.1,0.9,77.0,21.2,2212,24.44,21.6,13.000,27,88.8,27.2
691.6,86,620.0,23.7,2.7,88.9,100,73,68.2,23,-0.8,26.7,0.997,16.0,21.2,3.1,79.2,20.8,2247,25.00,21.4,12.978,27,74.6,21.0
694.4,86,620.0,17.9,13.0,88.6,99,73,60.4,23,-0.8,20.4,0.999,18.6,20.3,2.3,77.8,20.2,2262,24.94,20.5,12.960,27,66.4,17.8
697.2,86,620.0,15.7,0.0,88.9,99,74,53.4,23,-0.8,18.1,1.003,21.9,18.1,0.9,73.1,18.7,2257,23.65,18.4,12.960,27,90.2,22.4
700.0,87,620.0,16.3,2.4,89.0,99,74,50.6,23,-0.8,16.1,1.006,24.7,15.4,-0.7,63.7,15.7,2237,19.40,12.2,12.960,27,92.2,18.5
702.8,87,620.0,18.4,4.3,88.9,99,73,55.2,23,-0.8,17.6,0.999,22.0,16.9,0.8,71.0,17.6,2246,21.52,15.0,12.960,27,92.0,19.5
705.6,87,620.0,23.9,0.0,88.6,100,75,69.0,23,-0.8,22.3,0.999,19.6,18.7,1.2,74.3,18.8,2260,23.55,18.5,12.960,27,90.7,23.5
708.4,87,620.0,25.5,6.1,88.6,100,75,69.8,23,-0.8,26.1,1.000,16.6,20.9,1.4,79.0,20.8,2295,25.31,21.6,12.960,27,89.4,26.3
711.2,87,622.0,20.3,30.3,88.6,100,74,65.2,23,-0.8,22.8,1.001,13.3,21.4,0.8,82.2,22.7,2450,28.43,23.5,12.960,27,54.9,14.6
714.0,87,622.9,16.4,42.9,88.5,99,73,54.7,23,-0.8,5.5,1.002,2.0,6.7,0.0,26.7,15.4,2233,19.42,15.8,12.960,27,67.1,12.0
716.8,87,620.0,23.9,0.0,88.2,100,70,72.2,23,-0.8,21.0,0.992,9.7,15.7,2.2,54.8,17.3,2205,19.71,15.4,12.960,27,92.0,18.7
719.6,87,620.0,29.1,0.0,88.2,100,70,75.0,23,-1.2,32.2,0.991,14.0,23.7,3.2,82.4,23.6,2361,27.33,24.4,12.960,27,88.2,29.0
722.4,87,624.4,34.9,0.0,88.2,100,71,76.1,23,-1.6,37.9,0.997,13.1,27.5,1.6,85.9,27.8,2650,32.08,34.1,12.960,27,84.6,36.0
725.2,87,629.1,39.0,0.0,88.2,100,71,74.4,23,-1.6,39.2,0.999,14.5,27.5,2.1,84.8,27.8,2699,32.50,34.1,12.960,27,48.1,38.9
728.0,87,632.0,38.4,0.0,88.2,100,73,71.4,23,-1.6,31.5,1.000,17.1,22.4,1.6,78.6,22.3,2529,26.05,26.6,12.960,27,0.0,35.1
730.8,87,631.9,16.9,0.0,88.2,100,73,41.7,23,-1.9,20.0,1.005,25.2,16.9,-0.3,68.1,14.6,2204,14.32,7.8,12.960,27,0.0,15.3
733.6,87,630.1,11.4,0.0,88.2,100,71,23.5,23,-2.0,8.9,1.011,38.1,14.0,-3.9,52.5,15.3,2125,18.62,13.7,12.960,27,0.0,12.3
736.4,87,627.1,15.7,0.5,88.2,100,70,53.3,23,-0.8,16.1,0.994,26.5,5.1,0.8,31.4,10.6,2100,13.36,11.4,12.960,27,40.2,12.0
739.2,87,624.0,13.7,3.5,88.2,99,70,51.8,23,-0.8,16.1,0.998,24.6,10.2,0.0,41.3,11.5,2113,13.49,10.8,12.960,27,93.4,15.5
742.0,87,621.0,23.4,1.2,88.2,100,72,61.8,23,-0.8,20.3,1.000,21.3,16.6,-1.6,65.3,16.3,2190,19.10,14.0,12.960,27,91.8,23.9
744.8,87,620.0,17.6,0.0,88.2,100,74,54.7,23,-1.1,22.6,0.840,15.7,21.4,0.8,80.4,21.2,2437,22.55,11.0,12.960,27,72.9,13.1
747.6,87,617.3,7.6,7.0,88.2,100,76,11.9,23,-2.3,5.1,0.001,-9.5,0.0,0.2,33.1,15.2,2338,22.51,14.7,12.960,27,74.0,10.9
750.4,87,608.0,16.1,42.0,88.2,99,76,22.8,23,-1.2,10.4,0.659,11.4,7.8,-1.1,35.1,14.3,2282,22.39,17.6,12.915,27,89.9,20.1
753.2,87,608.0,29.9,13.2,88.2,100,75,52.4,23,-1.2,23.7,1.006,23.1,18.1,-1.4,65.9,18.6,2326,23.22,18.1,12.800,27,88.6,29.4
756.0,87,612.1,39.6,0.0,88.2,100,74,76.4,23,-1.6,38.1,0.995,14.0,27.4,1.7,85.8,27.5,2700,32.99,33.3,12.880,27,86.3,37.7
758.8,87,617.3,40.3,0.0,88.2,100,74,74.4,23,-1.5,39.8,0.994,17.5,31.0,3.1,83.5,30.5,2953,34.88,32.8,12.880,27,83.7,37.3
761.6,87,619.0,27.8,0.0,88.2,100,75,68.2,23,-0.8,11.4,1.003,14.9,9.2,1.6,40.4,12.5,2573,18.94,17.7,12.914,27,54.4,26.2
764.4,87,612.0,9.8,0.0,88.2,100,74,38.9,23,-0.8,10.4,0.988,16.8,0.0,2.7,15.1,0.0,2192,4.46,1.6,12.960,27,12.7,11.6
767.2,87,608.9,18.0,8.9,88.2,100,73,49.3,23,-0.8,16.7,0.991,18.6,6.7,3.8,31.1,4.2,2182,7.34,4.6,12.960,27,62.4,20.0
770.0,87,610.4,19.2,16.2,88.2,100,74,51.4,23,-1.2,19.6,0.771,13.1,17.1,1.4,73.8,17.8,2262,21.42,12.9,12.960,27,86.2,18.5
772.8,87,607.2,15.4,15.8,88.2,99,74,30.4,23,-2.2,5.6,0.037,-10.0,0.0,0.0,13.3,0.0,2200,8.38,5.0,12.960,27,43.4,14.2
775.6,87,600.0,10.6,8.0,88.2,99,73,57.3,23,-0.8,7.8,1.011,24.4,5.4,-1.5,23.6,6.7,2180,8.60,3.8,12.960,27,41.6,13.7
778.4,87,600.0,7.8,0.0,88.2,100,72,27.5,23,-1.7,7.8,0.997,36.6,12.1,-3.3,47.1,14.0,2191,15.60,9.5,12.960,27,92.5,18.6
781.2,87,600.0,20.1,0.0,88.2,100,73,41.9,23,-2.0,17.4,0.990,29.7,19.8,-3.7,77.8,20.6,2257,24.05,20.8,12.960,27,88.6,27.1
784.0,87,601.7,32.4,0.7,88.2,100,74,75.6,23,-1.6,35.3,0.997,13.6,29.0,1.6,87.1,29.8,2725,34.10,34.0,12.960,27,85.6,35.8
786.8,87,605.9,39.2,3.5,88.2,100,75,73.8,23,-1.6,38.0,0.998,20.0,30.6,2.1,83.0,30.9,3005,36.39,34.5,12.960,27,83.9,39.9
789.6,87,612.4,37.6,11.2,88.2,100,76,76.9,23,-1.6,36.6,0.999,20.7,29.0,1.4,81.6,29.7,3174,38.10,30.5,12.932,27,83.5,37.0
792.4,87,620.0,34.9,6.9,88.2,100,77,73.0,23,-1.6,32.0,1.003,22.2,26.6,1.4,80.2,27.1,3212,38.18,28.4,12.892,27,82.4,35.1
795.2,86,622.8,32.4,2.4,88.2,100,78,71.0,23,-1.6,29.9,1.002,22.9,24.8,2.0,78.0,24.8,3243,36.97,25.7,12.960,27,82.7,31.8
798.0,86,624.0,24.3,14.5,88.2,100,80,67.4,23,-1.6,29.9,0.995,21.2,23.8,0.8,78.0,23.1,3436,36.57,20.0,12.900,27,84.9,27.7
800.8,86,625.1,19.1,28.4,88.2,99,81,59.4,23,-1.6,25.9,0.998,17.0,21.6,-1.6,80.2,22.3,2790,30.83,21.4,12.924,27,86.8,26.6
803.6,86,628.0,27.5,0.0,88.2,100,82,69.8,23,-1.6,26.8,1.000,17.3,21.6,-0.6,80.6,21.8,2519,27.88,22.4,12.931,27,87.8,27.5
806.4,86,628.0,26.7,0.0,88.2,100,82,68.7,23,-1.6,26.6,1.000,17.8,21.4,0.3,80.1,21.5,2529,27.95,22.2,12.911,27,87.9,26.7
809.2,86,631.1,26.4,0.0,88.2,100,81,69.1,23,-1.6,26.7,0.999,17.6,21.5,0.8,80.2,21.5,2494,27.53,21.8,13.026,27,88.2,26.3
812.0,87,634.4,28.4,1.3,88.0,100,81,70.1,23,-1.6,27.8,0.998,17.2,22.1,0.9,81.8,22.4,2529,28.88,24.3,12.800,27,87.7,28.9
814.8,87,636.0,28.8,2.8,87.8,100,81,70.5,23,-1.6,29.4,0.998,18.0,22.7,1.6,79.2,22.7,2661,29.28,24.0,12.896,27,87.5,29.2
817.6,87,636.0,24.3,5.0,87.8,100,81,69.8,23,-1.6,22.4,1.001,20.0,19.4,0.6,70.9,17.0,2529,21.03,16.2,12.960,27,89.3,23.7
820.4,87,636.0,10.2,23.5,87.8,99,79,46.2,23,-0.3,16.1,1.008,26.1,15.5,-2.6,58.6,13.0,2396,13.65,5.0,12.960,27,93.7,9.8
823.2,87,631.5,12.1,15.2,87.7,98,78,35.9,23,0.8,12.1,1.010,31.6,12.6,-5.8,46.4,14.1,2350,16.93,9.8,12.960,27,93.4,12.2
826.0,87,626.7,11.2,5.2,87.6,98,77,40.2,23,0.7,16.0,0.999,25.5,14.9,2.3,56.9,14.9,2359,20.25,8.5,12.859,28,93.3,12.3
828.8,87,621.9,5.2,0.0,87.8,100,77,11.8,23,-2.3,5.5,0.206,0.4,4.6,0.8,29.0,5.9,2298,12.54,4.5,12.865,28,60.7,9.6
831.6,87,608.0,5.9,0.0,87.5,100,74,12.8,23,-2.3,5.7,0.502,12.2,2.8,2.5,16.6,2.8,2225,5.86,1.0,12.960,28,0.0,6.1
834.4,87,600.3,10.4,0.0,87.7,100,73,28.6,23,-1.8,9.5,0.920,33.7,7.8,5.6,26.2,8.3,2179,8.44,3.5,12.960,28,0.0,9.4
837.2,87,596.0,15.2,25.5,87.7,100,72,51.3,23,-0.8,16.6,0.999,25.0,16.1,0.8,63.9,16.5,2312,17.96,10.8,12.909,28,0.0,14.5
840.0,86,596.0,18.7,67.2,87.5,100,73,57.3,23,-0.8,17.6,0.995,23.4,16.1,1.4,65.3,16.5,2288,21.32,15.1,12.880,28,37.6,19.4
842.8,86,596.3,20.0,12.2,87.5,99,75,54.1,23,-0.8,15.2,1.002,24.9,15.2,0.7,61.3,16.3,2275,20.84,14.7,12.907,28,91.6,19.7
845.6,86,600.0,18.4,2.7,87.7,99,75,56.5,23,-0.8,16.0,1.000,24.8,15.1,0.8,59.4,16.1,2281,20.30,12.9,12.960,28,92.2,17.3
848.4,86,600.0,11.2,0.0,87.7,99,75,43.2,23,-1.3,14.3,1.000,25.4,15.1,1.8,62.6,16.0,2300,20.37,12.9,12.960,28,92.1,15.2
851.2,86,597.4,5.7,0.0,87.5,100,74,17.7,23,-2.3,7.1,1.013,37.5,7.1,-4.7,23.1,6.7,2236,12.89,7.4,12.960,28,79.7,10.3
854.0,86,591.8,6.7,0.0,87.5,100,72,21.2,23,-2.3,7.5,1.007,35.3,10.6,-4.7,36.6,10.2,2223,12.68,7.1,12.960,28,75.9,9.0
856.8,86,588.0,17.3,0.8,87.5,99,71,41.5,23,-1.5,12.2,1.001,29.9,13.7,-3.0,51.7,14.3,2224,17.71,12.3,12.960,28,92.2,17.3
859.6,86,590.2,18.9,0.4,87.5,99,71,57.6,23,-0.8,17.5,0.997,25.1,14.8,0.8,60.4,16.1,2162,21.35,14.9,12.981,28,91.9,19.3
862.4,86,592.0,18.8,3.7,87.5,99,71,58.4,23,-0.8,17.5,0.992,37.5,11.0,0.8,42.4,14.5,2150,18.25,12.1,12.968,28,92.6,17.3
865.2,86,591.5,15.3,13.2,87.5,99,71,41.6,23,-0.8,8.6,0.997,38.2,9.4,-1.1,37.8,11.2,2137,13.25,7.9,12.960,28,93.3,15.1
868.0,86,588.0,19.6,0.0,87.1,100,71,58.2,23,-0.8,18.4,0.992,27.5,14.2,-1.0,49.9,12.8,2208,13.96,8.0,12.960,28,93.0,15.9
870.8,86,592.6,26.2,0.0,87.1,100,72,69.6,23,-1.0,28.2,0.988,13.8,23.2,1.6,84.3,23.5,2450,29.03,25.1,12.960,28,86.2,31.0
873.6,86,598.5,32.2,0.0,87.1,100,73,73.7,23,-1.6,33.7,0.997,16.0,24.7,2.3,82.7,24.4,2682,31.43,27.3,12.960,27,86.1,32.3
876.4,86,604.7,34.3,0.0,87.1,100,75,73.7,23,-1.6,33.7,0.998,16.0,24.4,1.9,82.3,24.7,2775,32.68,28.6,12.960,27,85.9,33.8
879.2,86,612.0,37.3,0.0,87.1,100,74,74.2,23,-1.6,36.3,0.998,15.3,25.4,1.9,82.8,25.4,2771,32.97,29.4,12.960,27,85.8,34.5
882.0,86,614.7,38.0,2.0,87.1,100,73,74.1,23,-1.6,38.0,0.996,14.5,26.6,2.3,83.8,26.7,2757,33.15,32.5,12.960,27,84.7,38.4
884.8,86,619.5,37.0,5.0,87.1,100,73,73.7,23,-1.6,37.2,0.994,14.5,26.3,2.3,83.1,26.7,2711,31.86,32.0,13.000,27,85.4,37.5
887.6,86,624.0,32.7,8.0,87.1,100,73,73.7,23,-1.6,28.6,1.011,18.7,20.5,1.3,76.3,22.0,2436,27.80,27.1,12.994,27,87.2,33.0
890.4,86,624.0,20.0,9.5,87.1,100,75,61.5,23,-1.0,21.9,1.006,21.4,17.4,1.5,69.3,18.2,2265,23.34,19.9,12.941,27,82.6,24.5
893.2,87,624.0,23.8,5.2,87.1,100,75,64.0,23,-0.8,22.3,1.001,20.8,17.7,1.9,63.6,13.3,2294,19.14,14.0,12.885,27,51.4,21.2
896.0,87,621.8,22.6,31.2,87.1,100,76,69.1,23,-0.8,27.1,1.002,16.7,21.1,0.8,60.5,0.8,2325,5.80,0.8,12.960,27,11.6,9.6
898.8,87,621.3,25.8,45.7,87.1,100,76,71.1,23,-0.8,29.8,1.013,12.0,26.7,0.8,87.5,26.7,2515,24.23,20.3,12.960,27,47.1,22.0
901.6,87,624.5,38.8,4.1,87.1,100,75,75.3,23,-1.6,37.7,1.002,13.8,27.0,1.3,85.8,26.7,2695,32.45,32.4,12.991,27,85.8,37.5
904.4,87,628.0,38.4,0.0,87.1,100,75,74.2,23,-1.6,38.9,1.001,14.7,26.6,1.9,82.7,24.6,2702,31.09,29.8,13.040,27,82.8,36.7
907.2,87,630.7,27.4,0.0,87.1,100,75,63.8,23,-1.3,30.1,1.002,18.0,23.5,2.2,76.2,20.1,2468,24.43,17.3,13.040,27,65.5,22.4
910.0,87,630.2,24.0,1.0,87.1,100,75,58.6,23,-1.0,17.4,1.001,25.8,14.9,1.6,55.3,16.9,2312,22.22,16.6,12.979,27,76.8,24.7
912.8,87,629.1,29.0,2.0,87.1,100,78,72.0,23,-1.6,30.6,0.998,16.0,23.5,1.6,74.4,22.0,2601,28.36,23.0,12.960,27,83.9,29.3
915.6,87,632.4,33.3,0.0,87.1,100,82,69.8,23,-1.6,32.7,0.998,18.8,25.1,1.6,79.7,25.0,2865,32.55,27.3,12.960,27,85.8,33.3
918.4,87,636.0,33.3,0.0,87.1,100,83,69.3,23,-1.6,33.1,1.000,20.0,25.7,1.6,79.1,25.9,2996,33.69,27.3,12.960,27,85.5,33.3
921.2,87,636.0,33.3,0.0,87.1,100,83,69.7,23,-1.6,33.2,1.000,19.9,25.6,1.6,79.0,26.0,2982,33.31,26.7,12.960,27,85.5,32.9
924.0,87,638.0,34.0,5.3,87.1,100,83,70.8,23,-1.6,33.9,0.997,19.4,26.0,1.6,80.0,26.3,2937,33.54,28.2,12.896,27,85.5,34.3
926.8,87,641.3,35.5,10.8,87.1,100,82,71.5,23,-1.6,35.0,0.999,18.5,27.1,0.8,81.2,26.9,2947,33.88,29.5,12.928,27,85.1,35.9
929.6,87,644.0,37.1,6.6,87.1,100,81,72.2,23,-1.6,37.3,1.001,18.5,27.8,2.3,81.7,27.7,2936,34.34,30.9,12.960,27,84.7,37.3
932.4,87,644.0,38.8,0.0,87.1,100,79,73.2,23,-1.6,38.2,0.999,17.0,28.2,2.1,82.4,28.2,2905,34.57,32.2,12.944,26,77.5,38.4
935.2,87,646.8,39.6,0.0,87.1,100,78,74.5,23,-1.6,39.4,0.999,15.4,28.2,1.0,83.2,28.3,2857,34.36,33.7,12.880,26,0.0,39.2
938.0,87,649.9,40.9,1.7,87.1,100,76,75.3,23,-1.6,40.7,1.000,15.0,28.2,1.6,83.5,28.6,2812,34.52,36.1,12.941,25,0.0,41.1
940.8,87,653.0,42.0,3.5,87.1,100,74,75.3,23,-1.6,42.0,0.998,14.5,28.2,1.6,85.9,28.6,2769,34.05,36.1,12.960,25,0.0,42.0
943.6,87,656.0,42.0,0.0,87.1,100,73,76.1,23,-1.6,41.7,0.998,14.2,28.4,2.0,85.0,28.6,2744,33.51,36.1,12.960,25,18.7,42.0
946.4,87,656.0,41.6,3.9,87.1,100,73,75.6,23,-1.6,41.6,0.998,14.2,28.4,2.0,84.3,28.6,2743,33.20,36.1,12.953,25,85.5,42.0
949.2,87,658.5,42.1,2.3,87.1,100,74,75.3,23,-1.6,41.5,1.003,14.6,28.2,1.6,84.3,28.6,2767,33.63,36.5,12.880,25,85.5,42.0
952.0,87,660.0,37.2,0.0,87.1,100,76,74.3,23,-1.6,40.1,1.012,15.0,28.2,1.6,84.7,28.6,2837,33.99,33.1,12.935,24,85.5,35.7
954.8,87,660.0,30.2,1.0,87.1,100,78,70.6,23,-1.6,32.2,1.000,14.0,25.1,1.6,83.9,26.8,2701,32.34,31.0,12.960,24,85.7,33.1
957.6,87,660.0,36.9,8.8,87.1,100,77,72.9,23,-1.6,35.5,0.998,15.1,25.7,1.9,83.0,26.2,2664,31.61,30.6,12.960,24,85.8,36.0
960.4,87,660.0,37.2,4.8,86.9,100,76,74.1,23,-1.6,37.1,0.997,15.7,26.4,2.3,82.8,26.7,2725,32.29,31.8,12.960,24,85.5,37.6
963.2,87,662.1,37.6,1.4,86.9,100,75,74.5,23,-1.6,37.1,0.998,15.1,26.7,2.3,84.3,26.7,2725,32.48,32.2,12.960,24,85.5,37.4
966.0,87,664.0,36.8,0.0,87.1,100,75,74.2,23,-1.6,37.3,0.998,15.5,26.3,2.3,83.1,26.4,2744,32.68,31.9,12.960,24,85.7,35.8
968.8,87,664.0,33.0,2.0,87.1,100,76,72.2,23,-1.6,32.9,0.998,17.4,24.6,1.8,81.7,24.9,2722,31.73,28.8,12.960,24,86.5,32.9
971.6,87,664.0,25.1,22.8,87.1,100,77,68.7,23,-1.6,27.7,0.998,18.5,21.3,1.6,76.4,20.9,2578,26.68,21.2,12.960,24,76.7,27.4
974.4,87,661.1,17.1,7.5,87.1,100,77,53.6,23,-0.5,16.6,1.000,13.5,12.8,1.1,55.6,12.7,2349,16.37,9.7,12.960,24,24.7,12.9
977.2,87,651.2,9.3,0.0,87.1,100,76,32.5,23,-0.1,6.5,0.781,1.7,0.6,0.0,13.9,0.2,2287,4.67,0.8,12.960,24,6.1,7.3
980.0,87,639.9,5.2,0.0,87.1,101,74,13.3,23,-2.3,6.2,0.000,-9.0,5.1,0.0,16.9,4.7,2200,5.90,1.1,12.960,24,0.0,5.3
982.8,87,631.3,6.5,1.7,87.1,101,72,13.3,23,-2.3,14.5,0.672,11.7,11.8,3.8,43.2,10.4,2212,12.82,6.6,12.930,24,16.8,9.3
985.6,87,624.0,22.4,55.2,87.1,100,73,48.0,23,-1.4,19.5,0.941,19.6,17.3,5.0,69.3,17.4,2245,21.61,16.0,12.889,24,62.1,21.8
988.4,86,626.7,26.8,22.3,87.1,100,73,70.0,23,-1.1,26.0,0.995,16.7,20.9,2.8,80.3,21.7,2333,26.59,23.1,12.960,24,87.8,27.8
991.2,86,630.0,32.2,0.0,87.1,100,74,74.7,23,-1.6,31.8,0.997,13.2,24.4,1.6,83.9,25.1,2650,31.38,28.1,12.960,24,86.5,32.7
994.0,86,633.2,36.1,1.0,87.1,100,75,75.3,23,-1.6,36.5,0.998,14.5,26.3,2.3,84.7,26.3,2749,33.38,31.5,12.912,23,85.3,36.7
996.8,86,636.3,38.0,4.2,87.1,100,75,75.3,23,-1.6,38.0,0.999,14.5,26.6,1.9,85.4,26.7,2781,34.06,32.7,12.908,23,84.9,38.3
999.6,86,640.0,37.6,5.2,87.1,100,75,75.3,23,-1.6,37.6,0.999,14.5,26.5,1.9,85.3,26.7,2759,33.61,32.3,12.960,23,85.6,37.9
1002.4,86,642.7,33.1,11.6,87.1,100,74,74.6,23,-1.6,34.5,1.000,14.6,25.6,2.0,84.2,26.2,2707,32.91,31.4,12.960,23,86.3,34.1
1005.2,86,644.0,32.2,9.2,87.1,100,73,73.7,23,-1.6,30.1,1.003,15.0,23.2,0.8,83.5,23.1,2537,29.57,25.1,12.960,23,87.1,32.3
1008.0,86,645.0,34.2,1.1,87.0,100,73,73.7,23,-1.6,34.1,0.999,15.5,25.1,2.3,83.2,24.8,2632,30.96,27.3,12.960,23,86.9,32.7
1010.8,86,648.1,34.5,6.0,86.7,100,73,73.7,23,-1.6,34.1,0.999,15.5,25.1,2.3,83.1,25.5,2691,32.02,29.1,12.940,23,86.2,34.7
1013.6,86,652.0,35.7,1.8,86.7,100,74,73.7,23,-1.6,35.4,0.999,15.3,25.5,2.1,83.5,25.9,2725,32.73,29.8,12.882,23,85.9,35.7
1016.4,86,652.0,37.9,0.0,86.7,100,74,74.2,23,-1.6,38.1,0.999,14.9,26.6,1.5,84.8,27.6,2787,34.30,34.1,12.960,23,85.0,38.8
1019.2,86,653.3,40.0,0.7,86.8,100,73,75.3,23,-1.6,41.9,1.001,14.5,29.0,0.8,86.3,29.8,2768,34.85,36.4,12.960,23,84.7,41.3
1022.0,86,656.0,40.2,2.8,87.1,100,72,75.3,21,-1.6,33.3,1.003,15.6,25.8,1.8,83.9,26.6,2652,32.61,32.9,12.960,22,85.3,38.9
1024.8,86,656.0,32.9,8.8,87.1,100,71,74.1,21,-1.6,28.7,1.002,17.0,21.7,2.0,76.5,20.4,2416,25.35,23.5,12.926,21,77.4,29.6
1027.6,86,653.2,22.2,3.2,87.1,100,69,70.5,21,-1.3,26.2,1.001,15.9,20.4,1.4,70.8,15.1,2113,14.19,12.2,12.800,21,31.8,15.7
1030.4,86,652.0,27.2,0.0,87.1,100,66,70.3,21,-1.0,29.0,0.999,10.7,25.3,0.8,86.3,28.6,2125,26.60,29.2,12.926,22,70.0,30.8
1033.2,86,653.2,42.0,0.5,87.1,100,63,77.7,21,-1.6,40.8,0.996,13.0,31.4,1.6,87.5,31.2,2485,31.29,37.5,12.960,22,86.1,42.2
1036.0,87,656.4,47.3,2.6,87.1,100,63,78.4,21,-1.6,47.3,1.001,14.0,31.9,0.6,87.8,32.4,2716,34.54,41.9,12.930,21,85.1,46.8
1038.8,87,660.0,37.6,11.2,87.1,100,63,76.4,21,-1.6,42.5,0.998,13.8,30.4,1.2,87.3,30.9,2730,34.55,41.8,12.893,21,77.0,47.7
1041.6,87,662.4,40.6,6.9,87.1,100,63,75.9,21,-1.6,39.8,0.995,13.2,28.2,3.0,86.4,27.9,2601,31.86,33.7,12.960,21,0.0,40.4
1044.4,87,665.3,44.0,1.9,87.1,100,64,77.0,21,-1.6,44.8,0.998,14.0,30.6,1.6,87.1,30.6,2749,33.73,38.2,12.960,21,0.0,42.5
1047.2,87,668.5,46.2,0.0,87.1,100,65,77.6,21,-1.6,46.3,0.998,14.4,30.6,1.6,86.9,30.6,2757,34.51,40.4,12.960,21,0.0,44.9
1050.0,87,672.0,44.7,0.0,87.1,100,64,77.1,21,-1.6,46.1,0.999,14.5,30.6,1.2,87.0,30.8,2784,34.56,40.0,12.945,21,9.7,45.3
1052.8,87,672.0,43.6,0.0,87.1,100,63,76.5,21,-1.6,44.9,0.999,14.6,30.6,1.0,87.4,30.9,2828,34.61,38.4,12.880,21,84.3,43.5
1055.6,87,673.9,43.8,0.0,87.1,100,64,76.3,21,-1.6,43.1,0.999,15.1,30.6,1.5,87.1,30.6,2850,35.19,38.4,12.940,21,84.0,43.2
1058.4,87,676.0,43.6,0.0,87.1,100,65,76.7,21,-1.6,43.1,1.002,16.0,30.6,0.0,85.1,30.6,2902,35.49,36.3,12.916,21,84.1,41.7
1061.2,87,676.0,39.2,0.0,87.1,100,67,72.9,21,-1.6,40.3,1.000,17.8,30.8,0.4,83.9,31.0,2983,36.08,34.0,12.905,21,83.9,39.6
1064.0,87,675.9,38.6,0.0,87.1,100,68,75.3,21,-1.6,38.8,0.999,18.5,31.3,0.6,83.7,31.6,3116,37.46,32.2,12.960,21,82.7,38.0
1066.8,87,676.0,38.6,0.0,87.1,100,70,77.6,21,-1.6,38.5,0.998,17.5,32.2,0.0,87.1,32.5,3387,42.00,32.2,12.960,21,81.1,38.5
1069.6,87,676.0,37.9,15.0,87.1,100,71,77.5,21,-1.6,38.8,0.988,17.0,32.2,0.6,86.5,32.0,3421,42.38,31.0,12.960,21,43.2,38.2
1072.4,87,675.7,34.7,73.5,87.1,100,71,70.6,21,-1.6,29.8,0.995,21.2,24.2,1.3,79.1,25.9,2812,34.45,28.1,12.960,21,26.4,35.3
1075.2,87,672.0,29.8,10.5,86.8,99,69,72.2,21,-1.6,29.0,1.001,19.2,21.5,1.6,77.4,21.8,2262,25.88,25.1,12.945,21,88.4,30.0
1078.0,87,672.0,31.6,6.1,87.0,100,69,72.5,21,-1.6,31.3,1.001,15.1,24.3,1.6,83.5,24.3,2551,29.28,26.7,12.883,21,86.7,32.2
1080.8,87,672.0,32.6,2.1,86.9,100,70,72.2,21,-1.6,32.6,0.999,16.5,24.4,1.6,82.0,24.4,2625,30.38,27.1,12.960,21,87.3,32.7
1083.6,87,672.0,34.5,0.0,86.7,100,71,72.7,21,-1.6,34.0,1.001,16.5,25.1,1.6,82.4,26.3,2644,31.12,29.6,12.960,21,86.4,35.2
1086.4,87,672.0,38.9,0.0,86.7,100,71,75.3,21,-1.6,39.6,1.001,14.6,26.8,1.6,84.2,27.5,2679,31.98,34.4,12.960,21,85.1,39.8
1089.2,87,672.0,43.1,0.0,87.1,100,72,75.9,21,-1.6,40.1,0.997,16.5,29.3,1.6,84.2,29.4,2838,33.74,36.7,12.960,21,84.4,43.9
1092.0,87,672.0,35.7,17.1,87.1,99,73,70.6,21,-1.6,34.6,0.998,23.6,25.5,1.6,72.3,25.1,2905,31.85,30.6,12.960,21,84.7,35.3
1094.8,87,665.8,19.2,13.2,87.1,99,72,49.4,21,-1.8,22.7,0.837,31.7,11.1,1.6,34.5,0.4,2162,5.23,0.8,12.960,21,26.3,15.4
1097.6,87,656.7,6.1,0.0,87.1,100,68,11.7,21,-2.3,4.7,0.000,-12.5,0.0,0.4,18.2,0.4,2036,4.29,0.8,12.960,21,1.8,5.6
1100.4,87,647.6,9.0,0.0,87.1,100,65,28.2,21,-1.1,7.9,0.734,20.7,6.2,-0.5,23.9,5.1,1932,4.31,0.8,12.960,21,2.9,5.8
1103.2,87,636.0,3.9,4.6,87.1,100,60,16.7,21,-1.7,7.1,0.487,17.1,5.8,-0.5,29.6,6.3,1779,5.11,0.7,12.951,21,0.0,4.3
1106.0,87,623.5,5.1,2.7,87.3,100,52,15.4,21,-2.3,5.6,0.000,-8.5,0.0,0.0,23.5,0.0,1515,5.49,0.4,12.880,21,0.0,5.9
1108.8,87,606.2,5.3,0.0,87.5,100,43,21.2,21,-2.3,5.7,0.000,-8.5,0.0,0.0,26.7,0.0,1363,5.21,0.4,12.933,21,0.0,5.7
1111.6,87,589.9,4.2,0.0,87.5,100,34,14.9,21,-2.3,3.9,0.001,-12.0,0.0,0.0,19.7,0.0,1318,4.04,0.4,12.924,21,0.0,5.0
1114.4,87,580.0,3.9,0.0,87.5,100,22,14.3,21,-2.3,3.9,0.000,-11.7,0.0,0.0,17.2,0.0,1212,3.03,0.4,12.899,21,0.0,3.9
1117.2,87,567.3,3.9,0.0,87.5,100,12,16.0,21,-5.9,5.0,0.488,-5.4,5.9,-0.5,34.1,4.3,1365,6.67,1.8,12.951,21,0.0,3.9
1120.0,87,561.6,12.8,0.0,87.5,100,12,36.6,21,-6.5,11.1,1.086,6.5,17.8,-1.5,76.6,18.5,2381,23.96,15.7,12.800,21,33.9,15.0
1122.8,87,561.7,23.8,0.0,87.5,99,19,67.7,21,-0.8,23.4,1.003,11.9,20.0,-0.8,81.6,20.4,1862,21.48,21.5,12.911,21,72.1,24.5
1125.6,86,568.7,31.3,0.0,87.4,99,28,76.9,21,-0.8,32.2,1.012,9.0,25.1,1.0,86.2,23.7,2000,23.63,25.6,12.960,21,89.1,30.3
1128.4,86,584.0,34.1,0.0,87.1,100,35,77.4,21,-0.8,33.7,1.005,9.0,26.2,1.6,89.2,26.5,2097,25.50,28.9,12.960,21,88.2,33.5
1131.2,86,593.6,36.6,5.1,87.1,100,38,78.6,21,-1.2,36.8,0.999,10.4,27.8,1.6,89.7,28.2,2231,26.86,32.6,12.953,21,88.1,36.5
1134.0,86,608.8,37.1,7.4,87.1,100,41,76.9,21,-1.6,37.5,0.997,13.9,28.2,1.3,87.6,28.9,2670,32.91,35.3,12.880,21,84.7,38.4
1136.8,86,621.5,33.4,13.3,87.1,99,45,72.3,20,-1.6,33.0,1.002,18.5,25.1,0.0,81.6,25.5,3012,34.37,28.7,12.880,20,85.2,34.9
1139.6,86,629.1,30.0,18.3,87.1,99,49,68.3,20,-1.6,25.1,1.010,17.0,20.8,-0.6,82.4,23.7,2320,27.92,27.3,12.924,20,86.8,32.7
1142.4,86,632.7,34.7,0.0,87.1,99,53,76.9,20,-1.0,33.3,1.006,13.9,25.1,0.5,85.9,26.1,2251,27.17,30.3,12.960,20,87.6,34.6
1145.2,86,640.0,42.7,0.0,87.1,100,54,77.4,20,-1.3,41.3,1.001,12.8,29.4,1.0,88.9,29.7,2564,31.67,35.8,12.960,20,85.9,41.2
1148.0,86,645.2,43.4,4.9,87.1,99,55,76.9,20,-1.6,44.0,0.997,14.8,31.4,0.3,88.8,31.4,2785,35.30,43.1,12.960,20,84.3,46.1
1150.8,86,651.6,41.7,5.7,87.1,99,57,76.6,20,-1.6,40.9,0.994,17.0,31.4,1.6,85.9,31.4,3037,36.53,35.5,12.960,20,83.5,42.3
1153.6,86,656.9,38.5,0.1,87.1,99,60,78.4,20,-1.6,38.4,1.007,18.0,32.0,-0.2,87.1,32.0,3295,40.31,32.3,12.960,20,82.0,39.0
1156.4,86,660.1,38.9,0.8,87.1,99,63,79.2,20,-1.6,35.1,1.002,19.5,29.2,-0.8,86.9,30.8,2938,36.95,33.6,12.960,20,81.7,40.2
1159.2,86,664.0,50.2,2.1,87.1,99,65,78.7,20,-1.6,41.9,1.000,18.7,30.2,-0.2,87.3,31.2,2481,30.63,37.3,12.964,20,85.8,45.9
1162.0,86,666.5,46.4,8.0,87.1,99,66,77.1,20,-1.6,47.4,1.003,16.5,35.4,0.8,89.1,35.7,2964,37.09,39.6,13.000,20,83.9,45.1
1164.8,86,668.0,43.0,7.1,87.1,99,67,76.4,20,-1.6,42.3,1.010,18.5,35.7,0.8,87.1,36.1,3175,39.24,36.6,12.986,20,82.6,43.1
1167.6,86,668.0,42.1,0.0,87.1,99,69,80.1,20,-1.6,42.0,1.015,17.5,36.5,1.5,90.3,36.7,3334,42.79,35.7,12.969,20,40.4,42.2
1170.4,86,668.3,42.5,0.0,87.1,100,71,80.8,20,-1.6,42.0,0.988,16.1,36.8,1.1,90.3,37.1,3489,45.81,35.7,12.960,20,0.0,42.7
1173.2,86,672.0,44.7,0.0,87.1,100,73,82.3,20,-1.6,40.8,0.980,15.7,35.3,1.4,89.1,36.1,3656,48.82,35.6,12.939,20,0.0,43.5
1176.0,86,672.0,43.7,0.0,87.1,100,75,83.5,20,-1.6,41.2,0.981,16.6,33.0,2.5,87.6,33.6,3863,52.93,34.9,12.800,20,0.0,42.7
1178.8,86,672.0,41.3,0.0,87.1,100,76,82.8,20,-1.6,42.0,0.981,18.0,32.1,3.1,86.3,32.5,4124,56.74,34.1,12.920,20,0.0,42.0
1181.6,86,672.0,38.6,0.0,87.1,99,77,79.2,20,-1.6,37.3,0.981,18.5,29.8,4.7,84.7,31.0,4089,54.96,32.2,12.960,20,0.0,40.3
1184.4,86,672.0,36.8,0.7,87.1,99,77,70.6,20,-1.6,31.4,0.992,18.2,28.6,1.5,83.6,29.1,3880,49.75,29.1,12.960,20,22.2,37.5
1187.2,86,672.0,35.3,13.0,87.1,99,75,74.5,20,-1.6,34.2,0.996,17.6,28.6,-1.1,83.9,28.5,3659,44.78,26.8,12.960,20,81.0,33.7
1190.0,86,672.0,37.0,6.1,87.1,99,73,76.6,20,-1.6,36.9,0.996,17.3,30.1,-1.3,85.5,30.3,3573,44.39,30.6,12.960,20,0.0,36.8
1192.8,86,672.0,38.5,0.0,87.1,99,72,76.4,20,-1.6,38.1,0.996,18.5,31.4,0.8,85.9,31.8,3386,42.52,31.4,12.960,20,0.0,38.1
1195.6,86,672.0,39.0,0.0,87.1,99,70,77.6,20,-1.6,38.8,0.995,18.9,32.5,0.2,87.0,32.8,3292,40.87,32.3,12.960,20,0.0,39.0
1198.4,86,672.0,40.0,0.0,87.1,99,68,77.6,20,-1.6,39.9,0.995,19.0,33.8,0.0,87.5,34.0,3210,39.54,33.6,12.917,20,15.4,40.4
1201.2,86,676.0,42.1,0.0,86.8,99,68,75.7,20,-1.6,41.5,0.998,18.8,35.1,0.3,86.8,35.4,3152,38.44,35.5,12.806,20,83.9,42.7
1204.0,86,676.0,44.2,2.1,86.7,99,66,74.8,20,-1.6,43.5,1.001,18.3,36.3,0.8,85.3,36.9,3073,37.48,38.0,12.960,20,83.3,44.2
1206.8,86,676.0,46.8,3.0,86.7,99,64,75.4,20,-1.6,45.8,1.002,17.5,37.3,0.8,86.7,37.6,3000,36.67,40.5,12.960,20,83.6,46.6
1209.6,86,676.7,49.1,0.9,86.7,99,63,76.1,20,-1.6,49.8,0.992,16.7,37.3,1.4,88.5,37.6,2969,37.02,42.5,12.960,20,84.0,48.6
1212.4,86,680.0,47.5,7.8,86.3,98,62,75.5,20,-1.6,47.4,0.994,16.8,37.3,1.2,87.9,37.6,2960,36.90,43.3,12.960,20,84.3,49.2
1215.2,86,680.0,47.7,2.7,86.3,98,61,74.9,19,-1.6,46.7,0.996,17.0,37.4,0.8,86.4,37.7,2982,36.60,42.6,12.960,20,84.3,48.2
1218.0,86,680.0,48.0,3.1,86.3,98,60,75.0,19,-1.6,46.9,0.999,17.2,37.7,0.8,86.7,38.0,3012,37.99,41.6,12.960,19,83.4,48.2
1220.8,86,681.4,47.7,5.1,86.3,98,60,76.1,19,-1.6,46.3,1.002,18.5,39.2,0.0,86.7,39.3,3071,38.25,41.1,12.960,20,83.8,47.4
1223.6,86,684.0,46.7,0.0,86.3,98,60,76.1,19,-1.6,46.3,1.009,18.5,39.2,0.0,87.2,39.8,3087,37.94,40.6,12.960,20,83.8,46.7
1226.4,86,684.0,46.7,0.0,86.3,98,60,76.1,19,-1.6,46.5,1.003,18.5,39.4,0.3,87.5,40.0,3091,37.69,40.4,12.948,20,82.8,46.7
1229.2,86,686.8,47.0,3.6,86.3,98,59,76.1,19,-1.6,46.7,1.000,18.5,39.7,0.8,87.4,40.1,3100,38.04,40.4,12.880,19,83.9,46.7
1232.0,86,688.0,47.1,3.6,86.3,98,58,76.1,19,-1.6,46.7,1.002,18.5,40.0,0.8,87.1,40.4,3100,37.80,40.8,12.988,19,83.4,47.0
1234.8,86,689.0,47.3,0.0,86.2,98,58,76.1,19,-1.6,46.7,0.998,18.5,40.4,1.4,88.2,40.4,3116,38.83,40.8,12.946,19,83.5,47.5
1237.6,86,692.0,47.8,0.0,85.9,98,58,75.3,19,-1.6,47.2,0.997,18.5,40.6,1.2,87.9,40.6,3115,39.09,40.8,12.912,19,83.6,48.0
1240.4,86,694.8,47.3,5.1,85.9,98,58,76.1,19,-1.6,47.2,0.997,18.7,40.8,0.4,87.5,40.8,3108,38.42,40.8,13.000,19,82.7,47.1
1243.2,86,696.0,46.9,6.2,85.9,98,57,77.1,19,-1.6,46.7,0.998,19.0,40.8,-0.8,89.0,40.8,3162,39.04,40.4,12.972,19,82.7,46.9
1246.0,86,696.8,46.9,3.2,85.9,98,57,77.6,19,-1.6,46.7,0.994,19.0,41.2,-0.3,89.5,41.3,3162,39.52,40.6,12.960,19,52.8,47.0
1248.8,86,700.0,47.8,0.0,85.5,98,57,80.4,19,-1.6,47.6,0.987,18.5,42.8,0.3,91.0,42.7,3199,40.78,41.1,12.943,19,0.0,47.6
1251.6,86,700.0,48.3,6.1,85.5,98,58,81.2,19,-1.6,48.4,0.982,17.9,44.9,1.0,93.0,44.9,3282,42.94,42.0,12.880,19,0.0,48.6
1254.4,86,697.9,49.2,5.3,85.5,98,58,81.0,19,-1.6,48.8,0.981,17.4,45.6,1.6,93.3,46.3,3350,43.70,42.6,12.944,19,0.0,49.4
1257.2,86,697.3,50.2,0.0,85.4,98,59,81.7,18,-1.6,49.4,0.980,16.5,47.1,1.6,93.7,47.5,3368,44.85,43.7,12.960,18,0.0,50.4
1260.0,86,700.0,51.4,0.0,85.1,98,60,82.4,18,-1.6,51.0,0.980,17.1,47.3,1.6,93.9,47.8,3341,44.70,44.7,12.960,18,0.0,51.2
1262.8,86,699.9,52.0,7.4,84.8,98,60,82.4,18,-1.6,51.4,0.980,17.3,47.7,1.6,93.9,48.3,3306,43.97,45.5,12.960,18,0.0,52.2
1265.6,86,700.0,52.2,5.1,84.5,98,60,82.1,18,-1.6,51.7,0.980,16.9,48.2,1.7,93.3,48.6,3337,44.58,45.5,12.960,18,0.0,52.2
1268.4,86,700.0,52.2,1.1,84.3,97,60,81.8,18,-1.6,51.4,0.980,16.5,47.8,2.3,92.5,48.2,3389,45.30,44.9,12.960,18,0.0,52.0
1271.2,86,700.0,52.2,3.2,84.3,97,61,82.4,18,-1.6,51.8,0.979,16.9,48.1,1.8,93.5,48.2,3378,44.97,44.9,12.926,18,0.0,51.9
1274.0,86,700.0,52.2,0.0,84.3,97,62,81.9,18,-1.6,51.8,0.979,17.0,48.2,1.6,94.1,48.3,3362,44.46,45.2,12.894,18,0.0,52.2
1276.8,86,697.4,52.2,0.0,84.3,97,63,81.6,18,-1.6,50.7,0.980,17.2,47.1,1.4,94.0,48.1,3361,44.25,45.5,12.960,18,0.0,52.2
1279.6,86,696.0,48.6,0.0,84.3,97,64,79.3,18,-1.6,47.5,0.982,18.0,42.7,0.0,92.9,37.6,3162,39.44,40.1,12.960,18,52.4,49.0
1282.4,86,695.2,40.0,4.1,84.3,97,67,71.4,18,-1.6,38.0,0.996,19.0,29.1,2.2,86.7,30.4,2811,33.63,35.5,12.925,18,85.5,44.3
1285.2,86,692.0,25.9,34.2,84.3,97,70,69.8,18,-1.1,31.8,1.000,16.8,23.7,2.7,83.5,25.5,2461,28.98,31.1,12.897,18,87.0,38.9
1288.0,86,689.0,31.2,11.0,84.3,97,71,71.1,18,-1.2,31.6,1.002,15.5,24.1,2.1,83.4,24.4,2298,26.99,26.3,12.958,18,88.6,31.4
1290.8,87,685.8,35.5,0.0,84.3,97,73,72.2,18,-1.6,35.9,1.001,16.8,25.9,1.6,84.1,26.7,2662,31.32,32.2,12.880,18,87.2,35.9
1293.6,87,682.5,33.3,0.0,84.3,97,75,68.1,18,-1.6,36.0,1.002,19.0,22.0,1.6,79.2,22.0,2433,26.00,22.4,12.830,18,83.6,31.5
1296.4,87,678.5,23.2,1.9,84.3,97,78,47.8,18,-0.8,6.3,0.996,28.4,13.8,-1.0,50.9,16.2,2362,18.79,12.9,12.869,18,60.5,22.1
1299.2,87,672.0,13.3,23.5,84.3,97,78,41.5,18,-0.8,10.5,0.996,31.0,11.2,-1.0,39.2,12.5,2362,14.53,8.2,12.960,18,23.2,13.3
1302.0,87,666.6,8.3,9.1,84.3,98,78,26.5,18,-1.4,10.6,1.036,31.0,11.0,1.7,41.9,11.8,2357,14.39,8.2,12.960,18,23.9,13.3
1304.8,87,658.1,5.9,8.3,84.3,98,77,12.7,18,-2.3,5.7,1.106,34.1,5.1,6.2,15.7,5.5,2287,6.23,3.4,12.960,18,13.1,8.9
1307.6,87,650.6,6.4,13.8,84.3,97,76,15.1,18,-2.3,6.7,1.013,35.0,5.1,0.8,17.3,5.2,2269,6.08,1.8,12.950,19,8.0,6.5
1310.4,87,644.7,6.6,0.0,84.3,98,74,16.5,18,-2.3,5.9,1.011,11.9,1.6,0.3,16.4,2.1,2221,5.55,1.1,12.949,19,5.2,6.1
1313.2,86,628.0,5.9,0.0,84.3,98,72,15.4,18,-2.3,7.2,0.943,20.1,3.5,2.7,19.8,2.9,2170,5.96,1.1,12.960,19,0.6,5.7
1316.0,86,622.7,8.3,0.0,84.3,98,71,21.6,18,-1.7,8.9,0.920,37.9,8.6,5.1,28.1,8.3,2138,7.96,3.9,12.960,19,6.3,9.0
1318.8,86,618.3,11.7,228.9,84.3,98,71,34.7,18,-0.8,11.2,1.007,36.0,11.8,-0.8,42.7,12.2,2150,13.37,6.9,12.907,19,9.4,11.2
1321.6,86,616.0,15.8,1004.7,84.3,98,72,54.1,18,-0.8,18.8,0.999,24.8,15.7,-0.8,61.4,15.6,2255,18.60,12.1,12.917,19,17.3,15.7
1324.4,86,616.0,20.8,3295.3,83.9,98,73,59.0,18,-0.8,19.9,0.998,21.7,17.1,-0.4,70.6,17.5,2330,22.61,16.0,12.960,19,32.8,20.7
1327.2,86,616.0,20.8,885.8,83.9,97,75,60.4,18,-0.8,20.4,0.999,21.7,17.3,-0.5,71.5,17.3,2345,22.66,15.7,12.955,19,53.3,20.4
1330.0,86,613.7,13.1,3.1,83.9,97,76,43.0,18,-1.3,16.5,0.969,24.2,16.5,-0.8,69.5,17.1,2375,22.58,15.7,12.880,18,51.4,17.9
1332.8,86,610.8,6.6,0.0,84.0,98,77,14.8,18,-2.2,7.1,0.884,36.5,9.8,7.8,33.7,10.2,2300,14.92,9.5,12.925,18,34.3,13.8
1335.6,86,606.8,7.4,0.0,84.3,98,76,20.4,18,-0.8,7.8,1.013,22.4,4.2,3.6,24.7,5.3,2266,8.61,3.8,12.960,18,12.8,9.1
1338.4,86,592.0,5.1,0.0,84.3,98,74,15.4,18,-1.6,7.1,0.954,20.7,1.7,2.0,16.6,1.3,2208,5.04,1.1,12.960,19,0.0,5.1
1341.2,86,587.6,6.5,0.0,84.5,98,71,15.1,18,-2.3,6.8,0.913,34.2,5.9,6.5,18.2,5.9,2137,6.33,3.1,12.960,19,7.3,6.8
1344.0,86,582.7,10.3,0.0,84.7,98,70,25.5,18,-2.2,8.5,1.013,38.5,10.2,-3.9,34.1,11.1,2147,12.91,8.2,12.960,19,13.4,11.9
1346.8,86,580.0,16.1,1.3,84.7,98,71,50.2,18,-0.8,16.1,0.996,28.8,13.2,-0.8,48.9,13.6,2179,16.27,11.0,12.960,19,16.5,16.0
1349.6,86,580.0,15.7,19.2,84.7,98,71,50.2,18,-0.8,16.1,0.998,25.0,14.7,1.1,58.4,14.6,2192,17.39,11.2,12.960,19,16.5,15.7
1352.4,86,580.0,15.7,1513.4,84.7,98,71,50.2,18,-0.8,16.0,0.999,24.6,12.1,1.5,55.0,13.5,2170,17.49,11.8,12.960,18,16.9,16.1
1355.2,86,576.4,12.2,1424.7,84.7,98,70,42.0,18,-1.1,14.8,0.998,25.5,2.4,0.8,24.3,0.0,2100,5.70,3.4,12.960,18,5.8,10.5
1358.0,86,572.0,7.2,0.7,84.7,98,70,21.2,18,-2.3,8.6,0.979,39.0,8.6,-0.4,29.6,6.0,2085,8.03,2.3,12.923,18,6.1,8.1
1360.8,86,571.9,5.9,0.0,84.7,98,68,12.5,18,-2.3,5.8,0.321,7.8,3.6,-0.4,22.0,4.7,2053,7.67,3.1,12.880,18,11.9,8.9
1363.6,86,556.0,4.9,0.0,84.7,98,67,17.9,18,-2.3,9.1,0.487,5.3,6.2,0.9,29.4,4.7,2066,7.76,2.8,12.891,18,3.9,5.5
1366.4,86,556.0,7.5,0.0,84.7,98,66,17.9,18,-2.3,10.5,0.922,27.6,14.2,1.1,58.2,13.6,2162,18.67,14.1,12.960,18,43.9,18.4
1369.2,86,552.9,9.5,22.5,84.7,98,65,15.9,18,-2.3,7.7,0.996,32.5,11.4,-4.7,42.0,0.0,2025,4.67,5.0,12.857,18,18.1,10.7
1372.0,86,546.7,9.0,67.5,84.7,98,63,20.4,18,-2.3,6.7,0.979,38.5,8.1,-1.3,26.5,0.0,1937,4.09,0.8,12.869,18,0.0,4.6
1374.8,86,540.0,3.9,0.0,85.1,98,58,13.2,18,-2.3,5.0,0.398,11.2,3.4,0.0,15.7,1.1,1817,3.45,0.8,12.960,18,0.0,4.2
1377.6,86,528.8,5.2,0.0,85.1,98,56,24.3,18,-2.0,8.0,0.299,-3.2,3.5,0.2,21.4,4.4,1719,3.94,0.9,12.960,18,0.0,3.9
1380.4,86,526.0,11.4,0.0,84.9,98,55,40.0,18,-1.6,14.3,0.898,21.9,13.6,0.8,63.5,13.7,1775,15.36,10.2,12.960,18,24.6,12.9
1383.2,86,529.4,16.2,0.0,84.7,98,55,41.4,18,-1.6,11.4,0.989,27.0,11.0,0.0,53.6,12.8,1689,14.20,10.5,12.912,18,29.5,15.3
1386.0,86,532.0,13.6,4.5,84.7,98,55,51.8,18,-1.6,14.1,0.996,23.3,12.9,0.5,58.1,13.2,1684,13.87,10.6,12.880,18,21.5,12.7
1388.8,86,532.0,12.9,72.0,84.7,98,57,50.0,18,-1.6,14.4,0.999,20.9,14.5,0.4,64.6,14.5,1729,14.76,11.3,12.895,18,16.5,11.2
1391.6,86,534.9,12.9,23.8,84.7,98,58,45.9,18,-1.6,14.7,1.001,20.3,15.3,-0.2,68.0,15.7,1783,16.27,13.3,12.960,18,36.5,16.9
1394.4,86,538.0,14.6,0.0,84.9,98,59,35.4,18,-1.8,12.5,1.003,22.5,14.6,-0.9,67.1,15.7,1825,16.96,13.7,12.960,18,38.1,17.2
1397.2,86,539.0,13.7,0.0,85.0,98,61,18.6,18,-2.3,4.7,1.003,32.5,6.3,-4.7,32.0,10.7,1825,10.93,7.2,12.871,18,21.2,12.0
1400.0,86,534.8,4.4,0.0,84.7,98,60,14.9,18,-2.3,5.6,0.279,6.7,2.4,-2.0,20.1,4.3,1790,6.68,1.8,12.856,18,0.0,4.7
1402.8,86,516.0,5.9,0.0,85.0,98,56,17.4,18,-2.3,5.9,0.000,-7.2,0.0,0.0,21.4,0.0,1700,5.40,0.4,12.960,18,0.0,5.8
1405.6,86,505.5,4.7,0.0,85.1,98,53,15.5,18,-2.3,5.2,0.000,-9.0,0.3,0.0,21.3,0.1,1560,5.19,0.4,12.960,18,0.0,4.3
1408.4,86,495.2,3.9,0.0,85.1,98,51,11.0,18,-2.3,3.9,0.000,-13.0,1.6,0.0,13.3,1.6,1537,3.10,0.7,12.847,18,0.0,4.1
1411.2,86,487.1,4.2,3.4,85.1,99,50,11.0,18,-2.3,3.9,0.000,-13.0,2.6,0.0,13.6,2.3,1515,3.15,1.0,12.870,18,2.1,4.3
1414.0,86,480.0,7.5,74.5,85.1,98,49,31.8,18,-1.9,9.1,0.533,1.4,8.0,-1.5,34.5,7.2,1556,6.93,4.2,12.960,18,9.2,5.6
1416.8,86,482.4,14.9,53.2,84.9,98,49,52.2,18,-1.4,15.4,1.008,18.8,15.6,-3.6,73.1,16.5,1687,16.81,16.1,12.960,18,56.5,19.6
1419.6,86,489.8,19.1,36.6,84.6,98,50,65.0,18,-0.8,21.1,0.994,15.5,18.0,0.8,77.6,17.6,1881,19.39,16.6,12.960,18,45.1,16.5
1422.4,86,501.2,16.2,41.0,84.3,98,51,60.4,18,-1.6,17.3,1.001,16.7,16.3,0.8,74.4,16.6,1793,18.38,15.2,12.925,18,41.1,15.7
1425.2,86,508.0,19.6,0.0,83.9,98,51,62.5,18,-1.6,18.9,1.001,16.8,16.3,0.8,72.3,11.7,1691,13.16,10.2,12.898,18,41.4,17.4
1428.0,86,510.7,9.5,0.0,83.9,98,50,55.4,18,-1.6,17.9,1.003,17.1,16.5,0.1,71.2,5.9,1670,6.32,1.2,12.960,18,4.3,5.1
1430.8,86,513.7,8.7,0.0,83.9,98,50,46.5,18,-1.6,13.4,1.012,19.5,14.9,-3.9,69.8,14.9,1600,14.72,9.1,12.799,18,21.6,11.4
1433.6,86,516.6,15.4,1.5,83.9,98,51,53.3,18,-1.6,14.1,0.995,21.0,14.3,-0.8,66.2,14.4,1613,11.50,10.6,12.818,18,29.4,15.1
1436.4,86,520.0,10.6,15.8,83.9,98,53,45.0,18,-1.6,14.4,1.006,20.7,14.5,-1.1,65.0,14.3,1638,10.18,9.0,12.945,18,23.0,12.8
1439.2,86,523.3,14.2,9.4,83.9,98,55,50.5,18,-1.6,15.1,1.006,20.7,14.9,-1.9,66.0,14.6,1679,14.79,11.9,12.886,18,22.5,11.4
1442.0,86,526.3,15.7,3.4,83.9,98,56,57.0,18,-1.6,16.3,0.998,20.5,15.1,0.7,65.4,14.9,1737,15.49,12.5,12.960,18,32.2,14.5
1444.8,86,529.4,17.1,0.0,83.9,98,58,58.6,18,-1.5,18.0,1.000,17.5,16.5,0.0,73.3,16.5,1815,17.34,13.6,12.907,18,41.9,17.6
1447.6,87,533.4,18.6,0.0,83.9,98,61,62.0,18,-0.8,19.2,0.996,17.5,13.3,0.6,58.0,14.8,1859,16.80,12.2,12.917,18,41.2,17.7
1450.4,87,540.0,14.9,0.0,83.9,98,62,51.7,18,-0.8,12.7,0.995,29.0,10.5,-0.4,41.7,11.9,1885,13.37,8.7,12.960,18,25.8,13.7
1453.2,87,536.8,7.4,0.0,83.9,99,63,27.3,18,-1.5,7.8,1.002,38.5,8.3,-2.4,29.2,8.8,1898,8.39,4.9,12.960,18,8.6,6.3
1456.0,87,533.6,6.0,4.7,83.9,99,63,14.8,18,-2.3,6.6,1.010,38.7,6.9,-4.7,22.2,6.3,1887,6.24,2.7,12.960,18,8.3,6.6
1458.8,87,530.5,7.8,6.1,83.9,99,63,21.8,18,-2.1,7.4,1.001,39.5,8.2,-4.7,27.5,9.0,1898,7.55,4.4,12.960,18,11.4,8.2
1461.6,87,528.0,9.5,0.0,83.9,98,63,30.6,18,-0.8,5.5,0.995,26.7,5.7,-0.9,20.5,8.2,1900,7.24,4.5,12.890,18,12.7,9.3
1464.4,87,528.0,7.8,0.0,83.9,98,63,35.8,18,-0.8,8.8,1.004,22.2,2.3,3.0,28.3,4.7,1914,5.71,3.0,12.837,18,9.6,8.5
1467.2,86,522.2,5.3,0.0,83.6,99,63,25.5,18,-1.5,8.7,0.600,11.6,1.1,4.1,38.1,0.8,1929,4.02,0.9,12.960,18,0.0,4.3
1470.0,86,513.8,6.6,0.0,83.7,99,62,19.7,18,-1.9,7.0,0.203,-0.6,4.3,-0.3,20.9,4.5,1887,6.59,2.7,12.960,18,9.9,7.6
1472.8,86,508.0,8.9,1.7,83.9,99,62,27.1,18,-0.9,9.3,1.013,37.0,10.2,-3.1,41.2,11.8,1950,11.59,5.9,12.960,18,17.1,10.0
1475.6,86,507.0,8.5,7.0,83.9,99,62,14.9,18,-2.3,4.7,0.250,2.6,3.5,-1.2,23.5,5.0,1909,8.51,4.8,12.960,18,14.0,9.1
1478.4,86,496.0,4.3,1.2,83.9,99,61,11.7,18,-2.3,4.5,0.000,-13.0,0.0,0.0,11.8,0.0,1855,3.53,0.8,12.960,18,0.0,4.3
1481.2,86,487.5,4.0,0.0,83.9,99,60,10.2,18,-2.3,4.1,0.000,-13.0,0.0,0.0,11.7,0.0,1799,3.38,0.8,12.960,18,0.0,3.9
1484.0,86,480.1,3.9,0.0,83.9,99,57,10.2,18,-2.3,3.9,0.000,-12.4,0.2,0.0,11.4,0.0,1700,3.15,0.8,12.960,18,0.0,3.9
1486.8,86,474.2,3.9,0.0,83.9,99,55,10.2,18,-2.3,3.9,0.000,-5.0,5.1,0.0,13.5,1.3,1629,3.24,1.2,12.960,18,3.0,4.7
1489.6,86,468.0,3.9,0.0,83.9,99,54,10.8,18,-2.3,3.9,0.000,-9.0,2.7,0.0,16.8,1.2,1583,3.99,1.3,12.960,18,5.8,5.9
1492.4,86,457.6,5.1,0.0,83.9,99,52,15.3,18,-2.3,4.8,0.383,-2.5,0.0,0.3,20.7,0.0,1571,5.45,0.4,12.960,18,0.0,5.9
1495.2,86,448.8,5.8,2.4,83.9,99,49,19.5,18,-2.3,6.3,1.100,29.0,0.0,1.6,23.9,0.0,1537,5.31,0.4,12.960,18,0.0,5.7
1498.0,86,444.0,6.1,7.4,83.9,99,48,15.7,18,-2.3,6.7,0.884,36.8,6.6,4.2,32.7,5.5,1552,6.79,2.8,12.960,18,4.2,6.5
1500.8,86,444.0,10.6,0.0,83.9,99,49,36.5,18,-1.9,10.2,0.953,31.4,10.8,1.9,45.2,10.7,1587,9.71,7.2,12.960,18,15.5,9.4
1503.6,86,452.2,15.1,20.0,83.9,99,51,54.2,18,-1.6,15.4,1.001,21.0,13.8,-2.4,60.1,14.3,1662,14.17,12.5,12.960,18,40.0,17.3
1506.4,86,461.4,19.3,19.7,83.9,99,53,61.8,18,-1.6,19.7,0.995,15.7,18.3,0.8,75.3,18.4,1900,20.68,18.0,12.960,18,62.4,20.3
1509.2,86,470.6,21.2,6.6,83.9,98,53,56.7,18,-1.6,15.7,0.992,18.5,15.3,0.0,71.7,16.3,1760,17.76,15.8,12.960,18,60.2,19.7
1512.0,86,480.0,19.6,40.2,83.9,99,53,65.1,18,-1.0,20.3,0.999,15.3,17.5,-0.4,76.8,17.5,1790,18.37,16.2,12.939,18,52.8,18.2
1514.8,86,486.5,24.7,10.9,83.6,98,54,62.5,17,-1.2,17.3,1.002,17.5,17.3,-1.0,78.5,18.5,1869,21.00,20.9,12.888,17,89.5,27.5
1517.6,86,494.5,18.2,0.0,83.5,98,54,54.8,17,-1.6,11.9,1.002,25.4,13.2,-1.6,64.7,13.7,1662,14.55,10.2,12.960,17,27.5,19.1
1520.4,86,500.0,10.3,0.0,83.6,99,53,43.0,17,-1.6,12.2,1.004,24.5,12.2,-0.8,56.5,12.5,1636,12.61,8.2,12.917,17,21.3,12.5
1523.2,87,500.0,10.7,0.0,83.9,99,52,41.6,17,-1.6,11.2,1.003,26.9,10.6,-1.7,51.0,11.1,1605,10.44,6.5,12.880,17,14.8,10.0
1526.0,87,500.0,13.7,0.0,83.9,99,52,48.4,17,-1.6,8.8,0.993,33.8,8.7,-2.3,40.0,9.2,1587,8.32,5.7,12.897,17,15.3,10.8
1528.8,87,500.0,10.4,50.8,83.9,99,52,45.6,17,-1.6,6.4,0.992,28.6,5.1,0.2,24.2,5.7,1580,5.99,3.6,12.960,17,9.3,7.1
1531.6,87,495.1,7.7,33.8,83.9,99,52,45.6,17,-1.6,7.5,0.973,10.6,1.8,5.6,17.2,0.5,1550,3.12,0.8,12.960,17,0.0,4.6
1534.4,87,495.2,11.9,5.9,83.9,99,51,54.8,17,-1.5,14.4,0.890,20.9,13.3,0.0,60.8,13.7,1612,11.41,8.7,12.960,17,26.7,12.5
1537.2,87,502.4,22.7,15.9,83.9,99,52,68.2,17,-0.8,25.1,0.990,10.0,18.8,1.1,77.7,18.2,1832,19.20,16.6,12.923,17,62.3,21.4
1540.0,87,512.0,25.9,1.8,83.9,98,55,72.4,17,-0.8,27.4,1.000,10.5,22.4,1.9,86.4,22.7,2100,25.08,23.7,12.899,17,89.7,27.4
1542.8,87,528.1,29.7,9.8,83.7,99,57,74.9,17,-1.1,29.4,1.003,12.0,23.4,2.0,86.7,25.0,2289,28.22,28.4,12.960,17,87.5,34.1
1545.6,87,534.4,30.5,10.6,83.5,99,60,75.8,17,-1.5,30.5,0.998,14.5,22.0,0.8,84.7,22.0,2212,25.74,11.8,12.960,17,77.0,29.0
1548.4,87,545.1,27.2,2.3,83.5,99,62,74.5,17,-0.8,29.8,0.991,11.4,22.7,2.2,85.2,22.6,2225,26.03,17.3,12.960,17,76.1,25.6
1551.2,87,552.0,18.8,0.0,83.5,99,64,69.0,17,-0.8,24.9,1.001,14.9,21.5,1.4,84.2,22.7,2170,25.51,24.5,12.960,17,89.4,27.1
1554.0,87,556.9,24.2,0.0,83.3,99,65,65.6,17,-0.8,21.1,1.010,20.9,18.8,-1.5,81.4,21.5,1987,22.99,23.5,12.960,17,90.2,28.2
1556.8,87,560.0,21.7,0.0,83.1,98,66,60.8,17,-0.8,22.6,1.004,15.0,18.4,0.0,78.8,18.4,2025,22.02,15.9,12.910,17,40.2,16.2
1559.6,87,559.5,7.5,0.0,83.1,99,66,23.5,17,-0.8,9.4,0.986,29.6,6.7,1.0,47.8,8.8,1982,14.16,7.5,12.909,17,1.4,5.6
1562.4,87,552.0,6.3,8.8,83.1,99,64,18.1,17,-1.7,7.8,0.927,38.0,2.6,3.7,22.3,0.0,1919,5.26,0.7,12.960,17,0.0,5.9
1565.2,87,543.3,4.9,3.1,83.1,99,62,12.9,17,-2.3,5.7,0.540,22.2,4.1,5.3,19.0,0.4,1865,5.15,0.4,12.960,17,0.0,5.5
1568.0,87,535.7,4.7,19.6,83.1,99,60,10.5,17,-2.3,4.2,0.000,-13.0,0.0,0.0,11.8,2.3,1800,3.33,1.2,12.960,17,0.0,4.4
1570.8,87,529.2,6.6,41.5,83.1,99,59,14.7,17,-2.2,4.0,0.000,-13.0,0.0,0.0,11.8,0.0,1750,3.22,0.9,12.862,17,0.0,5.2
1573.6,87,525.2,12.5,31.1,83.1,99,58,48.6,17,-0.8,15.3,0.766,10.5,11.1,-1.5,48.5,10.1,1853,12.24,10.6,12.863,17,30.4,13.4
1576.4,86,532.0,29.8,0.0,83.1,99,60,67.9,17,-0.8,23.3,1.004,19.0,17.8,-0.6,69.0,16.5,1937,20.87,22.5,12.960,17,89.4,28.6
1579.2,86,540.5,23.8,24.5,82.9,99,61,46.6,17,-1.5,20.0,0.995,24.4,14.7,0.2,53.1,12.0,1898,16.29,17.0,12.960,17,89.4,24.3
1582.0,86,542.0,15.3,24.8,82.7,99,62,21.5,17,-2.0,7.2,0.991,37.4,3.0,-3.9,18.4,3.5,1825,3.78,1.2,12.960,17,37.1,14.6
1584.8,86,537.8,8.2,5.5,82.7,99,61,25.3,17,-0.8,5.9,0.992,0.0,0.0,0.0,19.5,6.0,1808,6.23,4.8,12.960,17,8.3,8.3
1587.6,86,531.8,5.9,0.0,82.7,99,58,17.3,17,-2.3,6.2,0.983,25.9,0.0,-0.9,18.9,3.5,1782,5.73,5.2,12.960,17,0.9,6.1
1590.4,86,528.0,8.6,2.9,82.7,99,58,28.2,17,-1.9,8.7,0.997,35.8,5.0,-1.9,27.6,4.0,1802,5.68,2.4,12.960,17,2.5,6.2
1593.2,86,528.0,5.8,1.4,82.7,99,58,21.7,17,-1.9,8.4,1.048,30.3,9.9,-1.3,38.4,10.4,1867,11.47,8.6,12.960,17,21.2,12.9
1596.0,86,524.0,4.9,0.0,82.9,99,58,10.6,17,-2.3,4.6,0.953,24.7,4.8,2.2,15.7,4.7,1712,5.18,4.8,12.775,17,13.1,9.2
1598.8,86,518.8,6.6,0.0,83.1,99,56,14.5,17,-2.3,3.9,0.000,-13.0,0.4,0.0,11.8,2.3,1694,4.15,2.5,12.810,17,8.0,6.9
1601.6,86,516.2,9.5,0.0,83.1,99,56,36.9,17,-1.6,10.2,0.693,11.0,7.6,-1.3,34.4,7.4,1747,7.78,4.5,12.906,17,11.2,7.9
1604.4,86,520.0,14.1,8.5,83.4,99,57,47.6,17,-1.6,13.8,1.007,23.9,13.1,-1.6,56.5,13.5,1812,14.01,10.1,12.963,17,24.7,13.3
1607.2,86,522.1,16.8,6.7,83.5,99,58,58.8,17,-1.4,16.4,0.999,20.6,14.7,0.0,65.2,15.3,1812,17.09,12.2,13.020,17,35.6,16.9
1610.0,86,526.4,15.7,0.0,83.5,99,60,62.3,17,-0.8,20.4,1.001,16.5,17.3,0.8,76.9,16.9,1933,19.40,14.2,12.983,17,45.2,17.4
1612.8,86,531.6,4.7,0.0,83.5,99,60,13.3,17,-2.3,7.6,1.087,24.6,10.2,-0.7,42.4,11.8,1866,14.25,11.0,12.960,17,34.0,13.5
1615.6,86,528.0,3.9,0.0,83.5,99,58,11.2,17,-2.3,4.6,1.001,32.7,6.0,2.3,18.7,5.8,1734,6.34,4.3,12.960,17,0.0,6.2
1618.4,86,522.8,3.9,0.0,83.5,99,56,10.5,17,-2.3,5.9,0.884,38.0,6.4,7.9,22.0,3.1,1660,3.61,2.4,12.960,17,0.0,3.9
1621.2,86,518.3,8.8,9.7,83.5,99,54,22.0,17,-2.2,8.9,0.893,38.0,11.0,3.9,43.9,11.0,1625,10.29,6.0,12.987,17,0.0,9.4
1624.0,86,518.0,17.5,25.1,83.5,99,53,61.2,17,-1.6,19.6,0.998,20.9,15.9,0.7,69.3,16.7,1799,16.97,14.8,12.945,17,31.6,17.5
1626.8,86,528.0,25.9,2.5,83.1,99,56,69.2,17,-1.1,23.7,0.998,14.4,17.0,-0.1,76.2,18.1,1879,20.08,18.9,12.899,17,82.9,25.1
1629.6,86,533.9,23.4,8.0,83.1,99,56,71.8,17,-0.8,23.7,0.997,14.1,16.7,1.0,68.8,15.1,1814,15.42,9.8,12.960,17,38.8,17.3
1632.4,86,538.2,18.7,8.3,83.1,99,56,63.8,17,-1.0,18.3,0.995,17.6,16.6,1.7,75.7,17.4,1887,15.27,11.0,12.960,17,37.7,17.0
1635.2,86,540.0,14.3,20.6,83.1,99,56,46.9,17,-1.6,12.6,0.996,23.5,11.8,2.3,48.6,11.4,1700,12.33,8.4,12.960,17,23.1,12.8
1638.0,86,539.2,11.0,45.5,83.1,99,56,27.5,17,-1.6,8.2,1.013,35.8,9.4,-1.1,34.3,7.5,1692,7.73,4.7,12.960,17,8.3,7.3
1640.8,86,535.9,4.3,0.0,83.1,99,56,14.8,17,-2.1,5.6,1.012,36.1,6.0,-4.2,20.9,4.5,1681,4.62,2.4,12.910,17,3.4,4.4
1643.6,86,532.0,8.6,0.0,83.1,99,56,23.6,17,-1.9,6.9,1.009,36.3,6.5,-5.2,22.1,5.5,1689,4.87,2.8,12.816,17,7.8,6.3
1646.4,86,532.0,12.3,0.0,83.1,99,57,42.4,17,-1.3,11.4,1.002,33.9,10.7,-3.6,39.6,10.2,1737,8.93,5.5,12.960,17,15.7,10.5
1649.2,86,534.1,15.9,0.0,82.9,99,59,53.7,17,-0.8,14.2,0.994,21.6,14.6,0.8,65.8,15.3,1850,16.93,13.3,12.894,17,31.6,15.4
1652.0,86,533.3,13.6,0.0,82.8,99,59,39.4,17,-0.9,4.7,0.992,32.0,5.1,0.0,22.4,2.7,1791,8.54,4.9,12.931,17,15.5,10.6
1654.8,86,525.5,5.4,0.0,83.1,99,56,17.3,17,-2.3,5.5,0.000,1.9,1.4,0.0,21.6,0.0,1661,5.26,0.6,12.960,17,0.0,5.5
1657.6,86,508.0,4.3,0.0,83.1,99,51,13.7,17,-2.3,4.5,0.000,-10.6,0.0,0.0,17.9,0.0,1535,4.38,0.5,12.960,17,0.0,5.5
1660.4,86,502.5,8.2,7.0,83.1,99,48,29.8,17,-2.0,7.0,0.321,-3.9,2.8,-0.5,21.5,1.9,1461,3.77,0.8,12.960,17,0.0,5.9
1663.2,86,501.8,13.6,7.2,83.0,99,48,52.0,17,-1.5,13.6,1.012,21.5,11.8,-2.3,55.7,12.2,1537,12.10,7.4,12.906,17,17.1,11.3
1666.0,86,506.2,19.4,0.0,82.7,99,50,68.2,17,-0.8,21.2,0.990,16.0,16.3,-0.3,71.6,15.9,1750,16.85,14.0,12.913,17,46.1,17.6
1668.8,86,516.0,23.5,0.0,82.4,99,52,68.2,17,-0.8,21.5,0.994,16.9,15.4,1.1,62.1,15.8,1820,17.96,16.5,12.960,17,75.6,22.6
1671.6,86,518.9,20.8,27.8,82.4,99,53,66.9,17,-0.8,21.2,0.995,17.0,14.8,1.4,43.5,12.6,1653,11.47,8.3,12.960,17,29.4,16.5
1674.4,86,524.6,23.9,21.7,82.4,99,54,68.8,17,-0.8,22.4,0.993,12.2,20.5,0.9,84.8,20.5,1839,21.21,22.7,12.880,17,78.6,24.2
1677.2,86,532.8,23.9,2.9,82.3,99,56,72.0,17,-0.8,26.0,1.001,10.8,21.2,1.6,85.9,21.6,2112,24.17,22.5,12.880,17,90.2,26.0
1680.0,86,540.7,17.1,4.7,82.0,99,57,65.9,17,-0.8,20.4,0.998,19.0,16.5,1.6,76.9,18.5,1900,20.53,18.6,12.915,17,62.2,18.6
1682.8,86,544.0,13.7,0.0,82.0,99,57,55.0,17,-1.3,14.6,0.997,19.4,15.7,0.4,69.9,16.2,1739,16.65,14.4,12.960,17,19.5,7.0
1685.6,86,546.6,16.1,10.8,82.0,99,57,54.9,17,-1.6,12.6,0.996,19.7,14.8,-1.2,66.6,15.7,1713,16.17,14.1,12.960,17,38.4,17.3
1688.4,86,549.8,18.1,25.6,82.0,99,56,61.5,17,-1.4,18.0,0.994,18.4,16.1,1.6,69.8,16.1,1775,17.07,15.0,12.849,17,43.4,18.0
1691.2,86,552.9,16.2,33.3,82.0,99,57,65.1,17,-0.8,20.0,0.998,16.5,17.3,1.0,74.3,16.9,1860,18.75,15.9,12.896,17,49.9,19.0
1694.0,87,556.0,4.7,0.0,82.0,99,58,28.6,17,-1.8,10.5,1.006,27.3,12.6,-1.2,55.0,13.9,1859,15.74,13.5,12.991,17,47.8,18.7
1696.8,87,553.2,8.4,0.0,82.0,99,59,27.6,17,-1.7,7.9,1.002,34.6,8.4,-3.3,27.2,8.6,1769,7.59,5.1,12.960,17,14.9,9.8
1699.6,87,552.0,11.4,14.8,82.0,99,60,41.8,17,-0.8,12.0,0.987,27.9,11.4,-0.8,47.8,11.4,1837,12.66,6.9,12.902,17,19.9,11.5
1702.4,87,552.0,11.7,30.8,81.9,99,62,46.3,17,-0.8,13.7,1.000,24.5,12.5,-0.2,52.8,12.2,1880,13.85,8.1,12.923,17,23.3,12.7
1705.2,87,552.0,7.5,0.0,81.6,99,63,24.3,17,-0.8,12.8,1.010,25.2,13.0,-0.5,54.3,12.9,1906,14.70,9.4,12.960,17,25.3,13.2
1708.0,87,552.0,14.1,0.0,81.6,99,62,42.5,17,-0.8,13.7,1.003,28.4,9.8,1.2,41.2,8.5,1889,11.90,8.7,12.934,17,24.5,13.3
1710.8,87,546.9,7.9,0.0,81.8,100,60,32.0,17,-1.4,10.8,0.680,20.6,4.3,3.2,20.0,0.0,1822,3.47,0.8,12.800,17,0.0,3.9
1713.6,87,539.6,3.9,0.0,82.0,100,57,10.3,17,-2.3,3.9,0.000,-13.0,0.0,0.0,11.8,0.0,1687,3.08,0.5,12.906,17,0.0,3.9
1716.4,87,530.1,4.0,0.0,82.0,100,53,11.0,17,-2.3,3.9,0.001,-13.0,0.0,0.0,12.2,0.0,1607,3.08,0.4,12.960,17,0.0,4.1
1719.2,86,516.0,5.1,0.0,82.0,99,51,16.5,17,-2.3,5.8,0.501,12.1,3.9,1.0,20.9,3.2,1518,4.35,1.4,12.960,17,2.3,5.3
1722.0,86,516.0,11.0,32.5,82.0,99,49,36.5,17,-2.0,10.0,0.926,34.1,9.7,1.6,40.0,9.8,1495,8.40,5.4,12.960,17,18.8,11.8
1724.8,86,520.1,15.1,27.0,82.0,99,48,56.2,17,-1.6,14.6,0.995,20.8,13.0,-0.8,63.1,13.3,1612,14.59,9.8,12.960,17,29.5,15.1
1727.6,86,525.2,16.7,6.9,82.0,99,49,59.6,17,-1.6,16.9,0.995,19.0,14.9,1.6,65.6,14.8,1691,15.57,12.2,12.960,17,35.4,16.9
1730.4,86,528.4,17.0,27.0,82.0,99,51,59.6,17,-1.6,16.5,1.005,19.4,15.2,1.1,65.3,14.4,1725,14.76,12.0,12.960,17,32.3,15.9
1733.2,86,532.0,12.9,27.0,82.0,99,53,51.2,17,-1.6,14.1,1.004,21.4,14.7,0.4,63.8,14.2,1711,14.13,10.6,12.960,17,23.6,13.0
1736.0,86,535.2,15.3,47.3,82.0,99,56,53.8,17,-1.6,9.1,0.998,17.7,9.2,1.8,48.4,11.4,1689,13.31,11.4,12.960,17,31.9,16.1
1738.8,86,530.7,8.7,23.6,82.2,100,57,36.8,17,-1.9,5.0,0.962,11.5,0.0,6.6,13.1,0.0,1700,3.15,0.8,12.960,17,0.0,6.0
1741.6,86,525.8,3.7,0.0,82.4,100,57,10.7,17,-2.3,5.2,0.884,23.3,1.0,12.6,12.7,0.2,1700,3.06,0.8,12.960,17,0.0,3.6
1744.4,86,522.2,6.1,0.0,82.4,100,56,16.4,17,-2.2,7.2,0.896,38.1,9.8,4.7,31.0,10.2,1667,8.17,5.1,12.960,17,9.1,7.4
1747.2,86,521.1,10.7,0.0,82.4,99,55,37.0,17,-1.6,10.2,1.011,29.5,13.3,-1.2,49.1,12.4,1738,12.17,8.5,12.960,17,19.5,11.5
1750.0,86,524.0,13.7,0.0,82.4,99,55,51.0,17,-1.6,12.8,0.999,25.3,13.3,-0.6,57.1,13.3,1735,13.63,10.1,12.960,17,25.2,13.5
1752.8,86,524.0,13.0,0.0,82.4,99,55,50.0,17,-1.6,13.3,0.999,22.7,13.2,1.3,57.8,13.2,1678,13.21,9.8,12.960,17,23.2,12.9
1755.6,86,526.7,13.2,30.3,82.6,99,54,50.8,17,-1.6,13.6,1.003,22.6,13.5,0.8,58.5,13.2,1655,12.99,9.8,12.960,17,24.3,13.3
1758.4,86,529.8,16.1,30.6,82.7,99,53,55.7,17,-1.5,15.6,1.000,21.5,15.7,0.8,69.8,15.7,1737,16.54,13.6,12.960,17,41.0,17.0
1761.2,86,534.0,18.9,9.0,82.7,99,54,64.0,17,-0.8,20.0,1.001,16.5,16.9,0.8,73.2,16.8,1852,18.47,15.1,12.960,17,39.6,17.2
1764.0,86,540.1,14.5,59.8,82.7,99,55,54.1,17,-1.4,17.0,0.999,17.4,16.9,0.8,74.5,17.3,1819,18.88,16.0,12.960,17,35.2,15.5
1766.8,86,544.0,20.5,28.5,82.7,99,55,63.1,17,-1.2,19.0,0.998,16.6,17.2,1.2,75.7,17.6,1727,17.91,17.5,12.960,17,73.7,22.4
1769.6,86,548.2,21.2,7.9,82.7,99,56,67.9,17,-0.8,21.9,0.998,14.5,18.6,2.2,79.6,18.7,1937,20.56,15.3,12.960,17,52.1,19.5
1772.4,86,553.1,17.8,0.0,82.7,99,57,62.7,17,-0.8,19.2,1.002,17.0,16.9,0.8,73.7,16.1,1837,17.48,13.8,12.960,17,41.7,17.8
1775.2,86,556.0,12.4,0.0,82.7,99,58,49.4,17,-0.8,15.3,1.003,19.8,15.9,0.3,69.4,15.7,1819,16.27,12.8,12.960,17,36.1,16.8
1778.0,86,556.0,5.1,0.0,82.7,100,59,29.7,17,-1.6,10.5,0.999,21.1,10.0,-0.3,50.4,12.0,1785,14.08,11.4,12.960,17,29.5,15.3
1780.8,86,553.7,5.1,20.7,82.7,100,59,17.3,17,-2.3,7.6,0.997,22.3,1.1,-1.2,13.0,2.7,1737,3.17,0.8,12.960,17,4.3,6.7
1783.6,86,552.0,8.1,29.2,82.7,100,57,24.1,17,-2.2,9.3,1.008,33.0,11.8,-8.6,47.8,10.6,1717,9.68,6.6,12.910,17,15.3,8.9
1786.4,86,552.0,14.4,0.0,82.7,99,57,51.0,17,-1.6,14.1,0.989,25.4,13.1,-1.9,55.0,13.1,1726,13.11,10.3,12.880,17,24.8,13.8
1789.2,86,552.0,16.1,0.0,82.7,99,57,55.6,17,-1.6,15.4,0.991,21.4,14.3,1.6,62.3,14.3,1755,14.73,11.5,12.898,17,27.4,15.0
1792.0,86,552.0,10.9,0.0,82.7,99,58,50.5,17,-1.6,15.1,1.000,21.5,14.6,1.1,64.6,15.0,1787,15.87,12.9,12.960,17,32.9,15.7
1794.8,86,554.4,14.9,0.0,82.7,99,59,52.9,17,-1.3,14.7,1.007,22.4,14.1,0.0,60.0,14.0,1788,14.88,12.2,12.960,17,33.9,16.3
1797.6,86,556.0,13.4,0.0,82.7,99,60,49.6,17,-1.1,14.9,1.002,21.2,14.0,0.0,59.6,12.9,1800,13.82,9.0,12.960,17,24.2,13.4
1800.4,86,553.4,4.6,0.0,82.7,100,60,11.0,17,-2.3,7.1,1.007,40.0,0.0,-3.5,29.3,4.1,1784,7.33,4.1,12.960,17,11.0,8.5
1803.2,86,544.0,3.9,0.0,82.7,100,58,10.2,17,-2.3,4.8,0.332,8.4,0.0,-2.2,14.1,0.0,1769,3.20,0.8,12.960,17,0.0,3.9
1806.0,86,532.0,3.9,0.0,83.0,100,59,10.2,17,-2.3,3.9,0.000,-13.0,0.0,0.0,11.4,0.0,1759,3.14,0.8,12.960,17,0.0,3.9
1808.8,86,524.1,3.9,0.0,82.9,100,58,10.2,17,-2.3,3.9,0.000,-13.0,0.0,0.0,11.4,0.0,1743,3.15,0.8,12.960,17,0.0,3.9
1811.6,86,514.6,3.9,0.0,82.8,100,57,10.2,17,-2.3,3.9,0.000,-13.0,0.0,0.0,11.4,0.0,1700,3.00,0.8,12.960,17,0.0,3.9
1814.4,86,506.1,4.2,0.0,83.1,100,56,10.2,17,-2.3,3.9,0.000,-13.0,2.0,0.0,11.4,2.8,1677,3.33,1.2,12.960,17,1.9,4.1
1817.2,86,500.1,5.6,0.0,83.1,100,54,20.1,17,-1.8,7.8,0.684,14.3,7.8,-0.4,31.8,8.4,1684,7.35,4.3,12.983,17,8.7,6.0
1820.0,86,504.0,25.9,13.4,82.8,99,53,55.0,17,-1.2,18.2,1.001,22.7,15.2,0.6,62.2,15.5,1828,15.80,11.3,13.026,17,25.3,13.4
1822.8,86,510.8,26.5,11.1,82.7,99,53,74.1,17,-0.8,25.8,0.989,11.9,20.4,3.0,84.5,21.3,2149,26.05,22.7,12.880,17,89.4,26.7
1825.6,86,518.9,26.0,6.6,82.7,99,54,71.6,17,-0.8,20.5,1.000,25.5,11.8,2.3,50.2,13.7,1662,17.96,16.0,12.930,16,63.7,22.7
1828.4,86,525.3,24.4,10.9,82.7,99,53,69.0,16,-0.8,22.0,0.992,16.7,17.5,2.3,71.2,17.4,1779,18.17,16.9,12.960,16,59.7,21.6
1831.2,86,532.0,27.8,0.0,82.7,99,53,73.4,16,-0.8,27.0,0.994,11.4,21.5,2.0,84.6,21.3,1970,22.77,23.0,12.960,16,90.8,27.3
1834.0,86,542.8,29.4,5.4,82.7,99,52,74.9,16,-0.8,30.1,0.999,9.5,23.5,1.7,88.3,23.9,2176,26.46,25.9,12.960,16,88.6,30.2
1836.8,86,553.6,30.0,9.1,82.7,99,53,74.3,16,-0.8,29.2,1.002,11.2,23.3,2.3,86.7,23.9,2300,27.64,25.1,12.960,16,88.6,29.9
1839.6,86,561.8,27.2,9.4,82.7,99,54,73.7,16,-0.8,25.5,0.998,15.0,16.5,2.3,76.3,18.9,1953,21.34,20.4,12.960,16,74.3,26.0
1842.4,86,568.0,15.7,8.8,82.7,99,56,58.8,16,-1.4,19.4,0.995,17.2,15.9,2.3,70.0,16.3,1762,17.06,15.8,12.960,16,52.5,19.8
1845.2,87,570.9,18.3,32.0,82.9,99,58,60.8,16,-1.2,17.8,0.996,18.4,15.8,1.9,69.2,16.4,1788,17.11,15.1,12.960,16,44.7,18.8
1848.0,87,574.0,19.4,25.4,82.9,99,61,60.3,16,-0.8,19.0,0.999,17.5,17.2,0.8,74.5,17.6,1937,20.20,17.6,12.960,16,59.8,20.5
1850.8,87,576.0,15.9,0.0,82.7,99,65,49.5,16,-0.8,16.1,0.996,22.0,14.9,1.6,61.6,15.3,1992,18.09,13.5,12.960,16,43.2,16.2
1853.6,87,575.6,6.3,0.0,82.7,100,67,11.8,16,-2.3,7.5,0.281,0.4,6.8,0.7,35.2,8.9,2012,11.26,7.1,12.932,16,16.9,9.6
1856.4,87,568.0,7.8,0.0,82.5,100,66,17.3,16,-2.3,5.9,0.482,2.6,0.8,1.3,12.8,2.6,1998,4.05,1.1,12.889,16,6.5,6.3
1859.2,87,558.3,5.8,0.0,82.4,100,65,17.4,16,-2.3,6.4,0.782,19.3,0.2,3.5,13.9,0.0,1950,3.82,0.8,12.960,17,0.0,4.8
1862.0,87,548.8,4.9,8.5,82.5,100,63,11.4,16,-2.3,4.4,0.012,-13.0,1.6,0.0,11.8,2.0,1870,3.59,1.4,12.907,17,3.8,5.0
1864.8,87,542.5,5.9,22.0,82.7,100,61,18.0,16,-2.3,6.3,1.013,27.5,6.1,1.7,19.8,5.7,1834,5.41,2.6,12.918,17,6.3,5.5
1867.6,86,535.9,5.9,0.0,82.7,100,60,20.4,16,-2.3,6.8,1.012,39.0,7.9,-0.9,24.8,7.6,1820,6.78,3.4,12.938,17,6.7,5.6
1870.4,86,532.0,7.5,0.0,82.7,100,60,22.1,16,-2.3,7.4,1.007,40.0,8.2,-3.5,26.8,7.7,1816,7.00,3.1,12.883,17,8.2,5.9
1873.2,86,529.8,7.5,0.0,82.7,100,61,23.2,16,-2.3,7.8,1.001,40.0,8.2,-2.3,27.1,7.5,1837,6.75,3.1,12.960,17,7.9,6.2
1876.0,86,526.8,7.7,0.0,82.7,100,61,22.9,16,-2.3,7.8,1.001,40.0,8.2,-1.6,27.5,8.2,1863,7.20,3.6,12.960,17,8.9,7.0
1878.8,86,523.9,8.2,0.0,82.7,100,61,25.9,16,-2.3,5.3,1.000,36.3,8.2,0.2,25.6,8.6,1864,7.74,4.3,12.960,17,10.4,7.9
1881.6,86,520.0,8.5,0.0,82.7,100,61,27.3,16,-1.5,6.4,0.999,34.4,7.5,2.1,22.2,6.5,1839,7.31,4.6,12.960,17,11.4,8.2
1884.4,86,515.4,6.3,0.0,82.7,100,60,22.1,16,-1.3,7.4,0.969,32.9,5.4,4.2,17.8,0.0,1798,3.40,0.8,12.960,17,2.2,4.9
1887.2,86,509.1,4.2,0.0,82.7,100,59,12.1,16,-2.3,4.7,0.897,23.0,0.0,12.5,11.8,0.0,1750,3.20,0.8,12.960,17,0.0,3.9
1890.0,86,503.4,5.0,0.0,82.7,100,56,10.2,16,-2.3,4.7,1.119,27.9,4.5,9.4,17.3,5.2,1715,5.36,4.0,12.960,17,8.2,6.8
1892.8,86,500.0,14.1,0.0,82.7,100,57,38.4,16,-1.3,10.0,1.055,26.3,9.8,3.2,35.4,10.4,1719,8.98,8.0,12.960,17,24.2,13.7
1895.6,86,503.0,8.9,5.9,82.5,100,57,38.8,16,-1.2,12.3,1.009,24.5,13.2,-2.5,56.4,12.9,1794,12.84,7.2,12.960,17,3.1,4.3
1898.4,86,504.0,10.3,4.6,82.2,100,58,31.8,16,-1.6,9.4,1.003,22.7,11.4,-2.8,50.8,12.6,1836,13.71,9.8,12.960,17,19.4,11.1
1901.2,86,504.0,11.7,0.0,82.0,100,58,35.7,16,-1.6,4.4,0.990,1.0,0.0,0.0,11.8,4.3,1725,6.73,5.0,12.960,17,15.8,10.0
1904.0,86,503.5,7.2,0.0,82.0,100,57,26.7,16,-1.6,7.8,0.979,27.9,5.9,0.0,23.3,6.9,1731,5.84,3.5,12.929,17,7.2,6.3
1906.8,86,500.0,7.8,0.0,82.0,100,57,27.3,16,-1.6,8.0,0.998,39.3,9.2,-1.0,32.2,9.3,1749,8.29,5.5,12.895,17,7.3,6.7
1909.6,86,500.0,10.4,0.0,82.0,100,58,34.6,16,-1.3,9.8,1.006,35.3,10.1,-1.8,36.5,10.2,1787,9.80,7.2,12.960,17,17.3,10.6
1912.4,86,501.9,12.1,0.0,82.0,100,59,43.1,16,-0.8,12.5,0.993,25.5,12.5,0.0,52.2,12.5,1862,13.42,9.4,12.960,17,21.0,12.0
1915.2,86,504.8,11.5,0.0,82.0,100,60,45.5,16,-0.8,12.5,1.000,26.0,12.3,0.6,51.6,12.5,1838,13.38,9.6,12.960,17,23.6,12.9
1918.0,86,508.0,7.1,0.0,82.0,100,60,27.3,16,-0.8,8.8,1.001,34.5,9.6,-0.1,38.7,10.6,1802,11.01,8.1,12.960,17,19.4,11.2
1920.8,86,504.0,6.5,28.6,82.0,100,59,21.2,16,-1.6,5.9,0.998,38.4,7.7,-0.3,25.2,8.4,1763,7.47,4.3,12.960,17,2.7,4.3
1923.6,86,501.7,5.0,21.0,82.2,100,57,16.4,16,-2.3,4.2,0.770,28.7,6.6,0.7,20.2,7.5,1725,6.88,1.2,12.960,17,9.8,4.6
1926.4,86,495.5,3.8,0.0,82.4,100,55,10.2,16,-2.3,3.9,0.000,-13.0,0.0,0.0,11.4,0.0,1675,4.03,0.9,12.960,17,4.2,4.1
1929.2,86,486.0,3.8,0.0,82.4,100,52,10.2,16,-2.3,3.9,0.000,-13.0,0.0,0.0,11.9,0.0,1612,3.00,0.8,12.960,17,0.2,4.3
1932.0,86,476.0,6.3,0.0,82.7,100,51,25.3,16,-1.8,8.1,0.650,10.3,6.2,-0.4,29.8,5.3,1605,6.15,3.2,12.960,17,4.5,7.0
1934.8,86,479.3,11.5,0.0,82.7,100,51,42.7,16,-1.6,12.1,1.004,26.2,12.7,-0.3,54.2,12.8,1686,12.85,9.9,12.953,17,22.9,12.9
1937.6,86,487.2,15.2,15.3,82.7,100,52,54.1,16,-1.6,14.9,0.995,21.0,14.6,0.9,64.7,14.6,1729,15.60,13.3,12.880,17,34.1,15.7
1940.4,86,493.5,16.9,35.7,82.7,100,54,58.0,16,-1.6,16.8,0.999,19.0,15.3,1.6,67.8,15.7,1800,16.60,13.6,12.930,17,35.7,16.7
1943.2,86,497.3,16.5,52.0,82.7,100,55,54.1,16,-1.6,14.1,0.997,20.9,13.9,2.1,62.1,14.0,1729,13.49,11.6,12.960,17,31.4,15.4
1946.0,86,504.0,12.9,25.2,82.7,100,56,49.6,16,-1.6,10.6,1.000,30.1,12.4,0.2,53.8,12.7,1675,11.21,9.3,12.960,17,22.1,12.5
1948.8,86,506.7,13.9,31.2,82.5,100,56,51.3,16,-1.6,10.7,0.999,33.9,12.2,-1.5,49.7,12.9,1683,13.18,10.2,12.960,17,27.5,14.5
1951.6,86,509.9,9.7,20.5,82.4,100,56,42.6,16,-1.7,13.5,1.010,21.0,14.9,1.6,66.3,15.3,1750,16.25,12.9,12.960,17,33.7,14.2
1954.4,86,510.8,5.7,0.0,82.4,100,56,13.8,16,-2.3,4.5,1.119,34.5,5.5,-2.3,27.8,8.4,1677,8.73,7.5,12.871,17,25.0,12.3
1957.2,86,508.0,10.7,4.1,82.4,100,55,40.0,16,-1.6,10.6,1.013,31.2,9.7,-3.6,35.5,9.1,1664,8.29,5.5,12.865,17,15.0,10.4
1960.0,86,508.0,11.8,64.0,82.7,100,55,45.6,16,-1.6,11.7,1.000,27.4,11.8,-1.5,48.8,11.5,1680,11.35,8.3,12.960,17,19.2,11.3
1962.8,86,511.0,12.3,44.8,82.7,100,55,47.5,16,-1.6,12.5,0.996,24.6,12.6,0.8,53.9,12.5,1692,12.73,9.8,12.960,17,22.7,12.5
1965.6,86,514.0,15.5,20.0,82.7,100,56,52.6,16,-1.4,14.0,0.999,22.5,13.5,0.8,58.0,13.3,1712,14.64,14.5,12.960,17,39.3,16.9
1968.4,86,517.2,17.6,0.0,82.7,100,57,61.9,16,-0.8,18.0,0.997,18.0,16.1,0.8,68.4,15.5,1823,16.81,12.5,12.911,17,33.4,15.7
1971.2,86,520.6,13.1,0.0,82.7,100,57,54.1,16,-0.8,14.9,0.999,20.6,15.0,1.3,65.7,15.1,1813,16.29,11.6,12.916,17,24.2,13.1
1974.0,86,524.0,6.3,0.0,82.7,100,58,30.5,16,-0.8,11.0,1.009,26.9,13.2,-1.8,56.6,13.7,1769,14.50,11.6,12.960,17,27.6,14.5
1976.8,86,524.0,12.6,0.0,82.5,100,58,42.5,16,-0.8,12.1,1.005,27.0,12.9,-2.8,53.4,13.2,1765,13.85,11.1,12.960,17,27.8,14.5
1979.6,86,526.3,14.3,0.0,82.4,100,58,52.5,16,-0.8,14.4,0.998,22.1,14.0,0.8,59.4,14.0,1775,14.48,11.4,12.960,17,27.8,14.5
1982.4,86,528.0,11.7,0.0,82.3,100,58,47.9,16,-0.8,14.1,1.003,22.5,13.3,0.8,52.5,0.0,1730,7.60,5.0,12.916,17,15.2,10.6
1985.2,86,528.0,3.9,0.0,82.0,100,55,13.3,16,-2.3,7.5,1.010,32.8,12.0,-2.5,47.5,5.2,1679,6.69,3.1,12.903,17,0.0,5.2
1988.0,86,524.0,3.9,0.0,82.0,100,53,28.8,16,-2.0,12.3,0.999,30.1,13.4,-5.3,51.5,13.0,1668,11.47,8.9,12.958,17,0.0,3.9
1990.8,86,528.1,18.7,0.0,82.0,100,53,52.8,16,-1.4,21.5,0.982,11.9,19.4,-4.7,83.9,21.2,1825,21.78,25.1,12.880,17,64.8,22.3
1993.6,86,537.4,34.5,0.0,82.0,100,55,78.4,16,-0.8,34.5,0.996,11.0,26.7,-0.4,89.2,25.4,2244,27.84,28.3,12.925,17,88.9,33.1
1996.4,86,552.1,35.7,0.0,82.0,100,58,79.2,16,-1.4,35.9,1.001,11.9,26.9,0.4,90.2,27.7,2478,31.42,31.6,12.960,17,87.3,36.6
1999.2,86,564.0,40.9,0.0,82.3,100,62,78.7,16,-1.6,37.5,1.002,14.4,27.5,0.3,87.7,28.3,2667,32.92,32.6,12.950,17,86.7,39.3
2002.0,86,569.2,20.5,0.0,82.4,100,65,48.7,16,-1.9,28.4,0.997,22.2,24.1,-0.3,76.3,26.3,2937,35.63,29.0,12.880,17,85.9,29.4
2004.8,86,572.0,10.4,0.0,82.3,100,67,26.1,16,-2.1,11.8,0.991,36.1,10.7,-4.7,38.0,12.5,2025,14.22,14.4,12.939,17,47.8,20.2
2007.6,86,573.0,22.5,0.0,82.0,100,67,72.7,16,-0.8,29.0,0.996,10.0,25.1,0.3,76.7,22.9,2244,24.28,22.8,12.960,17,56.9,26.6
2010.4,86,576.3,43.1,0.0,82.0,100,70,77.6,16,-1.6,34.9,0.997,15.4,24.0,1.6,83.3,25.1,2592,31.05,30.0,12.935,17,87.5,38.7
2013.2,86,588.0,34.5,3.6,82.0,100,70,73.4,16,-1.6,34.6,0.998,19.8,23.3,1.4,79.0,23.6,2929,33.24,25.0,12.880,17,87.5,31.4
2016.0,86,590.2,31.0,6.1,82.2,100,72,70.7,16,-1.6,31.3,0.999,21.5,23.9,0.8,79.6,23.9,3112,35.04,24.3,12.880,17,86.3,30.8
2018.8,86,593.3,28.7,11.6,82.4,100,73,70.5,16,-1.6,31.0,0.998,21.0,23.5,-0.8,77.4,18.8,2985,27.81,17.5,12.929,17,64.7,25.3
2021.6,86,595.1,24.0,25.1,82.4,100,73,51.0,16,-0.8,10.9,0.990,-0.0,8.7,-0.3,40.3,10.6,2540,15.50,9.5,12.960,17,35.5,18.1
2024.4,86,588.0,25.9,19.2,82.4,100,72,66.2,16,-0.8,20.2,0.991,-0.0,10.5,0.3,39.5,11.8,2283,12.42,9.2,12.960,17,20.6,15.2
2027.2,86,593.3,32.5,7.8,82.6,100,73,74.8,16,-1.1,32.5,0.996,13.0,25.6,0.9,87.1,25.9,2593,31.86,30.6,12.960,17,86.3,36.1
2030.0,86,599.3,36.5,0.0,82.7,100,74,75.8,16,-1.6,35.6,1.003,14.5,25.9,1.6,85.1,25.9,2787,34.12,31.2,12.960,17,86.1,36.3
2032.8,86,604.8,34.8,0.3,82.7,100,75,74.5,16,-1.6,29.8,1.001,16.5,22.9,1.0,83.5,23.3,2506,30.03,26.6,12.960,17,87.0,33.0
2035.6,86,608.1,27.0,2.5,82.7,100,76,72.6,16,-1.0,27.8,0.999,14.7,22.0,0.4,82.3,21.0,2337,25.81,19.8,12.960,17,78.4,25.4
2038.4,86,612.0,19.2,0.7,82.7,100,76,68.3,16,-0.8,25.5,0.999,14.1,22.2,-0.3,82.9,20.7,2337,24.47,15.7,12.965,16,48.9,19.5
2041.2,86,612.0,23.8,0.0,82.7,100,76,68.6,16,-1.0,25.1,0.999,14.9,22.4,-0.6,84.7,22.4,2337,27.19,22.7,13.000,17,88.2,27.8
2044.0,86,613.3,28.7,0.0,82.6,100,76,73.0,16,-1.6,28.9,0.997,14.5,22.7,1.6,83.9,23.1,2487,28.85,23.7,12.976,17,40.9,29.0
2046.8,86,616.5,31.3,0.0,82.4,101,76,73.7,16,-1.6,32.9,0.999,14.1,23.8,1.1,83.6,24.1,2629,31.13,26.2,12.960,17,0.0,31.5
2049.6,86,620.0,35.3,0.0,82.4,100,76,74.9,16,-1.6,35.4,0.999,14.3,25.1,0.0,83.8,25.3,2714,32.86,29.4,12.940,16,0.0,34.9
2052.4,86,622.9,36.4,0.5,82.4,100,74,75.7,16,-1.6,36.7,1.000,14.3,25.9,-0.2,84.5,26.3,2730,33.33,31.4,12.880,16,0.0,36.9
2055.2,86,625.8,36.4,0.5,82.3,100,71,75.7,16,-1.6,36.4,1.002,14.0,25.9,1.6,85.1,26.3,2687,32.49,30.6,12.800,16,57.3,36.4
2058.0,86,628.8,34.4,1.6,82.0,100,69,74.5,16,-1.6,35.7,1.009,13.5,25.9,1.0,85.4,26.0,2645,32.09,29.5,12.884,16,86.6,34.4
2060.8,86,632.0,28.2,11.2,82.0,100,67,72.9,16,-1.6,30.6,1.001,13.2,24.3,1.2,85.9,24.7,2538,30.55,27.5,12.960,16,87.6,31.6
2063.6,86,635.2,31.3,3.2,82.0,100,66,73.4,16,-1.6,30.6,0.999,13.2,23.6,1.8,85.7,23.8,2463,29.00,25.3,12.957,16,87.8,30.6
2066.4,86,636.0,32.2,4.3,82.0,100,65,73.7,16,-1.6,32.2,1.000,13.6,24.6,2.2,84.4,24.7,2550,30.10,27.5,12.880,16,87.6,31.8
2069.2,86,637.6,31.9,5.1,82.0,100,65,73.7,16,-1.6,31.4,0.998,14.0,23.9,1.6,85.5,23.9,2537,29.87,26.6,12.935,16,87.5,31.8
2072.0,86,640.0,30.5,0.0,82.0,100,67,73.7,16,-1.6,31.4,0.999,17.0,22.5,2.1,80.9,20.6,2270,25.60,22.8,12.960,16,85.5,28.8
2074.8,86,640.0,24.3,0.0,82.0,99,68,71.9,16,-1.0,28.3,0.994,15.9,21.8,3.1,80.2,19.8,2150,23.51,20.3,12.960,16,83.5,24.5
2077.6,86,640.0,27.1,0.0,82.0,100,69,73.2,16,-1.2,27.9,0.993,14.3,22.2,3.2,83.1,22.4,2322,26.67,23.3,12.960,16,88.6,27.8
2080.4,86,640.0,28.2,0.0,82.0,100,70,70.5,16,-1.4,26.1,0.999,14.0,22.9,1.5,84.7,23.9,2512,29.38,25.5,12.960,16,88.0,29.8
2083.2,86,640.0,27.6,0.0,82.0,100,72,62.6,16,-0.8,14.5,1.001,21.5,17.3,0.0,73.7,18.4,2279,25.12,21.4,12.960,16,88.8,28.3
2086.0,86,640.0,25.8,0.1,82.0,100,72,71.4,16,-0.8,23.5,1.000,17.7,19.7,1.3,78.2,20.0,2251,24.74,20.1,12.960,16,89.4,25.8
2088.8,86,640.0,22.4,21.8,82.0,100,73,63.5,16,-0.8,22.5,0.997,18.1,19.1,2.0,74.9,18.4,2303,23.05,19.3,12.960,16,83.7,26.1
2091.6,86,634.8,16.9,9.5,81.8,100,73,54.5,16,-0.8,18.2,0.997,22.2,15.9,1.3,61.5,11.2,2237,9.97,2.0,12.960,16,15.3,10.6
2094.4,86,632.0,13.6,0.0,81.6,100,73,47.8,16,-0.8,15.9,1.003,24.5,15.3,0.0,60.8,15.7,2237,19.61,9.9,12.960,17,29.2,14.4
2097.2,86,630.2,13.7,0.0,81.6,100,73,44.7,16,-0.8,14.5,1.001,26.0,14.1,1.1,56.2,14.9,2229,18.45,11.7,12.886,17,29.2,14.2
2100.0,86,624.0,12.2,0.0,82.0,100,72,44.1,16,-0.8,14.2,1.000,26.0,13.9,1.2,54.8,14.5,2206,17.51,10.7,12.839,17,18.7,10.1
2102.8,86,621.1,14.7,0.0,82.0,100,72,47.3,16,-0.8,15.0,0.999,25.4,14.4,0.8,57.0,14.6,2175,17.44,11.1,12.960,17,31.8,15.3
2105.6,86,620.0,16.5,4.9,81.8,100,72,51.8,16,-0.8,16.0,1.000,26.1,13.5,0.9,59.2,14.8,2175,18.99,12.9,12.960,17,36.9,17.0
2108.4,86,615.0,13.8,7.9,81.6,100,70,49.1,16,-0.9,15.4,0.998,38.5,0.0,1.6,16.9,0.0,2112,8.35,5.3,12.960,17,18.4,11.2
2111.2,86,603.8,4.8,0.0,81.6,100,68,11.0,16,-2.3,6.3,0.884,36.9,4.2,5.3,19.4,4.1,2060,5.76,2.0,12.960,17,3.2,5.6
2114.0,86,600.0,10.6,21.7,81.3,100,67,13.9,16,-2.3,5.5,0.937,33.2,7.0,4.4,21.6,7.6,1999,7.38,3.9,12.960,17,11.9,8.6
2116.8,86,595.1,10.8,13.8,81.4,100,65,23.5,16,-1.8,6.3,0.997,29.2,7.9,-2.1,23.1,7.8,1962,7.51,3.9,12.960,17,12.9,9.0
2119.6,86,590.5,11.3,2.2,81.6,100,65,36.3,16,-0.8,10.9,0.988,30.5,11.4,0.0,41.2,11.0,2019,11.02,6.3,12.960,17,16.9,10.3
2122.4,86,586.2,10.9,6.4,81.6,100,65,37.6,16,-0.8,9.0,0.997,20.9,3.3,3.7,23.5,4.4,1966,7.69,4.3,12.960,17,12.9,9.1
2125.2,86,576.0,4.3,0.0,82.0,101,63,16.9,16,-1.8,5.9,0.374,1.2,0.0,3.0,13.1,2.2,1889,4.20,1.0,12.960,17,1.9,5.2
2128.0,86,570.0,12.7,21.5,81.7,100,63,34.6,16,-1.6,9.3,0.413,-1.2,3.1,0.0,19.0,6.6,1855,6.10,3.5,12.960,17,15.7,14.1
2130.8,86,568.0,14.5,43.7,81.6,100,62,53.3,16,-0.8,14.0,1.007,21.8,10.7,0.3,45.1,11.8,1887,13.02,9.4,12.960,17,22.8,13.6
2133.6,86,565.5,10.5,43.0,81.6,100,62,42.3,16,-0.9,7.5,0.995,16.5,0.0,7.8,20.0,2.5,1869,6.52,4.2,12.960,17,12.6,9.1
2136.4,86,558.6,4.3,0.0,81.6,101,60,10.2,16,-2.3,4.3,0.244,-4.1,0.0,3.0,13.1,0.0,1830,3.45,0.8,12.960,17,0.0,4.2
2139.2,86,544.0,3.9,0.0,81.9,101,58,10.2,16,-2.3,4.1,0.000,-13.0,0.0,0.0,11.7,0.0,1771,3.27,0.8,12.933,17,0.0,3.9
2142.0,86,536.0,3.6,0.0,82.0,101,55,10.2,16,-2.3,3.9,0.000,-13.0,0.0,0.0,11.5,0.0,1687,3.11,0.8,12.800,17,0.0,3.5
2144.8,86,525.3,3.5,0.0,82.0,101,52,10.5,16,-2.3,3.9,0.000,-13.0,0.0,0.0,12.2,0.0,1550,3.02,0.8,12.859,17,0.0,3.5
2147.6,86,513.9,3.5,0.0,82.0,101,46,11.8,16,-2.3,3.9,0.000,-13.0,0.0,0.0,13.5,0.0,1448,3.02,0.8,12.918,17,0.0,3.5
2150.4,86,504.0,3.5,0.0,82.0,101,39,12.3,16,-2.3,3.9,0.000,-12.7,0.0,0.0,14.4,0.0,1362,3.02,0.8,12.960,17,0.0,3.5
2153.2,86,495.0,3.5,0.0,82.0,101,29,12.9,16,-2.3,3.9,0.000,-12.3,0.0,0.0,15.4,0.0,1305,3.03,0.8,12.960,17,0.0,3.5
2156.0,86,485.4,3.5,0.0,82.2,101,20,14.1,16,-2.3,3.9,0.000,-12.1,0.0,0.0,16.9,0.0,1150,3.00,0.8,12.960,17,0.0,3.5
2158.8,86,475.9,4.8,3.1,82.4,101,12,20.0,16,-2.2,4.3,0.009,-13.0,0.0,0.0,20.0,0.0,1066,2.96,0.8,12.960,17,0.0,3.5
2161.6,86,468.0,7.2,10.7,82.4,101,9,46.3,16,-0.8,12.9,1.013,15.9,7.3,0.0,32.3,6.3,1435,6.63,3.4,12.960,17,4.9,5.2
2164.4,86,468.0,4.7,0.0,82.0,101,13,26.4,16,-1.7,10.6,1.003,28.0,10.6,-0.7,43.6,10.9,1677,10.24,6.6,12.960,17,15.4,9.5
2167.2,86,468.0,10.9,24.1,82.0,100,17,40.6,16,-1.7,13.0,0.994,23.4,12.1,-1.1,54.2,11.4,1444,10.13,6.3,12.960,17,20.4,12.9
2170.0,86,471.6,18.0,30.1,82.0,100,22,68.3,16,-0.8,20.4,0.992,12.5,18.0,0.8,80.0,18.0,1700,18.71,16.1,12.960,17,60.0,19.2
2172.8,86,481.6,23.0,13.4,82.0,100,28,70.6,16,-0.8,22.7,1.000,11.0,19.2,0.8,82.7,18.5,1748,21.04,24.7,12.920,17,84.8,22.9
2175.6,86,500.0,22.7,15.8,82.0,100,34,70.6,16,-0.8,22.7,1.000,11.0,19.0,0.8,82.7,18.8,1779,21.71,26.4,12.901,17,83.9,22.1
2178.4,86,510.7,18.9,24.6,82.0,100,36,67.1,16,-1.1,20.8,1.000,16.5,17.1,1.2,75.5,17.8,1753,19.28,18.8,12.960,17,42.4,15.3
2181.2,86,517.5,12.5,22.1,82.0,100,39,56.2,16,-1.6,16.5,0.999,33.0,10.6,3.1,45.1,11.0,1462,11.01,8.6,12.960,17,30.2,13.4
2184.0,87,519.1,4.7,0.4,82.0,101,41,24.3,16,-1.6,5.5,1.006,24.3,3.3,0.6,29.2,7.6,1338,7.41,5.5,12.960,17,16.3,9.9
2186.8,87,512.0,5.1,7.0,82.4,101,40,21.4,16,-2.1,5.3,1.004,30.6,2.7,-0.8,22.3,5.2,1220,4.23,1.5,12.960,17,4.9,4.6
2189.6,87,506.4,4.3,2.7,82.4,101,39,17.6,16,-2.3,5.3,0.994,39.0,5.9,-1.2,28.4,5.9,1181,4.72,1.2,12.960,17,0.0,3.9
2192.4,87,502.1,3.9,0.0,82.4,101,38,14.9,16,-2.3,5.2,0.850,34.8,6.8,-2.3,31.4,7.5,1150,5.81,3.1,12.960,17,3.1,4.2
2195.2,87,497.2,3.9,0.0,82.4,101,36,14.9,16,-2.3,3.9,0.000,-11.5,0.0,0.0,21.8,2.6,1189,4.09,2.0,12.960,17,2.8,4.0
2198.0,87,488.0,3.9,0.0,82.4,101,31,21.2,16,-1.8,7.2,0.554,5.8,6.4,2.2,38.6,5.3,1263,6.28,3.6,12.960,17,3.8,4.6
2200.8,87,491.1,11.5,0.0,82.4,101,33,43.0,16,-1.6,11.5,0.931,18.8,13.0,3.5,67.2,13.5,1381,12.85,10.7,12.960,17,25.9,14.9
2203.6,87,496.9,11.7,0.0,82.2,101,35,43.5,16,-1.8,12.3,0.995,21.2,13.3,-0.2,64.6,14.1,1529,14.37,11.8,12.960,17,27.7,14.6
2206.4,87,500.0,7.8,0.0,82.0,101,36,18.4,16,-2.3,5.9,0.993,39.5,8.2,-1.6,32.9,8.2,1250,8.76,5.1,12.960,17,12.4,8.8
2209.2,87,498.0,3.9,0.0,82.0,101,36,14.9,16,-2.3,3.9,0.230,5.5,3.0,-0.6,24.1,3.7,1224,4.92,1.3,12.960,17,0.0,3.8
2212.0,87,484.0,3.5,0.0,82.0,101,33,14.4,16,-2.3,3.9,0.000,-11.5,0.0,0.0,17.4,0.0,1206,3.06,0.8,12.964,17,0.0,3.5
2214.8,87,477.1,3.5,0.0,81.8,101,29,14.1,16,-2.3,3.9,0.000,-11.5,0.0,0.0,16.9,0.0,1225,3.05,0.8,13.000,17,0.0,3.5
2217.6,87,467.9,3.5,0.0,81.7,101,23,14.7,16,-2.3,4.1,0.002,-11.5,0.0,0.0,17.3,0.0,1189,2.98,0.8,12.976,17,0.0,3.5
2220.4,87,460.0,4.3,0.0,82.0,101,11,19.6,16,-2.3,10.2,0.884,9.3,9.3,1.8,45.0,8.0,1452,9.08,5.7,12.960,17,15.5,7.4
2223.2,86,460.0,18.8,0.0,82.0,100,16,47.8,16,-1.5,15.0,0.939,18.2,16.0,2.1,70.3,15.8,1725,16.46,13.5,12.960,17,50.3,18.8
2226.0,86,465.0,19.3,18.2,81.8,100,22,67.5,16,-0.8,18.6,0.999,14.7,16.9,0.1,76.1,17.2,1687,17.70,16.5,12.960,17,55.3,19.4
2228.8,86,473.2,14.4,21.1,81.6,100,27,57.0,16,-0.9,14.6,1.001,18.8,14.1,1.6,60.4,11.8,1577,12.88,11.1,12.904,18,28.2,11.7
2231.6,86,480.0,6.5,1.5,81.6,101,29,21.2,16,-1.6,5.9,1.013,39.5,8.6,-1.8,45.1,9.9,1378,9.26,7.1,12.919,18,11.7,6.9
2234.4,86,480.0,7.5,10.5,82.0,101,30,25.1,16,-1.6,6.2,0.997,31.7,9.2,-2.1,42.1,9.2,1270,7.53,5.2,12.960,18,11.2,7.9
2237.2,86,480.0,8.0,3.9,82.0,101,30,24.7,16,-1.6,5.7,0.989,21.9,8.3,-0.7,44.1,8.9,1255,7.42,5.5,12.960,18,12.2,8.6
2240.0,86,478.2,6.9,0.0,82.0,101,31,24.7,16,-1.7,4.6,0.992,13.1,3.1,0.0,20.8,3.9,1150,3.51,2.5,12.960,18,8.0,6.1
2242.8,86,473.8,4.7,0.0,82.0,101,31,25.0,16,-2.3,4.3,0.990,3.0,0.0,0.0,19.0,1.1,1193,3.23,1.2,12.960,18,3.2,4.2
2245.6,86,467.3,3.5,0.0,82.0,101,29,14.9,16,-2.3,3.9,0.265,-6.4,0.0,0.0,18.0,0.0,1194,3.07,0.8,12.979,18,0.0,3.5
2248.4,86,460.0,3.9,0.0,82.3,101,24,14.4,16,-2.3,3.9,0.000,-11.5,0.0,0.0,17.6,0.0,1172,3.03,0.8,13.004,18,0.0,3.5
2251.2,86,452.8,3.7,2.3,82.6,101,18,14.8,16,-2.3,3.8,0.000,-12.2,0.0,0.0,18.2,0.0,1145,3.00,0.8,12.880,18,0.0,3.5
2254.0,86,444.2,3.3,16.4,82.8,101,11,16.9,16,-2.7,3.5,0.000,-14.5,0.0,0.0,21.6,0.0,825,2.46,0.8,12.880,18,0.0,3.1
2256.8,86,435.4,2.7,50.8,83.1,101,2,23.5,16,-9.4,3.1,0.635,-1.8,0.0,2.9,26.7,0.0,725,2.21,0.8,12.907,18,0.0,2.7
2259.6,86,424.1,2.7,26.2,83.1,101,1,22.6,16,-9.4,3.5,0.941,9.2,2.2,1.8,31.6,2.2,722,3.15,1.4,12.960,18,0.0,2.7
2262.4,86,421.9,7.9,35.6,82.9,101,3,30.1,16,-7.5,5.7,1.008,17.3,6.6,-3.7,34.8,9.0,1087,8.35,6.3,12.960,18,0.0,11.0
2265.2,86,421.2,12.8,55.2,82.7,101,9,47.4,16,-1.6,12.5,0.986,23.5,13.3,0.0,54.9,13.3,1439,11.20,7.9,12.960,18,0.0,11.7
2268.0,86,424.4,12.3,57.2,82.7,101,17,55.7,16,-1.6,12.9,0.996,17.9,13.3,0.0,62.0,13.3,1446,12.35,9.7,12.960,18,0.0,12.6
2270.8,86,428.0,10.2,107.0,82.4,101,21,38.1,16,-1.6,10.7,1.004,18.6,12.0,-0.4,62.1,12.9,1324,11.97,10.4,12.960,18,0.0,12.9
2273.6,86,430.9,11.8,110.0,82.4,101,24,43.6,16,-1.6,10.4,1.003,20.3,10.6,-0.4,54.7,11.9,1270,11.30,9.7,12.958,18,0.0,12.9
2276.4,86,435.7,11.3,64.9,82.4,101,26,52.2,16,-1.6,11.5,0.996,17.3,10.6,0.8,51.0,10.6,1237,8.94,7.5,12.720,18,12.1,11.6
2279.2,86,440.9,8.6,0.1,82.3,101,29,44.6,16,-1.6,9.8,0.997,15.5,11.0,0.0,54.2,10.6,1279,9.44,7.5,12.845,18,10.6,8.4
2282.0,86,444.0,3.5,0.8,82.0,101,30,14.1,16,-2.1,7.6,0.985,20.7,11.0,-2.0,55.9,10.6,1273,8.47,5.6,12.938,18,1.6,4.8
2284.8,86,444.1,5.9,0.8,82.3,101,30,22.1,16,-2.3,6.9,0.979,28.4,10.3,-2.2,51.8,10.2,1249,6.66,1.8,12.882,18,0.0,5.5
2287.6,86,444.0,6.5,1.3,82.2,101,30,30.1,16,-2.3,7.3,0.985,35.2,8.5,2.3,37.6,8.6,1300,6.75,4.7,12.960,18,0.0,6.6
2290.4,86,444.0,6.3,1.4,82.0,101,30,33.7,16,-2.3,7.8,1.013,33.5,7.1,2.3,31.8,7.3,1233,5.97,3.8,12.960,18,0.0,6.4
2293.2,86,443.5,3.9,0.0,82.0,101,30,14.9,16,-2.3,4.9,0.280,4.0,3.0,1.0,23.7,3.7,1212,4.42,2.3,12.960,18,0.0,5.1
2296.0,86,436.1,4.3,6.0,82.0,101,29,17.4,16,-2.3,4.1,0.403,8.5,1.7,4.2,18.7,1.6,1190,2.94,0.8,12.960,18,0.0,3.5
2298.8,86,431.5,3.9,3.0,82.0,101,28,17.0,16,-2.3,4.2,0.720,31.2,3.5,10.9,22.2,3.5,1100,2.96,0.8,12.960,18,0.0,3.5
2301.6,86,424.7,3.5,0.0,82.0,101,26,14.1,16,-2.3,3.9,0.000,-12.0,0.0,0.0,16.5,0.0,1198,2.96,0.8,12.960,18,0.0,3.5
2304.4,86,416.0,3.5,0.0,82.0,101,17,14.1,16,-2.3,3.5,0.001,-12.6,0.0,0.0,18.7,0.0,1143,3.17,0.8,12.960,18,0.0,3.6
2307.2,86,410.2,4.0,0.0,81.8,101,13,23.8,16,-2.0,5.6,0.331,2.1,2.5,1.3,23.7,1.4,1128,3.71,0.8,12.960,18,0.0,3.9
2310.0,86,405.9,3.9,0.0,81.6,101,9,27.7,16,-1.8,7.5,0.906,32.5,8.5,5.3,34.1,7.8,1575,5.82,2.0,12.960,18,0.0,3.9
2312.8,86,401.4,3.8,0.0,81.6,101,9,15.4,16,-2.3,3.6,1.005,3.5,0.0,1.6,22.7,0.0,1042,3.59,1.2,12.909,18,0.0,3.7
2315.6,86,395.5,4.6,0.0,81.6,101,4,24.3,16,-1.6,8.2,1.011,27.4,4.7,-2.4,27.5,3.4,1186,3.40,0.8,12.880,18,0.0,3.6
2318.4,86,392.2,3.5,0.0,81.6,101,4,20.8,16,-5.0,6.3,1.007,28.3,5.1,-4.1,30.6,4.6,1302,3.73,0.8,12.872,18,0.0,3.9
2321.2,86,390.3,3.0,0.0,81.6,101,4,19.3,16,-9.4,3.5,0.996,4.5,0.0,-2.3,30.6,0.0,738,2.65,0.8,12.800,18,0.0,3.8
2324.0,86,380.2,0.0,0.0,81.6,101,0,75.3,1,-1.3,4.0,0.997,6.2,0.0,-1.6,22.9,0.0,624,2.38,0.9,12.787,18,0.0,3.5
2326.8,86,380.0,0.0,0.0,81.6,101,0,75.3,1,7.8,4.7,0.999,9.5,0.0,0.0,0.0,0.0,2,0.67,1.6,12.640,18,0.1,3.5
2329.6,86,380.4,0.0,0.0,81.6,101,0,75.3,1,7.8,4.7,0.999,9.5,0.0,0.0,0.0,0.0,0,0.66,1.6,12.640,18,0.1,3.5
2332.4,86,380.1,0.0,0.0,81.6,101,0,75.3,1,7.8,4.7,0.999,9.5,0.0,0.0,0.2,0.0,6,0.68,1.6,12.640,18,0.1,3.5
2335.2,86,380.0,0.0,0.0,81.6,101,0,75.3,1,7.8,4.7,0.999,9.5,0.0,0.0,0.1,0.0,4,0.67,1.6,12.641,18,0.1,3.5
2338.0,86,380.5,0.1,0.0,81.6,101,0,75.3,1,7.8,4.7,0.999,9.5,0.0,0.0,0.0,0.0,1,0.66,1.6,12.640,18,0.0,3.5
2340.8,86,380.2,0.0,0.0,81.6,101,0,75.3,1,7.8,4.7,0.999,9.5,0.0,0.0,0.0,0.0,0,0.66,1.6,12.640,18,0.0,3.5
2343.6,86,380.0,0.0,0.0,81.6,101,0,75.3,1,7.8,4.7,0.999,9.5,0.0,0.0,0.1,0.0,5,1.6,12.640,18,0.0,3.5
2346.4,86,380.7,0.0,0.0,81.6,101,0,75.3,1,7.8,4.7,0.999,9.5,0.0,0.0,0.1,0.0,3,1.6,12.641,18,0.1,3.5
2349.2,86,380.4,0.0,81.6,101,0,7.8,4.7,0.999,9.5,0.0,0.0,0.0,0.0,0,1.6,12.640,18,0.0,3.5
2352.0,86,380.2,0.0,81.6,101,0,0,1.6,12.640,18,0.0,3.5
2354.8,86,380.0,0.0,81.6,101,0,0.0,3.5
