BlueDriver Data Log
Dec 3, 2018 7:06:15 AM
Time (s),Accelerator Pedal Position E (%),Mass Air Flow Rate (g/s),Intake Air Temperature (°C),O2 Bank 1 - Sensor 2 - Oxygen Sensor Voltage (V),Absolute Throttle Position B (%),Fuel Level Input (%),Ambient Air Temperature (°C),Calculated Engine Load Value (%),Absolute Throttle Position (%),Engine Coolant Temperature (°C),Catalyst Temperature Bank 1 - Sensor 1 (°C),Absolute Load Value (%),Long Term Fuel Trim Bank 1 (%),Commanded Throttle Actuator (%),Wide Range O2S: Bank 1 - Sensor 1 - Equivalence Ratio (λ),Short Term Fuel Trim Bank 1 (%),Relative Throttle Position (%),Commanded Evaporative Purge (%),Evap. System Vapor Pressure (Pa),Barometric Pressure (kPa),Vehicle Speed (km/h),Wide Range O2S: Bank 1 - Sensor 1 - Voltage (V),Timing Advance for #1 cylinder (°),Commanded Equivalence Ratio (λ),O2 Bank 1 - Sensor 2 - Short Term Fuel Trim (%),Engine RPM (rpm),Accelerator Pedal Position D (%),Control Module Voltage (V)
0.0,,,,,,,,,,,,,,,,,,,,,,,,,,,,
17.2,16.4,19.70,8,0.280,15.5,40.9,8,61.2,14.2,26,0.0,48.9,-1.6,12.5,1.003,0.0,9.2,0.0,0.0,102,9,2.191,24.5,1.055,99.2,2043,17.1,13.039
34.4,12.9,14.46,8,0.284,14.9,40.0,8,70.4,14.5,32,63.1,62.7,2.3,15.2,1.003,-4.7,8.6,0.0,0.0,102,53,2.255,19.8,0.996,99.2,1507,12.6,12.880
51.6,0.0,5.22,8,0.331,5.5,42.4,8,34.5,6.1,37,160.0,28.6,0.6,6.3,0.999,-2.2,0.0,0.0,0.0,102,20,2.167,8.6,0.996,99.2,992,0.0,12.973
68.8,0.0,4.21,8,0.533,5.1,43.1,8,40.8,5.1,40,152.6,31.5,-4.7,5.1,0.999,5.5,0.4,0.0,0.0,102,0,2.187,7.3,1.006,99.2,813,0.0,13.583
86.0,18.1,22.56,8,0.654,20.4,42.0,8,79.2,20.8,41,221.1,69.7,3.9,20.9,0.991,2.3,16.4,16.9,11.4,102,41,2.168,11.5,0.993,99.2,1988,18.6,13.760
103.2,10.4,10.64,8,0.779,9.8,42.0,7,58.8,10.0,46,314.5,49.2,0.8,9.0,1.018,0.8,4.2,97.5,17.4,100,55,2.147,20.2,1.007,99.2,1314,10.6,13.749
120.4,4.1,7.06,8,0.721,10.7,42.0,7,58.6,11.3,48,368.5,53.8,0.8,12.4,0.996,-1.4,7.7,95.1,48.8,100,58,2.193,18.9,0.992,99.2,1457,11.1,13.244
137.6,13.9,15.30,8,0.729,16.8,43.2,7,59.9,13.6,50,402.6,59.1,0.8,14.6,1.000,-1.6,10.8,49.9,0.0,102,52,2.234,12.0,0.994,99.2,1421,13.2,12.868
154.8,0.2,4.73,7,0.704,5.2,43.8,7,25.9,5.2,50,420.5,21.4,0.8,5.6,0.992,-1.6,0.5,0.0,0.0,102,45,2.196,12.9,1.004,99.2,1282,0.0,12.808
172.0,24.1,26.21,7,0.738,30.2,42.7,7,89.1,30.5,53,441.1,80.0,3.9,32.1,1.005,-5.9,27.8,0.0,49.4,102,37,2.207,8.5,0.996,99.2,2107,24.2,12.972
189.2,27.5,27.71,7,0.756,37.5,40.5,7,89.8,37.5,58,538.4,79.2,3.9,37.3,1.000,-3.9,32.3,89.5,3.3,101,73,2.190,9.3,0.999,99.2,2247,27.6,12.972
206.4,27.5,30.01,7,0.721,38.8,40.1,7,89.4,38.8,63,592.5,79.2,3.9,38.4,0.999,-5.4,34.1,88.6,0.0,101,86,2.196,11.5,1.001,99.2,2390,27.7,13.040
223.6,27.7,30.57,6,0.748,39.2,38.8,6,88.8,39.2,68,619.8,79.2,1.6,39.2,1.000,-3.9,34.2,88.2,1.0,101,90,2.184,11.7,0.997,99.2,2408,27.8,12.994
240.8,26.9,30.77,5,0.715,38.5,39.6,5,87.3,38.9,72,632.0,77.4,-1.6,38.6,1.000,0.1,33.5,87.1,18.4,101,101,2.200,12.7,0.997,99.2,2484,27.1,12.960
258.0,13.7,13.46,5,0.137,18.8,40.3,5,81.6,23.1,75,613.2,55.0,-1.6,18.8,0.971,-2.6,12.7,43.1,3.2,101,94,2.836,-2.7,0.304,99.2,1845,4.6,13.040
275.2,17.3,20.22,5,0.714,19.9,39.2,5,68.6,16.8,76,613.7,62.5,0.4,18.5,1.000,-0.5,12.9,91.7,21.1,100,99,2.184,18.5,0.997,99.2,1878,17.0,13.040
292.4,9.2,9.64,5,0.683,9.5,39.9,5,38.8,14.4,76,590.0,50.7,0.0,15.3,0.998,1.7,10.6,93.7,5.7,99,114,2.189,29.0,0.990,99.2,2170,8.9,13.040
309.6,23.2,31.04,5,0.743,30.3,41.4,5,84.1,30.9,76,601.4,75.6,-1.6,30.3,1.001,0.1,25.1,86.8,0.0,101,122,2.184,14.5,0.997,99.2,2664,23.5,12.960
326.8,21.5,28.05,5,0.706,26.7,39.2,5,82.7,26.9,78,600.0,75.9,0.8,29.4,0.990,-0.7,25.0,87.9,0.8,101,116,2.213,13.3,0.992,99.2,2489,23.2,13.005
344.0,24.4,32.35,5,0.739,31.5,38.6,5,85.5,31.2,81,609.1,73.6,-1.1,31.6,1.003,0.7,27.6,0.0,0.0,101,118,2.172,14.4,1.007,99.2,2671,24.7,13.040
361.2,12.6,10.64,5,0.868,9.5,40.8,5,32.1,8.4,82,555.4,17.6,-5.2,5.2,1.987,0.0,0.4,0.0,0.0,101,93,2.630,26.0,0.646,99.2,1791,13.3,12.991
378.4,14.2,14.87,5,0.828,11.0,41.1,5,38.6,12.7,81,544.3,56.5,-2.3,15.8,1.000,-0.7,11.9,94.6,2.3,100,88,2.167,15.2,0.998,99.2,1719,12.7,13.040
395.6,18.4,19.90,5,0.733,15.0,39.2,5,86.0,18.8,81,558.1,67.2,0.8,25.2,0.998,-1.0,21.6,90.3,0.8,100,91,2.189,10.1,1.002,99.2,2113,21.4,12.982
412.8,21.5,24.34,5,0.751,28.6,39.6,5,86.3,27.5,81,565.5,73.3,0.5,26.1,1.007,-0.3,21.0,90.3,0.0,100,93,2.185,11.6,0.994,99.2,1986,21.1,13.040
430.0,21.2,24.42,5,0.675,25.0,39.2,5,76.6,22.2,82,573.3,70.5,0.5,23.6,1.007,-2.4,21.3,90.5,3.8,100,92,2.194,8.8,0.991,99.2,1999,21.7,13.031
447.2,18.6,22.77,5,0.746,25.2,41.1,5,90.0,32.0,84,590.5,80.0,0.8,35.1,0.997,-1.6,30.3,88.0,4.4,101,95,2.199,10.9,0.996,99.2,2351,23.8,13.040
464.4,18.4,20.92,5,0.755,22.3,40.1,5,76.5,19.5,85,586.3,63.2,0.0,19.2,0.998,0.1,15.6,92.5,6.1,100,89,2.192,12.4,1.001,99.2,1911,18.5,13.040
481.6,20.1,24.35,5,0.742,25.1,38.6,5,84.0,25.7,86,593.5,73.7,0.8,26.2,1.000,-1.4,21.3,75.4,0.0,100,92,2.177,11.9,1.000,99.2,2093,20.3,12.972
498.8,15.3,16.72,5,0.714,19.8,38.2,5,77.7,21.3,87,594.3,69.9,0.8,20.3,1.009,1.3,12.1,91.6,0.0,99,90,2.224,23.0,0.999,99.2,1743,10.3,13.060
516.0,15.2,16.72,5,0.767,18.0,37.5,5,72.6,12.9,87,565.8,66.4,0.4,22.1,0.992,-0.4,18.3,91.2,0.0,100,93,2.180,46.1,1.003,99.2,1809,14.1,13.005
533.2,21.3,23.02,5,0.733,20.6,38.4,5,74.5,19.8,87,568.2,61.6,0.0,17.0,0.996,-1.5,12.6,80.2,18.7,100,89,2.191,14.0,1.002,99.2,1809,20.5,13.040
550.4,21.1,25.95,5,0.753,24.9,37.4,5,80.9,24.9,87,595.4,74.0,0.8,24.8,0.999,-1.4,20.2,90.2,6.3,100,93,2.192,13.7,0.998,99.2,2143,21.0,13.040
567.6,17.0,18.29,5,0.733,19.7,38.1,5,74.9,20.0,87,588.2,62.0,-0.5,18.5,0.988,-0.9,13.3,88.9,27.3,99,92,2.195,18.3,1.000,99.2,1799,16.2,13.005
584.8,14.8,16.24,5,0.716,16.7,37.6,5,69.3,18.8,87,584.0,65.7,0.7,19.5,1.004,0.1,14.6,92.0,7.4,99,97,2.175,17.2,1.005,99.2,1866,16.9,12.980
602.0,16.1,18.63,5,0.736,13.0,38.0,5,48.2,15.3,87,576.1,65.1,0.8,19.9,1.003,-2.2,15.8,76.8,626.6,99,98,2.179,15.7,0.995,99.2,1894,17.4,13.040
619.2,18.0,21.01,5,0.700,21.6,37.3,5,77.2,21.5,87,576.0,68.0,0.8,21.3,0.999,-1.6,17.1,35.3,7.6,100,96,2.191,14.0,1.005,99.2,1939,18.0,13.103
636.4,19.2,23.48,5,0.715,23.5,37.6,5,81.9,23.8,87,580.0,70.9,0.8,23.4,1.000,-1.3,19.0,91.0,5.2,100,102,2.184,13.1,0.997,99.2,2080,19.6,13.071
653.6,19.2,23.59,5,0.686,23.5,37.6,5,81.7,23.6,87,588.0,70.9,0.8,23.5,0.998,-0.8,19.2,90.6,0.0,99,103,2.204,12.8,1.004,99.2,2087,19.6,12.973
670.8,16.6,19.88,5,0.689,17.4,38.3,5,70.4,19.2,87,585.7,66.5,0.8,21.0,0.993,-2.1,16.7,91.8,35.8,100,105,2.203,18.7,0.994,99.2,1984,15.4,12.964
688.0,11.7,13.37,5,0.732,14.4,38.3,5,63.1,16.7,87,585.8,58.6,0.4,17.5,1.002,0.0,13.3,48.0,14.3,99,99,2.183,22.1,1.000,99.2,1860,11.1,13.039
705.2,18.4,22.55,5,0.720,22.6,38.3,5,78.8,22.6,87,584.0,69.3,0.8,22.2,0.999,0.0,17.6,91.2,0.5,99,104,2.195,14.9,0.999,99.2,2041,18.5,13.040
722.4,17.1,20.21,5,0.704,9.9,38.1,5,37.1,11.9,87,581.7,54.2,0.0,19.0,0.991,-1.0,14.7,65.2,49.4,100,105,2.204,17.6,1.003,99.2,1981,17.3,12.963
739.6,28.1,35.78,5,0.734,39.2,38.1,5,87.6,36.4,87,588.5,77.9,-1.6,36.4,1.004,0.9,31.4,55.7,0.0,100,103,2.179,15.1,1.003,99.2,2740,28.6,13.030
756.8,24.3,31.73,5,0.744,33.0,37.6,5,85.2,33.5,86,602.6,74.0,-1.6,32.5,1.003,1.2,27.3,86.7,4.3,99,112,2.169,14.2,0.998,99.2,2637,24.7,13.040
774.0,22.3,28.97,5,0.712,28.0,36.8,5,83.0,27.7,86,612.0,71.3,-0.7,28.0,0.992,0.8,22.6,88.4,4.5,99,118,2.185,13.8,1.009,99.2,2515,22.5,13.082
791.2,19.1,24.05,5,0.763,23.9,37.6,5,80.2,24.5,86,603.0,69.7,0.8,25.1,0.999,1.4,20.7,89.9,4.2,99,112,2.177,14.0,1.000,99.2,2162,19.2,12.980
808.4,20.2,25.13,5,0.722,25.5,38.2,5,81.4,25.7,86,596.0,71.2,0.8,25.5,0.998,0.8,20.8,89.8,3.4,99,116,2.167,15.9,0.995,99.2,2219,20.5,12.985
825.6,13.3,14.20,6,0.699,14.4,37.6,5,54.6,14.1,86,580.0,44.0,0.0,12.5,1.014,0.8,8.4,87.1,137.5,98,99,2.170,22.1,0.999,99.2,1888,14.1,13.009
842.8,24.6,29.61,5,0.713,31.6,37.3,5,86.5,30.2,86,591.9,76.0,0.8,35.9,0.998,-1.1,31.2,87.7,0.0,99,94,2.208,12.7,0.995,99.2,2452,25.9,12.997
860.0,26.3,41.66,6,0.860,31.5,35.7,5,80.8,30.1,86,615.3,72.0,-1.6,28.7,0.991,-1.1,22.8,0.0,5.8,99,107,2.151,20.7,0.991,99.2,3280,25.7,12.928
877.2,17.5,21.54,6,0.685,21.2,36.9,5,75.7,20.8,87,609.1,57.2,0.3,13.0,1.012,2.6,7.4,43.2,9.7,98,112,2.179,26.7,0.996,99.2,2125,16.4,13.040
894.4,11.2,11.02,6,0.681,12.2,36.9,5,34.2,6.1,87,577.4,23.1,-4.1,9.9,0.960,0.1,7.2,55.3,77.7,99,99,2.153,22.3,0.999,99.2,1889,7.5,13.040
911.6,18.5,22.09,6,0.728,22.5,36.0,5,80.1,22.5,87,571.8,68.2,0.8,22.4,1.000,-0.6,18.1,91.4,2.0,98,93,2.163,14.4,1.005,99.2,2037,18.6,13.040
928.8,14.2,15.89,6,0.710,7.3,35.7,5,22.2,12.9,87,572.8,51.5,0.1,15.2,1.009,-0.6,11.4,93.1,18.4,98,104,2.190,20.3,0.994,99.2,1958,13.5,13.040
946.0,15.9,18.20,6,0.764,19.3,35.7,5,74.6,21.2,87,572.0,65.8,0.7,21.1,1.006,-0.2,16.7,92.1,0.0,98,102,2.183,18.8,0.998,99.2,1928,14.6,13.070
963.2,21.4,25.08,6,0.702,27.9,34.5,5,85.5,27.8,87,575.5,73.0,0.8,26.5,1.000,0.2,21.7,90.0,0.5,98,98,2.189,13.9,1.003,99.2,2161,21.2,13.040
980.4,23.9,28.74,6,0.732,31.6,32.5,5,90.1,36.1,87,599.2,76.4,-1.6,34.6,0.997,0.5,28.7,26.9,5.0,99,100,2.176,12.0,1.008,99.2,2406,24.0,13.007
997.6,18.4,19.95,7,0.748,21.8,34.5,5,77.4,21.5,87,609.3,64.7,0.5,16.5,1.012,1.8,9.6,38.2,8.1,98,95,1.935,20.5,1.011,99.2,1868,17.8,13.120
1014.8,20.7,23.77,7,0.696,25.6,33.4,5,83.5,25.8,87,608.0,72.1,0.8,26.1,1.007,-0.9,21.8,90.2,0.0,98,88,2.183,12.2,0.996,99.2,2103,20.8,13.120
1032.0,12.2,11.93,8,0.722,11.0,33.9,5,44.4,13.1,87,608.0,48.8,-2.3,14.4,1.039,2.4,11.7,44.3,27.9,98,90,2.317,25.6,0.933,99.2,1699,9.4,13.120
1049.2,0.0,4.07,8,0.000,4.7,37.4,5,13.0,4.7,86,520.8,11.0,-4.7,4.7,1.999,0.0,0.4,0.0,0.0,98,82,3.619,-12.4,0.000,99.2,2051,0.1,13.120
1066.4,0.0,4.11,8,0.000,4.7,39.5,5,13.3,4.7,85,447.9,11.3,-4.7,4.7,1.999,0.0,0.4,0.0,0.0,99,76,3.701,-12.5,0.000,99.2,2002,0.0,13.047
1083.6,0.0,4.11,8,0.000,4.7,40.0,5,14.1,4.7,84,397.4,12.5,-5.2,4.8,1.999,0.0,0.4,0.0,0.0,99,80,3.655,-12.0,0.000,99.2,1824,0.0,13.120
1100.8,0.0,4.53,8,0.000,5.1,39.8,5,14.0,5.2,84,345.1,12.6,-4.7,5.7,1.999,0.0,0.4,0.0,0.0,99,86,3.653,-11.0,0.000,99.2,2145,0.0,13.098
1118.0,3.7,4.66,8,0.840,5.1,39.2,5,16.2,5.2,83,315.1,14.4,-4.7,5.4,1.075,-2.2,0.8,6.3,0.7,100,98,2.186,35.1,0.984,99.2,1866,3.8,13.070
1135.2,1.6,4.56,8,0.371,5.2,39.0,5,15.3,5.4,83,290.7,14.4,-4.7,5.6,1.181,-0.7,0.1,2.4,0.0,100,110,2.184,2.6,0.085,99.2,2049,0.9,13.120
1152.4,4.3,6.47,8,0.064,7.4,39.0,5,28.4,8.9,83,264.7,33.9,-0.4,11.3,1.013,-2.3,7.6,20.2,34.4,100,106,2.426,14.0,0.753,99.2,2008,2.0,12.937
1169.6,15.6,18.45,8,0.754,17.7,38.6,5,73.7,19.1,83,301.9,64.9,0.8,18.8,1.001,-2.2,14.9,49.4,46.5,100,100,2.200,17.8,0.999,99.2,1972,15.8,13.100
1186.8,4.6,5.93,7,0.431,6.1,38.6,5,19.4,5.7,84,312.0,14.4,-4.7,4.8,1.926,0.1,0.8,0.0,0.0,101,98,2.252,33.0,0.722,99.2,1831,5.6,13.065
1204.0,7.4,6.11,7,0.416,6.9,37.1,5,41.6,12.4,84,329.6,44.9,0.0,12.9,1.016,-1.7,2.2,6.3,0.0,101,96,2.253,5.5,1.094,99.2,1793,3.9,13.066
1221.2,15.9,19.05,7,0.713,17.2,34.4,5,70.0,20.1,85,389.7,66.5,0.8,20.8,0.999,-3.0,15.8,57.7,44.8,101,105,2.212,17.3,1.001,99.2,2024,16.3,13.072
1238.4,15.0,17.99,7,0.821,16.0,35.4,5,61.6,15.9,87,421.9,54.5,0.0,16.2,1.014,-1.5,12.1,36.3,0.0,101,107,2.266,22.7,0.964,99.2,2035,14.4,13.074
1255.6,4.9,8.16,7,0.218,7.2,36.5,5,21.0,5.9,86,404.2,13.3,-4.7,8.7,1.061,3.4,7.0,21.1,0.0,101,102,2.471,12.4,0.625,99.2,1968,7.0,13.081
1272.8,12.2,14.31,7,0.692,13.5,34.5,5,51.1,14.1,86,447.6,48.0,0.0,14.5,1.012,1.5,5.1,12.0,0.0,101,115,2.189,28.4,1.002,99.2,2181,10.2,13.120
1290.0,13.6,17.20,7,0.709,14.4,33.1,5,51.9,14.3,86,464.0,44.7,0.0,14.1,1.002,0.0,9.4,29.6,14.2,101,123,2.192,27.2,0.998,99.2,2383,13.5,13.037
1307.2,8.9,14.67,8,0.435,12.0,35.7,5,28.3,6.1,86,495.0,11.8,-4.7,5.4,1.950,-0.1,1.7,6.2,0.0,102,125,3.329,-0.5,0.321,99.2,2354,6.8,13.029
1324.4,21.7,26.97,8,0.718,27.9,36.8,5,86.6,27.8,86,467.4,72.5,0.7,26.0,0.999,1.0,21.2,74.5,18.9,101,103,2.197,15.0,1.005,99.2,2232,21.9,13.083
1341.6,28.4,37.83,8,0.739,36.6,35.7,5,85.8,36.9,86,538.2,77.9,-1.6,37.4,0.999,1.4,31.6,85.1,0.3,101,104,2.186,17.9,0.998,99.2,3064,28.7,13.089
1358.8,21.0,26.44,9,0.725,25.9,35.3,5,81.2,25.9,86,571.5,72.6,0.4,26.2,0.997,0.2,21.9,89.4,3.7,101,118,2.183,13.5,1.001,99.2,2325,21.0,13.081
1376.0,20.4,27.44,9,0.706,25.1,34.9,5,80.0,25.1,87,583.4,70.8,-1.1,25.0,0.998,-0.5,20.0,90.1,1.3,101,128,2.179,16.7,1.000,99.2,2450,20.4,13.058
1393.2,20.0,28.06,10,0.709,25.1,35.3,5,75.7,25.1,86,592.0,67.8,-1.6,25.3,1.000,0.3,20.0,87.3,0.0,101,138,2.190,20.0,0.998,99.2,2631,20.4,13.040
1410.4,16.3,22.91,10,0.660,20.5,34.5,5,74.1,21.7,86,596.0,66.2,-1.6,22.2,0.997,-0.2,13.6,37.1,1.7,101,127,2.204,21.7,0.995,99.2,2412,18.1,13.094
1427.6,13.3,16.15,10,0.704,14.1,35.7,5,43.7,9.7,86,578.9,38.5,0.0,14.2,0.589,0.0,9.8,29.4,9.6,101,118,2.207,26.0,0.997,99.2,2227,13.3,13.041
1444.8,15.1,18.97,11,0.723,16.0,36.2,5,58.8,15.9,86,568.0,52.8,0.0,15.1,1.007,1.3,11.3,33.5,0.0,101,116,2.185,22.7,0.999,99.2,2197,16.0,13.047
1462.0,15.5,19.47,11,0.713,17.2,35.7,5,63.6,16.6,86,556.0,54.5,0.0,16.0,0.989,0.5,11.2,34.0,13.9,101,108,2.182,22.2,1.001,99.2,2062,15.3,13.120
1479.2,16.7,20.67,11,0.742,19.7,35.3,5,71.4,20.8,86,564.0,60.0,0.6,20.1,0.997,0.2,17.0,74.0,13.9,101,112,2.195,20.6,0.994,99.2,2092,10.9,13.120
1496.4,4.1,9.02,11,0.658,13.3,35.6,5,49.8,17.3,86,556.0,58.9,0.5,18.9,1.000,0.1,13.7,37.1,0.0,101,108,2.177,23.2,1.001,99.2,2062,11.8,13.112
1513.6,16.1,20.48,12,0.701,18.4,35.3,5,67.2,18.4,86,556.0,60.0,0.0,18.4,1.005,0.3,14.0,44.1,37.8,101,114,2.194,20.5,1.000,99.2,2186,16.5,13.120
1530.8,16.1,21.04,12,0.699,18.4,34.9,5,67.6,18.8,86,560.0,59.8,0.0,18.4,0.997,1.0,14.4,0.0,0.0,102,114,2.176,21.0,1.001,99.2,2174,16.5,13.120
1548.0,19.2,24.14,11,0.705,23.2,33.8,5,77.7,23.3,86,565.6,68.5,0.8,22.8,1.003,0.4,18.8,78.4,19.3,101,114,2.191,17.4,0.997,99.2,2199,19.6,13.101
1565.2,17.3,22.56,12,0.701,20.4,34.1,5,70.9,20.4,86,568.0,62.7,0.8,20.5,0.997,0.4,16.4,57.1,34.1,101,118,2.189,20.0,1.002,99.2,2247,17.3,13.040
1582.4,19.7,24.30,12,0.705,23.9,33.0,5,78.1,23.9,86,573.9,69.0,0.8,23.5,1.001,0.5,19.6,86.1,15.9,101,114,2.201,15.0,1.001,99.2,2175,19.6,13.120
1599.6,22.4,29.46,12,0.707,29.0,32.3,5,79.5,25.5,86,589.1,62.7,-1.2,25.1,0.999,0.5,22.3,83.3,0.0,101,124,2.189,15.9,0.998,99.2,2598,22.9,13.058
1616.8,17.1,23.61,12,0.695,20.0,33.7,5,68.8,20.0,86,584.0,62.0,0.0,20.4,0.994,-0.9,15.7,57.4,2.8,101,126,2.206,20.7,0.999,99.2,2411,17.5,13.040
1634.0,21.2,27.32,12,0.707,26.6,32.2,5,82.1,26.3,86,588.4,72.2,0.8,26.3,0.996,-0.8,21.4,9.7,1.6,102,122,2.179,14.3,1.001,99.2,2362,21.2,13.075
1651.2,19.8,25.75,12,0.702,20.1,32.6,5,68.8,23.2,86,596.0,71.7,0.8,25.9,0.998,-1.7,21.2,88.6,0.0,101,126,2.189,14.4,1.001,99.2,2387,21.2,13.082
1668.4,12.2,14.32,12,0.735,14.5,33.7,5,53.2,15.3,86,583.6,51.5,0.0,16.3,1.000,0.8,13.1,39.5,20.7,101,120,2.174,23.3,1.006,99.2,2266,15.3,13.120
1685.6,13.5,16.12,12,0.687,13.9,33.3,5,48.8,13.5,86,560.0,40.8,0.0,12.7,0.997,1.6,7.1,21.3,54.0,101,116,2.176,28.2,1.007,99.2,2175,14.4,13.120
1702.8,18.4,24.11,11,0.683,22.5,33.6,5,74.5,23.3,86,576.0,71.9,0.8,26.3,0.994,-1.6,21.6,88.6,0.9,101,116,2.202,13.5,0.997,99.2,2392,21.6,13.120
1720.0,15.6,18.92,12,0.735,9.5,34.1,5,38.0,12.3,86,567.7,36.8,0.0,12.4,1.015,0.1,8.5,23.0,13.5,102,110,2.270,29.6,0.989,99.2,2065,13.6,13.120
1737.2,20.9,25.71,12,0.717,25.9,32.5,5,80.9,25.2,86,571.6,71.3,0.8,25.3,1.000,1.6,20.6,89.9,1.3,101,113,2.181,14.7,1.005,99.2,2204,20.3,13.040
1754.4,25.9,31.65,12,0.686,35.3,33.3,5,85.5,34.8,86,587.2,75.8,-1.0,32.9,1.003,0.5,27.8,86.8,2.5,101,112,2.173,12.7,0.998,99.2,2553,26.2,13.120
1771.6,22.4,28.18,12,0.700,24.7,31.4,5,79.7,23.5,86,600.0,51.6,-0.3,18.3,1.002,-0.5,17.2,65.8,0.9,101,125,2.186,17.5,1.002,99.2,2389,21.8,13.040
1788.8,17.3,24.02,11,0.700,20.8,28.2,5,70.7,20.7,86,593.1,62.7,-0.8,20.7,0.999,-0.8,15.9,55.9,24.7,101,128,2.198,21.5,0.996,99.2,2437,17.6,13.103
1806.0,17.3,23.86,12,0.703,19.7,30.9,5,68.1,19.6,86,592.0,61.3,-0.8,20.0,0.999,0.0,15.3,51.8,31.2,101,128,2.173,21.4,1.001,99.2,2425,17.4,13.047
1823.2,18.8,26.14,12,0.704,22.8,32.5,5,73.8,22.9,86,592.0,65.4,-1.6,22.9,1.008,0.4,18.0,69.3,0.0,101,133,2.164,20.5,0.998,99.2,2519,18.8,12.900
1840.4,21.9,28.89,11,0.701,27.3,32.3,5,82.4,27.1,86,593.9,72.9,-1.6,26.9,1.002,0.8,21.9,65.0,4.6,101,128,2.192,14.1,0.998,99.2,2476,22.0,13.099
1857.6,21.9,28.87,11,0.710,26.6,30.9,5,79.5,29.4,86,605.6,65.8,-1.3,27.4,0.998,0.0,23.2,75.3,10.2,101,128,2.187,16.5,1.001,99.2,2837,23.6,13.120
1874.8,15.9,20.36,12,0.692,18.0,31.4,5,65.1,18.9,86,588.0,60.7,0.5,19.9,0.992,-0.3,15.9,56.5,12.4,101,116,2.199,19.2,1.004,99.2,2199,16.0,13.097
1892.0,19.5,24.55,12,0.712,23.7,32.0,5,77.5,23.5,86,580.0,68.2,0.8,23.5,1.005,1.5,19.4,85.2,6.5,101,118,2.181,16.7,1.010,99.2,2244,19.2,13.120
1909.2,8.0,12.98,12,0.386,14.9,31.0,5,45.6,16.0,86,570.1,34.3,0.1,13.2,1.011,0.6,8.8,26.0,0.0,101,114,2.182,24.9,0.995,99.2,2162,5.2,13.120
1926.4,8.9,13.73,12,0.680,10.9,31.6,5,25.6,5.8,86,548.0,19.7,-0.4,12.8,0.920,-3.9,12.5,43.1,65.1,101,110,2.190,19.3,1.011,99.2,2137,16.6,13.120
1943.6,14.9,17.95,12,0.693,15.7,31.0,5,59.3,15.7,86,544.0,52.0,0.0,15.4,0.999,1.1,10.9,32.5,64.0,101,114,2.181,23.9,0.999,99.2,2157,14.9,13.061
1960.8,10.4,14.93,12,0.421,12.3,31.2,5,37.3,11.0,86,521.0,23.8,-3.6,9.3,1.369,2.0,9.7,5.5,0.0,102,110,2.007,18.4,0.844,99.2,2245,12.8,13.003
1978.0,13.2,17.31,11,0.618,18.4,30.9,5,78.1,24.0,86,540.3,72.2,0.8,24.3,1.005,-1.3,22.5,89.3,1.2,101,104,2.197,10.0,0.994,99.2,2272,17.5,13.028
1995.2,25.1,30.82,12,0.697,33.0,30.1,5,86.0,32.8,87,568.9,76.0,-1.6,32.9,1.002,1.6,27.8,86.8,0.0,101,106,2.191,12.5,0.999,99.2,2541,25.6,13.056
2012.4,14.2,16.66,11,0.684,13.5,29.2,5,49.3,14.2,87,583.3,49.5,0.0,15.1,0.994,1.6,10.6,30.0,45.7,101,114,2.167,23.8,1.003,99.2,2154,15.0,13.093
2029.6,5.0,6.04,12,0.409,5.9,30.6,5,19.2,7.8,87,555.6,20.9,-4.4,8.0,0.907,10.6,3.9,12.6,10.2,101,114,2.010,35.5,1.011,99.2,2137,10.4,12.976
2046.8,16.4,20.38,12,0.782,22.3,29.9,5,79.7,25.4,86,540.5,72.4,-1.5,27.3,0.998,1.8,21.1,81.8,10.6,101,113,2.150,19.3,1.003,99.2,2180,14.1,13.072
2064.0,19.1,24.09,11,0.717,23.5,28.0,5,73.2,20.4,86,552.7,57.9,0.1,17.1,1.001,0.7,12.0,35.0,1.4,101,112,2.191,21.7,0.996,99.2,2146,18.9,12.988
2081.2,9.6,9.78,12,0.351,9.9,28.2,5,34.9,10.9,86,551.7,31.8,-0.2,11.3,0.991,1.6,7.4,21.4,36.2,101,118,2.173,29.2,1.008,99.2,2215,7.1,13.120
2098.4,18.2,23.62,11,0.707,20.6,29.0,5,66.2,19.0,86,544.3,74.4,0.8,26.7,0.999,-1.9,20.9,77.2,11.9,101,119,2.181,16.2,0.994,99.2,2405,18.9,13.081
2115.6,22.0,29.02,11,0.705,27.8,29.1,5,83.8,27.8,86,575.2,73.7,-1.6,27.7,1.000,0.8,22.6,88.3,1.6,101,120,2.192,14.8,0.998,99.2,2473,22.4,13.120
2132.8,10.7,11.42,11,0.610,10.7,29.8,5,37.5,9.7,86,572.3,18.4,-4.0,8.7,0.969,-2.0,4.5,14.1,9.7,102,117,2.172,37.8,0.997,99.2,2208,10.2,13.130
2150.0,19.2,24.38,11,0.737,22.7,29.3,5,77.1,23.1,86,572.0,67.5,0.8,22.7,0.991,-0.6,18.4,74.3,25.5,101,120,2.182,16.4,0.998,99.2,2275,19.2,13.033
2167.2,15.6,19.90,11,0.711,16.8,29.7,5,56.7,15.7,86,568.0,45.4,0.1,14.6,1.000,0.0,10.9,34.0,37.1,101,120,2.195,22.0,1.005,99.2,2287,16.4,13.072
2184.4,18.4,23.71,11,0.494,23.8,28.4,5,79.7,25.7,86,568.7,72.8,0.5,25.3,1.010,-1.6,20.4,85.5,13.2,101,122,2.179,14.3,0.997,99.2,2435,21.0,13.092
2201.6,14.1,17.15,11,0.688,15.1,27.6,5,54.3,15.2,86,571.2,47.8,0.0,15.3,0.993,0.8,4.0,11.0,1.3,101,120,2.085,26.5,1.009,99.2,2278,13.8,13.120
2218.8,8.6,9.18,11,0.355,10.3,28.6,5,36.0,12.0,86,555.6,56.3,0.0,19.6,1.000,-2.3,15.0,52.0,7.9,101,124,2.241,17.5,0.718,99.2,2320,2.9,13.127
2236.0,14.2,17.14,10,0.728,19.5,29.0,5,67.1,19.7,86,561.0,67.2,0.8,22.6,0.998,-1.4,18.9,81.2,25.8,101,118,2.188,17.5,0.997,99.2,2253,19.5,13.063
2253.2,22.7,29.36,11,0.705,27.8,28.2,5,83.5,28.1,86,581.1,74.3,-1.1,28.2,1.001,1.4,23.5,87.8,0.4,101,114,2.200,13.5,0.997,99.2,2532,23.2,13.148
2270.4,21.6,27.88,11,0.621,26.4,28.2,5,80.4,25.8,86,588.0,72.5,-0.1,27.4,1.006,0.3,23.1,88.5,0.8,101,121,2.178,12.3,1.009,99.2,2427,22.4,13.120
2287.6,12.6,15.74,11,0.680,14.1,29.3,5,51.4,14.6,86,590.1,47.1,-0.8,15.3,1.008,1.3,9.8,10.2,1.3,102,126,2.188,28.5,0.996,99.2,2362,12.2,13.042
2304.8,18.0,24.69,11,0.699,21.5,29.4,5,72.8,21.4,86,588.0,63.5,-1.6,21.6,0.999,0.8,16.5,58.9,9.8,101,129,2.171,21.0,0.999,99.2,2450,18.0,13.044
2322.0,10.5,12.16,11,0.432,14.1,30.8,5,51.2,15.0,86,583.2,49.6,-0.7,15.9,1.003,0.6,11.3,35.6,62.9,101,126,2.163,26.5,0.989,99.2,2336,4.1,13.008
2339.2,8.5,14.08,11,0.692,13.3,30.1,5,50.7,15.8,86,567.5,55.8,-0.1,18.3,1.005,-0.1,13.2,39.6,50.4,101,118,2.190,25.1,0.994,99.2,2255,14.2,13.074
2356.4,8.8,12.33,11,0.434,5.9,30.1,5,13.9,5.0,86,550.3,11.6,-4.7,5.0,1.953,0.0,1.7,5.6,0.0,102,111,3.223,-3.8,0.326,99.2,2091,7.1,13.120
2373.6,11.8,13.13,11,0.706,12.1,30.2,5,43.1,10.5,86,531.2,33.7,0.0,10.1,0.990,-1.5,3.6,11.4,0.0,102,102,2.175,37.1,1.009,99.2,1921,9.7,13.066
2390.8,0.0,4.00,11,0.000,4.7,31.8,5,21.7,4.7,86,481.4,18.8,-5.5,4.7,1.999,0.0,0.4,0.0,7.2,102,59,3.628,-9.2,0.000,99.2,1272,0.0,13.072
2408.0,7.8,10.26,11,0.447,8.0,31.0,5,34.8,6.2,86,482.2,21.5,-2.4,4.7,1.037,0.8,1.4,5.3,0.0,102,60,2.773,-4.1,0.268,99.2,1461,6.1,13.024
2425.2,0.0,4.34,11,0.028,4.8,29.3,5,23.0,4.8,86,418.2,19.5,-5.5,4.7,1.980,0.0,0.4,0.0,0.0,102,43,3.677,-9.0,0.000,99.2,1219,0.0,13.088
2442.4,0.0,4.01,11,0.628,5.1,29.0,5,25.1,5.8,86,392.7,25.2,-3.0,5.9,0.995,0.5,0.8,2.8,0.0,102,20,2.233,15.9,0.994,99.2,1305,0.0,13.065
2459.6,0.0,0.66,11,0.822,5.6,29.0,5,100.0,0.0,86,364.0,0.0,4.7,4.7,1.477,0.0,27.1,0.0,0.0,102,0,2.548,9.0,0.999,99.2,0,0.0,12.640
2476.8,0.0,0.66,11,0.825,6.3,29.0,5,100.0,0.0,86,364.0,0.0,4.7,4.7,1.477,0.0,27.1,0.0,0.0,102,0,2.548,9.0,0.999,99.2,0,0.0,12.640
