BlueDriver Data Log
Sep 5, 2018 6:49:43 PM
Time (s),Engine Coolant Temperature (째C),Catalyst Temperature Bank 1 - Sensor 1 (째C),Fuel Level Input (%),Barometric Pressure (kPa),Vehicle Speed (MPH),Absolute Load Value (%),Ambient Air Temperature (째C),Calculated Engine Load Value (%),Engine RPM (rpm),Relative Throttle Position (%),Control Module Voltage (V),Intake Air Temperature (째C),Absolute Throttle Position (%)
0.0,,,,,,,,,,,,,
3.1,85,52.0,64.3,102,0,33.6,18,42.6,853,0.7,14.240,33,5.9
6.2,85,58.6,64.3,102,4,26.8,18,31.9,1185,1.4,14.113,33,6.7
9.3,85,63.8,64.7,102,5,22.0,18,25.2,1359,1.7,14.240,33,4.2
12.4,86,70.1,64.7,102,6,15.3,18,18.0,1238,0.5,14.240,34,4.3
15.5,86,72.0,65.1,102,5,17.2,18,22.9,966,0.4,13.691,34,4.0
18.6,86,75.3,65.4,102,3,30.7,18,37.7,880,0.4,13.440,33,5.5
21.7,87,76.0,65.5,102,2,38.9,18,48.2,891,0.4,13.290,33,5.8
24.8,87,84.3,65.9,102,7,47.8,18,53.7,1709,8.6,13.130,33,14.0
27.9,87,110.8,65.9,102,15,56.6,18,64.8,1532,11.0,12.960,33,14.9
31.0,87,128.9,65.6,102,20,26.6,18,32.8,1201,3.4,12.960,33,8.2
34.1,87,132.0,65.9,101,19,16.9,18,22.3,1217,0.5,12.960,33,3.5
37.2,87,137.1,65.5,101,19,28.5,18,32.6,1327,1.9,12.960,33,6.8
40.3,87,143.2,65.5,102,19,28.0,18,32.0,1217,0.4,12.971,33,5.5
43.4,87,148.6,65.9,102,15,24.3,17,25.3,1232,0.4,12.999,32,5.1
46.5,87,152.0,66.5,102,5,23.0,17,33.4,1029,1.0,12.884,32,4.0
49.6,87,158.6,66.3,101,7,41.3,17,50.8,1799,8.3,12.924,32,11.6
52.7,87,177.6,66.3,101,15,55.2,17,63.1,1446,10.5,12.947,32,13.2
55.8,87,191.5,66.0,101,20,36.7,17,41.5,1249,5.2,12.840,32,8.3
58.9,87,193.8,66.1,102,19,21.1,17,24.7,1236,0.4,12.960,32,4.8
62.0,87,196.0,66.7,102,13,23.5,15,28.5,1106,0.4,12.960,30,5.4
65.1,87,201.3,67.1,101,8,50.3,15,61.7,1844,11.5,12.960,30,13.8
68.2,87,219.7,67.1,101,14,63.3,15,70.5,1793,13.8,12.921,30,18.3
71.3,87,243.3,66.9,101,23,55.6,15,65.0,1588,11.6,12.957,30,12.8
74.4,87,256.0,66.7,101,26,26.7,15,31.6,1371,3.8,12.918,30,6.6
77.5,87,256.0,66.7,102,26,16.0,15,17.8,1239,0.4,12.881,30,3.6
80.6,87,251.3,66.7,102,24,21.1,15,26.5,1187,0.2,12.960,30,5.1
83.7,87,248.0,66.7,102,20,24.3,15,29.7,1202,0.1,12.960,30,5.9
86.8,87,248.0,67.1,102,13,18.7,15,22.6,1169,0.4,12.903,30,4.9
89.9,87,248.0,67.4,102,4,21.6,15,27.0,938,0.5,12.944,30,3.9
93.0,87,244.0,67.5,102,0,23.2,15,30.4,673,0.5,12.880,30,3.3
96.1,87,240.1,67.5,102,1,39.3,15,41.6,1127,3.4,12.880,30,5.7
99.2,87,248.9,67.5,101,11,57.2,15,66.0,1691,10.3,12.939,30,15.8
102.3,87,264.9,67.5,101,18,65.2,15,74.7,1583,13.4,12.973,30,18.5
105.4,87,288.1,67.5,101,25,65.8,14,74.9,1602,15.7,13.040,29,19.1
108.5,87,307.6,67.5,101,29,64.1,14,74.5,1528,13.4,12.915,29,17.3
111.6,87,326.4,67.5,101,32,50.5,13,58.6,1272,8.3,12.945,28,11.1
114.7,87,339.9,67.1,101,34,61.3,13,70.2,1443,14.0,12.936,28,17.3
117.8,87,358.7,67.1,100,34,61.3,13,58.1,1478,9.5,12.904,28,15.4
120.9,87,361.6,67.2,101,31,22.6,13,24.8,1237,0.4,12.960,28,5.0
124.0,88,360.3,67.5,102,24,16.9,13,19.9,1229,0.4,12.987,28,4.2
127.1,88,360.0,68.0,102,11,18.1,13,21.7,1019,0.4,12.964,28,3.9
130.2,88,354.1,68.6,102,1,23.9,13,30.6,698,0.4,12.868,28,3.5
133.3,88,344.7,68.6,102,1,38.3,13,43.3,1032,2.4,12.960,28,9.8
136.4,88,349.8,68.4,102,10,62.3,13,70.5,1798,12.8,13.009,28,17.6
139.5,88,360.7,68.2,102,19,70.6,12,78.8,1766,18.4,12.960,27,22.7
142.6,88,379.9,68.0,102,25,70.6,12,79.5,1767,19.8,12.956,27,23.9
145.7,88,403.0,67.8,102,30,76.4,11,81.1,1707,18.5,12.930,26,21.1
148.8,87,419.8,67.7,101,32,55.9,11,28.2,1577,12.2,12.960,26,14.6
151.9,87,430.8,67.5,101,34,29.7,11,37.8,1335,4.2,12.960,26,7.7
155.0,87,426.7,67.5,101,31,22.6,11,27.2,1187,0.4,13.004,26,4.7
158.1,87,414.9,67.6,102,24,35.1,11,39.3,1216,1.1,12.962,26,5.8
161.2,87,420.4,67.5,102,25,58.1,11,65.5,1378,9.7,12.960,26,13.2
164.3,87,430.7,67.5,100,30,57.1,11,66.6,1453,9.7,12.880,26,12.7
167.4,87,440.8,67.5,100,35,54.9,11,63.1,1395,8.9,12.926,26,12.1
170.5,87,447.5,67.2,101,37,64.0,11,54.4,1374,8.3,12.960,26,14.7
173.6,87,463.3,67.1,101,39,62.7,11,65.6,1626,13.8,12.960,26,20.4
176.7,87,476.2,66.7,100,42,62.2,10,71.3,1612,12.2,12.987,26,16.4
179.8,87,482.4,66.7,100,44,46.2,10,59.9,1500,10.2,12.880,25,14.5
182.9,87,488.0,66.7,100,45,36.8,10,25.6,1353,2.9,12.960,25,7.3
186.0,87,479.4,67.0,102,43,12.1,10,14.6,1277,0.4,12.960,25,3.5
189.1,87,470.4,67.1,102,40,13.2,10,15.8,1202,0.4,12.960,26,3.5
192.2,87,461.0,67.4,102,37,18.5,10,23.2,1181,0.4,12.954,26,4.6
195.3,87,450.7,67.5,102,34,23.5,10,27.3,1162,0.4,12.937,26,5.3
198.4,87,440.4,67.5,102,26,20.6,10,25.1,1206,0.4,12.931,26,5.4
201.5,87,428.4,67.8,102,16,17.9,10,22.1,1129,0.4,12.948,26,4.0
204.6,86,424.8,68.2,102,15,58.6,10,61.8,1515,13.2,12.960,26,14.1
207.7,86,437.2,67.8,101,22,73.1,10,82.3,1840,21.6,12.960,25,23.7
210.8,86,452.8,68.2,101,28,72.2,10,81.7,1783,23.3,12.989,25,29.1
213.9,86,475.8,68.2,101,32,70.0,9,78.8,1779,17.6,12.960,24,25.6
217.0,86,489.1,67.8,100,36,59.6,9,69.1,1549,9.8,12.859,24,13.9
220.1,86,498.7,67.8,100,37,58.8,9,68.3,1483,9.7,12.973,24,14.5
223.2,86,504.0,67.8,100,39,50.0,9,60.1,1338,7.5,12.980,24,10.8
226.3,87,504.0,67.5,100,40,26.5,9,38.3,1266,7.0,12.960,24,10.5
229.4,87,504.0,67.8,101,40,40.5,9,48.8,1288,4.5,12.960,24,7.3
232.5,87,503.3,67.8,100,39,16.5,9,20.6,1194,1.3,12.960,24,5.4
235.6,88,503.3,67.8,100,37,36.4,9,47.2,1239,4.8,12.894,25,9.8
238.7,88,501.6,67.8,101,36,29.4,9,28.2,1338,4.9,12.960,25,9.9
241.8,88,511.6,67.8,101,37,62.3,9,70.4,1717,14.0,12.960,24,18.3
244.9,88,516.0,67.8,100,37,43.4,9,53.8,1227,5.7,12.960,24,7.7
248.0,88,516.0,67.8,100,36,51.1,9,57.2,1235,6.3,12.960,24,9.7
251.1,88,518.7,67.8,100,37,53.1,9,61.6,1405,8.6,12.960,24,11.8
254.2,88,525.1,67.8,100,37,53.5,9,63.0,1394,8.4,12.908,24,11.8
257.3,88,531.2,67.8,100,37,60.1,9,70.2,1433,9.8,12.960,24,14.0
260.4,88,537.1,67.5,100,36,59.3,9,69.0,1515,11.2,12.916,24,14.4
263.5,88,543.1,67.5,100,35,24.4,9,35.4,1546,8.0,12.960,24,14.1
266.6,88,538.8,67.5,101,31,12.7,9,12.7,1444,0.8,13.014,24,4.5
269.7,88,536.0,67.5,100,29,44.1,9,52.9,1462,7.4,12.975,24,11.0
272.8,88,534.4,67.5,101,29,13.4,9,15.3,1238,1.5,12.978,24,6.5
275.9,88,519.3,67.5,101,24,21.2,9,25.0,1192,0.4,12.994,24,5.1
279.0,87,509.7,67.8,101,20,20.8,9,30.8,1066,1.2,13.040,24,5.1
282.1,87,503.2,68.2,101,13,17.6,9,22.2,1115,0.4,12.917,24,4.1
285.2,87,493.2,68.9,101,3,20.8,9,26.9,741,0.4,12.961,24,3.5
288.3,87,483.1,69.0,101,0,22.7,9,29.9,614,0.7,12.983,24,3.1
291.4,87,476.6,69.0,101,0,24.4,9,32.4,636,0.4,12.820,24,2.7
294.5,87,466.8,69.0,101,0,28.4,9,36.5,675,0.4,12.649,25,4.1
297.6,87,456.5,68.7,101,0,29.4,9,38.6,756,0.2,12.935,25,4.3
300.7,87,446.1,68.6,101,0,27.1,9,36.8,823,0.3,12.945,25,3.8
303.8,87,436.4,68.6,101,0,20.9,9,27.1,738,0.4,12.921,25,3.1
306.9,87,430.4,68.2,101,0,20.3,9,26.3,630,0.4,12.796,25,2.7
310.0,87,421.1,68.2,101,0,20.1,9,26.5,662,1.4,12.924,25,2.7
313.1,87,416.0,67.8,100,5,43.1,9,48.4,1651,5.4,12.948,25,10.2
316.2,87,419.6,67.6,101,14,31.4,9,39.7,1384,2.6,13.020,25,6.1
319.3,87,416.0,67.6,101,16,27.4,9,29.4,1506,1.6,12.960,25,6.2
322.4,87,416.2,68.2,99,20,39.2,9,44.6,1391,5.3,12.960,25,9.7
325.5,87,422.1,68.0,100,23,54.8,9,62.8,1454,8.7,12.960,25,12.1
328.6,87,433.1,67.8,100,26,61.7,9,75.0,1466,17.6,12.960,25,17.5
331.7,87,447.6,67.5,101,28,47.6,9,60.8,1601,17.0,12.960,25,18.0
334.8,87,446.8,67.5,101,26,24.6,9,28.2,1210,0.4,12.960,25,5.2
337.9,87,443.2,67.5,100,26,53.1,9,62.3,1286,7.6,12.960,25,12.1
341.0,87,453.9,67.3,100,28,46.7,9,57.8,1302,6.9,12.960,25,10.2
344.1,87,459.8,67.5,101,31,32.5,9,31.4,1178,4.1,12.985,25,7.9
347.2,87,456.0,67.5,101,32,18.0,9,19.1,1102,1.6,13.002,25,5.2
350.3,87,450.5,67.5,101,32,13.1,9,16.5,1225,0.4,12.986,25,3.7
353.4,87,437.8,67.7,101,31,20.1,9,23.0,1204,0.0,12.963,25,5.1
356.5,87,436.0,67.8,101,31,23.9,9,27.6,1263,0.4,12.990,25,4.6
359.6,87,434.0,67.8,101,29,14.5,9,17.1,1086,0.4,12.970,25,3.4
362.7,87,428.0,67.8,101,28,14.4,9,17.6,1129,0.4,12.880,25,3.6
365.8,87,428.0,67.8,101,27,23.3,9,25.9,1288,2.2,12.960,25,5.9
368.9,87,426.8,67.8,101,26,14.0,9,16.3,1272,2.5,12.960,25,5.7
372.0,87,431.3,67.8,100,27,56.8,9,66.5,1412,8.6,12.960,25,12.3
375.1,87,443.6,67.8,100,29,58.9,9,68.5,1475,9.0,12.960,25,13.8
378.2,87,456.0,67.8,100,32,62.9,9,72.3,1575,12.9,12.960,25,16.5
381.3,87,468.9,67.5,100,36,61.7,9,70.5,1613,12.9,12.960,25,16.5
384.4,87,480.8,67.5,100,40,60.5,9,69.7,1641,13.3,12.889,24,16.1
387.5,87,490.7,67.1,100,41,46.3,9,52.5,1407,7.2,12.960,24,11.6
390.6,87,496.0,67.1,100,41,54.0,9,62.7,1457,8.6,12.960,24,12.4
393.7,87,499.4,67.1,100,42,52.1,9,61.4,1422,7.3,12.827,24,11.4
396.8,87,504.0,67.1,100,42,44.9,9,52.9,1325,6.4,12.960,24,9.8
399.9,87,507.5,67.4,100,42,54.5,9,64.1,1435,9.4,12.960,24,13.0
403.0,87,513.5,67.4,100,42,60.9,9,69.8,1594,12.6,12.960,24,14.7
406.1,87,519.5,67.1,100,43,59.3,9,68.2,1592,12.5,12.920,24,15.0
409.2,87,525.9,67.3,100,42,61.8,9,71.2,1612,13.7,12.934,24,16.9
412.3,87,536.4,67.5,100,40,66.2,9,76.1,1684,15.5,12.891,24,20.0
415.4,87,545.1,67.5,100,40,62.9,9,72.9,1856,16.4,12.958,24,19.9
418.5,87,552.0,67.5,100,41,49.8,9,56.2,1863,10.5,12.960,24,14.4
421.6,87,556.0,67.1,100,41,57.0,8,65.3,1619,11.8,12.960,24,14.4
424.7,87,560.8,67.1,100,42,58.0,8,66.2,1559,10.9,12.925,24,13.8
427.8,87,561.0,67.1,100,43,40.7,8,47.3,1317,6.0,12.960,24,10.1
430.9,87,560.0,67.2,101,45,44.7,8,53.9,1350,7.0,12.960,24,8.7
434.0,87,553.5,67.5,101,43,30.7,8,29.4,1297,0.4,12.960,24,5.3
437.1,87,546.7,67.5,101,40,21.1,8,27.4,1189,0.7,12.960,24,5.1
440.2,87,537.8,67.5,101,37,16.2,8,18.9,1221,0.7,12.960,24,3.9
443.3,87,529.0,67.5,101,34,12.5,8,14.9,1227,0.4,12.960,24,3.5
446.4,87,517.1,67.5,101,31,12.5,8,14.9,1237,0.4,12.902,24,3.5
449.5,87,508.6,67.5,101,30,15.8,8,17.5,1235,0.1,12.960,24,4.2
452.6,87,507.7,67.2,101,30,50.9,8,58.8,1293,5.6,12.960,24,13.0
455.7,87,514.4,67.1,100,30,61.5,8,70.5,1471,9.8,12.960,24,14.3
458.8,87,524.4,66.7,100,31,59.8,8,71.7,1501,11.8,13.040,24,14.6
461.9,87,530.7,66.7,100,33,60.1,8,69.6,1500,11.2,12.960,24,14.3
465.0,87,540.0,66.7,100,34,52.1,8,63.2,1380,8.9,12.918,24,9.3
468.1,87,540.0,66.7,100,32,49.3,8,32.3,1294,1.1,12.960,24,6.7
471.2,87,540.6,66.7,100,31,50.3,8,51.3,1303,6.3,12.922,24,10.5
474.3,87,541.8,66.9,101,31,40.4,8,52.2,1295,1.2,12.960,23,6.4
477.4,87,532.0,67.1,101,28,19.3,8,23.6,1200,0.4,13.016,23,4.5
480.5,87,524.0,67.1,101,27,30.3,8,36.8,1189,4.7,12.891,23,7.6
483.6,87,524.0,67.1,99,29,45.5,8,54.1,1312,6.7,12.927,23,9.4
486.7,87,527.6,67.4,99,31,50.9,8,59.5,1374,8.3,12.960,23,11.8
489.8,87,533.6,67.5,99,33,55.1,8,65.1,1424,8.9,12.960,23,12.2
492.9,87,539.7,67.5,100,34,55.4,8,65.5,1394,6.9,12.960,23,11.5
496.0,87,535.8,67.5,101,34,23.4,8,26.1,1195,0.6,12.960,23,4.5
499.1,87,528.0,67.5,101,34,21.4,8,27.9,1166,3.0,12.960,23,6.5
502.2,87,519.6,67.5,101,31,13.1,8,15.6,1202,0.4,12.960,23,3.5
505.3,87,511.1,67.8,101,26,12.5,8,15.3,1204,0.4,12.960,23,3.5
508.4,87,499.3,68.2,101,16,14.3,8,19.4,1066,0.4,12.960,23,3.2
511.5,87,492.0,68.2,101,8,43.4,8,47.7,1665,4.7,12.880,23,11.7
514.6,87,492.0,67.9,100,14,34.0,8,42.6,1817,6.7,12.960,23,11.4
517.7,87,490.5,67.9,101,13,15.8,8,20.4,1219,0.4,12.960,23,4.5
520.8,87,480.9,68.2,101,4,21.1,8,37.5,1169,3.6,12.960,23,5.3
523.9,87,481.1,68.2,100,11,59.6,8,70.8,2231,15.1,12.960,23,18.8
527.0,86,487.2,67.9,100,21,55.5,8,62.5,1935,5.4,12.892,23,13.2
530.1,86,499.4,67.7,100,27,61.7,8,71.3,1741,14.4,12.960,23,17.3
533.2,86,508.8,67.5,100,31,69.3,8,77.0,1807,17.9,12.844,23,23.9
536.3,86,523.2,67.1,101,36,72.4,8,82.2,1886,21.2,12.946,23,25.3
539.4,86,536.5,67.1,100,41,64.4,8,74.8,1833,16.2,12.960,23,18.3
542.5,87,542.7,66.9,100,45,59.2,8,68.2,1784,12.6,12.960,23,15.8
545.6,87,548.6,66.7,100,47,58.0,8,66.4,1822,13.3,12.960,23,16.5
548.7,87,554.7,66.7,100,50,54.8,8,66.1,1796,13.2,12.960,23,14.1
551.8,87,555.1,66.4,100,50,25.0,8,33.0,1502,5.4,12.960,23,5.4
554.9,87,548.7,66.7,101,46,16.9,8,19.1,1379,0.1,12.960,23,4.7
558.0,87,533.9,66.7,101,40,21.9,8,26.7,1220,0.4,12.960,23,5.3
561.1,87,521.5,67.0,101,26,17.5,8,21.1,1231,0.4,12.972,23,4.3
564.2,87,509.6,67.5,101,7,21.0,8,26.4,848,0.4,13.040,23,3.7
567.3,87,504.0,67.5,100,6,51.4,8,51.5,1838,9.4,12.960,23,13.7
570.4,87,505.4,67.4,100,17,65.6,8,74.5,1714,16.0,12.960,23,18.3
573.5,87,512.4,67.1,100,26,68.7,8,78.0,1726,17.3,12.960,23,20.7
576.6,86,525.1,66.7,101,33,55.1,8,61.3,1606,3.2,12.960,23,13.7
579.7,86,524.2,66.7,101,37,15.5,8,19.0,1587,0.4,12.960,23,4.5
582.8,86,508.9,66.7,101,35,16.8,8,19.6,1586,0.0,13.042,23,5.5
585.9,86,494.9,67.2,101,27,20.2,8,21.7,1382,1.7,12.996,23,7.8
589.0,86,498.5,67.5,100,30,58.9,8,68.9,1557,12.4,12.960,23,16.1
592.1,86,509.5,67.4,101,36,61.6,8,70.0,1680,14.2,12.960,23,16.9
595.2,86,520.0,67.5,101,44,67.4,8,76.5,1859,17.5,12.907,23,20.1
598.3,86,532.9,67.3,101,50,73.7,7,83.0,2064,22.4,12.960,23,26.2
601.4,86,545.3,67.1,101,54,77.7,6,87.4,2231,26.3,12.907,21,29.5
604.5,86,555.3,67.1,101,57,79.5,6,90.5,2463,32.7,12.936,21,36.2
607.6,86,571.9,67.1,101,60,79.9,6,89.1,2852,38.2,12.948,21,43.1
610.7,86,584.5,66.7,101,63,79.5,5,87.5,3237,31.9,12.924,20,38.2
613.8,86,594.8,66.8,101,67,81.7,5,87.4,3662,29.6,12.960,20,37.9
616.9,86,601.3,66.7,101,71,77.6,5,88.1,2709,29.6,12.960,20,33.0
620.0,86,608.0,67.1,101,70,77.4,5,87.0,2610,33.1,12.928,20,38.9
623.1,86,614.4,66.9,101,70,77.9,5,87.5,2674,36.5,12.800,20,42.0
626.2,86,620.6,67.1,101,70,78.4,5,86.2,2871,36.8,12.960,20,41.8
629.3,86,624.0,67.1,101,70,76.9,5,85.2,2934,34.4,12.960,20,40.5
632.4,86,629.1,66.7,101,71,75.3,5,84.0,3025,32.3,12.960,20,38.5
635.5,86,635.5,66.7,101,72,69.5,5,82.7,2705,29.5,12.960,20,36.1
638.6,86,636.0,66.7,101,72,65.2,5,69.8,2194,17.4,12.960,20,27.3
641.7,86,636.0,66.7,100,72,70.8,5,81.5,2358,21.8,12.960,20,26.3
644.8,86,636.0,66.7,100,72,62.8,5,62.9,2201,9.0,13.037,20,17.2
647.9,86,632.0,66.7,101,73,55.9,5,64.7,2220,14.6,12.925,21,16.1
651.0,87,632.0,66.7,101,74,65.6,5,74.5,2279,21.4,12.953,21,25.9
654.1,87,636.0,66.7,101,77,75.8,5,84.3,2705,30.4,12.922,21,36.2
657.2,87,638.6,66.5,101,78,75.8,5,85.1,2900,32.5,12.960,20,38.0
660.3,87,641.1,66.3,101,78,73.8,5,83.4,2849,30.6,12.857,20,37.2
663.4,86,644.0,66.3,101,77,63.0,5,68.5,2333,16.6,12.993,20,22.7
666.5,86,644.0,66.3,100,76,73.0,5,84.0,2375,23.9,12.960,20,29.5
669.6,86,644.0,66.3,101,75,76.9,5,86.9,2747,35.9,12.899,20,42.0
672.7,86,648.0,66.3,101,76,77.2,5,85.1,2836,36.3,13.024,20,41.5
675.8,86,652.0,66.3,101,76,74.5,5,83.3,2762,29.8,12.960,20,35.2
678.9,86,652.0,66.3,101,76,76.0,5,85.2,2808,33.0,12.960,20,39.4
682.0,86,656.0,66.2,101,77,74.7,5,83.0,2781,27.3,12.960,20,34.3
685.1,86,656.0,65.9,100,77,72.9,5,84.1,2421,24.5,12.884,20,28.7
688.2,86,655.5,65.9,100,76,62.7,5,69.6,2389,18.7,12.960,20,26.0
691.3,86,652.0,65.9,101,76,60.5,5,69.0,2302,17.1,13.040,20,21.2
694.4,86,651.2,65.9,101,76,55.9,5,64.9,2303,14.0,12.997,20,17.4
697.5,86,648.0,65.9,101,76,53.3,5,63.9,2303,14.5,12.960,20,19.2
700.6,86,644.0,65.9,101,75,62.0,5,68.5,2277,15.5,12.960,20,20.5
703.7,86,644.0,65.6,101,75,72.2,5,81.8,2414,26.0,12.960,21,31.0
706.8,86,644.0,65.5,100,75,71.5,5,81.6,2360,22.9,13.011,20,26.1
709.9,86,644.0,65.5,101,74,53.8,5,36.4,2238,6.9,12.960,20,14.6
713.0,86,640.0,65.8,101,73,55.4,5,59.2,2212,13.7,12.960,20,19.1
716.1,86,636.6,65.5,100,72,68.9,5,77.6,2205,19.2,12.937,21,22.7
719.2,86,640.0,65.1,100,73,69.5,5,80.2,2474,18.0,12.947,21,21.9
722.3,86,636.2,65.1,100,72,36.8,5,30.9,2175,5.3,13.013,21,10.3
725.4,86,632.0,64.9,100,73,50.7,5,59.9,2215,13.7,12.960,21,17.4
728.5,86,632.0,65.1,100,74,64.4,5,74.6,2262,18.6,12.915,21,22.9
731.6,86,632.0,64.7,100,75,65.3,5,73.1,2302,17.3,12.960,21,21.4
734.7,86,632.0,65.1,101,76,59.0,5,65.9,2326,13.5,12.960,21,19.7
737.8,86,628.0,65.1,101,77,62.8,5,71.0,2345,15.5,12.960,21,20.2
740.9,86,628.0,65.1,100,77,66.5,5,77.5,2362,19.2,12.960,21,23.4
744.0,86,632.0,65.1,100,77,69.8,5,79.3,2342,20.1,12.960,21,24.1
747.1,86,632.0,64.9,101,75,73.0,5,83.3,2428,24.4,12.886,20,30.4
750.2,86,636.0,64.7,101,73,74.6,5,83.3,2723,27.9,13.004,20,33.3
753.3,86,638.7,64.7,101,73,73.6,5,83.2,2665,27.7,12.960,20,33.4
756.4,86,640.8,64.7,101,72,73.7,5,83.5,2692,28.2,12.960,20,33.9
759.5,86,644.0,64.5,100,72,73.2,5,85.0,2458,25.9,12.880,20,32.4
762.6,86,648.0,64.3,100,72,70.6,5,80.0,2377,23.4,12.913,20,27.8
765.7,86,644.0,64.3,100,72,70.9,5,81.5,2239,22.0,12.960,20,27.2
768.8,86,644.0,64.3,100,72,64.5,5,74.4,2243,19.6,12.960,20,24.4
771.9,86,644.0,64.5,100,71,71.1,5,81.5,2241,23.8,12.960,20,28.4
775.0,86,644.0,64.7,100,72,64.3,5,67.2,2279,17.7,12.960,20,28.6
778.1,86,641.6,64.7,101,72,44.2,5,53.9,2186,15.1,13.058,20,11.4
781.2,86,635.8,64.7,101,70,25.0,5,18.6,2104,1.1,12.880,20,8.6
784.3,86,629.5,64.7,100,68,29.3,5,25.2,2065,3.1,12.960,20,7.7
787.4,86,624.0,64.8,101,68,46.3,5,54.6,2075,10.6,12.960,20,15.0
790.5,86,624.0,65.1,100,68,63.6,5,71.2,2104,17.2,12.974,21,22.4
793.6,86,624.0,65.1,100,68,71.9,5,84.5,2230,23.6,12.975,20,22.1
796.7,86,624.0,65.1,100,68,77.0,5,87.8,2415,30.9,12.960,20,33.7
799.8,86,630.0,64.7,101,70,78.9,5,86.0,3032,34.9,12.809,20,42.5
802.9,86,636.0,64.3,101,72,79.0,5,88.1,3301,32.4,12.960,20,39.1
806.0,86,638.0,64.1,101,74,77.7,5,87.1,3461,31.5,12.960,20,38.3
809.1,86,643.8,63.9,101,75,72.6,5,81.6,3314,26.5,12.931,20,33.1
812.2,86,644.0,63.9,100,76,70.5,5,79.7,3338,24.6,12.955,20,27.2
815.3,86,644.0,63.9,101,76,63.5,5,73.4,2302,17.6,12.968,20,20.2
818.4,86,644.0,63.9,100,75,74.8,5,85.6,2512,26.8,12.961,20,31.5
821.5,86,648.0,63.9,101,75,76.7,5,84.5,2885,34.5,12.960,20,41.9
824.6,86,648.0,63.9,100,76,71.5,5,82.0,3099,29.8,12.960,20,36.0
827.7,86,651.6,63.9,100,77,65.3,5,74.5,3023,22.8,12.960,20,27.1
830.8,86,648.0,64.3,100,78,64.6,5,72.2,2365,16.5,12.960,20,22.4
833.9,86,648.0,64.3,101,78,63.7,5,72.4,2387,15.6,12.960,20,20.5
837.0,86,645.2,64.3,101,78,50.6,5,57.9,2375,11.4,12.955,20,16.6
840.1,86,642.4,64.3,100,78,38.1,5,44.8,2352,8.0,12.939,20,12.8
843.2,86,636.2,64.7,99,77,35.5,5,40.2,2325,5.9,12.960,20,10.3
846.3,86,633.3,64.7,99,77,34.5,5,40.3,2337,6.2,13.035,20,11.0
849.4,86,630.6,64.7,99,77,31.7,5,18.1,2283,2.6,12.960,20,8.9
852.5,86,624.2,65.1,101,76,32.2,5,40.4,2387,9.1,12.960,21,12.6
855.6,86,624.0,65.1,101,76,60.2,5,69.8,2461,15.0,12.960,21,19.7
858.7,86,624.0,65.1,101,78,53.6,5,58.1,2433,12.8,12.960,20,18.3
861.8,86,624.0,65.1,100,78,52.1,5,60.2,2435,11.8,12.960,20,15.7
864.9,86,623.6,65.1,100,78,68.6,5,79.2,2446,12.0,12.991,20,19.9
868.0,86,618.2,65.1,101,77,34.1,5,59.3,2350,18.0,12.967,20,22.7
871.1,86,620.2,65.1,101,75,78.4,5,87.5,2824,35.5,12.880,20,42.0
874.2,86,626.3,64.9,101,75,70.2,5,79.9,2861,25.7,12.960,20,32.7
877.3,86,628.0,64.7,101,75,76.4,5,86.0,2482,27.6,12.960,20,31.4
880.4,86,631.2,64.7,100,75,75.0,5,83.1,2557,23.1,12.944,20,27.1
883.5,86,633.7,64.6,101,75,71.4,5,85.8,2619,31.0,12.880,20,30.8
886.6,86,632.2,64.6,99,74,50.0,5,59.9,2231,11.3,12.960,20,11.2
889.7,86,632.0,64.3,100,73,74.7,5,86.7,2412,26.4,12.960,20,30.1
892.8,86,635.6,64.3,101,74,75.0,5,84.3,2651,29.7,12.960,20,36.3
895.9,86,637.8,64.3,101,75,63.3,5,77.7,2514,23.5,12.898,20,28.8
899.0,86,636.2,64.3,100,75,73.4,5,83.6,2426,25.4,13.040,20,30.7
902.1,86,640.0,64.1,100,75,69.8,5,80.8,2301,21.2,13.040,20,26.8
905.2,86,640.8,63.9,101,76,73.7,5,82.8,2448,24.2,12.880,20,28.2
908.3,86,641.0,63.9,101,75,57.6,5,63.0,2295,11.9,12.954,20,15.9
911.4,86,640.0,63.9,101,75,46.9,5,39.6,2252,12.5,12.938,20,22.7
914.5,86,636.1,63.9,101,74,24.0,5,26.8,2191,1.1,12.960,20,4.7
917.6,86,619.3,63.9,101,70,23.5,5,25.1,2089,8.2,12.960,20,11.1
920.7,86,616.0,63.9,100,70,69.2,5,74.9,2176,18.4,12.880,20,22.1
923.8,86,616.0,63.9,100,70,60.9,5,67.2,2144,12.3,12.896,20,19.0
926.9,86,615.3,63.9,99,71,44.7,5,43.9,2144,3.8,13.040,20,10.6
930.0,86,603.7,63.9,101,70,21.9,5,22.9,2087,1.4,12.964,20,4.3
933.1,86,596.6,63.9,100,68,61.2,5,66.9,2143,13.3,12.997,20,17.5
936.2,86,600.0,63.9,100,68,57.9,5,66.7,2142,15.1,12.880,20,20.7
939.3,86,600.0,63.9,100,69,67.1,5,76.5,2184,17.1,12.943,20,20.7
942.4,86,604.2,63.9,100,70,71.0,5,82.0,2307,21.4,12.991,20,26.1
945.5,86,608.0,63.7,100,71,73.7,5,84.1,2427,22.6,12.886,20,27.7
948.6,86,608.0,63.9,100,71,62.5,5,72.4,2188,14.8,12.928,20,19.3
951.7,86,611.0,63.9,100,71,47.7,5,62.2,2172,14.8,12.951,20,10.0
954.8,86,607.2,63.9,99,71,36.8,5,31.7,2118,3.2,12.885,20,9.7
957.9,86,604.0,63.9,100,70,29.4,5,35.4,2100,6.0,12.960,20,9.4
961.0,86,600.0,63.9,99,70,57.2,5,65.5,2196,12.8,12.960,21,16.4
964.1,86,600.0,63.9,100,71,61.2,5,70.1,2202,15.1,12.960,21,19.2
967.2,86,602.8,63.9,100,72,64.7,5,75.1,2241,17.6,12.960,21,22.0
970.3,86,604.0,64.0,100,73,65.1,5,75.3,2250,17.6,12.901,20,22.4
973.4,86,607.8,64.3,100,74,65.6,5,75.3,2281,17.5,12.983,20,22.3
976.5,86,608.0,64.3,100,75,64.5,5,74.6,2312,17.6,12.916,20,22.1
979.6,86,611.6,64.3,100,76,64.0,5,68.3,2314,17.4,12.904,20,22.2
982.7,86,612.0,64.3,100,76,68.3,5,78.6,2325,19.6,12.960,20,22.9
985.8,86,616.0,64.3,100,76,71.2,5,81.3,2379,21.0,12.996,20,25.9
988.9,86,616.0,64.3,100,76,65.1,5,74.3,2323,17.3,12.963,20,22.5
992.0,86,616.2,64.3,100,76,65.1,5,74.0,2305,17.3,13.005,20,22.1
995.1,86,620.0,64.3,100,76,67.2,5,77.7,2300,19.6,12.960,20,23.8
998.2,86,620.2,64.3,100,76,70.3,5,80.1,2341,20.2,12.960,20,24.7
1001.3,86,624.0,64.3,100,76,67.9,5,77.2,2332,20.1,12.883,20,23.9
1004.4,86,624.0,64.3,100,76,65.1,5,76.0,2323,17.6,12.907,20,18.9
1007.5,86,624.0,64.0,100,76,69.5,5,79.0,2338,19.9,13.003,20,24.3
1010.6,86,625.6,63.9,101,76,77.5,5,87.0,2692,33.9,12.960,20,39.1
1013.7,86,631.8,63.9,101,76,76.3,5,85.4,2812,33.5,12.985,20,38.9
1016.8,86,634.5,63.5,101,75,77.3,5,86.3,2797,34.9,12.960,20,40.6
1019.9,86,640.0,63.5,101,75,76.9,5,86.0,2777,34.2,12.960,20,37.9
1023.0,86,643.5,63.2,101,76,74.6,5,83.1,2736,28.1,12.960,20,33.7
1026.1,86,645.6,63.1,101,77,73.6,5,83.0,2787,28.3,12.960,20,33.8
1029.2,86,648.0,63.1,101,77,73.6,5,83.8,2778,28.7,12.960,20,33.7
1032.3,86,650.6,62.7,101,78,76.1,5,83.8,2869,32.1,12.960,20,37.7
1035.4,86,652.0,62.7,101,78,72.9,5,81.5,2818,28.0,12.927,20,34.1
1038.5,86,655.2,62.4,101,78,73.3,5,80.6,2804,26.1,12.960,20,31.5
1041.6,86,656.0,62.4,101,79,73.8,5,83.1,2836,31.3,12.897,20,34.9
1044.7,86,656.2,62.4,101,80,74.5,5,83.8,2900,30.8,12.960,20,37.0
1047.8,86,660.0,62.5,101,80,75.6,5,84.4,2865,31.4,12.960,20,37.3
1050.9,86,660.0,62.7,101,79,76.0,5,84.7,2875,32.0,12.960,20,37.1
1054.0,86,663.6,63.0,101,77,75.0,5,84.3,2864,31.9,12.960,20,37.4
1057.1,86,664.0,63.1,101,77,75.5,5,85.4,2837,32.8,12.895,20,38.8
1060.2,86,664.0,63.1,101,76,75.6,5,84.5,2781,32.2,12.960,20,38.3
1063.3,86,662.0,63.3,101,74,71.8,5,81.0,2625,21.0,12.960,20,27.3
1066.4,86,660.0,63.5,100,72,73.4,4,59.3,2212,15.6,12.981,20,27.7
1069.5,86,657.9,63.9,100,71,67.5,4,76.7,2177,17.5,12.966,20,21.3
1072.6,86,656.0,63.9,100,71,72.9,4,84.1,2332,23.3,12.960,20,27.0
1075.7,87,656.0,63.7,100,72,73.4,4,83.4,2558,24.7,12.960,20,29.7
1078.8,87,656.0,63.1,100,73,71.5,4,81.3,2583,24.3,12.978,20,29.5
1081.9,87,656.0,62.8,100,76,72.2,4,80.9,2608,24.1,12.960,20,29.8
1085.0,87,656.0,62.7,100,78,71.4,4,80.1,2518,22.4,12.906,20,27.6
1088.1,87,656.0,62.4,100,80,69.8,4,79.5,2463,21.2,12.938,20,24.3
1091.2,87,656.0,62.2,100,79,62.8,4,75.7,2421,18.8,12.949,20,22.3
1094.3,87,652.0,62.0,101,77,65.0,4,75.2,2366,18.6,12.960,20,22.2
1097.4,87,652.0,62.0,100,77,72.8,4,83.7,2473,24.7,12.963,20,29.3
1100.5,87,652.0,62.0,101,77,57.2,4,52.3,2364,15.3,12.925,20,27.1
1103.6,87,648.8,62.3,101,75,35.7,4,38.6,2274,6.3,12.977,20,10.2
1106.7,87,642.9,62.4,101,73,28.3,4,20.1,2205,4.8,13.046,20,11.0
1109.8,87,636.7,62.4,101,72,28.2,4,32.6,2161,5.3,12.948,20,9.4
1112.9,87,632.0,62.3,101,71,49.7,4,53.0,2158,9.6,12.933,20,15.3
1116.0,87,628.4,62.0,101,71,56.5,4,64.1,2175,12.9,12.921,20,17.2
1119.1,87,628.0,62.0,101,72,50.5,4,55.2,2164,11.0,13.040,20,16.0
1122.2,87,624.1,62.0,101,72,56.5,4,62.9,2187,11.6,12.960,20,17.0
1125.3,87,624.0,62.0,101,72,56.3,4,65.2,2224,14.5,12.993,20,18.5
1128.4,87,624.0,62.0,101,73,64.5,4,73.7,2243,17.3,12.960,20,21.8
1131.5,87,624.0,62.0,101,73,61.4,4,70.0,2225,15.7,12.960,20,20.1
1134.6,87,620.0,62.0,101,73,55.8,4,63.1,2234,13.2,12.960,20,17.9
1137.7,87,620.0,62.0,101,73,56.9,4,64.7,2247,13.7,13.036,20,18.0
1140.8,87,620.0,62.0,101,73,61.2,4,70.0,2248,15.0,12.960,20,19.4
1143.9,87,620.0,62.0,101,71,64.4,4,73.0,2211,16.9,12.880,20,20.9
1147.0,87,620.0,62.0,101,71,68.2,4,76.4,2245,19.1,12.940,20,23.3
1150.1,87,620.0,61.6,100,71,68.8,4,77.9,2229,20.2,12.960,20,24.3
1153.2,87,620.0,61.6,100,72,68.2,4,77.9,2216,20.0,12.884,20,24.5
1156.3,87,620.0,61.6,100,72,62.2,4,71.2,2210,16.2,12.960,20,21.0
1159.4,87,620.0,61.8,101,72,57.7,4,67.8,2197,14.4,12.960,20,18.2
1162.5,87,620.0,62.0,101,72,59.1,4,68.2,2187,14.2,12.960,20,17.8
1165.6,87,620.0,62.0,101,72,59.7,4,65.0,2197,14.2,12.960,20,18.8
1168.7,87,613.8,62.1,101,71,12.3,4,15.2,2103,5.1,13.010,20,7.8
1171.8,87,608.0,62.1,101,69,43.4,4,47.9,2092,8.4,12.960,20,11.2
1174.9,87,604.0,61.9,101,68,34.6,4,48.2,2037,12.0,12.960,20,12.3
1178.0,87,604.0,62.0,101,68,60.9,4,68.6,2112,13.8,12.984,20,17.6
1181.1,87,604.0,61.6,101,68,68.2,4,77.3,2239,18.9,12.978,20,22.3
1184.2,87,607.8,61.6,100,68,72.2,4,83.0,2357,23.7,12.899,20,26.9
1187.3,87,614.1,61.6,101,70,75.1,4,85.0,2662,29.2,12.930,20,34.1
1190.4,87,616.0,61.6,101,72,71.9,4,82.5,2469,25.0,12.937,20,28.5
1193.5,87,618.2,61.6,101,72,60.2,4,70.9,2187,17.4,13.015,20,20.6
1196.6,87,612.0,62.0,101,70,26.9,4,19.7,2114,0.6,12.964,20,4.6
1199.7,87,595.3,62.2,101,68,21.8,4,21.0,2012,0.5,12.876,20,4.3
1202.8,87,591.3,62.4,101,66,20.2,4,25.2,1983,6.7,12.960,20,13.2
1205.9,87,588.0,62.4,101,66,44.4,4,50.9,1987,9.6,12.960,20,13.1
1209.0,87,589.5,62.4,101,66,68.6,4,80.4,2131,19.4,12.833,20,21.7
1212.1,87,592.0,62.0,101,68,75.3,4,85.0,2482,19.7,12.960,20,27.3
1215.2,87,593.4,62.0,101,68,41.6,4,39.7,2081,8.2,12.960,20,15.2
1218.3,87,596.0,62.0,101,70,70.9,4,80.4,2129,21.1,12.960,20,24.9
1221.4,87,599.4,62.0,101,70,75.6,4,84.8,2530,27.1,12.960,20,34.5
1224.5,87,604.0,62.0,101,71,72.9,4,82.7,2367,22.9,12.960,20,27.0
1227.6,87,607.4,62.0,100,71,73.8,4,83.4,2354,23.4,12.977,20,28.4
1230.7,87,613.6,61.6,101,71,75.8,4,84.7,2580,28.6,12.976,20,33.5
1233.8,87,616.0,61.6,101,71,73.9,4,83.1,2431,24.8,12.960,20,25.6
1236.9,87,620.0,61.6,101,71,57.2,4,72.7,2285,21.4,12.960,20,18.3
1240.0,87,616.0,61.6,101,70,58.5,4,62.8,2139,19.4,12.960,20,22.8
1243.1,87,618.4,61.6,101,70,73.8,4,83.9,2266,27.0,12.960,20,31.7
1246.2,87,620.7,61.6,100,71,71.4,4,81.3,2254,22.2,12.960,20,24.1
1249.3,87,624.0,61.6,100,71,67.7,4,76.8,2169,17.3,13.049,20,22.3
1252.4,87,624.0,61.6,100,72,64.7,4,75.4,2206,18.1,13.027,20,22.2
1255.5,87,624.0,61.6,100,74,66.0,4,75.5,2269,18.1,12.960,20,23.1
1258.6,87,624.0,61.6,100,77,55.4,4,76.0,2362,20.9,12.960,20,24.7
1261.7,87,615.8,62.0,101,78,13.2,4,15.5,2343,2.3,12.932,20,6.2
1264.8,87,610.1,62.2,101,76,16.5,4,26.5,2301,3.8,13.012,20,5.8
1267.9,87,608.0,62.4,101,73,48.1,4,47.9,2196,11.2,12.924,20,17.3
1271.0,86,608.0,62.4,100,72,50.7,4,67.8,2252,16.7,13.039,20,14.4
1274.1,86,600.0,62.4,101,68,37.4,4,39.9,2062,6.6,12.965,20,10.7
1277.2,86,600.0,62.1,100,68,66.7,4,75.9,2079,18.1,12.960,20,21.4
1280.3,86,600.0,62.0,101,69,62.2,4,68.8,2110,15.6,12.960,20,19.6
1283.4,86,600.0,62.0,100,70,65.9,4,75.3,2137,17.3,12.983,20,21.3
1286.5,86,604.0,62.0,100,71,66.4,4,75.1,2177,17.6,12.967,20,22.1
1289.6,86,604.0,62.0,100,72,66.8,4,76.4,2213,18.3,12.960,20,22.5
1292.7,86,604.0,62.0,101,73,61.1,4,70.5,2225,16.6,12.960,20,19.7
1295.8,86,605.3,62.0,101,73,62.7,4,70.5,2235,15.6,12.908,20,19.9
1298.9,86,608.0,62.3,100,73,65.6,4,74.7,2250,18.1,12.909,20,23.1
1302.0,86,608.0,62.4,100,73,63.7,4,71.8,2234,17.0,12.966,20,20.6
1305.1,86,607.8,62.4,101,71,24.3,4,35.7,2151,8.9,12.932,20,12.8
1308.2,86,604.0,62.4,101,70,61.5,4,69.5,2125,11.2,12.944,20,19.2
1311.3,86,608.0,62.0,100,71,71.7,4,80.8,2254,21.3,12.960,20,25.7
1314.4,86,610.5,62.0,100,71,70.3,4,80.0,2270,16.6,13.033,20,22.5
1317.5,86,612.0,62.0,100,72,68.7,4,79.6,2230,19.9,12.964,20,24.2
1320.6,86,612.0,62.0,100,73,68.0,4,77.5,2237,18.7,12.964,20,22.9
1323.7,86,612.8,62.0,101,73,64.4,4,72.9,2227,17.5,12.992,20,21.4
1326.8,86,616.0,62.0,100,73,66.1,4,75.1,2221,18.1,12.960,20,23.0
1329.9,86,616.0,61.6,100,72,68.2,4,77.1,2212,19.3,12.960,20,24.1
1333.0,86,616.0,61.3,100,72,67.8,4,77.8,2200,19.5,13.035,20,23.8
1336.1,86,616.0,61.2,100,72,62.9,4,71.9,2191,17.0,13.006,20,19.7
1339.2,86,616.0,61.2,100,71,54.6,4,61.9,2175,15.7,12.967,20,19.7
1342.3,86,616.0,61.2,101,71,56.3,4,62.2,2181,12.8,12.905,20,17.0
1345.4,86,614.6,61.2,101,72,54.2,4,40.1,2177,9.3,12.960,20,14.5
1348.5,86,605.2,61.2,101,71,24.9,4,30.1,2130,2.9,12.974,20,4.7
1351.6,86,604.0,61.2,101,71,55.7,4,63.3,2151,14.0,13.040,20,17.5
1354.7,86,604.0,61.2,101,72,58.7,4,68.8,2177,14.9,12.915,20,18.8
1357.8,86,604.0,61.4,101,72,63.3,4,72.0,2214,16.5,12.892,20,21.1
1360.9,86,604.0,61.2,101,73,48.7,4,61.2,2250,13.8,13.015,20,16.0
1364.0,86,604.0,61.2,101,73,47.2,4,48.8,2225,8.7,12.888,20,13.7
1367.1,86,600.0,61.2,101,72,17.3,4,24.8,2182,6.6,12.876,20,9.9
1370.2,86,600.0,61.6,101,72,58.1,4,67.1,2200,14.9,12.880,20,18.8
1373.3,86,600.0,61.3,101,72,60.6,4,69.4,2211,13.8,12.880,20,15.0
1376.4,86,600.0,61.6,101,71,44.6,4,52.5,2164,11.3,12.938,20,12.2
1379.5,86,596.0,61.6,101,70,57.8,4,65.5,2149,13.8,12.937,20,16.5
1382.6,86,598.9,61.6,101,71,62.4,4,71.3,2166,15.2,12.960,20,19.2
1385.7,86,600.0,61.6,101,71,54.8,4,61.4,2162,12.8,12.960,20,18.1
1388.8,86,600.0,61.6,101,72,62.6,4,71.0,2196,16.6,12.960,20,21.0
1391.9,86,603.0,61.6,100,73,69.8,4,79.0,2284,20.2,12.960,20,24.9
1395.0,86,605.6,61.2,100,73,72.1,4,82.4,2383,21.5,12.960,20,26.1
1398.1,86,608.0,61.2,100,72,71.4,4,81.0,2335,21.0,12.960,20,25.7
1401.2,86,612.0,60.8,100,70,66.5,4,75.5,2137,19.4,12.847,20,22.8
1404.3,86,612.0,60.8,100,68,59.9,4,78.6,2118,15.1,13.023,20,23.9
1407.4,86,608.0,60.8,101,67,45.6,4,56.8,2016,9.4,12.960,20,13.1
1410.5,86,605.3,60.8,101,66,22.3,4,28.4,1997,4.5,12.957,20,10.9
1413.6,86,597.5,60.8,101,66,10.2,4,13.6,1966,1.9,12.934,20,4.9
1416.7,86,585.2,61.1,101,65,11.2,4,11.8,1939,0.4,12.993,20,4.7
1419.8,86,574.6,61.3,101,62,15.6,4,11.0,1813,0.4,12.917,20,8.5
1422.9,86,575.5,61.6,101,59,67.6,4,74.6,1989,17.0,12.960,20,22.9
1426.0,86,581.6,61.2,100,59,73.6,4,82.5,2273,22.6,12.960,20,27.0
1429.1,86,590.8,61.2,100,60,72.9,4,83.3,2337,22.0,12.944,20,26.7
1432.2,86,597.6,61.2,100,63,72.9,4,83.1,2349,22.3,12.937,20,26.9
1435.3,86,600.0,61.2,101,66,67.1,4,77.3,2193,19.0,12.831,20,21.2
1438.4,86,604.0,61.2,101,70,67.4,4,76.4,2158,13.9,12.960,20,18.1
1441.5,86,604.0,61.2,101,74,41.0,4,40.1,2211,8.5,12.960,20,15.9
1444.6,86,594.5,61.6,101,72,10.6,4,12.2,2137,0.4,12.960,20,4.9
1447.7,86,578.7,61.7,101,68,41.6,4,45.3,2075,0.1,13.015,20,6.8
1450.8,86,576.0,61.7,101,67,56.0,4,62.3,2107,14.2,12.834,20,15.7
1453.9,86,583.6,62.0,101,67,77.4,4,88.1,2562,28.3,12.960,20,33.3
1457.0,86,592.0,62.0,101,68,75.6,4,85.8,2581,26.1,12.926,20,28.4
1460.1,86,598.3,62.0,101,68,75.9,4,85.0,2596,27.5,12.960,20,32.8
1463.2,86,604.4,61.6,101,68,75.3,4,85.0,2566,27.1,12.960,20,32.3
1466.3,86,610.6,61.6,101,67,74.5,4,84.5,2573,27.1,12.960,20,32.1
1469.4,86,612.9,61.6,101,67,74.5,4,85.3,2572,27.4,12.914,20,32.2
1472.5,86,619.4,61.6,100,67,74.5,4,84.3,2562,26.8,12.989,20,32.2
1475.6,86,626.4,61.2,100,68,74.0,4,83.7,2577,26.7,12.880,20,31.9
1478.7,86,628.0,61.2,100,70,73.7,4,84.5,2497,22.2,12.960,20,26.8
1481.8,86,628.0,60.9,100,72,73.0,4,83.5,2438,24.4,13.026,20,29.8
1484.9,86,632.0,60.8,100,75,73.0,4,81.8,2683,25.9,12.960,20,32.1
1488.0,86,635.2,60.8,100,76,69.7,4,81.0,2620,26.5,13.029,20,32.9
1491.1,86,636.0,60.8,100,76,67.0,4,68.1,2290,13.3,12.854,20,20.1
1494.2,86,636.0,60.8,101,74,50.0,4,46.0,2213,9.9,12.936,20,7.5
1497.3,86,629.4,60.6,100,72,49.3,4,53.3,2167,1.8,12.960,20,9.2
1500.4,86,627.0,60.4,101,72,16.6,4,21.1,2159,4.2,12.969,20,11.7
1503.5,86,616.7,60.0,101,71,14.5,4,17.7,2134,1.8,13.040,20,5.9
1506.6,86,610.5,59.5,101,72,20.1,4,24.1,2160,3.3,13.040,20,9.6
1509.7,86,608.0,59.2,101,73,18.2,4,24.1,2212,5.0,12.990,20,11.5
1512.8,86,593.5,59.2,101,73,11.0,4,12.4,2225,0.4,13.040,20,4.7
1515.9,86,577.9,59.2,101,73,11.0,4,12.2,2225,0.4,12.960,20,4.7
1519.0,86,560.0,59.2,101,71,10.6,4,12.2,2194,0.5,12.964,20,4.7
1522.1,86,552.0,59.5,101,68,11.7,4,12.8,2095,6.7,12.989,20,12.0
1525.2,85,555.6,59.5,101,69,74.4,4,84.1,2409,24.1,12.900,20,30.4
1528.3,85,567.6,59.2,101,71,76.0,4,86.5,2737,29.3,12.893,20,34.6
1531.4,85,575.4,59.2,101,72,73.7,4,81.0,2522,24.0,12.960,20,28.4
1534.5,85,580.0,59.2,101,72,65.8,4,74.9,2212,17.4,13.010,20,19.8
1537.6,85,580.0,59.2,101,71,37.1,4,39.7,2145,8.3,12.991,20,14.9
1540.7,86,580.0,58.6,101,69,46.0,4,54.6,2084,10.6,12.963,20,13.9
1543.8,86,580.0,58.0,101,67,49.4,4,46.5,2033,5.9,12.990,20,11.6
1546.9,86,569.9,57.6,101,65,10.2,4,11.4,1936,0.5,12.901,20,4.6
1550.0,86,568.0,58.0,101,62,46.4,4,47.1,1911,7.8,12.960,20,12.8
1553.1,86,568.0,57.8,101,60,37.2,4,30.4,1812,3.5,12.960,20,14.5
1556.2,86,572.2,58.0,101,60,68.4,4,76.8,1975,19.2,12.995,20,22.6
1559.3,86,578.3,58.0,101,60,74.8,4,85.7,2189,23.4,12.967,20,27.7
1562.4,86,584.3,58.0,101,60,79.6,4,89.4,2521,34.5,13.000,20,38.4
1565.5,86,594.6,58.0,101,61,78.8,4,87.7,2829,37.8,13.025,20,42.7
1568.6,86,605.7,58.0,101,62,76.7,4,84.7,2976,33.7,12.833,20,39.8
1571.7,86,611.1,57.7,101,63,75.8,4,85.3,3115,31.5,12.960,20,38.0
1574.8,86,621.4,57.6,100,65,75.4,4,84.0,3162,28.7,12.960,20,35.5
1577.9,86,627.6,57.6,100,66,76.9,4,86.1,3296,29.0,12.960,20,35.7
1581.0,86,633.2,57.7,100,67,73.8,4,83.8,3354,27.0,12.986,20,32.3
1584.1,86,636.0,58.3,100,68,74.5,4,82.5,3439,27.7,12.893,20,34.1
1587.2,86,640.0,58.4,100,68,75.6,4,84.5,3505,28.8,12.960,20,35.7
1590.3,86,643.2,58.7,101,69,78.4,4,84.3,3636,28.5,12.971,20,35.7
1593.4,86,648.0,58.6,101,72,72.6,4,78.7,3724,24.3,12.989,20,30.7
1596.5,86,648.0,58.0,99,73,68.2,4,73.5,3741,19.6,12.960,20,27.1
1599.6,86,648.0,57.6,99,75,63.2,4,68.7,2644,18.6,12.960,20,25.4
1602.7,86,644.4,57.4,100,75,70.8,4,80.7,2331,21.6,12.960,20,28.2
1605.8,86,648.0,57.1,100,73,72.6,4,82.8,2560,27.0,12.960,20,32.2
1608.9,87,648.0,56.9,100,72,71.4,4,82.2,2423,22.7,12.960,20,26.3
1612.0,87,648.0,56.9,100,72,65.1,4,75.2,2189,18.6,12.957,20,25.1
1615.1,87,644.8,57.2,100,72,53.0,4,65.2,2196,15.5,12.888,20,18.6
1618.2,87,640.0,57.4,100,72,60.0,4,68.9,2187,15.3,12.960,20,19.0
1621.3,87,640.0,57.6,100,71,59.1,4,60.9,2175,15.2,12.898,21,21.1
1624.4,87,630.7,57.6,100,70,10.8,4,12.1,2071,2.0,12.960,21,7.6
1627.5,87,616.3,58.0,100,65,9.6,4,11.4,1937,0.4,13.011,21,4.3
1630.6,87,602.0,58.2,100,62,9.4,4,11.0,1828,0.4,13.041,21,3.9
1633.7,87,589.7,58.8,100,58,9.4,4,11.0,1731,0.4,12.930,21,3.5
1636.8,86,576.7,58.8,100,54,9.4,4,10.8,1637,0.4,12.960,21,3.5
1639.9,86,565.9,59.2,100,48,9.6,4,11.2,1466,0.4,12.960,21,3.1
1643.0,86,555.1,59.1,100,41,11.0,4,13.5,1255,0.4,12.960,21,3.1
1646.1,86,545.1,59.1,100,34,11.8,4,14.1,1248,0.4,12.960,21,3.1
1649.2,86,534.3,59.7,100,25,11.8,4,13.7,1250,0.4,12.960,21,3.1
1652.3,86,524.3,60.0,100,18,12.3,4,15.0,1160,0.4,12.985,21,3.1
1655.4,86,513.6,60.4,100,10,14.4,4,17.6,998,0.8,13.040,21,3.1
1658.5,86,507.3,60.4,100,6,16.5,4,22.4,850,6.2,12.880,21,8.3
1661.6,86,507.3,60.0,100,12,63.6,4,73.6,2156,16.0,12.960,21,19.6
1664.7,86,515.1,59.6,100,25,76.2,4,87.1,1924,23.5,12.960,21,26.2
1667.8,86,532.7,59.6,100,32,76.9,4,87.8,2012,26.5,12.960,21,30.1
1670.9,86,552.1,60.0,100,37,79.5,4,91.5,2066,26.3,12.960,21,30.2
1674.0,86,562.4,60.0,100,41,76.8,4,86.8,2112,25.9,12.960,21,30.2
1677.1,86,575.0,59.7,100,44,75.8,4,86.5,2119,25.4,12.960,21,29.7
1680.2,87,586.8,59.7,100,48,75.2,4,86.3,2178,25.7,12.960,21,29.6
1683.3,87,595.8,59.7,100,52,74.5,4,85.1,2254,25.9,12.985,21,30.2
1686.4,87,606.0,59.6,100,52,74.7,4,85.9,2311,26.6,12.909,21,30.9
1689.5,87,611.7,59.6,100,53,73.2,4,84.8,2251,24.8,12.908,21,30.6
1692.6,87,617.9,59.6,100,55,73.5,4,85.2,2164,23.5,13.030,21,27.8
1695.7,87,624.3,59.6,100,57,75.6,4,86.1,2347,27.5,12.960,21,32.5
1698.8,87,630.5,59.2,100,59,76.1,4,87.6,2402,28.2,12.960,21,33.3
1701.9,87,636.4,59.6,100,61,76.1,4,88.1,2428,28.2,12.919,21,32.6
1705.0,87,640.0,59.2,100,61,75.3,4,87.2,2443,28.6,12.960,21,33.7
1708.1,87,644.0,59.2,100,63,74.7,4,86.5,2475,27.3,12.960,21,31.5
1711.2,87,646.5,59.0,99,63,73.3,4,84.4,2429,22.8,12.960,21,28.6
1714.3,87,648.0,58.9,99,65,72.9,4,83.7,2334,23.4,13.004,21,28.2
1717.4,87,648.0,59.0,99,65,73.2,4,84.7,2368,24.0,12.960,21,28.9
1720.5,87,652.0,58.8,99,65,75.2,4,86.2,2546,29.5,12.960,21,32.2
1723.6,87,655.6,58.8,100,66,77.3,4,87.6,2786,39.9,12.925,20,46.9
1726.7,87,657.9,58.4,100,65,77.8,4,87.5,2886,39.1,12.942,20,46.9
1729.8,87,660.2,58.0,100,64,77.8,4,88.9,2896,44.0,12.960,20,48.9
1732.9,87,664.0,58.0,100,63,76.9,4,88.5,3019,40.5,12.960,20,47.0
1736.0,87,668.0,58.4,99,62,77.5,4,88.6,3094,40.0,12.931,20,46.3
1739.1,87,668.0,58.0,99,62,77.7,4,88.8,3100,40.0,12.960,20,46.3
1742.2,87,672.0,57.9,100,61,77.0,4,88.2,3100,40.3,12.909,20,46.5
1745.3,87,675.6,57.6,99,61,77.4,4,88.0,3076,40.3,12.960,20,46.6
1748.4,87,676.0,57.6,99,61,76.7,4,86.5,3028,39.2,12.960,20,45.5
1751.5,87,680.0,57.6,99,60,76.1,4,87.2,3041,40.0,12.875,20,46.6
1754.6,87,680.0,57.6,99,60,76.5,4,87.0,3051,40.9,12.960,20,46.3
1757.7,87,684.0,57.6,99,60,76.9,4,86.8,3084,40.6,12.960,20,46.5
1760.8,87,684.0,57.6,99,60,76.4,4,87.3,3070,40.4,12.960,20,46.7
1763.9,87,688.0,57.6,99,59,76.1,4,87.8,3074,40.1,12.960,20,46.2
1767.0,87,688.0,57.3,99,58,76.1,4,86.5,3037,39.4,12.960,20,46.0
1770.1,87,692.0,57.3,99,58,76.3,4,86.7,3100,39.6,12.960,20,46.2
1773.2,87,692.0,57.3,99,58,76.9,4,86.9,3100,40.0,12.960,20,46.6
1776.3,87,694.0,57.3,98,58,76.9,4,86.8,3087,40.4,13.026,20,46.3
1779.4,87,696.0,57.3,99,58,77.3,4,88.8,3130,40.7,13.021,20,46.7
1782.5,87,696.0,56.9,99,58,78.4,4,90.6,3163,40.4,12.892,20,46.7
1785.6,87,700.0,56.5,99,58,79.8,4,91.5,3205,40.4,12.960,20,46.7
1788.7,87,700.0,56.5,98,60,80.0,4,91.5,3195,40.3,12.893,20,47.1
1791.8,87,700.0,56.5,98,60,80.0,4,91.3,3212,39.8,12.875,20,46.2
1794.9,87,700.0,55.8,98,60,80.0,4,91.1,3203,41.2,12.960,20,47.8
1798.0,87,700.0,55.7,98,61,81.9,4,93.3,3303,43.2,12.960,20,49.4
1801.1,87,700.0,55.3,98,61,82.8,4,94.2,3391,45.9,12.960,20,52.9
1804.2,87,700.0,54.9,98,62,83.9,4,95.0,3475,49.4,12.930,20,56.2
1807.3,87,700.0,54.9,98,63,83.9,4,94.9,3475,50.2,12.880,20,56.8
1810.4,87,700.0,54.9,98,63,83.9,4,95.3,3460,50.2,12.930,20,56.9
1813.5,87,697.9,54.5,98,65,83.9,4,95.2,3459,50.2,12.952,20,57.2
1816.6,87,696.0,54.1,98,65,83.9,4,95.2,3475,52.6,12.960,20,58.6
1819.7,87,696.0,54.1,98,66,84.2,4,95.3,3513,51.2,12.960,20,57.6
1822.8,87,694.3,54.1,98,67,82.5,4,94.7,3661,47.5,12.898,20,51.9
1825.9,87,691.3,54.1,97,67,43.5,4,49.4,2199,6.3,13.009,21,8.7
1829.0,87,684.0,54.7,97,67,53.3,4,72.7,2048,23.0,13.014,21,25.0
1832.1,87,675.5,55.3,98,67,23.7,4,25.7,2004,3.8,13.000,21,7.8
1835.2,87,669.4,55.9,98,67,24.4,4,30.6,2017,5.8,12.960,21,10.2
1838.3,87,658.6,56.5,98,65,10.5,4,12.0,1940,0.4,12.960,21,4.2
1841.4,87,641.6,56.7,98,63,11.9,4,13.2,1900,0.4,13.040,21,4.2
1844.5,87,631.3,57.0,98,63,10.1,4,12.9,1908,1.1,12.960,21,4.6
1847.6,86,622.7,57.5,98,63,10.2,4,12.1,1896,0.4,13.040,21,4.4
1850.7,86,608.4,57.7,98,62,10.2,4,11.8,1864,0.4,12.990,21,3.9
1853.8,86,593.2,58.3,98,61,9.4,4,11.4,1844,0.4,12.960,21,3.9
1856.9,86,581.3,58.5,98,60,9.4,4,11.4,1804,0.4,12.960,21,3.9
1860.0,86,572.0,58.8,98,60,38.4,4,40.3,1949,5.9,12.960,23,8.5
1863.1,86,572.0,58.4,98,62,29.0,4,38.5,1937,8.0,12.951,23,10.0
1866.2,86,567.0,58.0,98,63,20.4,4,22.2,1884,1.2,12.982,23,5.6
1869.3,86,564.0,57.7,98,63,13.7,4,18.1,1899,2.6,12.960,23,6.9
1872.4,86,554.7,57.6,98,62,11.1,4,11.4,1903,0.4,12.960,23,5.7
1875.5,86,552.0,57.6,98,63,28.9,4,38.0,1965,6.4,12.960,23,11.7
1878.6,86,544.0,58.2,98,63,9.4,4,11.0,1912,0.4,12.960,23,4.3
1881.7,86,531.0,58.8,98,62,9.4,4,11.1,1879,0.4,12.960,23,3.9
1884.8,86,517.9,59.2,98,61,9.4,4,11.0,1871,1.0,13.024,23,3.9
1887.9,86,514.2,59.6,98,61,23.9,4,28.1,1850,3.4,12.894,23,6.6
1891.0,86,512.0,59.6,98,61,27.0,4,30.9,1880,4.5,12.999,23,7.7
1894.1,86,512.0,60.0,98,61,26.0,4,32.1,1879,4.0,12.960,23,8.0
1897.2,86,508.0,60.1,98,61,25.1,4,29.3,1862,4.6,13.008,23,8.0
1900.3,86,508.0,60.4,98,61,37.7,4,42.9,1939,8.0,13.004,23,12.2
1903.4,86,512.0,60.0,98,63,51.8,4,61.2,1987,12.0,12.949,23,15.9
1906.5,86,515.9,60.0,98,64,54.1,4,43.1,1960,7.0,12.982,23,14.7
1909.6,86,517.8,60.0,99,63,14.3,4,16.9,1899,2.0,12.963,23,5.2
1912.7,86,515.4,60.0,99,62,14.2,4,23.8,1862,3.4,12.922,23,5.8
1915.8,86,514.8,59.7,98,62,45.2,4,54.4,1962,9.2,12.960,23,14.3
1918.9,86,516.0,59.7,98,62,21.2,4,28.5,1879,2.4,12.960,23,7.9
1922.0,86,516.0,60.0,98,62,49.4,4,57.9,1943,11.4,12.980,23,14.7
1925.1,86,521.8,59.6,98,64,64.8,4,78.0,2070,19.1,12.969,23,22.9
1928.2,86,529.1,59.6,98,65,66.8,4,77.8,2055,19.5,12.960,23,23.7
1931.3,86,538.9,59.3,98,66,66.3,4,78.3,2143,17.9,12.960,23,22.6
1934.4,86,544.0,59.2,98,66,58.4,4,71.0,2004,14.3,13.023,23,13.9
1937.5,86,544.0,59.2,99,65,21.4,4,32.1,1943,8.0,12.960,23,6.5
1940.6,86,540.0,59.6,98,62,26.1,4,30.4,1873,3.9,13.036,23,6.8
1943.7,86,540.0,59.6,98,62,46.3,4,56.9,1951,10.6,12.918,23,12.0
1946.8,86,542.4,59.6,98,63,55.1,4,65.0,1937,13.4,12.960,23,15.4
1949.9,86,544.0,59.6,98,63,25.0,4,37.2,1919,9.0,12.960,23,10.2
1953.0,86,544.0,59.6,98,64,42.0,4,50.5,1979,10.0,12.960,23,13.2
1956.1,86,544.0,60.0,98,65,36.7,4,30.0,1929,3.3,12.841,23,9.2
1959.2,86,541.1,59.7,99,64,18.4,4,21.9,1925,4.3,12.882,23,7.7
1962.3,86,539.2,60.0,99,63,22.0,4,26.3,1916,3.7,12.995,23,7.1
1965.4,86,533.3,60.0,99,63,16.1,4,18.0,1903,1.7,12.883,23,5.6
1968.5,86,530.8,59.6,99,62,21.3,4,19.0,1857,1.3,12.960,23,7.5
1971.6,86,528.0,59.6,98,61,45.4,4,49.2,1971,9.8,12.960,23,14.7
1974.7,86,533.4,59.6,99,61,56.5,4,67.7,1926,14.2,12.960,23,16.5
1977.8,86,539.4,59.6,98,60,72.5,4,81.0,2163,24.4,12.960,23,29.0
1980.9,86,549.7,59.2,98,61,64.4,4,70.9,1953,17.5,12.960,23,25.7
1984.0,86,555.7,59.2,98,62,56.5,4,68.2,1957,12.7,12.960,23,20.0
1987.1,86,558.0,59.2,98,64,62.9,4,72.9,1976,15.6,12.960,23,17.5
1990.2,86,560.0,58.9,98,65,39.7,4,48.4,1982,11.9,12.974,23,15.2
1993.3,86,560.0,58.8,99,66,28.8,4,37.5,1975,5.0,12.985,23,7.4
1996.4,86,556.4,58.8,99,66,27.9,4,32.1,1980,6.4,12.960,23,9.5
1999.5,86,553.6,59.0,99,66,28.8,4,37.1,1990,1.9,12.960,23,5.9
2002.6,86,543.3,59.2,99,63,9.5,4,11.1,1904,0.4,12.960,23,5.1
2005.7,86,537.5,59.2,99,63,29.9,4,34.6,1938,6.1,12.960,23,10.6
2008.8,86,540.0,59.2,99,65,53.3,4,60.1,2056,10.3,12.960,23,14.1
2011.9,86,544.0,58.8,99,67,51.8,4,59.9,2039,10.7,13.017,23,14.8
2015.0,86,544.0,58.8,99,67,43.9,4,54.7,2062,11.0,12.960,23,14.7
2018.1,86,548.0,58.8,99,69,49.0,4,50.5,2094,9.8,12.996,23,13.3
2021.2,86,545.1,58.8,99,69,15.8,4,19.3,2072,2.5,13.017,21,7.0
2024.3,86,542.0,58.8,99,68,10.5,4,13.1,2042,0.5,12.960,21,4.5
2027.4,86,529.3,59.1,99,66,10.2,4,11.4,1984,0.4,12.908,23,4.3
2030.5,86,514.0,59.2,99,64,10.4,4,11.7,1931,0.4,12.972,23,4.3
2033.6,86,511.7,59.2,99,62,12.2,4,12.5,1867,0.8,12.914,23,5.0
2036.7,86,505.1,59.2,99,61,18.9,4,21.6,1828,2.3,12.943,23,6.6
2039.8,86,504.0,59.6,99,60,25.4,4,28.0,1848,4.5,12.911,23,8.3
2042.9,86,504.0,59.6,99,61,42.9,4,49.8,1924,8.6,12.902,23,11.9
2046.0,86,510.1,59.6,99,61,56.0,4,65.1,1949,12.5,12.960,21,16.5
2049.1,86,517.0,59.6,99,63,60.2,4,70.4,1948,14.6,12.960,21,17.1
2052.2,86,520.0,59.3,99,62,54.0,4,63.1,1924,12.7,12.982,21,17.3
2055.3,86,525.8,58.8,99,62,61.1,4,69.6,1889,14.2,12.977,21,18.3
2058.4,86,536.3,58.8,99,62,68.1,4,78.8,2016,19.0,13.006,21,23.3
2061.5,86,540.0,58.2,99,62,63.4,4,74.0,2001,11.5,12.960,21,16.1
2064.6,86,548.6,58.0,99,62,74.2,4,85.0,2107,24.9,12.960,21,28.1
2067.7,86,557.0,57.6,99,65,76.6,4,88.5,2746,36.5,12.960,21,41.2
2070.8,86,566.4,57.6,99,69,76.8,4,87.7,3259,30.7,12.960,21,36.9
2073.9,86,580.7,57.6,99,71,77.3,4,86.0,3628,28.4,12.960,20,35.7
2077.0,86,588.0,57.6,99,75,79.0,4,85.7,3713,15.1,12.960,20,20.0
2080.1,85,596.6,57.6,99,77,76.0,4,87.6,2696,29.7,12.919,20,38.3
2083.2,85,600.0,57.6,99,78,74.9,4,85.7,2900,32.8,12.960,20,38.1
2086.3,85,605.3,57.6,99,80,74.4,4,85.1,2911,31.9,12.960,20,37.5
2089.4,86,611.8,57.6,99,80,39.1,4,57.5,2586,4.7,12.960,20,9.4
2092.5,86,605.8,58.0,99,77,42.0,4,44.1,2345,7.3,13.040,20,20.0
2095.6,86,608.4,57.6,99,77,78.3,4,88.6,2946,35.3,12.966,21,42.8
2098.7,86,614.1,57.6,99,80,80.6,4,89.8,3513,36.9,12.950,21,43.6
2101.8,86,620.2,57.6,99,83,82.6,4,90.8,3727,35.3,12.960,20,42.6
2104.9,86,626.7,57.5,99,85,78.9,4,84.4,3478,24.2,12.952,20,30.1
2108.0,86,626.9,57.6,99,84,70.7,4,80.2,2902,23.0,12.830,20,22.5
2111.1,86,624.0,57.8,99,83,45.1,4,51.3,2485,10.9,13.040,20,16.8
2114.2,86,623.2,58.0,99,82,55.7,4,64.0,2465,13.5,12.960,20,18.4
2117.3,86,620.0,57.8,99,81,59.4,4,67.6,2453,13.3,12.960,20,19.1
2120.4,86,624.0,57.3,99,81,70.5,4,82.0,2519,22.6,12.922,20,27.6
2123.5,86,624.0,57.3,99,81,66.7,4,77.7,2464,19.0,13.037,20,24.7
2126.6,86,624.0,56.9,99,81,47.8,4,59.0,2475,13.5,12.960,20,20.0
2129.7,86,624.0,57.3,99,81,50.2,4,59.2,2455,12.2,12.960,20,17.0
2132.8,86,624.0,57.1,100,79,51.1,4,58.3,2405,12.3,12.800,20,17.3
2135.9,86,620.0,57.3,100,77,48.6,4,57.1,2345,11.4,13.040,20,16.2
2139.0,86,620.0,57.3,100,76,54.9,4,64.4,2305,13.7,12.960,20,17.6
2142.1,86,620.0,57.3,99,75,63.5,4,72.7,2268,16.9,12.960,20,22.1
2145.2,86,620.0,57.6,99,73,67.8,4,79.6,2297,20.3,12.960,20,24.7
2148.3,86,620.0,57.3,99,72,50.0,4,69.6,2230,16.5,12.960,20,16.3
2151.4,86,620.0,57.6,99,73,53.5,4,62.8,2214,11.8,13.040,20,13.2
2154.5,86,616.0,57.6,99,73,52.2,4,60.5,2243,12.0,12.970,20,16.5
2157.6,86,616.0,57.6,99,75,53.6,4,61.2,2278,12.4,12.975,20,16.5
2160.7,86,616.0,57.7,99,75,54.9,4,62.7,2276,13.1,13.258,20,18.0
2163.8,86,612.0,58.0,99,75,48.0,4,57.7,2255,12.1,13.432,20,15.6
2166.9,86,612.0,57.6,99,73,48.9,4,56.8,2223,9.8,13.680,20,13.5
2170.0,86,611.1,58.0,99,72,43.1,4,51.6,2191,9.9,13.728,20,14.6
2173.1,86,608.0,58.0,99,72,46.3,4,53.1,2175,9.7,13.738,20,14.4
2176.2,86,606.0,58.0,99,71,48.3,4,54.3,2162,10.1,13.746,20,14.5
2179.3,86,604.0,58.0,99,71,62.6,4,71.7,2156,15.5,13.709,20,20.1
2182.4,86,608.0,57.8,99,70,62.2,4,66.4,2144,16.5,13.836,20,20.9
2185.5,86,604.0,57.6,99,68,57.4,4,56.0,2079,10.9,13.684,20,15.0
2188.6,86,604.0,57.6,99,67,58.4,4,65.0,2068,13.6,13.689,20,18.8
2191.7,86,602.9,57.6,99,67,27.8,4,39.4,2020,7.3,13.760,20,9.5
2194.8,86,600.0,57.6,100,66,25.2,4,29.5,1995,2.1,13.742,20,5.9
2197.9,86,590.9,58.0,100,67,25.1,4,28.1,2009,4.3,13.783,20,8.2
2201.0,86,588.0,58.0,100,67,20.8,4,23.1,2045,3.7,13.692,20,8.6
2204.1,86,580.0,58.0,100,67,24.3,4,25.7,1989,3.4,13.697,20,10.6
2207.2,86,576.0,58.0,100,65,25.6,4,30.3,2001,2.1,13.761,20,8.0
2210.3,86,573.5,58.0,100,62,40.8,4,44.3,1896,6.8,13.607,20,13.7
2213.4,86,572.0,58.0,99,61,40.2,4,45.9,1868,8.7,13.760,20,13.4
2216.5,86,572.0,57.8,99,59,51.4,4,59.9,1821,11.0,13.760,20,14.5
2219.6,86,572.0,57.7,99,58,56.4,4,67.2,1810,12.1,13.697,20,13.8
2222.7,86,572.0,58.3,100,57,24.0,4,32.0,1730,7.0,13.469,20,4.4
2225.8,86,569.8,58.6,100,56,41.1,4,52.7,1787,9.6,13.288,20,11.5
2228.9,86,568.0,58.4,100,58,47.1,4,54.7,1796,9.5,13.108,20,12.9
2232.0,86,568.0,58.1,100,60,47.1,4,53.5,1837,9.8,12.976,20,12.8
2235.1,86,566.2,57.6,100,61,32.7,4,29.9,1862,2.1,12.976,20,6.3
2238.2,86,560.0,58.0,100,60,16.4,4,18.0,1811,3.3,13.040,20,6.7
2241.3,86,556.0,57.6,100,60,33.0,4,32.6,1847,6.7,13.040,20,10.9
2244.4,86,556.0,57.6,100,60,55.0,4,65.3,1912,13.3,12.960,20,15.7
2247.5,86,560.0,57.6,99,59,49.6,4,50.5,1784,6.1,13.028,20,15.3
2250.6,86,560.0,57.6,100,57,46.2,4,54.5,1753,11.0,13.001,20,14.2
2253.7,86,563.0,57.6,100,57,61.6,4,70.4,1841,15.1,13.040,20,18.4
2256.8,86,565.2,57.6,100,57,53.7,4,62.8,1765,13.8,13.040,20,16.1
2259.9,86,568.0,57.6,99,58,62.4,4,72.0,1895,15.4,12.965,20,18.4
2263.0,86,572.0,57.6,99,60,64.8,4,74.8,1942,15.7,13.040,20,18.2
2266.1,86,575.4,57.6,100,60,50.6,4,67.0,1855,14.3,13.021,20,17.3
2269.2,86,576.0,57.5,99,61,52.5,4,48.3,1862,10.4,13.023,20,16.0
2272.3,86,576.0,57.3,100,62,52.3,4,62.5,1887,12.1,13.040,20,12.9
2275.4,87,576.0,57.6,100,62,55.2,4,65.6,1899,12.6,12.991,20,15.2
2278.5,87,576.0,57.4,100,62,36.8,4,38.2,1866,1.1,13.040,20,5.5
2281.6,87,572.0,57.3,100,61,39.5,4,50.3,1839,7.5,13.040,20,10.7
2284.7,87,572.0,57.5,100,61,32.1,4,39.8,1841,6.4,13.021,20,8.0
2287.8,87,566.1,57.8,100,59,20.9,4,23.6,1773,3.3,13.025,20,7.0
2290.9,87,560.0,58.0,100,58,31.1,4,35.6,1757,5.7,12.993,20,9.0
2294.0,87,560.0,58.0,100,59,36.8,4,42.2,1826,9.0,12.967,20,12.0
2297.1,87,558.9,58.0,100,62,32.1,4,31.0,1896,4.4,12.960,20,9.9
2300.2,87,547.3,58.0,100,63,9.4,4,11.1,1887,0.4,13.037,20,3.9
2303.3,86,535.1,58.0,100,62,9.4,4,11.4,1887,0.4,12.958,20,3.9
2306.4,86,525.0,57.4,100,59,17.6,4,19.7,1841,1.7,12.960,20,6.1
2309.5,86,524.0,57.3,100,57,42.3,4,47.1,1798,8.0,12.960,20,11.2
2312.6,86,524.2,57.6,100,56,45.1,4,52.2,1746,9.9,13.040,20,13.0
2315.7,86,530.1,57.6,100,56,66.5,4,76.5,1863,17.1,12.971,19,20.2
2318.8,86,537.2,58.0,100,55,68.7,4,78.9,1941,19.4,13.000,19,22.2
2321.9,86,546.5,57.6,99,54,72.0,4,82.7,2023,20.6,13.037,19,24.3
2325.0,86,556.8,57.6,100,53,73.5,4,85.4,2142,23.5,13.002,19,27.7
2328.1,86,566.6,57.6,99,54,70.1,4,80.0,2111,21.3,13.037,19,26.9
2331.2,86,572.0,57.3,100,56,63.5,4,73.2,1856,13.6,12.994,19,19.0
2334.3,87,575.4,57.3,100,59,64.5,4,74.3,1888,15.0,13.054,19,18.9
2337.4,87,572.4,57.3,100,62,10.9,4,11.7,1837,1.9,12.989,19,3.9
2340.5,87,563.8,57.3,100,62,10.3,4,13.3,1862,0.8,13.040,19,4.2
2343.6,87,554.6,57.4,100,62,9.4,4,11.5,1875,0.7,13.035,19,3.9
2346.7,87,544.0,57.3,100,62,35.2,4,46.8,1914,7.9,13.006,19,10.0
2349.8,86,544.0,57.0,100,62,40.8,4,42.0,1892,6.6,12.946,19,11.7
2352.9,86,544.0,56.9,100,62,42.4,4,48.4,1925,8.7,12.934,19,11.7
2356.0,86,547.3,57.2,100,62,42.4,4,46.2,1912,8.1,13.043,19,11.8
2359.1,86,545.2,57.4,100,62,14.4,4,13.5,1880,3.4,12.989,19,6.5
2362.2,86,540.0,57.4,100,63,38.3,4,45.7,1981,8.1,13.040,20,11.7
2365.3,86,540.0,57.3,100,65,37.3,4,42.6,1980,6.5,12.987,20,10.4
2368.4,86,540.0,57.3,100,65,18.7,4,23.4,1936,2.0,13.040,20,4.3
2371.5,86,530.2,57.5,100,62,10.9,4,14.3,1875,2.2,13.040,20,3.1
2374.6,86,523.8,57.3,100,61,21.6,4,24.0,1846,2.6,13.010,20,6.6
2377.7,86,520.0,57.5,100,60,25.4,4,28.1,1855,1.7,13.034,20,5.9
2380.8,86,520.0,57.6,100,60,38.0,4,43.0,1920,6.7,13.068,20,10.2
2383.9,86,522.5,57.1,100,60,47.1,4,53.8,1893,9.8,13.037,20,13.2
2387.0,86,524.7,56.9,100,61,50.5,4,58.9,1871,10.9,12.998,20,13.9
2390.1,86,528.0,56.3,100,61,33.8,4,31.6,1859,6.5,13.040,20,11.9
2393.2,86,527.1,55.7,100,62,32.9,4,30.2,1858,3.5,12.992,20,8.9
2396.3,86,520.8,55.7,100,60,21.1,4,20.9,1820,3.7,13.030,20,8.4
2399.4,86,520.0,55.3,100,59,25.0,4,26.6,1787,1.7,12.960,20,5.9
2402.5,86,516.3,55.7,101,58,16.1,4,26.4,1762,8.1,13.040,20,11.6
2405.6,86,522.0,55.7,100,59,67.1,4,78.1,1972,18.4,13.040,20,22.3
2408.7,86,532.0,55.7,100,61,65.4,4,74.6,2019,17.5,12.960,19,22.6
2411.8,86,538.1,55.7,100,62,68.3,4,78.0,2046,16.9,12.960,19,21.7
2414.9,86,547.0,55.7,100,64,74.3,4,85.1,2284,22.8,12.945,19,29.0
2418.0,86,557.5,55.7,100,66,65.6,4,73.0,2060,17.3,12.880,19,23.6
2421.1,86,560.0,55.7,100,65,49.0,4,62.4,1994,12.3,12.960,19,11.6
2424.2,86,563.6,55.7,100,65,71.1,4,80.0,2075,20.8,12.893,19,23.8
2427.3,86,568.0,56.1,101,66,57.0,4,66.5,2000,10.2,12.987,19,12.8
2430.4,86,568.0,56.1,101,65,37.9,4,38.6,1955,3.5,13.040,19,9.8
2433.5,86,564.0,56.1,101,63,54.1,4,65.9,1925,13.0,12.960,19,13.9
2436.6,86,566.6,56.3,100,63,50.4,4,60.7,1998,14.9,13.036,19,16.0
2439.7,86,562.3,57.0,101,61,9.5,4,12.1,1792,0.5,13.008,19,3.7
2442.8,86,556.0,57.5,100,58,51.6,4,60.8,1775,12.0,12.981,19,15.3
2445.9,86,556.0,57.3,100,58,45.4,4,54.5,1787,9.6,12.979,19,14.5
2449.0,86,552.0,57.6,101,57,11.1,4,12.1,1717,0.6,13.002,19,3.5
2452.1,86,545.7,57.9,101,55,9.4,4,11.2,1643,0.4,12.960,19,3.5
2455.2,86,533.6,57.9,101,52,10.2,4,11.7,1563,0.4,12.907,19,3.5
2458.3,86,521.8,57.6,101,48,10.6,4,12.5,1456,0.4,12.975,19,3.5
2461.4,86,513.7,57.6,101,44,11.8,4,13.7,1344,0.4,12.986,19,3.5
2464.5,86,500.5,57.6,101,41,12.5,4,14.9,1270,0.4,13.017,19,3.5
2467.6,86,492.0,58.2,101,27,12.5,4,15.4,1306,0.4,12.960,19,3.5
2470.7,86,480.3,58.8,101,11,13.1,4,17.9,1167,0.7,13.040,19,3.7
2473.8,86,476.0,58.8,101,9,33.4,4,41.8,1534,9.3,12.839,19,10.5
2476.9,86,475.6,58.8,101,13,18.4,4,23.0,1438,3.7,13.002,19,4.1
2480.0,86,469.5,58.8,101,13,18.8,4,26.8,1152,3.7,13.040,19,6.0
2483.1,86,462.3,59.3,101,11,14.9,4,18.7,1092,0.4,12.960,19,3.5
2486.2,86,453.2,60.0,101,2,24.2,4,31.7,657,0.9,13.040,19,3.8
2489.3,86,447.0,60.0,101,3,25.9,4,33.2,853,1.9,12.942,20,7.5
2492.4,86,444.0,59.7,100,9,51.3,4,57.1,1947,9.8,12.823,20,13.5
2495.5,86,449.0,59.1,100,17,64.0,4,73.9,1586,12.6,13.008,20,15.7
2498.6,86,458.2,58.8,100,22,54.4,4,61.4,1395,11.1,12.968,20,15.6
2501.7,86,456.0,58.4,101,24,26.0,4,26.1,1244,3.1,12.986,20,5.0
2504.8,87,452.4,58.4,101,20,14.1,4,17.3,1118,0.4,12.986,20,3.5
2507.9,87,442.0,58.4,101,14,14.9,4,18.1,1086,0.4,12.968,20,3.5
2511.0,87,431.1,58.0,101,11,14.9,4,18.1,1045,0.5,12.960,20,3.1
2514.1,87,424.4,58.0,101,7,20.4,4,27.7,1057,2.4,12.960,20,3.9
2517.2,87,422.2,57.5,101,9,16.7,4,20.2,1262,2.2,12.960,20,4.2
2520.3,87,420.0,57.3,101,10,15.0,4,17.9,1186,0.6,12.960,20,3.5
2523.4,87,412.1,57.1,101,6,17.2,4,22.7,724,0.4,12.960,20,3.0
2526.5,87,404.0,56.9,101,4,27.5,4,45.7,1143,3.5,12.992,20,3.7
2529.6,87,401.5,56.5,101,6,14.7,4,18.7,1183,0.4,13.040,20,3.7
2532.7,87,396.0,56.5,101,6,18.4,4,22.3,1318,1.7,12.979,20,5.0
2535.8,87,392.0,56.4,101,9,16.7,4,20.4,1312,1.5,12.960,20,4.6
2538.9,87,392.0,56.1,100,13,42.8,4,47.9,1641,7.8,12.944,20,11.8
2542.0,86,398.7,55.6,101,21,57.7,4,67.5,1718,13.1,12.937,20,15.2
2545.1,86,414.4,55.3,101,27,40.1,4,44.5,1589,7.0,12.977,20,12.1
2548.2,86,410.3,55.9,101,26,12.8,4,15.8,1201,0.5,12.974,20,3.5
2551.3,86,400.0,56.1,101,24,14.1,4,16.9,1187,0.4,12.996,20,3.5
2554.4,86,397.5,56.5,101,22,23.9,4,30.3,1116,2.7,13.040,20,5.5
2557.5,86,396.0,56.5,101,22,20.7,4,22.8,1173,2.2,12.917,20,5.6
2560.6,86,398.5,56.5,101,24,48.0,4,46.4,1288,3.4,12.880,20,6.5
2563.7,86,403.6,56.1,101,27,30.1,4,30.8,1263,3.0,13.000,20,7.5
2566.8,86,397.2,56.5,101,25,13.3,4,15.7,1247,0.4,12.944,20,3.5
2569.9,86,394.1,56.5,101,24,18.6,4,23.5,1186,5.7,12.896,20,9.7
2573.0,86,408.4,56.8,100,28,67.5,4,77.1,1659,17.2,12.885,20,19.9
2576.1,86,423.2,56.5,100,33,72.3,4,82.1,1824,20.6,12.960,20,24.7
2579.2,86,444.5,56.5,100,38,72.9,4,83.1,1905,21.3,12.944,20,24.3
2582.3,86,465.7,56.3,100,41,72.7,4,83.0,1913,21.2,12.951,20,24.3
2585.4,86,481.0,56.1,100,45,71.6,4,82.2,1917,19.7,12.989,20,22.9
2588.5,86,496.5,56.1,100,48,69.5,4,80.5,1915,20.3,12.968,20,23.8
2591.6,86,508.7,56.1,100,51,70.6,4,76.6,1901,17.5,13.051,20,18.8
2594.7,86,508.3,56.1,101,50,11.5,4,12.9,1482,0.4,12.982,20,3.5
2597.8,86,495.6,56.7,101,48,11.0,4,13.3,1437,0.4,13.075,20,3.5
2600.9,86,486.7,57.3,101,44,11.7,4,14.5,1276,0.4,13.002,20,3.5
2604.0,86,476.9,57.4,101,34,13.7,4,16.5,1212,0.4,12.960,20,3.5
2607.1,86,466.6,57.7,101,24,13.3,4,16.1,1235,0.4,12.960,20,3.5
2610.2,86,460.2,58.0,101,20,50.2,4,49.4,1311,5.3,13.012,20,12.7
2613.3,86,464.0,57.6,101,24,28.1,4,45.5,1313,8.9,12.960,20,12.6
2616.4,86,467.6,57.4,101,27,29.2,4,41.8,1381,4.6,12.939,20,4.0
2619.5,86,468.0,57.5,101,28,45.2,4,29.6,1404,8.0,13.035,20,8.8
2622.6,86,476.7,57.3,101,32,65.5,4,73.9,1688,14.1,13.005,20,15.9
2625.7,86,489.0,56.9,101,36,61.1,4,75.8,1702,17.1,12.884,20,17.8
2628.8,86,500.0,56.5,101,40,42.7,4,51.4,1459,9.9,13.006,20,10.3
2631.9,86,500.0,56.5,101,41,28.4,4,29.9,1231,1.0,13.033,20,4.5
2635.0,86,492.8,56.5,101,40,40.0,4,41.0,1269,3.8,13.005,20,9.4
2638.1,86,499.0,56.2,101,41,46.7,4,58.3,1392,10.5,12.890,20,13.6
2641.2,86,501.5,56.1,101,41,62.1,4,75.3,1392,12.4,12.981,20,14.5
2644.3,86,508.1,56.1,101,43,61.0,4,69.7,1580,13.0,13.040,20,16.3
2647.4,87,516.0,55.7,100,45,65.0,4,73.9,1688,16.9,12.964,20,20.3
2650.5,87,525.5,55.7,100,46,66.9,4,76.5,1818,19.1,12.885,20,21.9
2653.6,87,535.0,55.7,100,46,70.6,4,81.2,1896,19.4,12.960,20,23.5
2656.7,87,545.1,55.4,100,45,60.4,4,69.6,1711,16.3,12.960,20,20.0
2659.8,87,548.0,55.7,100,43,47.8,4,46.2,1786,9.9,12.979,20,15.5
2662.9,87,557.6,55.6,100,41,69.0,4,80.7,1971,18.9,13.040,20,22.0
2666.0,87,567.1,55.3,100,41,61.9,4,70.8,2060,14.7,12.960,20,20.1
2669.1,87,573.9,55.3,100,41,63.8,4,68.2,2194,14.1,12.960,20,20.2
2672.2,87,583.1,55.3,100,42,62.4,4,72.6,2224,15.9,12.960,20,19.8
2675.3,87,593.1,54.9,100,44,66.7,4,76.2,2109,17.6,12.960,20,22.2
2678.4,87,599.2,54.6,100,45,67.1,4,77.1,1874,17.6,12.880,20,22.4
2681.5,87,601.3,54.5,100,47,61.7,4,72.1,1733,15.3,12.988,20,17.7
2684.6,87,604.0,54.5,100,50,52.7,4,56.8,1494,10.4,12.952,20,14.3
2687.7,87,600.0,54.1,100,50,52.3,4,61.8,1528,10.3,13.040,20,13.1
2690.8,87,600.0,54.1,100,51,50.5,4,57.8,1567,9.6,12.986,20,14.5
2693.9,87,592.4,54.5,101,50,12.1,4,23.9,1546,3.4,12.960,20,4.4
2697.0,87,592.0,54.9,100,51,56.9,4,63.1,1626,12.3,12.960,20,15.5
2700.1,87,592.0,54.9,100,53,57.6,4,56.9,1750,2.3,12.937,20,10.2
2703.2,87,585.4,55.4,101,53,10.2,4,12.4,1578,0.5,12.964,20,3.5
2706.3,87,576.4,56.0,101,51,11.2,4,13.9,1525,1.0,12.960,20,3.5
2709.4,87,566.4,56.2,101,50,11.0,4,12.5,1489,0.8,12.960,20,3.5
2712.5,87,560.3,56.5,100,48,33.5,4,34.9,1502,5.5,12.849,20,8.7
2715.6,86,560.0,56.5,100,50,53.5,4,64.9,1645,10.8,12.960,20,12.1
2718.7,86,556.6,56.5,101,50,15.1,4,14.9,1516,0.9,12.973,20,3.5
2721.8,86,552.0,56.3,101,50,38.1,4,43.3,1541,7.0,12.972,20,10.0
2724.9,86,552.0,56.1,101,51,50.9,4,57.4,1625,9.8,12.960,20,13.3
2728.0,86,554.6,55.9,100,53,56.5,4,64.9,1687,12.5,13.018,20,15.2
2731.1,86,556.6,55.7,100,55,55.1,4,62.0,1699,10.4,12.996,20,14.2
2734.2,86,560.0,55.7,101,55,47.5,4,54.5,1690,9.6,12.960,20,12.8
2737.3,86,556.0,55.7,101,56,20.2,4,26.4,1677,4.5,13.033,20,3.5
2740.4,86,552.0,55.7,101,54,10.9,4,13.4,1624,1.2,13.038,20,4.0
2743.5,86,547.1,55.7,101,53,14.1,4,15.8,1603,0.9,13.040,20,4.0
2746.6,86,540.8,56.0,101,52,10.2,4,11.8,1583,0.4,13.024,20,3.5
2749.7,86,528.5,56.6,101,51,10.2,4,12.2,1552,0.4,12.839,20,3.5
2752.8,86,515.5,57.3,101,50,10.2,4,12.2,1529,0.4,12.937,20,3.5
2755.9,86,508.0,57.6,101,48,11.0,4,12.6,1466,0.4,12.888,20,3.5
2759.0,86,498.0,57.6,101,47,11.0,4,13.3,1427,0.4,12.988,20,3.5
2762.1,86,485.6,57.4,101,45,11.8,4,13.5,1391,0.4,12.960,20,3.5
2765.2,86,476.6,57.2,101,44,12.4,4,14.1,1362,0.8,12.894,20,3.5
2768.3,86,467.7,56.9,101,43,12.3,4,14.6,1298,0.4,12.992,20,3.5
2771.4,85,457.9,57.3,101,32,12.7,4,15.3,1263,0.4,12.968,20,3.5
2774.5,85,447.8,57.6,101,20,13.3,4,15.9,1235,0.4,13.007,20,3.5
2777.6,85,439.1,57.6,101,13,13.9,4,17.1,1142,0.4,12.960,20,3.8
2780.7,-8,433.2,57.6,101,10,15.3,4,21.2,969,0.7,13.040,20,3.3
2783.8,85,428.0,58.0,101,4,21.2,4,26.6,691,0.4,12.982,20,3.1
2786.9,85,420.0,58.0,101,5,25.9,4,33.9,1541,4.0,12.950,20,4.7
2790.0,85,415.7,58.0,101,4,18.7,4,24.5,858,0.4,13.040,20,3.5
2793.1,85,407.0,58.0,101,1,27.0,4,33.5,769,0.4,13.040,20,4.7
2796.2,85,403.4,57.6,101,5,17.7,4,22.1,1320,1.5,12.998,20,6.0
2799.3,85,402.9,57.4,101,11,43.8,4,50.3,1957,9.4,12.960,20,12.1
2802.4,85,413.3,56.9,101,20,56.2,4,64.5,1853,12.5,12.960,20,15.8
2805.5,86,425.4,56.3,101,27,56.9,4,64.2,1792,13.9,13.037,20,16.9
2808.6,86,437.1,56.0,101,30,38.9,4,45.0,1463,5.5,13.007,20,8.5
2811.7,86,440.0,55.7,101,32,26.5,4,36.0,1322,5.2,12.968,20,4.6
2814.8,86,438.8,56.1,101,31,20.7,4,24.1,1109,1.0,13.040,20,4.2
2817.9,86,430.1,56.4,101,30,13.7,4,16.3,1225,0.4,12.960,20,3.5
2821.0,87,422.8,57.0,101,24,13.3,4,16.1,1225,0.4,12.960,20,3.5
2824.1,87,412.4,57.6,101,18,14.1,4,16.9,1150,0.4,12.960,20,3.5
2827.2,87,404.4,58.2,101,12,16.0,4,19.9,998,0.4,12.960,20,3.5
2830.3,87,396.2,58.4,101,3,23.0,4,29.7,665,0.8,13.012,20,3.1
2833.4,87,391.4,58.8,101,0,23.5,4,31.6,598,0.4,12.885,20,3.1
2836.5,87,383.3,58.4,101,0,23.5,4,31.0,606,0.6,12.826,20,3.1
2839.6,87,376.9,58.4,101,0,23.1,4,30.2,604,0.4,12.893,20,2.7
2842.7,87,371.0,58.0,101,0,23.5,4,29.9,608,0.4,12.853,20,2.9
2845.8,87,364.6,58.0,101,0,22.7,4,29.8,607,0.4,12.800,20,3.1
2848.9,87,358.6,58.0,101,0,22.7,4,29.4,600,0.4,12.915,20,2.7
2852.0,87,352.4,57.7,101,0,22.7,4,29.2,606,0.4,12.889,20,2.7
2855.1,87,346.5,57.6,101,0,22.7,4,29.4,612,0.4,12.797,20,2.7
2858.2,87,340.3,57.6,101,0,22.7,4,29.2,701,0.4,13.040,20,3.1
2861.3,87,336.0,57.5,101,4,28.6,4,33.9,1256,2.3,13.089,21,6.4
2864.4,87,336.0,57.3,101,10,42.7,4,48.9,1497,5.6,13.040,21,10.3
2867.5,87,345.2,56.9,101,17,59.9,4,69.5,1469,11.1,12.964,21,14.4
2870.6,87,350.6,56.5,101,23,62.6,4,73.1,1429,12.3,12.985,21,15.5
2873.7,87,363.1,56.5,101,26,51.9,4,60.5,1400,9.1,12.864,21,12.2
2876.8,87,379.1,56.8,101,29,52.7,4,61.4,1411,9.4,12.860,21,11.5
2879.9,87,391.3,56.5,101,32,39.2,4,48.9,1347,7.5,13.014,21,8.3
2883.0,87,397.9,56.5,101,33,45.0,4,56.1,1289,7.7,12.960,21,10.4
2886.1,87,408.0,56.5,101,35,46.1,4,54.7,1318,7.7,12.960,21,9.6
2889.2,87,414.3,56.5,101,36,38.1,4,54.8,1309,7.5,13.037,21,9.2
2892.3,87,420.6,56.5,101,37,44.7,4,52.3,1354,4.9,12.877,21,8.4
2895.4,87,421.3,56.7,101,37,21.1,4,22.8,1153,0.8,12.963,21,5.2
2898.5,87,420.0,56.5,101,37,20.3,4,22.2,1156,1.3,13.040,21,4.9
2901.6,87,416.0,56.1,101,35,13.3,4,15.9,1230,0.4,12.987,21,3.5
2904.7,87,410.2,56.5,101,33,18.3,4,21.4,1142,1.9,12.969,21,4.7
2907.8,87,412.0,56.5,101,33,32.4,4,38.9,1238,4.3,13.040,21,7.5
2910.9,87,412.0,56.5,101,34,20.0,4,20.7,1215,1.0,12.967,21,4.9
2914.0,87,412.0,56.5,101,34,25.1,4,29.8,1137,2.2,12.960,21,5.5
2917.1,87,409.0,56.5,101,32,17.2,4,24.5,1153,1.4,12.960,21,5.1
2920.2,87,402.3,56.7,101,31,12.5,4,14.9,1263,0.4,12.960,21,3.5
2923.3,87,400.0,56.9,101,30,19.7,4,21.9,1193,1.8,13.012,21,4.7
2926.4,86,397.9,56.9,101,29,15.6,4,16.2,1260,0.5,12.960,21,4.1
2929.5,86,392.0,56.9,101,28,18.5,4,25.3,1171,2.4,12.960,21,4.1
2932.6,86,394.2,57.3,101,29,33.1,4,39.8,1278,4.7,12.960,21,7.4
2935.7,86,396.0,57.3,101,29,21.4,4,28.5,1164,1.1,12.885,21,3.5
2938.8,86,393.1,57.5,101,28,13.3,4,16.0,1225,0.4,12.960,21,3.5
2941.9,86,386.7,58.1,101,23,13.4,4,16.1,1194,0.4,12.856,21,3.5
2945.0,86,376.4,58.8,101,13,14.6,4,18.1,1039,0.4,12.996,21,3.4
2948.1,86,372.0,59.2,101,6,18.3,4,23.9,711,0.4,12.955,21,2.7
2951.2,86,364.0,59.6,101,0,22.1,4,29.7,600,0.6,12.851,21,3.0
2954.3,86,359.0,59.6,101,0,22.7,4,29.5,597,0.8,12.801,21,2.7
2957.4,86,355.2,59.6,101,0,22.7,4,29.5,597,0.4,12.891,21,2.7
2960.5,86,348.7,59.2,101,0,22.0,4,29.2,592,0.4,12.894,21,2.7
2963.6,86,342.7,59.2,101,0,22.7,4,29.4,610,0.4,12.848,21,3.1
2966.7,86,336.6,58.9,101,2,24.7,4,30.9,929,0.9,12.937,21,4.7
2969.8,86,332.0,58.8,101,4,20.7,4,21.2,1157,0.8,12.948,21,5.2
2972.9,86,332.0,58.5,101,9,32.5,4,30.7,1704,6.0,12.960,21,10.0
2976.0,86,333.5,57.9,101,14,27.8,4,33.4,1476,4.1,12.960,21,7.6
2979.1,86,332.6,57.6,101,15,22.3,4,23.3,1259,1.1,12.960,21,5.5
2982.2,86,330.8,58.0,101,14,17.3,4,18.0,1187,0.5,12.960,21,3.5
2985.3,86,334.2,58.0,101,11,49.5,4,65.2,1841,12.8,13.028,21,12.5
2988.4,86,340.1,57.5,101,19,61.9,4,71.1,1484,11.5,12.960,21,14.3
2991.5,86,351.4,57.3,101,23,44.4,4,52.1,1344,6.4,13.021,21,9.5
2994.6,86,357.7,56.9,101,25,44.6,4,52.2,1337,5.0,12.960,21,9.2
2997.7,86,363.8,56.9,101,27,36.7,4,43.8,1270,4.5,13.033,21,7.4
3000.8,86,366.1,56.7,101,27,14.9,4,17.6,1185,0.5,12.892,21,3.5
3003.9,86,360.2,56.9,101,26,19.6,4,26.0,1062,1.6,13.027,21,4.5
3007.0,86,362.4,56.9,101,26,28.2,4,34.0,1154,3.1,12.960,21,5.9
3010.1,86,364.0,56.9,101,26,28.2,4,33.4,1166,2.9,12.920,21,5.9
3013.2,86,366.9,56.5,101,27,29.4,4,35.5,1182,3.5,12.884,21,6.6
3016.3,87,369.0,56.5,101,27,29.5,4,35.6,1156,3.1,12.912,21,6.1
3019.4,87,369.3,56.5,101,28,18.9,4,18.6,1212,0.8,12.967,21,3.8
3022.5,87,362.6,56.6,101,26,13.3,4,16.5,1224,0.4,13.052,21,3.5
3025.6,87,356.4,57.2,101,23,13.8,4,16.7,1184,0.4,12.960,21,3.5
3028.7,87,348.4,57.5,101,15,16.4,4,20.3,1100,0.4,13.027,21,3.5
3031.8,87,343.6,56.9,101,8,20.3,4,24.7,1168,1.4,12.924,21,4.2
3034.9,87,340.0,57.1,101,8,18.6,4,21.8,1091,0.4,12.880,21,3.9
3038.0,87,335.5,57.3,101,5,22.4,4,30.1,907,1.6,12.960,21,4.3
3041.1,86,328.9,57.3,101,2,24.3,4,31.8,758,0.5,12.838,21,3.5
3044.2,86,324.0,56.9,101,0,24.3,4,30.1,716,0.5,12.942,21,2.9
3047.3,86,320.9,56.9,101,0,6.0,4,30.3,108,0.3,12.712,21,0.1
3050.4,86,312.3,56.9,101,0,0.0,4,0.0,0,1.6,12.640,23,6.3
3053.5,86,312.0,56.9,101,0,0.1,4,0.0,0,1.6,12.641,23,6.3
3056.6,86,312.0,56.9,101,0,0.0,4,0.0,0,1.6,12.640,23,6.3
3059.7,86,311.6,56.9,101,0,0.0,4,0.0,0,1.6,12.641,23,6.3
3062.8,86,311.9,56.9,101,0,0.0,4,0.0,0,1.6,12.640,23,6.3
3065.9,86,312.0,56.9,101,0,0.0,4,0.0,0,1.6,12.641,23,6.3
3069.0,86,311.8,56.9,101,0,0,1.6,12.640,23,6.3
3072.1,86,312.0,56.9,101,0,23,6.3
