BlueDriver Data Log
Dec 13, 2018 5:39:43 PM
Time (s),Accelerator Pedal Position E (%),Mass Air Flow Rate (g/s),Intake Air Temperature (°C),O2 Bank 1 - Sensor 2 - Oxygen Sensor Voltage (V),Absolute Throttle Position B (%),Fuel Level Input (%),Ambient Air Temperature (°C),Calculated Engine Load Value (%),Absolute Throttle Position (%),Engine Coolant Temperature (°C),Catalyst Temperature Bank 1 - Sensor 1 (°C),Absolute Load Value (%),Long Term Fuel Trim Bank 1 (%),Commanded Throttle Actuator (%),Wide Range O2S: Bank 1 - Sensor 1 - Equivalence Ratio (λ),Short Term Fuel Trim Bank 1 (%),Relative Throttle Position (%),Commanded Evaporative Purge (%),Evap. System Vapor Pressure (Pa),Barometric Pressure (kPa),Vehicle Speed (km/h),Wide Range O2S: Bank 1 - Sensor 1 - Voltage (V),Timing Advance for #1 cylinder (°),Commanded Equivalence Ratio (λ),O2 Bank 1 - Sensor 2 - Short Term Fuel Trim (%),Engine RPM (rpm),Accelerator Pedal Position D (%),Control Module Voltage (V)
0.0,,,,,,,,,,,,,,,,,,,,,,,,,,,,
17.2,0.0,5.34,20,0.276,6.3,91.0,20,29.0,6.3,35,0.0,25.1,-1.6,6.3,0.998,3.9,1.6,0.0,0.0,102,0,2.167,2.5,0.999,99.2,1307,0.0,14.470
34.4,0.0,5.29,20,0.275,5.9,91.0,20,28.6,5.9,39,0.0,24.5,-1.6,6.0,1.001,1.6,1.7,0.0,0.0,102,0,2.191,2.5,0.999,99.2,1296,0.0,14.480
51.6,0.0,3.60,20,0.280,4.7,91.0,20,36.5,5.0,43,0.0,29.3,-3.1,4.7,0.999,2.9,0.8,0.0,0.0,102,1,2.189,10.1,0.999,99.2,818,0.0,13.663
68.8,0.0,5.49,20,0.280,6.4,90.6,20,29.1,6.1,45,0.0,26.0,-1.6,6.7,0.998,0.5,0.8,4.9,0.0,102,13,2.209,21.9,0.999,99.2,1375,0.0,12.960
86.0,0.0,4.87,20,0.280,5.8,91.0,19,27.2,5.9,48,0.0,22.7,-1.6,5.9,0.999,0.9,0.8,0.0,0.0,102,11,2.188,12.0,0.996,99.2,1193,0.0,13.002
103.2,6.2,7.89,19,0.289,10.4,91.0,19,46.7,11.6,51,0.0,44.8,-1.6,10.7,0.992,-1.2,4.6,11.1,0.0,102,15,2.153,13.2,0.996,99.2,1326,7.8,12.955
120.4,0.0,3.73,19,0.316,4.7,91.0,19,34.9,4.7,54,0.0,27.2,-3.1,4.8,1.004,-0.4,0.7,0.0,0.0,102,0,2.199,4.0,0.999,99.2,820,0.0,12.795
137.6,15.6,15.84,19,0.302,15.2,90.6,19,74.5,14.9,55,0.0,66.3,-1.0,17.0,0.997,-3.6,13.4,51.5,15.2,102,22,2.187,12.0,0.996,99.2,1670,16.1,12.960
154.8,20.1,21.78,18,0.604,24.7,91.0,18,82.3,25.7,60,0.0,73.1,-0.8,25.5,0.998,2.1,21.7,83.9,4.4,102,59,2.177,8.7,0.996,99.2,1850,20.0,12.960
172.0,5.4,5.40,19,0.171,6.2,91.0,18,32.8,6.3,64,88.0,27.5,-2.7,6.3,0.997,-2.3,1.8,2.0,2.0,102,46,2.196,26.5,0.996,99.2,1256,4.2,12.960
189.2,0.0,3.31,19,0.724,4.3,91.4,18,34.0,4.3,65,96.0,26.3,-3.1,4.3,1.000,-6.4,0.8,0.0,0.0,102,0,2.215,1.6,0.999,99.2,746,0.0,12.880
206.4,18.5,19.27,19,0.764,20.2,91.0,18,77.1,19.9,66,146.1,68.3,-1.1,19.4,0.997,-1.7,15.7,61.8,0.0,102,35,2.149,11.6,1.007,99.2,1631,17.9,12.960
223.6,5.6,9.15,18,0.260,12.2,91.0,17,49.2,16.0,69,268.0,64.9,-1.0,6.9,1.022,-1.7,1.7,0.2,0.0,102,76,2.173,-7.4,0.112,99.2,1463,3.5,12.960
240.8,19.7,21.62,17,0.741,24.9,91.0,17,81.7,25.3,72,389.3,72.8,0.8,25.0,1.001,0.0,21.2,1.5,1.8,102,88,2.185,20.8,1.010,99.2,1796,17.7,12.848
258.0,21.6,26.77,17,0.767,26.6,91.0,17,82.0,26.4,77,481.7,72.0,0.8,26.5,0.995,0.5,22.7,89.3,0.2,101,106,2.189,13.0,1.002,99.2,2292,21.8,12.960
275.2,23.1,29.61,16,0.705,29.6,91.0,16,83.7,29.8,80,545.1,74.3,0.8,29.4,0.998,-0.9,24.6,87.8,4.8,101,114,2.179,14.5,1.000,99.2,2521,23.1,12.943
292.4,20.8,27.11,17,0.716,26.9,91.0,16,80.1,28.1,83,585.1,68.5,0.8,23.4,0.990,-1.5,18.1,59.3,32.3,101,122,2.172,18.7,0.999,99.2,2381,20.4,12.960
309.6,23.3,29.88,17,0.722,30.5,91.0,16,82.0,30.1,86,601.5,71.8,0.8,29.9,1.004,-0.7,25.7,87.5,0.0,101,120,2.185,15.3,0.998,99.2,2594,23.5,12.960
326.8,23.1,30.04,17,0.705,30.6,91.0,16,80.6,30.6,86,620.9,72.6,0.8,29.7,1.007,-2.2,25.3,0.0,0.0,102,122,2.198,14.9,0.997,99.2,2613,23.2,13.016
344.0,20.0,25.91,18,0.719,24.1,91.0,16,79.0,25.1,86,628.0,70.8,0.8,25.3,0.999,-1.6,20.8,88.6,4.1,101,124,2.189,16.3,1.000,99.2,2362,20.1,12.960
361.2,22.3,28.97,18,0.705,28.0,91.0,16,79.6,27.8,86,632.0,70.7,0.8,27.3,0.999,-1.4,22.7,88.1,1.1,101,128,2.192,16.1,1.001,99.2,2544,22.2,12.950
378.4,14.6,20.24,17,0.619,19.3,91.0,16,64.1,20.2,86,628.5,53.7,1.6,18.8,1.007,-3.1,12.8,74.4,28.4,101,138,2.231,20.5,0.994,99.2,2584,9.4,13.011
395.6,19.2,25.96,17,0.703,23.4,90.9,16,77.9,23.5,86,623.7,67.4,0.8,23.1,1.001,-2.5,18.4,89.4,7.5,101,128,2.183,19.2,0.994,99.2,2412,19.6,12.991
412.8,20.0,24.85,17,0.697,24.3,91.0,16,78.8,24.7,86,624.0,68.4,0.8,24.4,1.004,-0.8,20.2,90.0,3.0,101,119,2.177,17.0,0.998,99.2,2275,19.6,12.960
430.0,20.6,27.59,17,0.729,25.8,91.0,16,79.4,26.0,86,627.0,69.9,0.8,25.3,1.002,-1.9,20.4,11.6,0.0,102,129,2.166,16.9,0.999,99.2,2459,20.8,12.942
447.2,21.2,27.04,17,0.719,26.3,90.6,16,81.9,26.2,86,630.9,71.7,0.8,26.0,1.000,-1.6,21.2,88.0,0.0,101,125,2.172,15.1,0.999,99.2,2381,21.2,12.960
464.4,20.3,26.90,17,0.691,25.7,90.6,16,80.5,26.0,86,636.0,71.2,0.8,25.0,1.003,-1.2,18.4,56.1,0.0,101,127,2.183,22.6,1.001,99.2,2412,19.5,12.960
481.6,14.4,17.60,17,0.671,15.8,90.6,16,51.6,16.0,86,628.0,57.1,1.2,20.4,0.997,-1.7,17.2,88.0,20.6,101,126,2.209,19.2,0.999,99.2,2374,13.4,12.961
498.8,1.3,4.94,17,0.062,5.6,90.6,16,16.6,6.7,86,610.8,18.7,-3.1,8.7,0.977,1.8,4.7,5.7,4.8,102,122,2.169,19.4,0.979,99.2,2285,0.7,12.979
516.0,14.8,18.45,17,0.718,21.8,90.8,16,76.6,23.4,86,596.0,69.0,0.5,24.1,0.998,-1.4,20.2,89.2,7.2,101,118,2.181,16.4,0.999,99.2,2248,10.9,12.960
533.2,19.6,24.09,17,0.703,24.0,91.0,16,77.7,24.0,86,600.0,68.2,0.8,23.8,1.009,-0.2,19.5,67.7,4.8,101,112,2.196,16.3,0.998,99.2,2176,19.6,12.998
550.4,10.2,14.27,18,0.489,15.4,91.0,16,58.4,17.7,87,599.2,57.3,-0.9,19.0,0.990,1.6,15.2,30.2,0.0,101,114,2.179,20.0,1.000,99.2,2161,12.7,12.913
567.6,22.9,30.48,17,0.724,28.9,90.9,16,82.3,28.5,87,596.8,72.9,0.8,27.8,0.994,-0.0,23.2,88.0,3.7,101,118,2.177,13.7,1.000,99.2,2581,23.3,13.006
584.8,13.6,17.48,17,0.714,17.9,91.0,16,61.1,20.7,87,611.5,64.4,0.6,23.7,0.994,0.0,19.9,89.2,7.2,101,107,2.181,16.4,1.000,99.2,2294,20.0,12.980
602.0,12.9,16.38,18,0.669,18.2,91.0,16,66.8,19.9,87,612.0,59.9,-0.3,13.7,1.021,0.7,9.4,30.1,0.0,101,121,2.707,12.4,0.657,99.2,2270,10.6,12.978
619.2,14.9,18.30,18,0.729,16.6,91.0,16,61.8,16.8,86,564.0,38.7,-0.8,10.7,0.979,0.1,3.3,10.0,0.0,101,117,2.090,30.9,0.817,99.2,2191,12.6,13.034
636.4,7.7,7.71,18,0.202,7.9,91.0,16,21.8,7.4,86,529.4,22.1,-3.1,9.5,0.965,-1.2,4.6,8.6,24.2,102,116,2.171,31.7,0.985,99.2,2211,6.9,12.960
653.6,20.4,25.75,18,0.702,25.4,91.0,16,80.1,25.1,86,549.0,69.8,0.8,24.9,0.999,0.0,20.4,89.8,5.2,101,114,2.187,16.0,1.007,99.2,2305,20.7,12.960
670.8,12.0,13.68,18,0.700,13.2,90.6,16,53.8,16.2,86,550.5,47.6,-0.8,9.8,1.021,-1.0,4.2,21.2,2.4,101,110,2.164,39.3,1.012,99.2,2030,11.3,12.960
688.0,15.7,19.23,18,0.760,18.6,90.6,16,69.6,18.6,86,560.0,62.5,-0.8,18.2,1.008,0.9,14.2,88.1,9.1,100,112,2.222,36.6,0.997,99.2,2062,12.5,12.960
705.2,17.6,22.07,18,0.702,21.7,90.9,16,74.2,22.2,86,572.0,66.6,0.8,21.9,0.992,0.7,17.7,91.3,2.3,101,117,2.226,23.6,1.000,99.2,2210,16.1,12.960
722.4,15.7,19.57,18,0.682,16.0,91.0,16,55.4,18.8,86,580.0,60.0,-0.8,19.5,0.995,2.3,8.7,0.0,4.6,102,120,2.204,26.0,0.998,99.2,2271,16.1,12.960
739.6,13.1,16.34,18,0.712,15.4,90.6,16,58.2,16.8,86,583.8,54.9,-0.8,16.6,0.995,0.7,12.0,92.8,5.9,100,124,2.201,35.3,1.000,99.2,2323,10.8,12.842
756.8,9.3,9.66,18,0.746,9.1,90.6,16,29.8,8.8,86,568.7,25.4,-1.3,8.6,0.986,-7.0,1.8,64.4,0.0,100,121,2.179,25.1,1.004,99.2,2288,9.0,12.960
774.0,14.5,18.08,18,0.720,16.0,91.0,16,59.7,15.9,86,568.0,37.0,-0.8,14.3,0.989,-0.9,10.8,93.5,3.7,100,118,2.184,24.5,0.998,99.2,2243,15.0,12.928
791.2,20.5,24.77,18,0.708,24.5,90.6,16,75.1,23.4,86,566.3,65.2,0.0,22.1,0.999,-0.8,17.7,90.9,5.7,100,111,2.200,14.7,1.002,99.2,2180,20.4,12.960
808.4,18.1,23.32,18,0.677,21.7,90.6,16,75.3,23.4,86,586.2,68.8,0.8,24.6,1.003,0.2,20.3,89.3,0.0,101,118,2.184,16.0,1.001,99.2,2343,20.1,12.960
825.6,18.4,23.66,18,0.726,22.7,90.9,16,73.3,22.7,86,593.9,65.9,0.8,22.4,0.996,0.0,18.0,0.0,0.0,102,120,2.180,17.1,1.000,99.2,2275,18.4,12.963
842.8,20.0,24.07,18,0.718,24.3,91.0,16,78.1,24.5,86,601.7,69.0,0.8,24.4,1.003,0.8,20.1,90.1,6.6,101,112,2.189,14.5,1.000,99.2,2188,20.0,12.890
860.0,20.7,26.71,18,0.684,25.8,90.6,16,79.7,26.6,87,616.0,71.4,0.8,21.9,0.997,-0.0,20.9,91.1,12.6,101,121,2.171,18.1,1.001,99.2,2384,20.0,12.984
877.2,15.2,18.52,19,0.785,13.6,90.6,16,52.7,14.5,87,596.6,52.1,-1.1,16.0,1.004,-2.1,4.4,74.0,52.6,100,118,2.159,29.5,0.986,99.2,2212,14.7,12.986
894.4,15.2,19.64,19,0.695,19.5,90.6,16,66.4,17.8,86,588.0,52.1,-0.8,12.2,1.016,1.0,9.3,93.7,17.1,100,115,2.190,26.2,0.991,99.2,2188,12.4,12.921
911.6,13.6,17.14,19,0.784,17.1,91.0,16,62.5,17.2,86,584.0,54.3,-0.8,14.2,0.995,3.7,5.0,50.6,7.2,100,118,2.546,19.4,0.672,99.2,2177,8.9,12.978
928.8,15.4,19.15,19,0.719,18.0,90.6,16,65.5,18.1,86,572.0,52.1,-0.8,14.3,0.991,2.3,10.8,49.4,15.1,101,111,2.120,23.1,1.011,99.2,2130,15.2,12.888
946.0,17.3,21.80,19,0.691,20.9,90.7,16,73.5,21.3,86,582.1,65.1,0.1,21.6,0.998,1.1,17.3,91.4,4.3,101,114,2.177,18.1,1.001,99.2,2166,14.5,12.960
963.2,20.0,24.94,19,0.702,24.2,90.6,16,77.5,24.3,86,593.4,68.2,0.8,24.3,1.001,1.0,20.0,89.8,1.6,101,118,2.183,14.5,0.999,99.2,2273,20.4,12.965
980.4,3.4,8.25,19,0.204,9.3,90.9,16,37.9,4.9,86,591.6,11.2,-3.1,4.8,1.999,0.0,0.8,0.0,0.0,102,113,3.657,-11.2,0.000,99.2,2105,1.1,12.960
997.6,15.2,16.34,19,0.750,16.0,91.0,16,66.1,15.8,86,541.5,58.4,-0.1,16.7,1.004,-3.0,13.2,91.4,3.6,101,84,2.149,21.6,0.964,99.2,1765,15.1,12.988
1014.8,6.4,8.26,19,0.212,5.6,91.0,16,22.2,10.6,86,532.1,66.5,0.6,18.4,1.024,-2.7,14.8,0.3,4.2,102,74,2.628,3.6,0.630,99.2,1570,9.4,12.920
1032.0,11.0,10.24,19,0.778,10.3,90.9,16,50.8,9.1,86,563.7,39.3,0.1,12.2,0.986,-2.1,6.8,71.1,19.7,100,81,2.171,39.2,1.002,99.2,1526,11.5,13.020
1049.2,13.0,12.80,19,0.708,14.1,90.6,16,64.4,11.5,87,579.5,60.4,0.2,17.8,1.007,1.9,15.0,93.0,10.9,100,90,2.186,15.7,0.996,99.2,1896,18.5,12.907
1066.4,4.6,7.68,20,0.772,6.5,89.8,16,13.1,4.9,87,561.9,14.7,-2.6,5.6,1.041,1.6,2.3,34.3,30.7,101,104,2.078,27.5,0.956,99.2,1981,16.1,12.986
1083.6,16.4,18.71,20,0.741,18.2,89.4,16,70.1,18.4,87,571.4,60.7,-0.8,17.5,0.999,2.5,13.4,93.3,13.8,101,101,2.181,20.3,1.003,99.2,1916,16.4,12.933
1100.8,22.8,29.40,20,0.675,29.4,89.4,16,82.9,30.0,87,593.6,74.0,0.8,30.2,0.998,-0.8,25.0,86.9,4.1,101,118,2.194,13.4,0.997,99.2,2526,23.2,12.975
1118.0,15.3,19.49,20,0.701,21.4,89.4,16,76.8,26.5,87,616.0,70.5,0.8,27.9,1.001,-0.6,22.1,88.0,13.3,101,124,2.200,18.6,1.002,99.2,2369,16.5,12.960
1135.2,21.3,27.68,20,0.705,27.0,89.4,16,82.0,27.5,87,624.9,72.2,0.8,27.2,1.000,-0.8,22.4,1.4,0.0,102,124,2.177,15.2,0.999,99.2,2437,21.7,13.016
1152.4,17.6,23.51,19,0.700,21.6,89.4,16,73.5,23.2,87,632.0,66.7,0.8,23.7,1.000,-2.2,18.9,89.1,3.5,101,131,2.194,18.4,0.993,99.2,2484,19.2,12.960
1169.6,18.4,25.84,19,0.705,22.7,89.4,16,72.8,23.1,87,628.0,63.5,1.6,22.7,0.998,-1.6,17.3,90.2,5.1,101,134,2.177,21.5,0.998,99.2,2556,18.4,12.960
1186.8,19.1,26.06,19,0.686,23.5,89.4,16,75.7,26.2,87,628.0,68.5,0.8,26.0,0.995,-1.0,20.8,88.3,5.1,101,134,2.180,19.2,1.000,99.2,2554,19.8,12.984
1204.0,15.2,19.54,18,0.703,16.9,89.4,16,61.3,18.0,87,629.0,42.0,-0.3,13.8,0.955,-1.8,9.0,92.9,30.1,101,124,2.181,26.7,1.001,99.2,2362,16.0,12.960
1221.2,19.6,25.06,18,0.705,24.7,89.4,16,80.0,25.5,87,624.0,69.6,0.8,25.1,0.998,0.3,20.8,88.9,5.3,101,123,2.199,17.0,1.004,99.2,2332,20.1,12.960
1238.4,15.0,19.45,18,0.707,21.1,89.4,16,68.5,20.5,87,613.8,56.8,-0.0,19.6,1.002,0.2,13.8,32.0,2.0,102,123,2.178,25.6,0.996,99.2,2318,13.1,13.038
1255.6,12.0,13.92,17,0.688,15.4,89.4,16,62.1,20.5,86,624.0,67.5,0.3,24.4,0.999,-0.5,20.4,88.7,3.7,101,114,2.185,15.2,1.000,99.2,2354,21.6,12.960
1272.8,17.2,21.25,18,0.734,23.4,89.4,16,76.9,24.2,86,619.4,68.7,0.8,23.4,0.992,0.0,12.0,82.4,62.4,101,120,2.196,20.1,0.995,99.2,2254,12.8,12.980
1290.0,2.8,6.13,17,0.115,5.5,89.0,16,13.8,4.8,86,594.4,23.0,-3.1,9.2,0.895,2.2,4.9,48.4,82.5,101,115,2.093,19.5,0.464,99.2,2135,4.1,12.988
1307.2,0.9,4.67,18,0.007,6.3,89.0,16,27.9,10.4,86,551.8,38.8,-1.7,12.2,0.971,-6.7,6.7,43.4,3.4,101,113,3.067,-1.3,0.272,99.2,2079,3.2,12.960
1324.4,9.3,9.64,17,0.689,9.6,89.0,16,39.8,10.1,86,556.0,40.1,-1.3,12.3,1.155,0.7,10.2,85.7,11.6,100,106,2.165,23.8,0.998,99.2,1978,2.8,12.960
1341.6,20.4,24.36,17,0.704,25.5,89.4,16,82.5,25.4,86,554.9,72.9,0.8,25.2,1.003,-0.1,21.2,86.3,3.4,101,88,2.181,11.9,0.996,99.2,2107,20.4,12.938
1358.8,18.6,20.32,17,0.723,22.4,89.4,16,80.0,23.0,86,577.1,70.8,0.8,23.6,0.998,-2.3,20.4,91.1,7.6,101,82,2.187,12.5,0.999,99.2,1880,18.8,12.960
1376.0,22.6,26.92,17,0.724,28.4,89.4,16,83.1,28.7,87,611.4,73.7,0.8,28.2,1.003,1.6,24.0,88.3,2.1,101,89,2.179,12.5,1.000,99.2,2268,23.1,12.960
1393.2,23.1,27.96,17,0.711,29.0,89.4,16,83.2,29.0,87,639.0,73.7,0.8,29.1,0.994,0.8,24.4,88.2,6.9,101,96,2.188,13.6,1.004,99.2,2358,23.3,12.960
1410.4,20.1,23.61,17,0.692,26.3,89.4,16,81.2,26.6,87,645.5,69.0,0.8,23.5,0.998,0.8,19.4,77.6,0.0,101,101,2.190,16.4,1.001,99.2,2052,19.1,12.967
1427.6,0.0,3.16,18,0.170,4.6,89.7,16,14.6,4.9,87,616.5,15.0,-3.1,5.4,1.367,-2.6,4.4,8.5,2.8,101,93,2.240,9.6,0.983,99.2,1723,0.1,13.037
1444.8,1.6,3.89,18,0.171,4.8,89.4,16,18.8,3.7,87,588.3,11.7,-3.1,3.9,1.999,0.0,0.8,0.0,2.6,101,77,3.530,-12.9,0.000,99.2,1422,0.1,12.960
1462.0,18.7,19.98,18,0.778,22.6,89.4,16,74.8,21.6,87,534.7,63.0,-0.3,20.5,1.004,-0.9,17.0,62.8,42.4,100,29,2.180,15.4,0.970,99.2,1738,17.2,12.960
1479.2,22.7,25.73,18,0.729,29.0,89.4,16,85.7,29.0,87,596.7,74.5,0.8,29.0,0.996,1.6,24.7,89.4,6.6,100,76,2.181,10.1,1.001,99.2,2159,22.7,12.960
1496.4,22.5,26.62,18,0.716,28.7,89.4,16,83.4,28.6,87,628.0,72.9,0.8,28.6,1.001,1.8,24.2,88.8,4.0,100,91,2.190,12.8,1.000,99.2,2275,22.7,12.918
1513.6,23.0,27.45,17,0.715,28.8,89.4,16,83.7,28.6,87,643.6,73.6,0.8,28.6,1.009,0.8,23.9,88.3,3.8,100,99,2.185,13.1,0.999,99.2,2362,23.3,12.916
1530.8,24.7,29.08,16,0.710,31.8,89.0,16,85.8,31.8,87,655.2,74.5,0.8,31.5,0.997,0.5,27.1,87.8,5.4,100,97,2.173,12.5,0.998,99.2,2425,25.1,12.903
1548.0,26.3,32.94,16,0.701,37.3,88.6,16,83.4,37.1,87,670.7,73.7,0.8,37.0,1.001,0.8,31.6,86.1,0.4,100,87,2.187,15.0,1.000,99.2,2745,26.3,12.960
1565.2,25.9,33.74,16,0.694,34.8,87.9,16,81.9,34.9,87,685.8,72.2,0.8,34.4,1.000,-0.8,28.8,86.3,1.8,99,86,2.195,18.9,0.998,99.2,2912,26.3,12.998
1582.4,24.3,32.10,17,0.705,33.5,87.5,16,82.1,33.6,87,692.0,71.4,0.8,33.6,0.993,0.8,28.2,86.3,0.8,99,86,2.186,17.1,1.000,99.2,2778,24.3,12.960
1599.6,26.3,33.76,17,0.695,35.5,87.1,16,82.1,35.6,87,696.0,72.1,0.8,35.3,0.999,0.0,29.8,0.0,0.0,99,86,2.187,17.8,1.007,99.2,2899,26.7,12.960
1616.8,26.5,33.21,17,0.701,35.2,86.7,16,80.7,35.9,87,700.0,72.2,0.8,35.7,1.006,-0.1,30.1,85.9,2.7,98,86,2.174,18.8,1.005,99.2,2938,26.8,12.960
1634.0,25.9,30.89,17,0.705,36.3,87.1,16,84.3,35.8,87,700.0,72.2,0.8,34.9,0.995,0.8,29.7,87.1,7.8,98,89,2.184,15.5,1.000,99.2,2621,26.3,12.960
1651.2,16.3,19.51,18,0.720,21.2,87.1,16,74.2,21.8,87,682.0,62.2,0.8,20.0,1.000,-1.1,15.5,25.4,15.0,98,109,2.199,19.2,0.995,99.2,2062,14.9,13.022
1668.4,15.3,19.26,18,0.685,18.1,87.1,16,61.9,18.2,87,653.2,54.6,0.7,18.5,1.005,-2.2,13.8,42.0,0.0,98,130,2.189,26.5,0.996,99.2,2441,15.3,12.943
1685.6,13.7,16.62,18,0.800,11.6,87.1,16,22.1,8.6,86,597.5,12.4,-3.1,5.7,1.440,3.5,0.6,0.0,0.0,99,123,3.523,9.0,0.708,99.2,2312,10.3,12.897
1702.8,0.0,3.46,18,0.000,4.4,87.5,16,12.0,4.4,86,521.2,10.2,-3.1,4.5,1.999,0.0,0.8,0.0,0.0,99,100,3.657,-13.0,0.000,99.2,1855,0.0,12.880
1720.0,3.6,3.63,18,0.259,5.4,87.8,16,24.5,8.2,86,476.6,33.8,-1.1,10.5,1.294,-4.7,7.9,13.7,38.0,99,87,2.417,15.7,0.961,99.2,1637,2.6,13.034
1737.2,9.3,8.73,18,0.315,7.0,87.9,16,21.5,5.6,86,452.8,53.3,-0.1,14.4,0.998,-2.9,10.8,25.5,0.0,99,80,2.546,21.0,0.967,99.2,1595,10.7,13.003
1754.4,10.3,10.00,17,0.796,11.6,88.2,16,63.4,13.8,86,456.1,54.9,0.0,13.8,0.992,0.2,2.0,2.2,0.0,99,74,2.196,34.9,0.996,99.2,1396,7.9,12.960
1771.6,5.8,5.50,17,0.108,6.9,87.9,16,28.4,4.7,86,472.2,12.0,-3.1,3.9,0.968,0.0,0.8,0.0,0.0,99,84,3.300,2.9,0.412,99.2,1543,4.0,12.995
1788.8,11.7,11.88,17,0.865,12.0,88.2,16,48.9,10.6,86,445.7,36.2,-1.1,9.4,1.431,-1.7,5.4,14.6,1.0,99,81,1.930,27.6,0.919,99.2,1606,12.5,12.960
1806.0,9.8,7.86,16,0.649,9.9,88.2,16,49.8,10.5,86,454.2,48.4,0.0,12.6,0.971,-3.5,9.6,22.5,0.0,99,72,2.195,19.9,1.006,99.2,1407,2.3,13.035
1823.2,14.1,14.24,16,0.758,10.0,88.2,16,38.4,9.5,86,465.7,43.0,0.0,11.8,0.998,-3.5,9.4,21.8,60.7,99,86,2.191,22.3,0.991,99.2,1631,13.9,12.950
1840.4,9.5,8.45,16,0.842,9.5,88.2,16,40.5,7.8,86,451.3,15.6,-2.7,4.5,1.038,-0.2,2.1,5.5,0.0,100,90,2.342,30.6,1.036,99.2,1697,8.8,12.960
1857.6,0.0,2.97,16,0.000,3.9,88.2,16,11.1,3.9,86,434.2,9.5,-3.1,3.9,1.999,0.0,0.8,0.4,4.9,100,88,2.137,1.2,0.691,99.2,1667,0.0,12.960
1874.8,6.0,6.48,16,0.385,6.8,88.2,16,27.0,6.6,86,396.8,24.4,-2.7,6.8,0.880,7.0,3.2,7.7,0.0,100,72,2.108,32.0,0.798,99.2,1387,6.7,12.960
1892.0,17.7,19.75,15,0.760,21.7,88.2,15,77.9,22.5,86,454.1,69.1,0.8,23.0,0.996,0.0,19.6,83.0,16.9,99,91,2.175,14.4,0.997,99.2,2029,17.5,12.960
1909.2,18.8,19.37,15,0.702,9.8,88.2,15,81.2,25.3,87,492.1,60.9,-0.2,21.2,1.013,1.3,17.5,66.2,40.1,99,95,2.200,18.7,1.003,99.2,1797,17.0,12.901
1926.4,0.3,5.74,15,0.727,4.4,87.8,15,12.8,4.3,87,497.6,13.9,-3.1,8.8,1.464,-2.6,8.7,26.2,3.4,100,99,2.639,35.2,0.969,99.2,1881,13.1,12.954
1943.6,9.3,10.43,15,0.704,10.8,88.1,15,38.0,13.3,86,524.0,47.5,-1.0,17.0,1.004,-1.1,13.9,59.0,0.0,99,106,2.172,17.6,0.997,99.2,2036,10.5,12.960
1960.8,19.4,24.38,14,0.708,24.4,87.8,14,78.6,26.0,86,556.0,48.8,0.1,13.6,0.999,1.0,7.3,21.6,0.0,100,117,2.427,29.1,0.985,99.2,2272,18.8,12.960
1978.0,18.8,24.57,14,0.712,22.5,87.8,14,75.2,23.0,86,570.1,66.6,-0.1,23.0,0.998,0.4,18.1,66.3,1.5,100,122,2.178,20.2,1.005,99.2,2351,19.2,12.964
1995.2,20.7,26.65,14,0.712,25.9,87.5,14,80.7,26.0,86,593.1,71.0,0.8,26.1,1.001,-0.7,21.5,6.1,4.3,100,122,2.181,15.5,0.998,99.2,2362,21.2,12.979
2012.4,21.5,28.11,14,0.727,23.9,87.5,14,79.5,24.7,86,601.3,70.5,0.8,27.2,0.996,-0.9,23.0,83.4,0.3,100,128,2.188,16.8,1.000,99.2,2591,22.0,12.943
2029.6,21.6,28.14,14,0.713,27.1,87.1,14,82.6,26.9,86,608.0,70.5,0.8,26.4,0.995,-0.8,21.8,88.1,2.5,100,124,2.185,15.2,1.000,99.2,2450,22.0,12.965
2046.8,9.8,10.35,14,0.707,10.8,87.1,14,35.3,11.3,86,601.6,35.6,-0.8,8.5,0.974,0.9,3.1,10.0,3.4,100,124,2.169,35.9,1.004,99.2,2300,9.4,13.021
2064.0,20.0,24.29,14,0.729,24.3,87.1,14,79.0,24.5,86,593.4,68.2,0.8,24.2,0.997,0.8,19.9,86.9,4.8,100,112,2.195,17.0,0.998,99.2,2201,20.0,12.960
2081.2,17.1,22.10,14,0.740,20.0,86.7,14,69.6,19.6,86,596.0,60.4,0.8,19.6,1.008,-0.1,15.3,49.7,0.0,100,120,2.168,20.1,1.000,99.2,2287,17.3,12.967
2098.4,16.9,21.70,14,0.700,20.0,87.1,14,70.6,19.9,86,596.0,61.8,0.8,19.9,1.012,-0.0,15.7,0.0,0.0,100,114,2.187,20.0,0.995,99.2,2170,16.9,12.914
2115.6,14.1,17.04,14,0.721,15.6,87.1,14,29.3,5.1,86,588.6,16.1,-2.6,7.2,1.818,0.0,3.4,9.4,11.4,101,115,3.013,3.5,1.057,99.2,2155,13.3,13.040
2132.8,14.2,16.91,14,0.757,15.6,87.5,14,67.0,17.3,86,563.5,43.9,-1.6,14.1,1.339,0.5,69.0,21.6,0.0,100,111,2.517,16.0,1.028,99.2,2096,14.0,12.983
2150.0,16.9,19.34,14,0.705,17.8,87.5,14,63.2,19.8,86,560.4,67.6,0.7,23.9,0.997,-0.0,19.8,85.2,8.1,100,99,2.186,15.3,1.002,99.2,2054,19.2,12.960
2167.2,9.9,9.34,14,0.632,9.6,87.8,14,34.4,7.1,86,551.8,11.9,-3.0,7.8,0.976,-0.9,6.5,16.3,10.0,101,102,2.182,35.8,1.005,99.2,1918,10.3,12.878
2184.4,11.9,12.52,14,0.742,9.3,87.8,14,27.4,5.3,86,532.0,11.4,-3.0,4.7,1.877,-0.4,1.8,3.0,2.0,101,100,2.173,30.8,0.989,99.2,1964,12.4,12.960
2201.6,5.8,7.60,15,0.564,9.2,88.2,14,36.4,10.5,86,515.3,38.1,-0.9,12.1,1.008,0.3,7.9,19.9,50.5,101,100,2.118,24.6,0.994,99.2,1867,3.3,12.960
2218.8,2.8,4.89,15,0.614,4.5,87.5,14,12.8,4.3,86,488.2,10.7,-3.1,4.5,1.825,0.0,1.2,0.0,0.8,101,88,3.073,9.5,0.460,99.2,1722,7.6,12.976
2236.0,10.9,9.79,15,0.727,10.3,87.8,14,45.2,11.0,86,466.7,46.7,0.0,12.5,0.990,-2.4,5.3,12.8,0.0,101,83,2.162,34.5,1.003,99.2,1556,7.4,12.960
2253.2,11.7,11.51,15,0.817,10.6,87.8,14,44.3,9.9,86,460.0,32.4,-1.3,8.1,1.485,-1.9,4.1,8.4,0.0,101,79,2.106,38.2,0.908,99.2,1508,11.5,13.031
2270.4,13.9,14.45,15,0.711,14.4,87.2,14,61.4,14.4,86,484.5,53.8,0.0,14.3,1.000,1.1,11.3,27.2,4.1,101,87,2.180,21.0,1.011,99.2,1675,14.5,12.960
2287.6,10.7,10.31,15,0.580,9.8,87.1,14,35.9,4.7,86,480.0,12.5,-3.1,4.7,0.996,2.8,2.2,5.2,0.0,101,84,1.958,39.5,1.012,99.2,1575,10.9,12.960
2304.8,11.9,11.74,15,0.724,12.7,86.7,14,57.6,12.9,86,481.2,29.3,-2.3,6.2,1.031,-0.1,2.9,5.2,0.0,101,80,2.083,38.7,1.013,99.2,1528,11.0,13.025
2322.0,18.6,22.02,15,0.713,22.6,87.0,14,78.7,22.9,86,521.8,69.1,0.8,22.7,0.998,-0.8,18.8,80.0,1.4,101,95,2.199,14.3,0.998,99.2,2026,18.5,12.998
2339.2,16.5,19.73,15,0.705,18.6,86.7,14,69.4,18.8,86,548.8,61.9,-0.8,18.8,0.997,2.2,14.9,48.2,47.7,101,106,2.186,19.2,1.000,99.2,2018,16.5,12.960
2356.4,12.7,14.13,16,0.684,9.7,86.9,14,33.1,9.8,86,554.9,27.9,-0.8,6.3,1.094,3.0,1.6,0.0,0.0,101,108,2.032,28.6,0.993,99.2,2017,10.9,12.960
2373.6,5.4,5.07,16,0.401,9.7,87.1,14,43.3,13.1,86,542.5,51.3,-0.8,15.7,1.009,1.4,12.2,32.9,0.0,101,104,2.172,20.6,0.996,99.2,1958,5.0,13.033
2390.8,21.8,23.02,16,0.719,27.4,87.1,14,84.4,27.2,86,560.6,69.7,0.7,14.4,1.001,4.7,2.8,9.3,0.0,101,85,2.018,16.4,1.009,99.2,1747,21.6,12.960
2408.0,12.6,12.35,16,0.747,12.7,87.1,14,54.7,12.7,87,571.3,22.3,-2.7,5.0,1.016,0.0,0.8,0.6,0.0,101,86,2.025,33.4,0.985,99.2,1616,12.7,13.012
2425.2,7.4,6.86,16,0.539,7.7,87.1,14,31.9,8.8,87,559.6,34.1,-0.1,10.2,1.002,-3.1,6.8,7.8,0.0,101,94,2.242,39.4,0.993,99.2,1758,5.7,12.960
2442.4,1.5,3.02,16,0.240,4.2,87.1,14,13.2,4.6,86,516.1,15.6,-3.1,5.0,0.997,8.2,2.1,5.2,0.0,101,87,2.428,22.4,0.629,99.2,1611,2.7,12.960
2459.6,5.4,5.06,16,0.232,4.9,87.1,14,18.1,4.0,86,488.4,16.6,-3.1,5.9,1.176,-3.6,2.8,0.0,0.0,101,72,2.827,37.7,0.949,99.2,1412,7.4,12.960
2476.8,0.0,2.97,16,0.000,3.9,87.1,14,14.0,4.2,86,479.8,11.6,-3.1,3.9,1.645,0.0,0.8,0.0,0.0,102,83,3.479,-13.0,0.000,99.2,1543,0.0,12.960
2494.0,0.2,3.14,16,0.429,4.3,87.1,14,17.0,3.6,86,443.1,12.5,-3.1,4.1,1.526,0.0,1.2,0.0,0.0,102,73,2.645,24.7,0.812,99.2,1394,0.0,12.813
2511.2,0.0,3.01,16,0.000,3.9,87.1,14,16.6,3.6,86,401.6,14.1,-3.1,3.9,1.999,0.0,0.8,0.0,0.0,102,42,3.625,-12.1,0.000,99.2,1231,0.0,12.960
2528.4,0.0,2.42,17,0.743,3.1,87.1,14,30.2,3.1,86,357.1,23.2,-5.2,3.1,1.001,-5.6,0.8,0.0,0.0,102,0,2.192,-0.5,0.998,99.2,602,0.0,12.960
2545.6,0.0,2.22,17,0.663,3.1,86.7,14,28.9,3.1,86,322.7,22.0,-8.6,3.1,1.003,-0.8,0.8,0.0,0.0,102,0,2.201,2.8,0.988,99.2,625,0.0,12.880
2562.8,9.8,8.09,18,0.809,8.7,85.9,14,39.4,8.9,87,300.2,30.6,0.0,8.2,1.018,0.8,4.3,0.0,0.0,102,12,2.175,30.8,1.002,99.2,1284,9.2,13.005
2580.0,13.6,12.94,17,0.754,14.7,85.9,14,68.7,15.0,87,369.3,61.0,0.8,15.6,1.009,0.1,13.0,37.7,3.5,101,56,2.177,14.8,0.997,99.2,1463,12.2,12.873
2597.2,0.0,2.76,17,0.010,3.4,85.9,14,18.2,3.5,87,369.2,15.5,-3.1,3.6,1.999,0.0,0.8,0.0,0.0,102,24,3.708,-11.2,0.540,99.2,998,0.0,12.880
2614.4,0.0,2.22,17,0.739,3.1,85.9,14,27.5,3.1,87,333.6,21.4,-10.2,3.1,1.004,1.8,0.8,0.0,0.0,102,0,2.162,1.8,1.001,99.2,592,0.0,12.936
2631.6,0.0,2.24,18,0.680,3.1,85.1,14,27.5,3.1,87,302.6,21.2,-10.2,3.1,1.001,0.8,0.8,0.0,0.0,102,0,2.198,1.2,0.998,99.2,612,0.0,12.890
2648.8,12.7,9.70,18,0.677,10.3,84.7,14,46.6,10.2,87,280.0,38.7,-3.1,9.5,1.017,-2.8,5.6,13.6,16.7,101,8,2.186,9.4,0.995,99.2,1013,7.5,12.960
2666.0,9.8,8.42,18,0.763,10.0,84.2,14,52.0,10.4,87,342.6,47.8,-1.6,11.1,1.023,1.2,8.2,16.0,0.0,102,52,2.165,19.4,0.997,99.2,1317,11.5,12.960
2683.2,0.0,2.93,18,0.000,3.5,84.6,14,16.7,3.5,87,327.1,14.6,-3.1,3.9,1.999,0.0,0.8,0.0,0.0,102,33,3.621,-12.6,0.000,99.2,1168,0.0,12.950
2700.4,14.1,13.35,19,0.681,13.6,84.7,14,67.3,14.1,87,322.7,57.6,-1.6,14.2,1.009,0.4,10.8,28.3,0.0,102,29,2.186,15.6,0.993,99.2,1440,14.6,12.971
2717.6,0.0,3.00,18,0.070,3.9,85.1,14,16.5,3.5,86,359.0,14.1,-3.1,3.9,1.999,0.0,0.8,0.0,0.0,102,43,3.608,-11.6,0.000,99.2,1192,0.0,12.960
2734.8,10.5,10.03,19,0.738,9.8,85.2,14,43.3,7.4,86,332.0,26.6,-1.5,7.9,0.960,-2.2,3.2,6.7,20.2,102,14,2.217,35.5,1.001,99.2,1678,12.4,12.960
2752.0,13.0,12.64,19,0.720,13.1,85.1,14,66.5,8.6,86,366.5,37.1,-1.1,9.3,1.006,-0.5,7.5,18.3,45.3,102,47,2.190,19.4,0.996,99.2,1420,13.5,12.881
2769.2,0.0,2.94,19,0.076,3.8,85.1,14,15.7,3.5,86,362.4,13.3,-3.1,3.6,1.999,0.0,0.8,0.0,0.0,102,44,2.201,34.0,0.870,99.2,1166,2.9,12.960
2786.4,2.6,3.67,19,0.817,4.1,85.7,14,26.4,4.2,86,330.1,20.3,-9.9,4.1,0.997,-2.0,0.8,0.0,0.0,102,8,2.195,8.9,1.004,99.2,832,2.8,12.824
2803.6,0.0,0.66,19,0.700,6.3,85.9,-1,0.0,6.3,86,304.0,0.0,6.5,6.4,1.299,0.0,0.0,0.0,0.0,102,0,2.474,8.5,0.999,99.2,0,0.0,12.560
2820.8,0.0,0.66,19,0.700,6.3,85.9,-1,0.0,6.3,86,304.0,0.0,7.0,6.7,1.299,0.0,0.0,0.0,0.0,102,0,2.474,8.5,0.999,99.2,0,0.0,12.560
