BlueDriver Data Log
Oct 15, 2018 6:36:57 AM
Time (s),Engine Coolant Temperature (°C),Catalyst Temperature Bank 1 - Sensor 1 (°C),Absolute Throttle Position B (%),Evap. System Vapor Pressure (Pa),Fuel Level Input (%),Barometric Pressure (kPa),Vehicle Speed (km/h),Absolute Load Value (%),Ambient Air Temperature (°C),Long Term Fuel Trim Bank 1 (%),Commanded Throttle Actuator (%),Commanded Equivalence Ratio (λ),Timing Advance for #1 cylinder (°),Accelerator Pedal Position E (%),Short Term Fuel Trim Bank 1 (%),Calculated Engine Load Value (%),Accelerator Pedal Position D (%),Engine RPM (rpm),Mass Air Flow Rate (g/s),Relative Throttle Position (%),Control Module Voltage (V),Intake Air Temperature (°C),Commanded Evaporative Purge (%),Absolute Throttle Position (%)
0.0,,,,,,,,,,,,,,,,,,,,,,,,
3.0,79,637.5,32.5,4.8,,,,,,,,,,,,,,,,,,,,
6.0,80,639.4,31.4,8.1,,,102,75.7,8,-1.6,31.7,0.999,12.8,24.9,1.0,87.5,25.4,2502,30.34,28.3,13.043,8,87.5,
9.0,81,640.0,32.4,5.6,100.0,100,105,75.5,8,-1.6,30.1,1.000,12.5,24.0,0.0,88.2,24.4,2478,30.11,26.8,13.069,8,87.5,32.4
12.0,81,640.0,34.2,0.0,100.0,100,106,76.1,8,-1.6,34.1,0.996,13.0,26.2,1.3,87.1,25.8,2527,30.70,28.3,13.058,8,87.2,33.4
15.0,81,639.8,34.6,0.3,100.0,100,106,74.1,8,-1.6,34.1,0.999,13.0,26.0,0.6,86.9,26.1,2550,30.89,27.3,13.040,8,87.0,34.0
18.0,81,636.0,28.6,10.8,100.0,100,107,73.2,8,-1.4,31.0,1.001,13.4,24.3,0.0,85.7,24.6,2483,29.32,17.3,13.040,8,88.4,29.1
21.0,82,636.0,27.8,12.3,100.0,100,107,60.0,8,-0.9,24.5,1.002,14.3,19.8,0.3,81.2,19.7,2166,21.98,14.6,13.040,8,88.6,28.4
24.0,82,634.5,23.0,9.0,100.0,100,108,66.2,8,-1.0,22.5,1.003,14.7,18.8,0.0,80.1,18.6,2102,20.38,11.9,13.040,8,92.1,21.4
27.0,83,632.0,14.8,0.0,100.0,99,108,57.1,8,-2.3,18.2,1.005,20.0,16.9,0.0,73.8,17.0,2075,19.44,11.0,13.040,8,94.7,13.7
30.0,83,626.2,13.9,3.9,100.0,99,110,54.0,8,-2.3,15.9,1.003,23.8,11.2,1.4,57.3,13.8,2069,17.16,10.3,13.040,8,94.0,13.9
33.0,83,620.0,13.0,34.7,100.0,99,113,45.9,8,-2.3,13.9,0.997,30.9,0.0,5.5,18.4,6.4,2103,7.53,4.2,13.040,8,41.7,8.2
36.0,83,613.5,11.2,64.1,100.0,100,114,38.4,8,-2.3,13.5,0.999,28.2,1.7,7.4,18.2,2.7,2134,5.92,2.3,13.040,8,12.2,5.5
39.0,83,604.6,7.3,20.5,100.0,101,115,25.5,8,-2.3,11.8,1.004,30.6,4.0,6.3,26.0,2.9,2178,7.09,2.3,13.040,8,0.3,5.7
42.0,83,600.1,14.3,12.0,100.0,101,117,39.8,8,-2.0,11.1,1.013,34.3,13.8,1.6,58.1,16.3,2267,22.30,18.7,13.040,8,56.3,16.4
45.0,83,596.6,23.7,0.0,100.0,100,120,70.2,8,-0.8,23.7,0.999,23.9,17.3,0.8,70.4,18.4,2313,24.25,19.2,13.040,8,89.2,23.9
48.0,83,600.8,25.7,0.1,100.0,100,120,71.5,8,-0.8,24.3,0.997,15.5,20.5,-0.1,83.3,20.8,2375,27.09,20.4,13.040,8,88.6,25.2
51.0,83,601.8,25.5,0.0,100.0,100,120,72.7,8,-0.8,25.4,0.995,14.0,20.8,-0.8,84.3,20.8,2377,27.68,20.6,12.981,8,88.3,25.6
54.0,83,604.0,25.5,0.3,100.0,100,120,74.2,8,-0.8,27.2,1.003,13.5,21.7,-0.3,84.3,21.6,2436,28.28,21.4,12.991,8,88.3,25.7
57.0,83,604.7,25.7,3.5,100.0,100,119,69.5,8,-1.5,22.3,1.000,16.8,20.5,0.7,81.3,21.0,2412,27.59,22.6,13.040,8,88.6,25.2
60.0,83,604.0,25.0,2.8,100.0,100,118,64.8,8,-2.3,16.5,0.996,22.4,17.7,2.3,74.3,18.5,2231,23.86,19.6,13.040,8,89.3,24.7
63.0,84,605.0,23.9,0.1,100.0,100,115,56.5,8,-0.9,17.6,0.996,21.0,17.9,1.7,75.3,18.6,2212,23.90,19.2,13.040,8,90.2,24.1
66.0,84,603.5,23.6,0.0,100.0,100,116,59.3,8,-0.8,20.1,0.997,17.3,19.2,0.1,79.3,19.6,2185,25.14,20.6,13.040,8,63.4,24.2
69.0,84,602.1,26.0,0.2,100.0,100,115,62.8,8,-0.8,20.1,0.998,17.5,18.9,0.0,78.9,19.3,2169,24.88,20.2,13.040,8,4.7,25.9
72.0,84,600.7,25.7,0.1,100.0,101,112,69.0,8,-0.8,25.5,1.004,16.3,19.3,0.6,79.5,19.6,2173,24.96,20.2,13.040,8,0.8,25.6
75.0,84,600.0,25.4,0.0,100.0,101,112,71.4,8,-0.8,25.1,1.004,15.0,20.0,1.6,80.9,20.5,2205,25.69,21.0,13.040,8,0.0,25.5
78.0,84,600.0,25.1,0.0,100.0,101,114,70.2,8,-0.8,22.3,1.010,16.1,19.1,0.3,79.6,19.5,2174,24.85,20.5,13.040,8,10.8,25.5
81.0,85,600.0,25.1,2.4,100.0,101,113,71.0,8,-0.8,22.2,1.013,16.5,18.6,-0.5,78.8,18.6,2143,23.73,19.8,13.040,8,89.7,25.4
84.0,85,600.3,25.2,6.0,100.0,100,112,68.6,8,-0.8,23.3,1.013,13.5,20.6,2.3,82.6,21.4,2263,26.43,19.9,13.028,8,89.8,25.1
87.0,85,600.0,24.4,3.7,100.0,100,112,68.9,8,-1.1,22.7,1.010,13.5,20.4,2.3,82.5,21.3,2254,26.28,21.4,12.962,8,89.7,25.7
90.0,86,600.0,23.5,0.0,100.0,100,112,65.9,8,-2.3,21.2,0.996,13.9,20.0,0.9,81.9,20.6,2210,25.56,20.6,12.960,8,90.0,25.2
93.0,86,600.0,19.7,17.2,100.0,100,111,62.8,8,-2.3,20.4,0.996,14.5,19.3,-1.6,80.9,19.3,2118,23.75,18.6,12.962,8,90.9,23.4
96.0,86,600.4,14.3,44.2,100.0,99,108,51.3,8,-2.3,14.6,0.998,18.8,16.7,-0.7,71.5,17.1,2085,21.45,16.4,12.975,8,87.1,21.9
99.0,87,596.6,11.0,47.7,100.0,99,107,47.5,8,-2.3,14.0,0.997,24.4,12.9,0.8,54.2,13.0,2028,15.49,9.2,13.040,8,51.7,8.3
102.0,87,591.4,6.7,52.6,100.0,100,101,17.0,8,-2.3,13.4,0.980,19.8,14.2,-0.9,61.1,14.3,1997,17.11,11.5,13.040,8,58.9,10.7
105.0,87,585.3,15.0,53.7,100.0,100,103,30.3,8,-2.0,14.4,0.979,20.0,15.7,-3.1,71.1,16.6,1955,20.35,17.1,13.040,8,90.9,23.7
108.0,87,584.0,14.9,55.2,100.0,100,104,70.2,8,-0.8,22.5,0.995,20.3,14.2,-0.0,68.7,17.0,1962,20.88,17.4,13.040,8,90.6,23.5
111.0,87,584.5,29.4,20.3,100.0,100,104,73.4,8,-0.8,25.7,1.001,17.6,16.4,1.5,71.7,18.7,2040,22.70,18.9,13.040,8,89.4,23.5
114.0,87,587.7,19.0,0.0,100.0,100,104,65.6,8,-1.5,28.4,0.994,11.5,23.9,-0.8,87.8,23.9,2450,30.10,25.5,13.040,8,71.4,15.8
117.0,87,589.6,5.1,0.6,100.0,101,104,13.3,8,-7.0,10.4,0.885,29.3,17.3,5.5,73.6,19.2,2185,18.30,14.9,13.007,8,41.4,8.7
120.0,87,576.4,5.3,10.4,100.0,101,101,15.8,8,-7.0,8.5,0.884,38.5,11.2,9.8,53.2,13.1,1922,6.80,0.8,12.960,8,1.9,5.1
123.0,87,570.0,5.3,6.0,100.0,101,97,17.7,8,-7.2,6.2,0.819,39.5,5.9,10.9,25.3,5.6,1791,7.05,1.4,12.961,8,83.9,7.1
126.0,87,560.1,6.5,0.0,100.0,100,94,16.5,8,-8.6,5.6,0.004,1.6,1.4,2.9,20.7,2.2,1724,5.80,0.8,12.996,8,53.9,7.2
129.0,87,544.4,12.3,0.0,100.0,101,86,50.3,8,-4.9,17.9,0.547,-1.1,10.6,-1.0,48.5,7.6,1764,9.45,4.7,13.040,8,6.4,6.1
132.0,86,548.7,21.6,5.5,100.0,101,87,71.6,8,-1.9,27.5,1.013,7.2,22.7,-2.1,89.2,22.7,1996,24.77,24.3,13.040,8,88.6,28.6
135.0,86,555.9,27.9,14.1,100.0,100,90,76.7,8,-0.8,28.6,1.011,11.0,22.7,0.0,87.5,22.7,2339,28.83,24.1,13.040,8,66.9,28.5
138.0,86,573.1,22.9,31.9,100.0,100,96,68.8,8,-0.8,26.0,1.006,14.6,19.7,0.0,78.5,19.8,2214,25.33,21.1,13.018,8,19.7,28.3
141.0,86,572.0,21.8,29.5,100.0,100,96,70.3,8,-0.8,22.5,0.998,20.9,13.8,0.0,55.7,12.0,1846,13.76,7.8,12.883,-24,37.6,23.1
144.0,86,572.2,15.0,0.0,100.0,99,96,39.5,8,-4.4,12.9,0.476,7.0,7.8,0.0,42.3,8.6,1813,11.55,6.5,12.894,8,75.0,10.0
147.0,86,564.3,10.1,10.7,100.0,100,94,20.6,8,-7.6,6.0,0.292,-1.0,2.8,-0.7,23.3,2.9,1749,5.64,2.4,12.960,8,5.1,6.5
150.0,86,558.3,12.2,11.4,100.0,101,92,26.0,8,-7.5,9.3,1.012,26.2,13.7,-3.9,63.1,14.1,1740,13.86,8.8,12.900,8,63.0,13.7
153.0,86,557.0,19.0,0.4,100.0,100,90,65.2,8,-0.8,21.6,0.997,14.5,14.7,-0.2,65.8,15.0,1763,16.49,11.5,12.969,8,93.9,17.6
156.0,86,559.6,16.7,1.7,100.0,100,92,20.3,8,-7.2,8.5,0.989,27.4,10.0,0.3,43.6,13.0,1730,14.93,10.6,13.040,8,94.1,15.9
159.0,86,556.2,13.8,0.0,100.0,99,91,44.0,8,-4.5,10.5,0.993,26.5,11.7,0.0,46.5,13.9,1716,15.08,10.9,13.040,8,94.9,14.7
162.0,86,559.0,21.5,0.5,100.0,100,90,64.5,8,-1.6,18.8,1.000,16.0,18.1,0.2,80.0,19.4,1827,20.97,19.2,13.040,8,91.0,23.9
165.0,86,562.3,23.4,0.4,100.0,100,91,72.8,8,-0.8,24.8,0.999,10.7,19.8,0.9,84.1,20.4,2100,23.69,11.0,13.040,8,93.4,19.7
168.0,86,565.7,16.6,0.0,100.0,100,92,65.5,8,-1.0,22.2,0.994,11.5,18.4,1.6,80.8,18.4,1952,21.21,14.3,12.986,8,92.7,20.4
171.0,86,568.0,11.3,0.0,100.0,101,92,49.9,8,-2.3,18.4,1.013,15.5,17.5,0.4,76.8,18.1,1815,19.96,17.4,13.001,8,91.5,23.4
174.0,86,568.2,25.5,0.0,100.0,100,94,72.5,8,-1.2,22.8,1.006,12.5,18.9,0.0,80.0,19.0,1912,21.73,19.4,13.040,8,90.7,25.1
177.0,87,572.2,27.1,0.0,100.0,100,94,74.4,8,-0.8,27.3,0.997,10.5,21.7,1.1,85.7,21.5,2148,25.51,21.5,13.040,8,89.7,25.2
180.0,87,577.0,30.4,0.0,100.0,100,95,76.3,8,-1.1,30.7,0.993,10.9,24.5,2.5,88.8,25.2,2338,29.00,27.5,13.040,8,87.5,32.2
183.0,87,583.5,33.5,0.0,100.0,100,96,77.8,8,-1.6,32.8,0.995,12.0,25.1,0.0,89.8,25.5,2462,30.39,27.7,12.981,8,87.0,32.6
186.0,87,589.9,35.1,0.6,100.0,100,98,78.3,8,-1.6,35.3,1.001,12.0,26.1,0.0,88.1,26.4,2488,30.84,29.2,13.003,8,86.7,34.1
189.0,87,596.1,35.7,3.5,100.0,100,102,75.8,8,-1.6,32.4,1.001,12.0,24.8,0.0,87.0,25.2,2488,30.53,27.3,13.012,8,87.2,34.5
192.0,87,600.1,32.0,0.6,100.0,100,102,76.6,8,-1.6,28.6,1.002,12.5,22.7,0.0,84.9,22.8,2361,28.59,22.8,12.960,8,88.6,30.1
195.0,87,602.9,27.0,0.0,100.0,100,102,76.1,8,-1.3,26.5,1.002,11.9,21.2,0.0,82.6,20.9,2094,25.05,23.0,12.960,8,88.2,20.8
198.0,87,604.0,24.9,2.4,100.0,100,102,74.8,8,-0.8,26.3,1.000,9.6,21.1,0.0,85.1,21.2,2062,25.13,18.4,13.040,8,25.9,20.0
201.0,87,604.0,24.6,3.9,100.0,101,102,73.9,8,-0.8,24.7,0.990,10.5,19.6,0.0,81.6,20.0,2034,23.78,17.9,13.040,8,0.0,20.2
204.0,87,603.4,23.1,0.5,100.0,101,102,76.7,8,-0.8,20.5,0.995,14.8,16.8,1.4,73.7,17.7,1974,21.20,15.9,12.980,8,0.0,18.6
207.0,87,600.1,11.5,13.0,100.0,101,101,36.1,8,-4.5,11.4,0.485,4.6,8.7,1.4,49.5,10.9,1888,15.88,11.5,12.901,8,1.0,12.8
210.0,87,589.2,8.6,72.0,100.0,100,97,19.1,8,-5.1,6.2,0.329,2.8,2.4,0.0,21.5,1.9,1777,5.82,2.4,13.040,8,19.4,7.6
213.0,87,582.2,11.6,63.8,100.0,100,92,35.0,8,-2.3,11.0,1.010,35.7,10.4,0.0,43.1,12.2,1688,12.78,6.1,13.099,8,70.5,11.5
216.0,87,581.0,19.8,1.5,100.0,99,88,69.3,8,-2.3,26.3,0.993,7.0,22.0,1.6,77.4,19.8,1847,19.72,16.9,13.075,8,92.5,20.3
219.0,87,584.5,28.6,7.8,100.0,100,88,75.1,8,-1.1,27.7,0.999,9.6,22.4,2.0,86.5,22.8,2077,24.91,24.5,13.040,8,89.1,29.0
222.0,87,592.1,30.2,1.3,100.0,100,89,76.4,8,-0.8,29.5,1.003,11.2,23.4,1.4,86.7,23.5,2293,27.45,25.7,13.027,8,87.7,29.8
225.0,87,594.7,22.4,26.3,100.0,100,92,75.8,8,-0.8,28.9,0.999,10.7,23.8,0.3,88.4,24.3,2404,29.33,26.3,12.960,8,82.0,22.4
228.0,87,598.0,24.0,25.4,100.0,100,95,75.1,8,-0.8,26.8,0.992,8.8,22.1,1.5,84.3,23.9,2050,25.51,27.0,12.960,9,86.3,28.4
231.0,87,601.4,31.5,2.3,100.0,100,96,77.0,8,-0.8,31.2,1.007,11.5,23.9,-0.8,86.4,22.7,2318,27.46,23.5,12.960,9,88.9,30.1
234.0,87,604.8,33.1,3.9,100.0,100,98,77.5,8,-0.8,34.9,1.005,11.1,26.4,-1.3,89.5,25.7,2402,29.25,26.6,12.960,9,88.4,31.6
237.0,87,608.0,36.5,7.0,100.0,100,96,78.8,8,-1.4,36.0,1.002,11.6,27.7,-0.4,90.4,27.8,2432,30.44,31.3,12.960,9,86.7,36.5
240.0,87,615.0,33.8,7.6,100.0,100,95,78.2,8,-1.6,34.8,1.002,11.8,27.2,0.5,89.7,27.3,2455,30.70,31.4,12.971,9,86.7,36.4
243.0,87,618.9,27.9,10.6,100.0,100,93,73.6,8,-1.3,28.7,0.999,13.9,24.4,0.3,87.2,25.3,2406,29.53,29.2,13.040,8,86.7,32.2
246.0,87,617.7,22.2,19.1,100.0,100,92,68.5,8,-1.2,21.0,0.991,19.8,18.0,1.7,76.9,19.2,2162,23.36,18.8,12.903,8,86.4,17.8
249.0,87,616.0,14.5,17.5,100.0,100,92,57.2,8,-3.0,19.1,0.934,15.5,17.6,3.1,76.1,18.0,1864,18.93,14.9,12.934,9,90.7,15.6
252.0,87,612.3,5.4,0.0,100.0,100,94,15.7,8,-8.6,5.1,0.002,-9.4,4.5,0.9,35.5,6.0,1745,9.93,6.5,13.000,9,56.5,13.2
255.0,87,595.5,5.1,0.0,100.0,100,92,15.7,8,-8.6,5.1,0.000,-9.5,0.0,0.0,18.2,0.0,1701,5.03,0.4,13.014,9,0.0,5.2
258.0,87,576.1,5.8,0.0,100.0,100,92,19.3,8,-4.8,10.0,0.467,3.9,6.5,1.9,37.5,6.2,1725,9.51,3.7,12.987,9,7.4,6.7
261.0,87,573.1,15.2,10.9,100.0,99,95,46.8,8,-1.6,18.7,0.929,15.8,16.5,3.2,73.3,18.9,1864,21.10,17.1,13.120,9,91.8,21.6
264.0,87,574.2,19.4,13.0,100.0,99,99,59.5,8,-1.2,20.7,1.001,8.2,18.6,-0.8,82.6,20.8,2100,25.26,21.2,12.960,9,90.0,24.6
267.0,87,571.6,18.0,38.7,100.0,100,100,36.3,8,-2.3,6.2,1.006,2.0,0.0,0.0,17.0,3.4,1888,9.33,6.2,13.015,9,55.4,19.2
270.0,87,564.6,16.3,94.1,100.0,99,98,48.5,8,-2.3,18.8,1.010,8.0,12.8,-1.0,57.8,11.8,1921,14.68,10.7,13.003,9,46.5,15.5
273.0,87,568.1,26.3,0.0,100.0,100,98,65.3,8,-1.4,23.0,1.000,17.9,17.9,-1.0,80.3,19.2,1941,22.36,20.1,12.976,9,89.9,23.6
276.0,87,570.6,18.9,0.0,100.0,100,96,58.7,8,-1.3,19.0,0.995,25.2,16.7,-0.7,76.4,18.0,1835,20.01,14.9,13.040,9,91.4,26.7
279.0,87,573.6,22.4,0.0,100.0,100,93,44.1,8,-2.2,7.6,0.999,21.0,19.2,-4.7,83.9,21.2,1814,21.74,22.6,12.986,9,90.5,30.2
282.0,87,576.4,34.4,0.0,100.0,100,88,79.9,8,-0.8,36.1,1.000,14.2,22.6,-1.7,87.2,21.2,2038,21.10,20.9,13.015,9,89.2,28.5
285.0,87,580.1,19.6,0.0,100.0,99,88,61.8,8,-1.7,22.3,0.999,16.9,18.8,0.0,71.7,13.7,2041,16.48,11.4,13.088,8,80.7,15.5
288.0,87,574.4,9.8,0.0,100.0,100,85,35.2,8,-4.8,9.3,0.658,14.1,8.7,0.0,38.5,1.0,1609,5.04,0.6,13.040,8,0.1,5.1
291.0,87,565.9,11.9,33.9,100.0,100,81,31.0,8,-7.0,7.6,0.135,-7.1,1.0,-0.1,19.2,5.5,1663,5.93,7.5,13.040,9,0.3,14.5
294.0,87,561.2,20.2,62.5,100.0,99,80,66.0,8,-0.8,20.4,1.003,14.5,18.0,-2.3,67.9,15.4,1864,16.58,13.5,12.944,9,43.9,20.3
297.0,87,564.8,22.1,0.3,100.0,99,82,68.1,8,-0.8,21.6,0.999,14.5,18.3,-1.4,80.6,18.4,1976,21.69,17.2,12.946,9,91.7,21.9
300.0,87,572.1,23.1,7.0,100.0,99,85,69.2,8,-0.8,20.7,0.998,15.4,18.7,-0.5,81.8,19.1,2016,22.82,17.9,13.040,9,91.3,22.8
303.0,87,574.5,24.8,3.1,100.0,99,88,71.4,8,-0.8,21.9,1.000,15.2,19.5,0.1,84.3,20.5,2032,24.04,18.8,13.040,9,89.8,25.1
306.0,87,579.3,25.1,4.6,100.0,100,90,73.0,8,-0.8,26.2,1.002,10.5,21.2,0.8,83.9,21.2,2163,25.37,20.6,12.983,9,89.6,25.8
309.0,87,584.0,21.7,10.7,100.0,99,92,69.4,8,-0.8,20.0,1.011,16.1,17.6,-0.4,77.1,18.3,2035,22.33,17.9,13.000,9,90.9,23.8
312.0,87,584.0,12.9,0.0,100.0,99,94,48.5,8,-1.9,15.6,1.003,20.2,14.7,-0.8,67.5,15.2,1873,18.02,13.0,13.040,8,93.3,19.1
315.0,87,584.0,18.1,0.0,100.0,99,94,59.2,8,-1.5,17.5,1.000,19.3,14.9,-0.6,65.4,14.5,1787,15.65,9.9,13.040,9,94.9,14.9
318.0,87,584.0,17.3,24.2,100.0,99,94,64.7,8,-1.2,20.9,1.002,14.8,17.9,-0.1,77.5,18.0,1875,19.68,16.5,13.040,9,92.9,18.5
321.0,87,584.0,17.2,38.3,100.0,99,94,59.6,8,-2.3,18.8,1.005,16.5,16.9,-0.8,74.5,17.3,1821,19.08,16.5,13.088,9,92.2,21.1
324.0,87,584.0,22.4,5.2,100.0,99,96,69.6,8,-0.8,21.7,0.997,14.2,18.3,0.1,78.2,18.1,1907,20.52,16.7,13.090,9,92.2,21.2
327.0,87,584.1,10.2,1.1,100.0,99,97,64.4,8,-1.6,20.2,0.997,14.9,18.2,0.8,79.3,18.2,1992,21.86,16.4,13.030,9,92.2,16.9
330.0,87,584.0,15.7,0.0,100.0,99,99,61.2,8,-2.3,14.1,1.000,21.9,14.6,0.1,67.4,15.5,1887,18.95,14.1,12.960,9,92.9,18.5
333.0,87,581.9,11.9,0.0,100.0,99,100,46.9,8,-3.4,6.4,0.847,30.9,7.5,-3.0,25.9,7.5,1887,7.96,5.1,13.025,9,49.9,9.7
336.0,87,575.4,6.4,0.0,100.0,100,100,17.9,8,-6.6,5.7,0.029,-10.5,6.7,0.0,21.3,9.8,1846,10.31,6.6,13.040,9,43.1,7.9
339.0,87,568.0,7.9,0.0,100.0,99,98,40.0,8,-2.3,14.9,0.999,13.7,14.3,-2.9,59.6,14.5,1845,15.48,11.1,13.040,9,68.0,13.3
342.0,87,567.9,4.7,0.0,100.0,100,96,41.5,8,-2.3,13.6,0.999,21.6,14.7,-2.2,67.7,16.1,1839,18.67,14.2,13.040,9,90.3,18.2
345.0,87,564.2,12.7,2.5,100.0,99,95,53.5,8,-2.3,13.1,0.999,23.0,13.7,-0.8,62.7,15.5,1808,18.52,14.5,13.040,9,80.0,15.3
348.0,87,566.4,21.0,2.6,100.0,99,93,65.8,8,-1.8,16.5,0.997,21.1,15.1,-0.6,67.6,15.0,1750,17.34,14.9,13.040,9,88.7,22.8
351.0,87,568.0,23.5,1.1,100.0,100,92,64.6,8,-1.0,22.3,0.992,11.6,19.6,1.6,82.4,19.6,1979,14.62,8.2,13.097,9,92.8,22.0
354.0,87,568.0,19.3,0.0,100.0,99,90,36.6,8,-2.3,5.9,0.986,35.0,14.0,1.6,67.3,15.2,1782,14.39,7.7,13.076,9,94.3,17.6
357.0,87,568.1,15.7,0.0,100.0,99,88,65.8,8,-2.3,18.6,1.003,18.0,17.5,1.1,75.5,17.4,1765,18.30,14.3,13.047,9,93.4,17.9
360.0,87,572.1,27.8,12.1,100.0,100,91,71.6,8,-1.5,26.1,1.002,9.6,21.3,1.6,86.6,21.8,1991,23.90,23.0,13.057,9,89.0,28.2
363.0,87,574.6,23.0,14.2,100.0,100,94,69.5,8,-0.8,25.4,0.995,12.7,20.0,2.7,79.4,20.8,2254,26.15,22.4,13.040,8,73.3,20.6
366.0,87,576.0,13.7,7.9,100.0,99,97,51.1,8,-1.5,16.5,0.946,19.0,8.2,0.8,32.9,0.0,1838,5.09,7.2,13.040,8,51.2,12.0
369.0,87,573.1,7.0,17.8,100.0,100,98,14.1,8,-7.0,5.1,0.001,-6.4,1.6,0.2,19.4,1.7,1956,5.25,2.6,13.040,8,37.6,9.3
372.0,87,563.8,13.5,93.8,100.0,99,96,31.4,8,-3.5,7.3,0.676,13.8,6.2,-2.2,30.9,7.8,1922,10.08,7.3,13.040,8,49.6,13.0
375.0,87,560.2,6.0,0.0,100.0,100,96,37.2,8,-2.3,10.8,1.006,26.8,11.8,-3.4,50.3,13.2,1834,15.09,14.1,13.040,9,91.8,18.4
378.0,87,557.6,8.7,27.9,100.0,100,95,49.2,8,-2.3,14.3,1.000,23.3,13.9,-2.1,63.7,14.3,1860,9.93,1.6,13.040,8,27.9,10.0
381.0,87,556.0,15.3,39.4,100.0,99,93,64.5,8,-2.1,17.2,1.002,27.0,12.9,-0.8,70.6,18.4,1777,17.10,14.4,13.040,9,4.0,15.9
384.0,87,557.3,24.4,3.8,100.0,100,90,74.4,8,-0.8,25.9,1.000,13.7,18.6,-0.3,80.9,20.1,1937,22.25,21.9,13.040,9,0.0,25.3
387.0,87,564.0,27.5,0.0,100.0,100,90,73.9,8,-0.8,24.7,0.998,10.0,20.3,-0.3,84.7,20.4,2040,23.89,21.9,13.040,8,0.0,26.6
390.0,87,566.8,24.8,0.0,100.0,100,90,74.8,8,-0.8,25.3,0.999,10.5,19.8,-0.6,82.0,19.6,2008,22.66,18.9,13.040,8,0.1,18.8
393.0,87,571.7,22.9,7.4,100.0,100,91,75.5,8,-0.8,27.2,1.005,8.1,21.6,0.0,85.9,22.0,2075,24.99,23.5,12.975,8,59.8,23.6
396.0,87,577.0,21.6,19.2,100.0,99,92,73.3,8,-0.8,25.9,1.009,9.0,22.0,0.8,85.9,22.0,2126,25.59,22.8,12.960,8,86.5,23.7
399.0,87,580.0,20.0,23.5,100.0,99,96,61.9,8,-0.8,21.3,1.010,12.5,19.5,-1.0,81.7,19.9,2030,23.34,18.6,12.988,8,87.2,19.9
402.0,87,580.1,19.6,0.0,100.0,99,99,64.6,8,-0.8,19.8,1.007,15.1,17.6,-1.8,77.4,17.8,1907,20.08,12.7,13.040,8,94.0,18.5
405.0,87,580.0,19.2,12.5,100.0,99,101,64.4,8,-0.8,20.1,1.002,15.9,17.0,-0.7,75.3,17.3,1926,20.06,15.3,13.040,9,92.2,20.4
408.0,87,580.0,18.4,19.7,100.0,99,102,61.9,8,-0.8,20.4,0.995,15.5,17.6,0.8,75.7,17.6,1964,20.13,14.6,13.040,9,92.9,19.0
411.0,87,580.0,17.2,1.8,100.0,99,102,61.1,8,-1.9,18.4,0.998,17.6,16.3,0.4,68.9,14.5,1940,17.36,13.3,13.014,9,94.1,16.2
414.0,87,580.1,12.5,7.7,100.0,98,101,46.7,8,-2.3,15.2,1.003,21.5,14.4,-0.8,61.4,12.1,1906,14.02,11.7,12.970,9,95.2,12.3
417.0,87,577.5,16.3,4.1,100.0,98,100,49.0,8,-1.8,14.9,1.005,23.2,13.7,-1.9,61.0,14.1,1891,16.88,11.0,13.040,9,93.7,17.3
420.0,87,577.7,21.0,3.2,100.0,99,100,66.6,8,-0.8,19.6,0.996,16.5,17.3,0.0,75.3,18.0,1938,20.71,15.5,13.040,9,91.5,21.8
423.0,87,580.0,24.5,7.4,100.0,99,100,72.2,8,-0.8,19.2,1.000,16.0,17.3,0.0,75.6,18.3,1929,20.94,17.9,13.040,9,90.7,24.4
426.0,87,580.0,25.5,0.0,100.0,99,102,73.6,8,-0.8,24.1,1.000,13.2,19.4,0.4,79.6,19.6,2024,22.87,19.8,13.062,9,91.0,24.3
429.0,87,583.2,26.1,3.9,100.0,99,102,49.4,8,-1.6,15.9,0.998,7.8,13.9,0.6,65.1,17.6,2104,21.85,19.6,13.110,9,89.4,26.3
432.0,87,578.9,14.1,2.2,100.0,99,100,30.1,8,-2.3,8.2,1.001,6.9,2.4,-0.4,21.2,7.6,1893,6.12,4.3,13.040,9,58.7,17.3
435.0,87,574.3,7.8,0.0,100.0,99,96,27.7,8,-2.3,13.6,1.012,23.3,12.9,-2.3,57.6,13.3,1776,6.55,1.8,13.040,9,21.9,12.3
438.0,87,570.8,10.9,0.0,100.0,99,90,25.9,8,-2.3,5.9,1.000,34.9,8.7,-2.3,38.3,11.1,1689,8.09,2.7,13.040,9,37.0,11.7
441.0,87,564.0,15.7,0.0,100.0,99,87,47.9,8,-2.3,10.5,0.992,27.4,10.1,-0.8,44.3,11.1,1616,10.87,5.7,13.040,9,95.6,14.8
444.0,87,564.0,14.5,0.0,100.0,98,86,55.7,8,-2.3,13.5,0.991,21.0,13.4,0.6,63.9,13.1,1612,13.91,8.7,13.040,9,94.9,13.7
447.0,87,564.0,16.5,0.0,100.0,98,87,55.4,8,-2.3,14.0,0.999,21.0,14.5,0.0,67.5,13.7,1662,14.56,9.8,13.040,9,94.9,18.0
450.0,87,564.0,16.5,5.3,100.0,99,88,56.5,8,-2.3,15.0,0.998,20.5,14.5,0.8,67.8,14.0,1711,15.14,6.8,12.934,9,91.3,14.8
453.0,87,564.0,12.2,19.2,100.0,98,90,56.5,8,-2.3,17.3,1.001,17.9,15.9,0.8,71.2,15.8,1760,16.86,10.1,13.016,9,89.8,13.4
456.0,87,564.0,20.4,0.0,100.0,99,92,63.4,8,-1.3,20.4,1.001,14.5,17.9,0.4,76.6,17.8,1857,19.64,16.3,13.143,9,92.3,21.0
459.0,87,567.0,24.7,0.0,100.0,99,94,69.7,8,-0.8,23.0,0.995,13.0,18.8,0.0,80.4,18.9,1981,22.48,19.8,13.040,9,88.6,25.9
462.0,87,570.2,22.3,9.1,100.0,99,97,69.2,8,-0.8,23.0,0.990,14.7,17.8,0.0,77.5,17.6,1950,20.94,17.3,13.040,8,90.7,22.5
465.0,87,570.6,15.8,47.4,100.0,99,98,58.7,8,-0.9,18.6,1.000,18.5,16.1,0.0,67.5,11.0,1882,9.97,6.2,13.090,8,50.2,12.8
468.0,87,568.0,10.0,115.7,100.0,99,98,40.0,8,-2.3,13.3,1.008,22.0,14.2,-2.0,61.5,11.5,1841,10.40,5.0,13.054,8,42.0,8.7
471.0,87,568.1,22.0,0.0,100.0,99,97,62.6,8,-1.4,20.1,1.003,16.4,16.5,-1.8,69.1,15.8,1894,17.05,12.9,12.988,8,93.3,17.6
474.0,87,570.6,25.5,0.0,100.0,99,96,73.6,8,-0.8,26.2,1.000,9.4,20.7,0.3,85.8,21.0,2051,24.22,23.1,13.120,8,89.4,27.5
477.0,87,575.5,26.2,12.4,100.0,99,96,72.8,8,-0.8,27.5,1.010,12.6,22.0,1.6,85.1,22.0,2287,26.62,22.0,13.120,8,89.4,27.0
480.0,87,579.0,22.5,27.9,100.0,99,96,66.7,8,-0.8,21.2,1.007,38.0,12.4,-0.2,51.9,15.1,1967,17.61,13.9,13.120,8,91.3,21.9
483.0,87,576.2,17.6,0.0,100.0,99,96,67.4,8,-0.8,22.3,1.001,20.5,15.7,-0.4,63.4,16.3,1865,16.97,12.9,13.139,8,92.9,17.6
486.0,87,580.1,30.0,0.0,100.0,99,97,75.4,8,-0.8,31.6,1.004,10.4,24.3,0.0,87.2,23.7,2100,25.03,23.6,13.167,8,90.1,27.8
489.0,87,585.7,40.0,3.4,100.0,100,99,78.8,8,-1.1,37.9,1.007,12.8,29.9,0.0,90.8,30.1,2608,33.09,36.9,13.120,8,85.9,43.3
492.0,87,590.0,35.5,2.9,100.0,100,101,76.6,8,-1.4,34.7,1.001,15.9,26.0,0.2,84.4,25.1,2950,33.94,23.5,13.120,8,88.4,29.4
495.0,87,593.0,27.0,0.0,100.0,99,104,74.2,8,-0.8,27.5,0.989,11.5,23.1,3.1,85.5,23.1,2489,29.59,24.0,13.074,8,88.8,25.5
498.0,86,596.0,27.6,0.0,100.0,99,106,67.4,8,-0.8,17.4,0.993,20.0,17.5,2.3,71.1,19.3,2165,24.24,21.7,13.066,8,88.9,27.7
501.0,86,596.1,20.8,9.3,100.0,99,106,63.8,8,-0.8,15.9,0.995,21.8,15.6,1.1,64.4,16.8,2018,20.62,18.1,13.120,8,91.0,23.1
504.0,86,596.0,17.7,36.1,100.0,99,106,60.1,8,-0.8,19.3,0.997,16.1,19.0,-0.1,82.8,21.2,2037,24.11,22.7,13.120,8,90.2,21.8
507.0,86,596.0,18.3,46.5,100.0,98,106,58.8,8,-0.8,23.1,0.998,11.5,20.4,-0.8,85.1,20.9,2037,24.23,22.2,13.071,8,89.6,23.9
510.0,86,596.3,28.0,0.0,100.0,100,106,75.2,8,-0.8,28.4,0.999,11.5,22.9,-1.2,86.7,22.8,2233,26.85,24.2,13.040,8,68.3,28.5
513.0,87,600.0,31.8,0.0,100.0,100,107,73.9,8,-1.2,29.2,0.999,11.5,23.8,-0.9,86.2,23.1,2372,28.57,26.8,13.032,8,0.0,32.5
516.0,87,600.0,30.7,2.1,100.0,100,109,73.8,8,-1.3,28.4,1.002,11.5,22.0,0.6,81.3,18.5,2112,22.85,22.4,12.960,8,0.2,30.0
519.0,87,601.3,28.9,3.8,100.0,100,110,75.1,8,-0.8,29.0,1.013,11.5,22.0,-1.6,83.9,20.8,2217,24.45,21.9,13.053,8,44.9,28.1
522.0,87,604.0,26.3,3.9,100.0,99,112,72.8,8,-0.8,26.7,1.007,12.8,21.7,-0.6,84.1,21.3,2290,25.88,21.8,13.090,8,89.2,26.9
525.0,87,604.0,21.2,33.2,100.0,99,113,63.0,8,-1.7,22.1,1.003,17.3,15.7,0.6,64.4,14.7,2256,21.15,18.5,13.054,8,87.5,25.8
528.0,87,601.5,19.1,25.4,100.0,99,112,57.9,8,-2.3,17.6,0.999,22.9,7.6,1.4,28.6,0.7,2087,5.31,5.1,13.120,8,73.7,15.7
531.0,87,598.5,16.0,13.1,100.0,98,110,56.4,8,-2.3,16.4,0.993,25.0,13.7,0.0,55.7,12.9,2088,13.51,9.6,13.120,8,85.6,15.7
534.0,87,595.4,12.8,0.0,100.0,98,108,45.5,8,-2.3,13.3,0.996,25.4,13.4,0.5,54.4,12.9,2051,15.41,9.8,13.120,8,85.8,13.5
537.0,87,592.0,12.5,0.0,100.0,98,106,44.9,8,-2.3,14.6,0.994,22.7,14.6,0.0,60.4,13.7,2011,14.83,8.4,13.120,8,75.6,9.6
540.0,87,588.9,6.8,0.0,100.0,99,104,26.7,8,-4.5,14.2,0.995,22.2,15.6,-1.5,68.9,15.2,1970,15.48,9.9,13.120,9,89.8,11.4
543.0,87,585.8,14.2,1.2,100.0,99,102,33.2,8,-5.3,15.8,0.998,22.9,15.9,-2.8,70.8,16.3,1916,18.90,18.0,13.120,9,91.0,20.1
546.0,87,585.3,17.8,1.8,100.0,99,102,68.5,8,-0.9,24.9,0.991,12.0,20.0,0.0,83.9,20.4,2138,22.80,19.9,13.120,9,90.5,23.9
549.0,87,587.7,7.4,0.0,100.0,99,102,45.4,8,-2.3,16.9,1.006,17.5,17.2,-1.0,74.7,17.8,2042,21.45,17.6,13.120,9,90.7,23.5
552.0,87,584.1,27.8,0.0,100.0,99,103,62.6,8,-1.5,22.2,1.003,16.9,18.1,-0.2,73.6,17.6,2031,20.26,14.9,13.120,9,92.7,20.1
555.0,87,586.2,25.5,0.9,100.0,99,106,68.9,8,-1.2,24.2,0.996,14.3,20.9,2.0,83.4,22.0,2275,27.09,22.7,13.120,9,88.2,27.5
558.0,87,586.7,17.9,1.3,100.0,99,108,54.3,8,-2.3,14.1,1.002,25.0,13.3,-0.8,55.7,15.2,2115,19.00,14.2,13.120,9,91.3,17.9
561.0,87,583.5,5.4,5.4,100.0,100,108,14.9,8,-7.0,7.0,0.985,11.4,4.3,-0.3,30.1,10.8,2022,11.95,8.7,13.120,9,83.8,9.3
564.0,87,580.0,10.6,65.8,100.0,98,105,36.7,8,-3.9,13.9,0.997,11.4,8.4,-1.0,39.7,12.2,1991,12.05,10.0,13.103,9,65.9,13.0
567.0,87,580.0,20.6,20.8,100.0,99,104,60.6,8,-1.6,23.1,1.003,15.9,17.7,-1.1,74.9,17.1,2000,20.14,16.5,13.042,9,91.4,23.1
570.0,87,580.0,23.4,0.0,100.0,99,103,73.4,8,-0.8,26.2,0.990,14.3,18.6,2.2,77.6,16.5,2000,16.16,9.8,13.120,9,77.3,13.7
573.0,87,580.0,23.5,0.0,100.0,99,102,69.7,8,-0.8,13.3,0.993,23.5,14.5,0.0,66.2,14.7,1936,11.71,11.3,13.073,9,82.2,15.9
576.0,87,580.2,27.6,0.0,100.0,99,100,76.0,8,-0.8,24.9,0.989,14.6,19.7,1.4,75.6,18.8,2087,17.55,16.5,13.040,9,90.9,23.2
579.0,87,584.0,21.2,19.4,100.0,99,101,66.1,8,-0.8,23.4,0.996,13.2,19.9,1.3,78.8,20.2,2143,24.35,21.1,13.054,9,89.0,25.1
582.0,87,584.0,18.9,7.7,100.0,98,101,63.4,8,-0.8,21.2,1.003,14.2,17.5,0.0,72.5,16.6,1926,18.75,13.8,13.118,9,93.3,17.6
585.0,87,586.0,22.5,1.2,100.0,98,100,67.9,8,-0.8,25.1,1.001,9.3,20.3,0.0,85.5,21.2,2025,23.96,22.7,13.040,9,90.6,24.3
588.0,87,588.0,26.7,1.5,100.0,99,100,73.7,8,-0.8,28.6,0.996,14.0,15.3,0.6,68.7,17.6,1940,20.39,19.6,13.040,9,90.3,26.2
591.0,87,588.0,23.5,0.0,100.0,99,98,71.3,8,-0.8,27.0,0.994,11.7,19.0,1.2,74.7,19.1,2001,21.51,20.0,13.040,9,90.7,25.5
594.0,87,591.3,29.8,1.9,100.0,99,98,74.6,8,-0.8,27.6,0.997,10.6,22.4,1.1,86.8,22.6,2180,26.25,25.0,13.048,8,88.2,32.5
597.0,87,594.7,30.1,1.0,100.0,99,99,75.9,8,-0.8,29.1,1.000,11.5,23.1,0.0,87.2,23.1,2376,28.71,24.3,13.120,8,87.9,29.7
600.0,87,597.9,29.6,2.2,100.0,99,100,74.3,8,-0.8,28.6,0.997,11.5,23.1,0.0,88.2,23.5,2400,29.14,24.6,13.120,8,87.6,29.5
603.0,87,601.2,29.5,4.0,100.0,99,100,73.7,8,-0.8,24.3,1.000,11.0,22.0,0.0,86.7,22.4,2242,26.68,23.7,13.120,8,88.4,28.9
606.0,87,604.4,28.5,0.1,100.0,99,100,73.7,8,-0.8,27.5,1.007,12.8,20.6,0.0,82.3,21.1,2128,25.18,22.9,13.088,8,89.1,27.7
609.0,87,608.0,27.5,1.8,100.0,99,100,73.1,8,-0.8,27.8,1.011,13.5,21.0,0.4,81.9,20.7,2155,25.20,22.5,13.057,8,88.8,26.9
612.0,87,608.0,24.6,0.6,100.0,99,100,73.3,8,-0.8,27.8,1.008,12.5,22.1,1.0,84.5,21.5,2264,25.96,22.1,13.120,8,89.8,22.0
615.0,87,610.0,23.5,8.7,100.0,99,99,73.1,8,-0.8,28.0,1.000,10.0,22.4,1.6,85.5,22.7,2200,25.95,23.9,13.120,9,89.0,26.2
618.0,87,612.0,24.6,17.9,100.0,98,98,71.4,8,-0.8,27.1,1.010,9.5,22.7,0.0,87.5,23.0,2191,25.94,24.6,13.120,9,88.6,29.1
621.0,87,612.2,29.5,0.0,100.0,99,98,73.9,8,-0.8,28.8,1.012,11.1,22.9,0.0,87.4,23.3,2288,27.03,24.9,13.120,9,88.4,29.8
624.0,87,616.0,32.2,0.0,100.0,99,99,75.5,8,-1.3,31.3,1.006,12.0,24.2,0.0,87.3,24.2,2426,28.69,24.8,13.106,9,87.8,29.8
627.0,87,618.7,27.6,8.6,100.0,98,100,71.4,8,-1.3,29.8,1.000,12.0,23.9,-0.2,86.8,24.4,2426,29.05,25.1,13.040,9,87.8,30.2
630.0,87,618.2,25.3,8.5,100.0,98,101,67.5,8,-0.8,24.1,1.002,12.4,19.1,-0.8,81.2,19.2,1987,22.38,19.6,13.040,9,44.2,26.6
633.0,87,616.0,25.1,0.0,100.0,99,102,72.0,8,-0.8,23.1,0.997,20.5,15.3,1.6,71.6,17.8,1969,22.15,19.4,13.084,8,12.1,24.9
636.0,87,615.8,23.6,0.0,100.0,99,106,67.4,8,-0.8,23.4,1.002,16.4,16.5,-0.4,71.0,16.3,1993,18.92,12.5,13.120,8,0.0,21.4
639.0,87,612.0,12.9,5.2,100.0,99,106,52.2,8,-1.7,18.1,0.996,20.7,12.1,0.2,60.6,12.7,2018,13.05,2.1,13.120,9,1.9,9.3
642.0,87,607.0,9.2,18.6,100.0,99,105,36.8,8,-2.3,10.8,0.994,31.3,4.2,4.1,34.8,6.8,1998,6.52,2.7,13.120,9,36.6,6.7
645.0,87,600.6,8.2,18.8,100.0,98,103,31.0,8,-2.3,5.4,1.011,35.0,8.6,-0.8,28.6,9.0,1926,8.19,3.3,13.145,9,71.7,8.2
648.0,87,595.1,12.6,0.0,100.0,97,100,47.1,8,-2.3,14.9,0.993,24.6,13.6,-0.8,57.4,14.4,1901,15.13,10.5,13.099,9,94.1,14.2
651.0,87,592.0,21.6,0.0,100.0,98,98,62.3,8,-1.3,19.4,0.998,18.8,16.4,0.0,68.4,14.8,1872,17.83,14.6,13.064,9,92.0,21.7
654.0,87,592.1,21.9,0.0,100.0,98,98,70.7,8,-0.8,23.1,0.997,14.5,18.3,0.8,70.5,13.2,1878,16.24,11.5,13.120,9,92.9,20.4
657.0,87,592.0,23.9,1.3,100.0,98,98,73.2,8,-0.8,24.7,0.991,12.0,19.7,0.9,83.9,20.4,2025,23.64,21.6,13.120,9,90.8,24.1
660.0,87,592.0,24.2,3.6,100.0,98,98,71.2,8,-0.8,23.3,0.997,18.5,13.3,1.6,69.8,17.6,1904,20.62,18.5,13.018,9,91.7,23.6
663.0,87,592.0,21.3,5.9,100.0,98,98,64.2,8,-0.8,19.2,1.002,17.8,15.4,0.6,71.8,17.0,1862,19.01,16.0,13.025,9,92.7,20.9
666.0,87,592.0,18.8,4.2,100.0,98,97,58.2,8,-1.7,16.8,0.998,19.4,15.8,0.7,70.4,15.3,1844,17.17,13.8,13.120,9,92.5,18.8
669.0,87,589.1,16.3,1.4,100.0,98,96,55.3,8,-2.3,13.6,0.995,22.7,14.1,1.3,61.6,12.6,1799,13.28,9.8,13.120,9,94.9,14.5
672.0,87,588.0,14.5,0.0,100.0,98,96,55.3,8,-2.3,11.9,0.998,26.0,11.4,0.0,45.1,10.6,1788,12.14,8.6,13.120,9,94.9,14.0
675.0,87,586.8,12.0,0.0,100.0,97,96,54.0,8,-2.3,14.9,0.998,22.0,13.6,0.0,58.2,11.9,1804,12.74,7.5,13.075,9,95.1,13.0
678.0,87,583.6,8.1,0.1,100.0,98,96,52.4,8,-2.3,15.5,1.004,21.0,14.6,-1.4,64.9,13.7,1824,14.58,8.7,13.070,9,94.8,13.2
681.0,87,580.0,15.7,2.5,100.0,98,97,55.0,8,-2.3,16.1,1.003,20.3,15.2,-0.8,67.8,15.1,1847,16.76,12.1,13.096,9,93.7,16.2
684.0,87,580.0,17.1,1.1,100.0,98,99,59.5,8,-2.3,17.3,0.998,19.6,15.8,1.6,70.1,15.8,1877,17.78,13.7,12.960,9,93.3,17.6
687.0,87,580.0,16.5,10.1,100.0,98,100,61.1,8,-2.3,18.6,0.998,18.0,16.5,1.6,73.3,16.5,1926,18.75,13.7,13.066,9,90.3,16.1
690.0,87,579.3,12.6,28.8,100.0,97,102,50.2,8,-2.3,12.9,1.000,23.3,13.9,1.1,62.3,14.5,1910,16.59,12.6,13.120,9,62.2,11.7
693.0,87,576.0,5.1,0.0,100.0,99,99,25.2,8,-5.6,9.7,0.986,25.8,13.1,-2.3,60.2,14.3,1881,16.30,12.6,13.120,9,27.3,7.1
696.0,87,572.9,15.8,6.4,100.0,98,97,43.5,8,-4.6,13.3,0.987,23.7,12.5,-3.2,58.5,13.9,1843,16.89,14.5,13.121,9,92.2,19.6
699.0,87,569.6,17.4,4.1,100.0,98,95,63.4,8,-1.8,19.8,0.995,18.0,12.2,1.5,46.2,8.6,1814,5.74,2.0,13.137,9,94.7,9.0
702.0,87,569.6,17.2,0.0,100.0,97,94,63.0,8,-0.8,22.4,0.992,13.5,18.4,0.8,81.6,18.4,1862,17.88,10.7,13.125,9,94.3,12.8
705.0,87,572.0,19.7,0.0,100.0,98,96,66.7,8,-0.8,22.4,0.996,20.5,15.1,1.9,68.1,16.8,1821,18.45,13.7,13.120,9,93.7,18.1
708.0,87,572.0,22.4,0.0,100.0,98,96,70.8,8,-0.8,23.9,0.997,15.6,17.1,2.0,71.9,17.8,1897,19.59,15.8,13.120,9,93.1,19.7
711.0,87,575.0,26.4,0.0,100.0,98,96,72.6,8,-0.8,26.0,0.994,11.9,20.5,2.1,82.7,20.4,2072,23.58,20.8,13.120,9,89.8,26.3
714.0,87,578.1,27.3,0.0,100.0,98,97,72.7,8,-0.8,27.3,0.988,13.0,22.0,3.9,83.9,22.0,2275,25.25,19.6,13.120,9,89.8,26.3
717.0,87,581.2,26.2,0.0,100.0,98,98,72.3,8,-0.8,25.6,0.992,13.5,20.8,2.3,83.3,21.4,2204,25.08,20.9,13.120,9,89.8,26.1
720.0,87,584.4,25.8,0.0,100.0,98,98,72.8,8,-0.8,27.8,0.996,13.2,21.5,2.3,83.6,21.0,2200,24.83,21.4,13.089,9,89.8,25.9
723.0,87,588.0,24.7,0.0,100.0,98,98,72.0,8,-0.8,27.1,0.821,12.4,21.6,1.7,84.1,20.8,2205,24.68,21.3,13.040,9,89.8,25.9
726.0,87,589.8,24.5,5.8,100.0,98,98,71.4,8,-0.8,24.8,0.508,11.0,20.8,0.0,84.7,20.8,2126,24.81,22.0,13.040,9,89.8,25.9
729.0,87,592.0,24.3,14.0,100.0,98,98,71.3,8,-0.8,24.7,0.850,12.5,20.3,0.0,83.9,20.6,2125,24.47,21.6,13.065,9,89.9,25.7
732.0,87,595.2,24.6,9.5,100.0,98,98,71.0,8,-0.8,24.9,1.003,13.3,20.1,0.3,83.4,20.4,2122,24.07,20.9,13.111,9,90.2,24.7
735.0,87,596.0,26.0,3.8,100.0,98,97,71.1,8,-0.8,25.6,0.997,13.1,20.6,1.0,84.3,20.4,2112,24.34,21.2,13.040,9,89.9,25.5
738.0,87,597.3,25.0,0.0,100.0,98,96,72.2,8,-0.8,27.5,0.991,14.0,22.0,3.1,84.3,22.0,2203,25.33,22.0,13.090,9,84.9,21.1
741.0,87,600.3,20.6,0.0,100.0,98,94,72.8,8,-0.8,27.5,0.990,10.7,22.2,2.2,86.2,22.4,2146,25.24,24.2,13.120,9,82.3,20.0
744.0,87,604.0,33.3,0.0,100.0,98,94,75.3,8,-0.8,31.0,0.995,9.8,23.9,1.1,88.8,23.8,2141,25.69,27.4,13.108,9,88.1,33.3
747.0,87,606.4,35.1,0.0,100.0,98,94,76.3,8,-1.1,33.0,1.001,11.1,26.1,0.0,90.8,26.7,2412,29.36,30.6,13.040,9,86.7,36.5
750.0,87,610.6,35.5,0.0,100.0,98,94,75.3,8,-1.6,30.3,1.002,11.5,24.7,0.0,87.8,25.1,2425,29.09,28.1,13.089,9,87.1,35.0
753.0,87,616.3,32.9,0.0,100.0,98,94,75.2,8,-1.6,33.3,1.000,11.8,25.4,-0.5,88.9,25.5,2438,29.11,27.6,13.091,9,87.5,33.6
756.0,87,620.0,34.5,9.8,100.0,98,95,75.8,8,-1.6,32.9,0.999,12.0,24.6,-0.8,88.0,24.7,2389,28.37,28.6,13.040,9,85.0,34.5
759.0,87,622.5,33.3,5.3,100.0,98,96,74.9,8,-1.3,31.3,1.001,12.3,22.5,-0.5,84.1,21.8,2216,25.49,26.7,13.040,9,0.1,32.5
762.0,87,624.0,31.9,0.0,100.0,98,96,73.2,8,-0.8,28.9,1.010,13.5,23.1,1.6,86.3,24.7,2350,27.58,25.6,13.091,9,0.0,31.2
765.0,87,624.4,30.7,0.0,100.0,98,96,75.2,8,-0.8,32.9,1.003,12.2,24.8,-0.7,88.1,25.4,2389,28.78,26.6,13.088,9,0.0,30.8
768.0,87,628.0,33.7,3.5,100.0,98,96,75.3,8,-0.8,32.7,1.000,11.7,25.7,-1.4,88.9,25.9,2425,29.26,28.5,13.040,10,4.1,33.7
771.0,87,630.6,33.4,5.0,100.0,98,96,75.3,8,-0.8,32.6,0.997,12.0,25.6,0.0,87.9,25.9,2425,29.06,28.2,13.040,10,87.5,33.3
774.0,87,633.8,34.0,3.6,100.0,98,96,75.5,8,-0.9,33.2,0.997,12.0,25.9,0.0,88.6,25.9,2425,29.23,29.0,13.040,10,87.7,33.8
777.0,87,636.0,35.3,0.0,100.0,98,96,76.1,8,-1.6,35.7,1.000,12.0,27.2,0.0,88.6,27.3,2433,29.37,30.8,13.040,10,87.7,35.2
780.0,87,636.0,36.9,0.0,100.0,98,96,76.8,8,-1.6,36.5,1.001,12.0,27.7,0.0,88.6,28.0,2443,29.47,31.8,13.040,10,87.5,36.6
783.0,87,639.1,34.2,0.6,100.0,98,96,72.0,8,-1.2,26.3,1.001,16.2,23.2,-0.5,79.0,24.8,2304,27.29,29.6,13.045,10,87.5,35.3
786.0,87,637.8,26.5,0.4,100.0,98,95,67.4,8,-0.8,15.3,0.999,23.1,14.2,-1.5,54.5,14.5,1787,16.70,14.5,13.120,10,92.5,22.6
789.0,87,634.6,22.8,0.0,100.0,97,94,66.7,8,-0.8,20.6,0.997,16.5,19.2,0.0,81.6,18.7,1876,19.85,18.1,13.120,10,92.5,21.9
792.0,87,632.0,28.0,1.8,100.0,97,94,72.9,8,-0.8,27.8,0.997,14.6,21.2,1.6,83.1,21.4,2116,23.79,21.8,13.081,10,90.3,26.4
795.0,87,631.6,22.7,13.0,100.0,97,99,31.3,8,-5.0,13.0,0.380,-0.1,10.2,1.1,51.2,12.4,2080,17.75,16.2,13.040,10,69.6,23.6
798.0,87,620.0,5.1,3.2,100.0,98,97,16.0,8,-7.0,5.3,0.491,5.3,1.9,2.0,17.5,2.1,1822,5.39,1.0,13.024,10,0.5,5.1
801.0,87,607.8,5.1,0.0,100.0,98,97,13.8,8,-7.0,5.4,0.827,23.8,4.6,5.4,20.2,7.2,1819,9.55,5.1,12.880,10,20.9,5.1
804.0,87,590.1,5.1,0.0,100.0,98,99,13.2,8,-7.0,5.2,0.000,-11.5,0.0,0.0,15.3,0.0,1962,5.47,1.9,13.048,11,8.7,5.1
807.0,87,572.2,5.2,0.0,100.0,98,102,12.5,8,-7.0,5.9,0.001,-9.9,0.0,0.0,16.2,0.0,2062,5.06,0.6,13.120,11,0.0,5.4
810.0,87,559.1,5.9,0.0,100.0,98,94,14.4,8,-7.0,6.2,0.000,-8.1,0.0,0.0,17.9,0.0,2112,5.62,0.5,13.120,11,0.0,5.9
813.0,86,540.1,5.9,0.0,100.0,98,90,14.4,8,-7.0,6.1,0.000,-7.7,0.0,0.0,18.3,0.0,2128,5.79,0.8,13.124,11,0.0,5.9
816.0,85,525.9,5.7,0.0,100.0,98,89,13.5,8,-7.0,5.8,0.000,-9.2,0.0,0.0,15.6,0.0,2187,5.12,0.8,13.176,11,0.0,5.6
819.0,85,508.7,5.4,0.0,100.0,98,90,12.4,8,-7.0,5.5,0.000,-10.0,0.0,0.0,14.2,0.0,2200,4.74,0.5,13.088,11,0.0,5.3
822.0,85,493.1,5.1,0.0,100.0,98,92,11.8,8,-7.0,5.5,0.000,-9.7,0.0,0.0,14.1,0.0,2200,4.62,0.4,13.007,11,0.0,5.1
825.0,84,476.1,5.1,0.0,100.0,99,91,11.8,8,-7.0,5.3,0.000,-9.7,0.0,0.0,14.0,0.0,2200,4.64,0.4,12.975,11,0.0,5.1
828.0,84,465.4,5.1,0.0,100.0,99,91,11.8,8,-7.0,5.1,0.000,-9.9,0.0,0.0,13.7,0.0,2201,4.60,0.4,13.040,11,0.1,5.1
831.0,84,453.1,5.1,2.2,100.0,99,93,11.8,8,-7.0,5.1,0.000,-9.5,0.0,0.0,13.7,0.0,2225,4.65,0.4,13.040,11,0.0,5.1
834.0,84,439.8,5.1,5.1,100.0,99,96,11.8,8,-7.0,5.5,0.001,-9.5,0.0,0.0,13.7,0.0,2249,4.68,0.4,13.081,11,0.0,5.3
837.0,84,424.0,5.1,0.0,100.0,99,98,11.8,8,-7.0,5.5,0.000,-9.5,0.0,0.0,13.7,0.0,2241,4.65,0.5,13.098,11,0.0,5.4
840.0,84,408.3,5.1,0.0,100.0,99,91,11.8,8,-7.0,5.3,0.000,2.9,1.4,0.9,14.3,0.9,2184,4.62,0.8,13.042,11,0.0,5.1
843.0,84,405.8,5.1,0.0,100.0,99,87,11.8,8,-7.0,5.1,0.000,20.3,3.9,2.9,15.6,3.8,2050,5.03,0.4,13.120,12,0.0,5.1
846.0,84,398.5,5.1,0.0,100.0,99,90,11.8,8,-7.0,5.1,0.000,-10.5,0.0,0.0,12.9,0.0,2147,4.63,0.4,13.120,12,0.0,5.1
849.0,84,386.9,5.2,0.0,100.0,99,90,11.8,8,-7.0,5.9,0.000,-9.8,0.0,0.0,15.0,0.0,2138,4.99,0.4,13.084,12,0.0,5.4
852.0,84,380.0,6.3,0.0,100.0,99,90,16.3,8,-7.0,5.7,0.522,-9.8,0.0,0.0,15.2,0.0,2122,5.15,0.4,13.075,12,0.0,5.9
855.0,84,371.7,5.5,0.0,100.0,99,92,14.9,8,-7.0,5.5,0.556,-9.7,0.0,0.0,13.9,0.0,2158,4.69,0.4,13.196,12,0.0,5.5
858.0,84,362.4,5.1,0.0,100.0,99,94,11.8,8,-7.0,5.5,0.000,-9.0,0.0,0.0,13.3,0.0,2275,4.79,0.4,13.138,12,0.0,5.5
861.0,84,352.9,5.1,0.0,100.0,99,94,11.8,8,-7.0,5.5,0.000,-9.0,0.0,0.0,13.4,0.0,2275,4.77,0.4,13.120,12,0.0,5.5
864.0,84,343.9,5.1,0.0,100.0,99,98,11.8,8,-7.0,5.5,0.000,-9.0,0.0,0.0,13.3,0.0,2275,4.77,0.4,13.120,12,0.0,5.4
867.0,84,332.3,5.1,0.0,100.0,99,96,11.3,8,-7.0,5.3,0.000,-9.4,0.0,0.0,13.3,0.0,2253,4.71,0.4,13.113,12,0.0,5.1
870.0,84,323.5,5.1,0.0,100.0,99,89,11.3,8,-7.0,5.1,0.000,-10.1,0.0,0.0,13.3,0.1,2187,4.52,0.4,13.040,12,0.1,5.1
873.0,84,316.0,5.5,0.0,100.0,100,80,11.9,8,-7.0,5.1,0.000,-11.0,0.0,0.0,13.4,2.4,2112,4.69,1.4,13.089,12,0.0,5.5
876.0,83,315.6,6.7,0.0,100.0,99,84,12.5,8,-7.0,5.1,0.000,-12.0,0.0,0.0,13.3,1.1,2106,4.58,1.3,13.120,12,1.9,5.7
879.0,83,312.2,5.9,0.0,100.0,100,87,13.5,8,-7.0,5.5,0.000,-11.1,0.0,0.0,14.1,0.0,2128,4.66,0.4,13.120,12,6.4,5.1
882.0,83,302.3,5.7,0.0,100.0,100,90,13.3,8,-7.0,5.8,0.000,-9.1,0.0,0.0,15.5,0.0,2139,5.46,0.4,13.120,12,0.1,5.9
885.0,83,293.3,5.4,0.0,100.0,100,92,11.8,8,-7.0,5.5,0.000,-9.5,0.0,0.0,13.4,0.0,2237,4.88,0.4,13.073,12,0.0,5.5
888.0,83,287.7,5.1,0.0,100.0,100,94,11.8,8,-7.0,5.5,0.000,-9.2,0.0,0.0,13.3,0.0,2248,4.63,0.5,13.064,12,1.7,5.3
891.0,83,284.3,3.9,6.3,100.0,100,96,11.8,8,-7.0,5.3,0.000,-9.8,0.0,0.0,13.3,0.0,2229,4.57,0.8,13.120,12,7.5,6.3
894.0,83,279.6,4.5,4.6,100.0,100,99,11.5,8,-7.0,5.2,0.000,-11.1,0.0,0.0,13.3,0.0,2100,4.23,0.4,13.120,12,2.2,5.5
897.0,83,272.0,5.1,0.0,100.0,100,100,11.1,8,-7.0,5.5,0.000,-8.5,0.0,0.0,13.4,0.0,2253,4.62,0.4,13.120,11,0.0,5.3
900.0,83,262.9,5.1,0.0,100.0,100,102,11.8,8,-7.0,5.5,0.000,-8.8,0.0,0.0,13.3,0.0,2281,4.72,0.4,13.127,11,0.0,5.4
903.0,83,256.2,4.7,0.0,100.0,100,98,11.8,8,-7.0,5.0,0.000,-10.5,0.0,0.0,14.0,0.0,2128,4.59,0.4,13.134,11,0.0,5.1
906.0,83,250.5,5.0,9.4,100.0,100,95,12.9,8,-7.6,4.9,0.000,-11.6,0.0,0.0,15.4,0.0,1768,4.32,0.4,13.120,11,0.0,5.1
909.0,83,244.0,5.1,8.2,100.0,100,93,14.1,8,-8.6,5.1,0.000,-10.4,0.0,0.0,16.1,0.0,1712,4.36,0.4,13.120,11,0.0,5.1
912.0,83,238.7,5.1,0.0,100.0,100,90,14.2,8,-8.6,5.1,0.000,-10.0,0.0,0.0,17.0,0.3,1684,4.36,0.4,13.120,11,0.0,5.3
915.0,83,235.0,5.2,0.0,100.0,100,88,14.9,8,-8.6,5.4,0.000,-8.7,0.0,0.0,19.2,0.2,1648,4.86,0.4,13.120,11,0.0,5.5
918.0,83,228.2,5.9,0.0,100.0,100,87,18.0,8,-8.6,5.7,0.591,11.8,3.0,3.0,24.2,2.6,1613,5.99,1.0,13.109,11,3.2,5.6
921.0,82,228.0,9.3,57.5,100.0,99,86,32.4,8,-6.1,8.3,1.083,32.5,8.3,5.9,34.6,8.4,1597,8.06,3.5,13.040,11,57.6,8.6
924.0,82,239.5,12.9,52.2,100.0,99,87,50.4,8,-2.3,12.5,1.009,24.0,12.9,-3.0,60.4,12.9,1712,14.57,7.9,13.129,11,83.3,12.4
927.0,82,255.9,14.3,0.0,100.0,99,90,57.5,8,-2.3,12.5,0.986,23.5,12.9,3.1,59.8,12.9,1746,14.23,8.6,13.138,11,91.9,11.0
930.0,82,268.3,10.2,0.0,100.0,100,92,47.8,8,-2.3,13.6,0.995,22.6,13.4,1.8,61.4,13.3,1780,14.66,7.2,13.097,11,88.7,6.3
933.0,82,284.3,6.3,0.0,100.0,100,93,27.6,8,-5.6,10.4,0.991,28.4,10.3,2.6,50.4,9.9,1778,13.24,4.6,13.040,11,92.2,6.3
936.0,82,281.6,5.1,0.0,100.0,100,92,14.1,8,-8.6,6.0,0.748,30.6,3.7,5.5,21.2,0.0,1711,4.45,0.8,13.040,11,19.6,5.4
939.0,82,276.7,5.1,0.0,100.0,100,90,14.3,8,-8.6,5.1,0.000,-10.0,0.0,0.0,16.5,0.0,1676,4.35,0.5,13.097,11,0.0,5.1
942.0,82,270.1,5.7,3.5,100.0,100,88,14.9,8,-8.6,5.1,0.000,-10.0,0.0,0.0,16.8,0.0,1675,4.30,0.6,13.120,11,0.0,5.1
945.0,82,265.0,7.9,19.2,100.0,100,90,38.4,8,-3.8,10.5,0.619,11.3,8.0,1.8,41.0,6.8,1725,9.13,4.2,13.089,11,28.8,7.2
948.0,82,280.1,12.9,3.3,100.0,99,94,48.1,8,-2.3,8.4,0.940,19.7,7.2,3.8,43.3,8.2,1775,11.37,7.0,13.069,11,82.9,12.1
951.0,82,282.9,9.3,18.1,100.0,100,95,34.7,8,-4.9,5.3,0.642,8.9,0.0,3.6,16.6,0.0,1766,4.31,0.8,13.175,11,0.0,5.1
954.0,82,282.0,6.8,17.7,100.0,100,91,18.4,8,-8.6,5.6,0.000,-8.3,0.0,0.0,18.4,0.0,1712,4.99,0.4,13.040,11,0.0,5.4
957.0,82,277.2,5.8,0.0,100.0,101,82,19.6,8,-8.6,6.3,0.001,-6.0,0.0,0.0,20.4,0.0,1721,5.20,0.4,13.081,11,0.0,5.5
960.0,82,268.1,5.5,0.0,100.0,101,70,21.4,8,-8.6,7.1,0.536,17.9,3.7,3.1,28.9,3.4,1563,6.78,2.0,13.120,11,3.5,6.1
963.0,82,270.9,7.7,0.0,100.0,100,71,22.4,8,-6.0,8.4,0.927,32.2,8.8,3.7,44.7,9.2,1356,10.20,6.5,13.118,11,22.4,9.8
966.0,82,277.6,7.9,0.0,100.0,100,74,34.1,8,-2.3,11.0,1.007,19.6,13.4,-3.9,69.8,14.9,1512,15.68,10.2,13.040,11,72.1,11.4
969.0,82,290.3,11.2,0.0,100.0,100,78,63.0,8,-2.3,18.8,1.003,12.5,17.3,-1.6,77.2,17.3,1646,18.01,16.2,13.040,11,93.4,18.6
972.0,83,312.8,28.6,0.0,100.0,100,84,77.5,8,-1.2,25.6,1.002,11.3,20.6,0.5,84.2,20.9,1967,23.07,22.6,13.063,11,90.4,28.4
975.0,83,344.2,32.9,0.0,100.0,100,90,78.5,8,-1.2,29.9,0.999,11.1,22.8,1.1,87.7,23.1,2272,28.25,25.2,13.120,11,88.2,31.0
978.0,84,357.7,28.7,14.5,100.0,100,96,77.8,8,-1.4,30.3,0.998,11.7,22.4,0.2,86.5,22.0,2262,27.14,23.1,13.120,11,89.1,28.0
981.0,84,377.6,22.1,27.2,100.0,100,101,74.7,8,-0.8,26.9,1.004,10.0,22.4,1.6,84.3,21.6,2250,26.82,21.9,13.120,11,91.3,22.2
984.0,85,397.5,15.3,21.8,100.0,99,106,70.6,8,-0.8,22.7,1.008,12.7,19.8,0.1,81.6,20.1,2167,24.94,19.7,13.090,11,92.9,18.4
987.0,87,412.1,24.7,0.0,100.0,100,107,39.7,8,-4.5,16.8,0.998,17.3,17.6,-1.4,76.7,18.0,2079,22.21,17.0,13.040,11,92.9,20.7
990.0,87,422.6,20.8,5.2,100.0,99,109,34.0,8,-5.2,9.9,0.990,12.3,13.6,-1.8,62.7,14.3,2058,19.14,14.5,13.040,11,92.9,18.8
993.0,87,426.3,13.5,5.7,100.0,100,109,40.1,8,-3.1,5.6,0.878,-10.9,4.3,0.0,15.3,0.0,2025,5.34,3.6,13.098,11,38.2,11.3
996.0,87,421.6,5.8,0.0,100.0,101,106,15.7,8,-7.0,5.9,0.001,-8.0,0.0,0.0,17.4,0.0,1938,5.59,0.6,13.080,11,0.0,5.5
999.0,87,412.0,5.5,0.0,100.0,101,100,15.7,8,-7.0,5.6,0.000,-8.8,0.0,0.0,17.9,1.7,1868,5.72,1.0,13.040,11,0.0,5.4
1002.0,87,406.4,5.2,0.0,100.0,101,97,14.5,8,-7.0,5.7,0.404,1.1,0.0,2.8,17.3,3.9,1834,5.53,1.6,13.040,11,0.0,5.1
1005.0,86,400.3,5.8,44.2,100.0,101,97,15.9,8,-7.0,4.9,1.103,30.0,0.0,13.3,17.3,1.6,1812,4.49,0.7,13.098,11,4.3,5.6
1008.0,86,396.0,6.3,86.3,100.0,100,98,23.3,8,-7.0,0.4,1.013,8.0,0.0,3.1,15.8,0.5,1821,4.44,0.4,13.077,11,4.7,5.7
1011.0,86,395.6,5.1,0.0,100.0,101,98,15.7,8,-7.0,4.0,0.919,18.6,3.5,0.0,17.1,0.0,1825,4.48,0.6,13.070,11,1.7,5.4
1014.0,86,392.1,5.1,0.0,100.0,101,98,14.1,8,-7.0,5.1,0.431,7.6,3.1,0.0,17.2,0.0,1817,4.48,0.7,13.106,11,0.0,5.1
1017.0,86,381.6,5.1,0.0,100.0,101,92,14.0,8,-7.6,5.1,0.000,-11.3,0.0,0.0,15.7,0.8,1784,4.43,0.4,13.040,11,0.1,5.1
1020.0,86,374.3,5.6,0.0,100.0,101,86,21.8,8,-7.6,6.0,0.082,-9.4,0.0,0.0,17.6,5.9,1637,5.72,3.3,13.097,11,37.1,9.8
1023.0,86,374.6,6.8,3.6,100.0,100,86,44.3,8,-2.3,12.9,1.013,30.0,11.0,-1.7,41.9,5.9,1677,9.86,6.2,13.137,11,73.1,12.9
1026.0,86,384.0,9.0,23.5,100.0,100,90,27.5,8,-2.3,9.6,1.005,33.2,9.7,-1.5,43.9,8.4,1705,12.52,8.1,13.130,11,95.3,12.9
1029.0,86,390.0,12.9,8.0,100.0,99,92,29.1,8,-2.3,8.7,0.998,31.7,6.0,0.6,31.7,10.7,1723,11.39,7.7,13.046,11,95.3,12.5
1032.0,86,392.0,13.9,15.9,100.0,99,95,36.4,8,-2.3,10.3,0.994,24.2,1.0,4.6,18.0,6.3,1775,6.90,6.3,13.120,11,69.0,11.5
1035.0,86,396.7,14.5,27.8,100.0,99,97,52.9,8,-2.3,14.5,0.993,21.5,14.1,0.8,53.4,11.8,1846,13.51,8.5,13.072,11,74.4,13.7
1038.0,86,409.1,17.9,0.0,100.0,100,102,59.6,8,-2.3,16.0,1.002,22.2,13.9,0.8,61.8,13.5,1912,16.31,9.8,13.070,11,93.8,16.7
1041.0,86,420.1,14.9,1.4,100.0,99,105,55.2,8,-2.3,12.0,1.001,29.1,12.0,-0.1,50.5,11.9,1968,14.18,8.8,13.109,11,92.2,14.6
1044.0,86,420.0,9.1,0.8,100.0,100,107,35.6,8,-3.9,6.9,0.716,27.8,7.7,-1.4,29.1,8.1,2017,8.64,3.9,13.040,11,56.9,4.7
1047.0,86,415.1,5.5,30.0,100.0,101,108,13.0,8,-7.0,5.3,0.058,-11.5,0.0,0.0,13.3,0.0,2087,4.37,1.7,13.093,11,23.3,5.2
1050.0,86,407.4,6.2,84.5,100.0,101,108,18.0,8,-7.0,6.7,0.884,26.5,4.0,5.9,19.1,3.5,2057,5.53,0.4,13.083,11,0.0,5.4
1053.0,86,404.0,5.1,0.0,100.0,101,110,13.3,8,-7.0,5.6,0.327,12.3,2.7,4.4,17.8,4.2,2097,5.76,0.6,13.062,11,4.2,5.7
1056.0,86,400.8,5.1,0.0,100.0,101,109,11.8,8,-7.0,5.1,0.000,-10.7,0.0,0.0,12.9,1.8,2177,4.57,1.8,13.114,12,22.4,8.6
1059.0,86,390.8,5.1,0.0,100.0,101,107,11.8,8,-7.0,5.1,0.000,-11.1,0.0,0.0,12.9,0.0,2137,4.40,0.4,13.040,12,5.4,6.1
1062.0,86,379.0,5.1,0.0,100.0,102,106,11.8,8,-7.0,5.1,0.000,-11.5,0.0,0.0,13.4,0.0,2112,4.36,0.4,13.086,12,0.0,5.1
1065.0,86,368.2,5.1,0.0,100.0,102,102,11.8,8,-7.0,5.1,0.000,10.8,3.0,2.4,15.2,3.5,2015,5.64,2.1,13.120,12,19.4,6.6
1068.0,85,372.2,13.0,11.0,100.0,101,102,40.2,8,-4.7,11.3,0.424,24.2,9.0,2.9,32.1,10.0,1953,10.15,6.3,13.118,12,95.3,13.3
1071.0,85,380.9,17.7,11.5,100.0,100,103,62.0,8,-2.3,17.5,1.008,19.4,16.8,-1.4,75.8,17.4,2172,23.29,16.9,13.040,12,92.4,19.0
1074.0,85,393.7,18.8,4.9,100.0,100,107,58.0,8,-2.3,13.3,1.002,21.5,16.1,0.0,71.8,13.7,2037,18.34,12.0,13.090,12,92.4,19.4
1077.0,85,406.6,16.7,5.4,100.0,100,110,51.0,8,-2.3,16.0,0.998,21.1,15.5,0.0,68.5,14.7,2066,18.08,10.7,13.087,12,93.4,17.3
1080.0,85,420.0,12.9,51.8,100.0,100,110,25.2,8,-5.2,9.8,0.438,4.3,7.9,0.0,43.8,9.2,2059,14.62,9.1,13.004,12,79.7,15.1
1083.0,85,411.6,7.7,19.0,100.0,101,108,13.4,8,-7.0,5.1,0.000,-11.6,0.0,0.0,14.1,0.0,2006,4.43,0.4,12.880,12,0.0,4.7
1086.0,85,402.0,5.1,0.0,100.0,102,105,12.5,8,-7.0,5.1,0.000,-12.0,0.0,0.0,14.1,0.0,1937,4.36,0.4,13.066,12,0.0,5.0
1089.0,85,394.8,5.7,24.7,100.0,102,102,15.1,8,-6.9,5.1,0.000,-11.5,0.0,0.0,14.4,0.0,1901,4.38,1.2,13.120,12,10.6,6.5
1092.0,85,393.4,8.8,105.3,100.0,100,100,46.3,8,-2.3,12.2,0.766,11.1,9.9,-1.3,44.5,8.3,1968,11.51,6.9,13.120,12,39.7,11.7
1095.0,85,408.2,27.8,0.0,100.0,101,101,64.0,8,-1.5,21.5,1.006,18.5,18.6,-1.8,75.0,17.9,2144,21.90,16.1,13.109,12,90.2,23.9
1098.0,85,422.2,29.9,4.9,100.0,101,103,76.7,8,-1.2,26.7,0.999,11.8,22.9,-0.9,89.3,23.9,2437,30.84,26.7,13.040,12,86.7,29.8
1101.0,85,440.3,30.5,8.8,100.0,101,104,76.1,8,-2.3,16.9,0.998,14.0,20.4,-2.3,83.9,20.9,2105,25.22,21.9,13.086,12,88.8,28.2
1104.0,85,453.0,25.3,0.1,100.0,101,102,76.1,8,-1.1,25.2,0.996,10.6,21.4,0.1,85.1,21.4,2080,24.54,20.9,13.089,12,90.3,24.5
1107.0,86,464.0,28.6,5.2,100.0,101,101,76.1,8,-0.8,29.2,1.000,10.0,22.9,1.3,86.4,23.0,2221,27.18,24.4,13.068,12,88.5,28.4
1110.0,86,477.4,29.6,2.0,100.0,101,99,76.8,8,-0.8,30.3,1.004,11.1,24.1,0.4,87.2,24.1,2351,29.10,25.9,13.176,12,87.8,30.2
1113.0,86,492.8,31.5,0.0,100.0,101,99,77.8,8,-0.9,31.0,1.001,11.5,24.7,-0.8,87.8,25.1,2450,30.64,27.5,13.133,12,87.1,31.9
1116.0,87,507.1,34.0,1.4,100.0,101,100,78.4,8,-1.6,34.1,0.998,12.0,26.3,-0.8,89.0,26.3,2486,31.11,29.4,13.119,12,86.7,34.3
1119.0,87,517.5,36.0,7.1,100.0,101,102,77.6,8,-1.6,35.9,0.999,12.0,26.8,-0.8,89.2,27.1,2513,31.55,31.1,13.120,12,86.7,36.3
1122.0,87,532.1,28.6,10.5,100.0,101,103,75.7,8,-1.6,32.4,0.999,12.0,23.9,-0.5,84.5,24.4,2379,29.56,29.3,13.120,12,86.1,36.9
1125.0,87,536.3,21.8,16.6,100.0,101,105,67.2,8,-1.8,24.9,0.997,13.7,18.6,0.2,74.2,17.2,1987,22.59,18.8,13.120,14,73.3,25.2
1128.0,87,540.0,14.9,21.0,100.0,100,106,52.9,8,-2.3,14.9,0.999,22.5,14.5,1.6,61.2,14.5,2000,18.73,13.7,13.071,14,83.7,17.8
1131.0,87,539.2,14.8,15.4,100.0,100,106,48.6,8,-2.3,10.5,0.997,31.7,5.0,0.6,35.2,6.3,1980,10.60,6.6,13.071,14,69.9,13.1
1134.0,87,532.0,12.5,129.9,100.0,100,105,53.9,8,-2.3,14.4,1.003,28.0,7.2,-0.9,37.7,6.0,1978,8.94,3.8,13.106,14,12.7,8.1
1137.0,87,534.6,16.4,54.8,100.0,100,105,59.5,8,-2.3,18.4,1.003,18.8,16.5,-1.7,71.1,16.9,2012,20.13,14.1,13.040,14,92.9,19.6
1140.0,87,537.7,17.6,0.5,100.0,100,106,62.1,8,-2.3,17.6,0.993,18.0,16.5,1.6,71.4,16.9,2012,19.83,12.2,13.040,14,93.4,17.4
1143.0,87,540.0,15.3,2.3,100.0,100,106,56.5,8,-2.3,5.9,0.999,30.4,11.2,-0.0,44.3,12.7,1975,14.50,8.9,13.074,14,94.2,14.7
1146.0,87,540.0,13.3,23.5,100.0,99,103,53.1,8,-2.3,11.3,0.996,28.9,11.4,-0.1,42.6,11.9,1950,12.42,7.1,13.120,14,95.1,12.7
1149.0,87,540.0,16.9,7.5,100.0,100,103,56.9,8,-2.3,13.7,0.994,23.8,13.9,1.0,59.6,14.4,1957,16.63,10.6,13.120,14,93.7,15.3
1152.0,87,540.0,16.5,2.7,100.0,100,105,58.9,8,-2.3,12.9,0.997,25.4,13.3,1.5,54.2,13.7,2000,15.71,9.8,13.120,14,94.0,14.5
1155.0,87,540.0,13.3,10.2,100.0,99,108,50.3,8,-2.3,14.9,1.011,24.5,12.9,-0.8,42.0,9.9,2054,10.82,6.5,13.075,15,94.7,11.8
1158.0,87,540.0,9.7,26.2,100.0,99,112,40.8,8,-2.3,14.3,1.005,24.2,14.1,-0.3,52.2,12.0,2132,13.21,6.9,13.069,15,94.8,10.7
1161.0,87,540.0,17.3,5.8,100.0,100,115,52.2,8,-2.3,13.3,0.995,25.7,14.1,0.9,56.1,14.2,2202,17.48,9.1,13.120,15,93.4,15.9
1164.0,87,540.0,15.3,0.0,100.0,100,117,53.1,8,-2.3,12.8,0.989,27.8,13.0,2.0,49.3,13.0,2241,15.72,1.6,13.120,15,94.9,12.2
1167.0,87,541.4,14.5,6.7,100.0,99,118,40.2,8,-2.6,13.4,0.998,27.0,13.3,0.0,51.8,13.7,2325,17.02,7.1,13.068,15,94.0,15.5
1170.0,87,543.6,16.2,27.0,100.0,100,120,12.5,8,-7.0,6.3,0.986,32.7,12.6,1.9,44.3,13.2,2298,16.61,9.2,13.071,15,93.4,17.0
1173.0,86,540.0,10.2,37.1,100.0,99,120,26.0,8,-4.2,8.8,0.997,34.6,12.5,1.3,42.2,12.9,2279,16.12,8.9,13.092,15,93.7,13.3
1176.0,86,540.0,12.3,17.0,100.0,99,119,34.4,8,-2.3,8.6,1.004,21.3,11.2,-1.2,41.6,13.0,2277,16.13,8.9,12.963,15,93.7,13.3
1179.0,86,540.0,17.1,5.2,100.0,99,117,43.9,8,-2.0,8.6,0.998,-7.0,7.2,-0.0,18.7,13.3,2212,18.71,15.3,13.120,15,92.0,18.8
1182.0,86,540.0,17.3,5.9,100.0,100,114,62.8,8,-0.9,21.2,0.993,18.5,18.4,-0.8,76.5,16.8,2212,20.89,7.7,13.120,15,92.4,19.3
1185.0,86,540.6,11.0,7.1,100.0,100,112,58.0,8,-2.3,20.8,1.000,17.4,18.1,-1.3,63.8,14.9,2151,19.37,9.2,13.120,15,92.6,18.4
1188.0,86,544.0,23.5,0.0,100.0,100,111,67.3,8,-1.4,23.8,0.994,15.6,19.2,-0.1,64.9,14.1,2147,17.50,15.2,13.104,15,91.0,21.3
1191.0,86,546.7,23.5,0.5,100.0,100,110,71.2,8,-0.8,24.9,0.990,14.9,19.8,2.2,79.6,16.5,2233,18.17,11.0,13.040,15,91.0,23.5
1194.0,86,549.9,19.8,0.5,100.0,100,110,65.9,8,-1.1,21.8,0.995,18.1,16.4,1.6,71.8,16.5,2087,18.94,9.8,13.103,15,93.1,16.6
1197.0,86,552.0,16.0,0.0,100.0,100,110,53.4,8,-2.3,14.9,0.997,25.0,13.7,2.3,58.0,13.8,2087,16.45,9.8,13.073,15,46.3,13.8
1200.0,86,552.0,18.1,0.0,100.0,101,112,58.0,8,-2.3,17.2,0.998,22.3,15.2,1.4,61.5,14.7,2119,17.72,11.6,13.040,15,0.0,15.8
1203.0,86,552.0,20.0,0.0,100.0,101,113,62.4,8,-1.4,21.5,0.999,17.7,17.9,0.4,72.0,17.7,2174,21.79,15.6,13.055,15,0.0,18.9
1206.0,86,557.8,24.4,0.0,100.0,101,115,68.0,8,-0.8,24.5,0.999,14.7,20.1,0.4,79.6,20.1,2219,25.20,21.1,13.120,15,0.0,25.9
1209.0,86,562.0,24.4,0.0,100.0,101,116,70.2,8,-0.8,25.2,1.000,15.1,20.4,1.6,78.0,18.8,2187,23.83,17.3,13.120,15,65.5,21.6
1212.0,86,564.0,21.7,0.0,100.0,100,116,66.9,8,-0.8,23.9,1.002,15.5,20.0,0.8,78.4,19.7,2205,24.32,18.5,13.120,15,92.0,20.0
1215.0,86,564.4,19.4,1.2,100.0,100,118,59.6,8,-0.8,19.8,1.003,19.1,18.5,-0.1,75.5,18.9,2237,24.07,18.1,13.120,15,91.7,20.4
1218.0,86,568.0,17.6,31.5,100.0,100,121,59.6,8,-1.6,19.0,1.003,21.2,17.5,-0.5,72.3,17.8,2283,23.32,16.3,13.120,15,91.3,20.5
1221.0,86,568.0,20.7,14.3,100.0,100,124,62.7,8,-1.9,20.4,1.002,21.1,17.6,-0.2,70.6,17.3,2350,22.39,15.3,13.120,15,89.8,23.1
1224.0,86,569.5,17.7,0.0,100.0,100,126,65.4,8,-0.9,22.5,0.999,19.5,19.2,-1.6,76.9,18.8,2390,24.43,16.1,13.067,15,90.7,20.1
1227.0,86,571.2,7.9,2.2,100.0,101,124,46.3,8,-2.3,15.7,0.990,23.6,16.1,1.6,64.8,16.3,2347,21.78,14.0,13.076,15,92.1,16.9
1230.0,86,568.0,14.9,21.0,100.0,100,121,42.8,8,-2.3,11.6,0.993,31.6,12.2,2.0,46.4,12.8,2278,16.08,9.6,13.100,15,93.4,15.7
1233.0,86,568.0,13.7,6.4,100.0,99,118,42.9,8,-2.3,11.2,0.997,33.5,10.8,1.7,37.6,10.7,2220,11.51,5.5,13.040,15,94.1,12.9
1236.0,86,565.8,14.5,0.0,100.0,99,116,43.6,8,-2.3,13.9,0.996,25.7,14.0,3.6,56.2,14.1,2200,17.26,10.2,13.040,16,93.8,14.4
1239.0,86,564.0,16.2,0.0,100.0,100,116,45.4,8,-2.3,13.3,0.998,26.5,13.3,0.8,52.9,13.7,2200,16.65,9.9,13.040,16,93.7,14.9
1242.0,86,564.0,17.6,0.8,100.0,100,116,61.2,8,-2.3,18.2,1.002,21.8,15.5,0.8,63.9,15.6,2207,19.64,12.5,13.040,16,93.2,16.4
1245.0,86,564.0,19.6,9.5,100.0,100,116,62.3,8,-2.3,19.5,1.000,20.3,16.9,1.2,70.7,17.1,2212,22.15,15.4,13.063,16,92.1,19.7
1248.0,86,567.1,19.6,3.9,100.0,100,116,63.6,8,-2.3,19.8,0.997,20.3,17.3,1.8,71.7,17.5,2207,22.13,15.8,13.120,15,91.4,20.0
1251.0,86,568.0,20.5,0.9,100.0,100,116,64.6,8,-1.9,20.3,0.995,19.8,17.4,2.1,72.7,18.0,2187,22.76,16.9,13.120,15,91.4,20.9
1254.0,86,568.0,21.7,0.0,100.0,100,116,65.6,8,-0.8,21.2,0.997,18.5,18.0,0.8,75.3,18.0,2187,22.79,16.9,13.068,16,91.4,21.4
1257.0,86,568.6,22.2,0.4,100.0,100,114,68.2,8,-0.8,22.4,1.000,18.1,18.3,0.8,75.3,18.2,2187,23.05,12.3,13.040,16,92.0,20.3
1260.0,86,572.0,18.0,6.0,100.0,100,114,64.0,8,-1.7,20.7,1.002,18.0,18.0,0.8,74.1,18.1,2179,22.91,9.4,13.054,16,93.1,17.6
1263.0,86,572.0,21.9,2.3,100.0,101,114,65.2,8,-1.7,21.4,1.001,17.5,18.2,1.3,73.4,18.0,2171,22.33,17.4,13.120,16,90.2,23.5
1266.0,86,574.0,24.3,2.2,100.0,101,114,69.0,8,-0.8,24.4,0.997,16.1,20.0,3.1,79.2,20.4,2250,25.13,20.4,13.055,16,89.9,24.3
1269.0,86,576.0,23.5,4.2,100.0,101,114,69.0,8,-0.8,24.7,1.000,17.0,20.0,3.1,78.3,20.4,2225,24.86,20.4,13.083,16,83.7,22.9
1272.0,86,576.0,19.6,0.0,100.0,101,114,68.4,8,-0.8,24.4,0.997,15.3,20.4,2.3,79.6,20.6,2222,24.92,20.7,13.097,16,78.8,21.1
1275.0,86,579.2,24.1,0.0,100.0,101,115,69.6,8,-0.8,24.9,1.000,14.6,20.7,1.6,80.6,20.8,2245,25.30,21.2,13.047,16,89.4,25.1
1278.0,86,580.0,25.7,1.4,100.0,101,116,70.9,8,-0.8,25.6,1.007,15.5,20.5,1.4,79.5,20.8,2277,25.50,21.2,13.120,16,89.4,25.7
1281.0,86,581.6,25.6,3.1,100.0,101,116,71.2,8,-0.8,25.9,1.012,15.5,20.8,0.0,81.6,20.8,2300,25.59,20.9,13.064,16,89.4,25.9
1284.0,86,584.0,24.9,5.0,100.0,101,118,70.6,8,-0.8,25.5,1.000,15.9,17.7,1.1,66.8,18.7,2269,24.54,19.8,13.078,16,88.2,25.3
1287.0,86,584.0,23.9,12.2,100.0,101,120,68.8,8,-0.8,24.5,1.001,17.1,18.4,1.6,68.3,18.7,2266,24.23,19.0,13.120,16,86.4,24.2
1290.0,86,587.1,23.9,3.9,100.0,101,121,63.9,8,-1.5,22.9,0.999,18.6,19.5,1.3,76.6,19.6,2293,24.90,19.3,13.120,16,86.7,23.9
1293.0,86,588.0,23.1,5.9,100.0,101,122,62.3,8,-1.9,20.8,0.997,20.0,18.1,0.7,73.3,18.3,2312,24.41,17.6,13.120,16,71.4,22.8
1296.0,86,588.0,22.5,18.4,100.0,101,122,66.3,8,-0.8,18.6,0.995,23.0,15.7,0.0,63.5,16.1,2312,22.06,16.0,13.068,16,60.4,21.8
1299.0,86,588.5,23.3,33.0,100.0,101,122,69.0,8,-0.8,23.1,0.998,20.0,18.4,0.0,72.4,18.5,2312,23.83,18.7,13.072,16,66.4,23.5
1302.0,86,592.0,29.0,0.0,100.0,101,122,71.3,8,-1.2,22.6,0.998,18.9,19.7,0.0,78.7,20.3,2312,26.27,22.5,13.108,16,84.1,28.4
1305.0,86,592.0,26.4,0.0,100.0,101,121,71.9,8,-1.4,22.9,0.999,18.5,19.6,0.0,78.6,20.0,2312,25.70,19.2,13.040,16,0.1,17.6
1308.0,86,593.3,25.3,0.0,100.0,101,120,70.1,8,-0.8,25.5,1.002,13.5,22.0,0.0,83.1,22.0,2321,27.37,21.3,13.090,16,0.0,22.4
1311.0,86,596.0,27.6,1.0,100.0,101,122,73.6,8,-1.6,27.4,1.000,13.5,22.0,0.0,82.9,21.2,2330,27.18,21.2,13.065,16,0.0,26.9
1314.0,86,596.0,23.1,56.0,100.0,101,123,71.2,8,-1.2,26.5,0.998,14.6,21.5,-0.2,82.0,20.4,2343,25.97,19.3,12.964,16,0.0,23.9
1317.0,86,598.2,24.1,28.9,100.0,101,124,69.2,8,-0.8,23.6,0.996,16.7,20.4,-0.8,79.6,20.4,2375,26.28,20.4,13.040,16,66.2,24.7
1320.0,86,600.0,24.7,3.1,100.0,101,124,69.7,8,-0.8,20.4,0.998,19.0,19.6,-0.8,78.3,19.8,2356,25.72,19.9,13.040,16,85.7,24.5
1323.0,86,600.0,23.5,13.0,100.0,101,122,69.0,8,-0.8,23.4,1.000,18.3,19.9,-0.3,78.7,20.1,2337,25.75,19.6,13.040,16,84.3,23.9
1326.0,86,600.0,18.4,49.0,100.0,101,122,63.0,8,-1.6,22.9,1.001,18.4,19.8,-0.3,78.5,20.3,2318,25.85,19.6,13.029,16,88.5,23.9
1329.0,86,600.0,15.5,37.0,100.0,101,121,58.4,8,-2.3,20.7,1.001,19.4,19.2,-0.4,76.4,19.9,2300,25.29,19.6,12.960,16,86.7,23.9
1332.0,86,598.7,14.3,20.9,100.0,101,120,56.7,8,-2.3,18.0,0.997,21.5,16.1,3.1,64.3,16.1,2262,21.59,15.7,13.011,16,63.3,21.1
1335.0,86,595.5,17.9,10.0,100.0,101,118,58.0,8,-2.3,17.7,1.004,21.5,16.1,1.6,64.8,15.9,2229,19.81,11.6,13.040,16,36.4,16.8
1338.0,86,592.0,16.5,50.0,100.0,101,117,55.9,8,-2.3,18.3,1.004,20.8,16.3,0.1,67.4,16.2,2203,20.21,10.5,13.012,16,25.5,13.3
1341.0,86,592.0,21.1,34.4,100.0,101,116,62.2,8,-1.8,21.5,1.000,18.4,17.8,-0.2,72.6,17.7,2210,22.34,15.8,12.880,16,53.3,20.4
1344.0,86,593.7,25.5,14.9,100.0,101,117,72.6,8,-0.8,27.2,0.992,13.5,22.4,2.3,82.0,22.7,2375,28.41,23.5,12.993,16,71.4,22.3
1347.0,86,596.7,28.6,1.3,100.0,101,120,74.5,8,-0.8,28.6,1.002,12.7,22.9,0.6,83.3,23.2,2487,29.52,24.7,13.040,16,84.1,26.4
1350.0,86,600.0,32.5,9.5,100.0,101,126,73.3,8,-1.4,28.3,1.001,15.1,22.1,0.0,83.2,22.4,2473,29.09,24.1,13.040,16,87.1,30.6
1353.0,86,600.0,24.5,33.8,100.0,101,125,57.7,8,-2.0,24.2,1.000,18.3,19.9,0.3,79.3,19.3,2351,25.48,19.4,13.040,16,87.6,26.7
1356.0,86,600.0,20.9,19.8,100.0,101,121,53.4,8,-2.3,20.0,0.999,20.8,17.2,0.8,70.7,14.2,2273,18.60,15.3,13.040,16,49.4,21.1
1359.0,86,598.6,20.8,7.4,100.0,101,118,63.3,8,-2.1,20.1,1.000,22.0,14.9,0.8,60.8,15.7,2225,19.12,15.6,13.040,16,56.5,20.7
1362.0,86,595.8,22.1,24.5,100.0,101,116,65.9,8,-0.8,22.0,0.991,31.3,12.6,0.3,51.7,15.5,2211,19.44,14.5,13.069,16,52.9,19.1
1365.0,86,592.0,10.2,52.5,100.0,101,116,61.6,8,-0.8,22.0,0.996,28.6,14.0,-0.3,54.7,16.3,2203,20.39,13.5,13.120,16,29.8,11.8
1368.0,86,592.0,15.9,26.0,100.0,101,117,58.5,8,-0.8,21.7,1.003,17.4,18.4,-0.7,74.9,18.8,2212,23.42,18.4,13.120,16,48.5,17.7
1371.0,86,592.0,21.3,6.3,100.0,101,118,59.7,8,-0.8,21.0,1.008,20.0,18.0,0.8,74.5,18.5,2232,23.61,17.9,13.069,16,62.5,21.3
1374.0,86,592.0,22.2,22.5,100.0,101,118,69.0,8,-0.8,25.9,0.997,15.2,20.8,1.3,79.9,20.9,2305,25.82,19.9,13.040,16,75.5,24.0
1377.0,86,592.0,20.4,31.5,100.0,101,119,61.2,8,-0.8,18.7,0.995,19.9,18.0,1.9,69.8,19.2,2317,24.35,19.5,13.040,16,80.7,26.0
1380.0,86,592.0,14.7,12.6,100.0,101,120,54.0,8,-1.4,12.1,0.996,27.8,12.7,1.6,48.6,13.6,2257,17.01,11.0,13.040,16,31.4,15.3
1383.0,86,588.3,8.8,0.0,100.0,101,119,40.6,8,-3.1,7.8,0.915,31.3,9.8,-0.8,31.4,9.4,2225,11.66,6.3,13.040,16,17.2,9.4
1386.0,86,579.7,5.1,0.0,100.0,101,118,11.8,8,-7.0,5.1,0.000,-10.5,6.3,-0.2,20.7,5.6,2183,7.88,3.6,13.083,16,12.9,7.3
1389.0,86,567.9,5.1,0.0,100.0,101,116,11.8,8,-7.0,5.4,0.747,15.1,8.9,2.1,27.1,7.1,2179,8.30,3.1,13.120,16,20.3,10.7
1392.0,86,564.1,6.5,0.0,100.0,101,117,22.7,8,-4.7,8.6,1.072,31.0,12.0,2.8,42.6,11.6,2210,13.02,6.2,13.120,16,33.7,16.9
1395.0,86,562.1,13.4,0.0,100.0,101,117,41.9,8,-2.0,14.2,1.004,26.4,14.2,0.0,56.5,14.9,2250,18.12,9.4,13.120,16,43.1,18.9
1398.0,86,560.9,22.0,0.0,100.0,101,116,68.2,8,-0.8,23.1,0.993,18.0,19.2,1.2,71.4,18.1,2258,22.33,14.7,13.039,16,62.4,21.4
1401.0,86,564.0,23.9,0.0,100.0,101,118,69.0,8,-0.8,23.6,0.997,17.7,19.6,1.6,78.0,19.8,2262,25.13,18.0,12.983,17,69.6,22.0
1404.0,86,568.0,20.5,39.4,100.0,101,118,60.1,8,-1.5,22.1,1.002,18.4,19.1,1.6,76.8,19.5,2260,25.08,15.6,13.035,17,18.4,14.9
1407.0,86,568.0,21.0,41.0,100.0,101,118,57.9,8,-1.9,21.3,1.004,19.3,17.8,1.5,72.8,18.1,2250,23.98,18.0,12.960,16,61.1,20.8
1410.0,86,569.3,24.9,20.0,100.0,101,118,68.2,8,-0.8,25.1,0.998,14.5,22.0,0.8,83.9,22.4,2332,26.91,21.5,13.056,16,37.8,26.2
1413.0,86,572.5,30.3,5.2,100.0,101,120,76.9,8,-1.6,32.0,0.995,14.2,23.8,0.8,84.3,24.0,2543,30.57,25.8,13.093,16,0.0,30.8
1416.0,86,580.0,32.2,1.4,100.0,101,120,75.5,8,-1.6,32.1,0.996,13.8,24.2,0.5,84.2,24.8,2703,32.88,28.7,13.040,16,0.0,34.5
1419.0,86,584.6,31.3,0.0,100.0,101,121,73.9,8,-1.6,30.2,0.998,13.9,22.1,0.1,81.7,22.7,2600,30.90,25.1,13.040,16,0.1,31.6
1422.0,86,588.0,28.2,0.0,100.0,101,122,72.1,8,-1.6,30.0,0.995,16.0,18.4,0.8,64.7,15.3,2379,23.55,20.1,13.091,16,36.8,26.3
1425.0,86,588.5,22.7,0.0,100.0,101,124,67.5,8,-0.8,22.7,0.999,18.3,18.9,-0.2,71.9,17.5,2345,23.22,17.9,13.142,16,68.4,22.6
1428.0,86,592.0,22.7,0.0,100.0,101,124,67.5,8,-0.8,22.7,1.000,19.5,19.2,-0.8,76.2,18.9,2366,25.06,18.3,13.169,16,72.0,23.1
1431.0,86,592.0,22.5,21.3,100.0,101,124,67.1,8,-0.8,22.6,1.000,19.5,19.1,-0.8,75.1,18.5,2375,24.84,17.6,13.120,16,67.5,22.4
1434.0,86,592.0,22.4,34.4,100.0,101,124,66.5,8,-0.8,22.4,0.999,19.5,18.8,-0.8,76.1,18.8,2375,24.87,17.6,13.010,16,67.0,22.4
1437.0,86,592.0,22.4,30.3,100.0,101,124,65.9,8,-0.8,22.4,0.995,19.9,18.5,-0.2,75.8,18.5,2367,24.89,17.6,12.995,16,66.6,22.4
1440.0,86,592.0,22.4,35.0,100.0,101,124,64.7,8,-0.8,21.6,0.999,20.3,18.2,-0.4,75.0,18.1,2362,23.96,16.8,13.040,16,63.9,22.1
1443.0,86,592.0,20.2,12.6,100.0,101,124,62.7,8,-0.8,20.4,1.003,20.8,17.6,-0.8,73.0,17.5,2361,22.07,14.5,13.040,16,47.8,19.2
1446.0,86,592.0,19.2,25.2,100.0,101,124,61.0,8,-0.8,19.1,1.004,21.6,16.5,-0.8,68.6,16.9,2350,22.57,14.1,13.040,16,47.6,19.2
1449.0,86,592.0,18.7,46.8,100.0,101,124,59.9,8,-0.8,18.8,0.997,22.5,16.1,0.0,66.7,15.3,2340,20.03,13.0,13.040,16,42.7,18.3
1452.0,86,591.5,17.2,0.5,100.0,101,122,53.3,8,-2.3,17.0,0.997,24.2,15.3,1.0,61.9,14.9,2324,18.97,11.9,13.040,16,36.8,17.0
1455.0,86,588.0,15.3,16.5,100.0,101,121,50.3,8,-2.3,14.7,0.998,26.3,13.8,2.2,53.3,13.9,2297,17.91,10.9,13.051,16,34.3,16.0
1458.0,86,588.0,12.2,6.9,100.0,101,119,41.7,8,-2.3,12.1,1.000,30.1,11.6,2.7,41.8,11.4,2258,14.35,8.2,13.120,16,22.4,12.2
1461.0,86,584.3,12.1,20.3,100.0,101,118,37.1,8,-2.3,10.7,1.000,35.6,9.6,0.8,31.0,9.0,2212,9.19,2.3,13.060,16,7.8,9.6
1464.0,86,578.9,15.4,39.3,100.0,101,118,49.3,8,-2.3,15.3,0.988,25.5,14.1,1.6,48.7,12.8,2230,14.50,6.5,13.040,16,15.5,11.8
1467.0,86,576.0,18.1,0.8,100.0,101,120,58.0,8,-2.3,17.6,0.997,23.3,15.3,1.1,59.9,14.9,2256,18.57,11.4,13.040,16,34.1,16.7
1470.0,86,576.0,20.0,0.0,100.0,101,120,64.6,8,-1.4,21.8,1.006,18.8,18.0,0.2,70.9,17.4,2304,22.08,14.6,13.040,16,43.7,18.4
1473.0,86,578.4,23.3,3.7,100.0,101,120,71.6,8,-1.1,28.5,1.008,14.2,22.0,-0.7,83.3,21.9,2398,27.37,20.8,13.040,16,89.4,25.1
1476.0,86,582.8,31.0,7.5,100.0,101,120,77.2,8,-1.6,37.3,0.999,13.0,27.8,0.0,87.8,28.6,2700,34.31,30.7,13.040,15,87.2,34.5
1479.0,86,588.5,41.0,8.1,100.0,101,122,79.2,8,-1.6,40.8,1.000,14.8,28.4,0.0,87.6,28.8,2778,35.12,34.0,13.040,15,85.6,40.9
1482.0,86,592.0,32.9,0.0,100.0,101,122,72.3,8,-1.1,29.3,0.999,17.6,23.1,0.4,80.3,24.0,2643,31.58,27.0,13.057,15,82.2,35.3
1485.0,86,592.0,25.4,25.1,100.0,101,121,69.0,8,-0.8,23.6,1.000,18.2,18.5,0.8,73.5,17.7,2310,22.57,10.1,13.120,16,57.6,21.2
1488.0,86,593.9,24.1,23.0,100.0,101,121,69.4,8,-0.8,25.8,1.001,14.9,20.8,0.8,81.2,21.2,2300,26.06,21.2,13.057,16,80.0,24.3
1491.0,86,597.2,28.0,0.4,100.0,101,122,73.8,8,-0.8,27.5,1.004,13.5,22.0,-0.6,83.4,22.2,2414,28.40,22.9,13.040,16,88.6,27.9
1494.0,86,600.0,30.1,1.9,100.0,101,120,74.5,8,-1.6,31.0,1.002,14.6,23.3,-0.3,83.6,23.3,2572,30.25,25.0,13.040,16,87.7,29.5
1497.0,86,600.0,25.5,3.5,100.0,101,120,72.8,8,-1.1,27.8,1.003,14.5,22.9,0.0,83.9,23.3,2556,29.96,25.4,13.040,16,87.5,28.5
1500.0,86,603.0,30.5,1.1,100.0,101,120,73.8,8,-1.2,28.8,1.001,14.2,22.7,0.4,84.1,22.9,2460,28.86,23.4,13.040,16,87.5,32.5
1503.0,86,606.1,29.6,0.0,100.0,101,121,74.5,8,-1.4,31.9,0.999,14.4,24.1,1.5,83.5,24.7,2750,32.66,27.8,13.040,16,86.9,28.9
1506.0,86,608.0,27.4,0.0,100.0,101,122,72.6,8,-0.8,27.5,1.002,13.5,22.0,-0.8,83.5,22.9,2510,29.75,25.7,13.040,16,87.1,28.8
1509.0,86,608.0,29.4,0.0,100.0,101,122,69.8,8,-0.8,26.4,0.999,13.8,21.5,-0.4,82.7,21.8,2378,27.81,23.4,13.016,16,87.7,28.8
1512.0,86,608.0,24.5,0.0,100.0,101,122,68.9,8,-0.8,25.0,1.000,15.5,20.8,0.0,81.0,20.9,2325,26.78,21.5,12.969,16,88.2,23.1
1515.0,86,608.0,25.2,0.0,100.0,101,123,70.1,8,-0.8,24.8,1.004,17.6,20.2,-0.1,78.3,20.1,2325,25.97,20.0,13.120,16,20.9,26.0
1518.0,86,609.3,28.5,0.0,100.0,101,124,73.8,8,-0.9,28.3,1.001,12.0,22.4,-1.6,84.3,23.1,2452,28.77,23.6,13.072,16,0.0,28.8
1521.0,86,612.0,30.8,0.0,100.0,101,122,74.5,8,-1.6,31.4,0.998,13.4,23.1,-1.1,80.0,16.8,2368,20.42,18.0,13.072,16,0.0,28.5
1524.0,86,612.0,22.7,0.0,100.0,101,119,73.0,8,-1.1,29.6,0.993,13.0,23.3,0.5,79.7,16.5,2300,16.75,12.4,13.102,16,8.5,22.8
1527.0,86,612.0,27.5,2.7,100.0,101,117,74.0,8,-1.1,29.8,0.992,12.3,23.6,2.3,83.6,23.8,2377,28.04,24.8,13.040,16,87.8,29.8
1530.0,86,612.0,28.9,17.1,100.0,101,115,74.8,8,-1.4,30.0,0.998,13.8,24.7,2.2,84.2,25.5,2587,30.92,28.6,12.914,16,87.0,32.7
1533.0,86,612.0,27.4,29.4,100.0,101,114,71.4,8,-0.8,18.8,0.997,20.5,20.0,0.0,80.4,22.2,2284,27.00,24.4,12.970,16,88.2,30.1
1536.0,86,612.0,25.9,7.8,100.0,101,114,71.4,8,-0.8,24.7,1.000,16.7,21.2,0.5,82.1,22.0,2243,26.65,22.8,13.040,16,89.3,26.6
1539.0,86,612.0,31.0,2.1,100.0,101,115,72.8,8,-1.2,29.6,1.002,14.1,22.8,0.8,83.3,23.4,2406,29.15,25.6,13.040,17,87.8,30.6
1542.0,86,614.4,33.4,0.0,100.0,101,118,73.7,8,-1.6,32.5,1.001,13.9,24.1,0.8,82.5,24.9,2680,31.77,29.8,13.040,17,86.3,34.1
1545.0,86,616.0,31.6,0.0,100.0,101,123,73.1,8,-1.6,32.9,1.002,16.0,23.1,0.8,80.0,21.6,2375,27.75,22.7,13.089,16,88.1,29.8
1548.0,86,616.0,24.1,0.0,100.0,100,126,69.8,8,-1.6,27.1,1.005,14.3,22.7,-0.2,82.0,22.0,2401,27.35,20.7,13.091,16,89.3,25.2
1551.0,86,616.0,28.6,1.8,100.0,101,129,71.8,8,-1.6,28.8,1.002,14.6,22.7,-0.2,83.0,22.3,2498,28.60,22.5,13.040,16,83.3,27.1
1554.0,86,616.0,19.9,0.6,100.0,101,131,44.5,8,-2.5,23.2,0.996,19.4,21.0,0.1,79.6,21.4,2654,28.93,21.5,13.040,16,5.9,6.7
1557.0,86,609.7,11.7,1.6,100.0,101,131,14.4,8,-3.9,10.5,0.822,23.6,14.0,-2.2,66.9,18.0,2487,24.17,15.7,13.040,16,1.5,12.9
1560.0,86,597.2,7.3,3.5,100.0,101,129,15.8,8,-4.1,5.5,0.017,-8.5,0.0,0.0,13.7,3.1,2367,9.43,5.4,13.091,16,0.0,10.2
1563.0,86,583.5,8.1,3.3,100.0,101,122,21.2,8,-7.0,5.5,0.884,-9.2,0.0,0.0,13.7,7.9,2277,11.40,7.3,13.086,16,24.8,11.0
1566.0,86,580.0,27.5,0.0,100.0,101,121,59.1,8,-3.0,19.9,0.956,1.5,10.4,0.0,43.2,16.5,2346,20.90,17.3,13.040,16,75.4,23.9
1569.0,86,585.6,28.2,2.2,100.0,101,121,75.0,8,-1.1,27.7,1.006,14.2,21.7,0.0,83.6,22.3,2519,29.72,23.8,13.040,16,86.7,29.0
1572.0,86,589.8,28.3,5.6,100.0,101,122,73.9,8,-1.6,25.8,1.003,19.4,19.2,0.0,77.6,19.6,2362,25.35,20.0,13.099,16,87.6,28.3
1575.0,86,592.0,26.6,7.3,100.0,101,124,74.5,8,-1.6,28.2,0.999,14.5,19.5,0.0,74.2,17.2,2371,21.93,17.0,13.079,16,79.1,25.8
1578.0,86,592.0,22.0,0.0,100.0,101,126,63.7,8,-1.6,22.3,1.002,19.1,18.3,0.0,71.1,16.7,2380,21.45,14.8,13.065,16,62.5,22.1
1581.0,86,592.0,22.3,0.0,100.0,101,126,64.8,8,-1.6,21.3,1.002,21.0,18.0,-0.3,71.8,17.9,2390,24.08,15.6,13.110,17,51.4,20.4
1584.0,86,592.0,20.3,5.9,100.0,101,126,64.5,8,-1.8,21.8,0.999,20.1,18.7,-0.7,75.7,19.0,2400,25.81,16.9,13.040,17,48.4,19.1
1587.0,86,592.0,19.4,20.4,100.0,101,126,50.9,8,-2.3,18.4,0.998,22.5,16.5,0.0,67.8,16.9,2400,23.26,15.7,13.040,17,54.3,20.2
1590.0,86,592.0,20.0,33.8,100.0,101,126,22.0,8,-2.3,14.5,1.007,26.0,14.7,0.6,57.3,15.0,2392,20.97,13.3,13.040,17,49.2,19.5
1593.0,86,592.0,18.0,0.0,100.0,101,126,52.6,8,-1.8,19.4,1.010,23.2,16.2,-1.2,63.3,15.9,2402,21.25,12.9,13.061,17,38.3,16.8
1596.0,86,592.0,16.3,0.0,100.0,101,127,53.5,8,-2.0,19.1,1.005,22.3,17.1,-1.9,70.5,17.3,2428,23.77,16.1,13.112,17,53.3,18.4
1599.0,86,589.9,17.7,20.5,100.0,101,128,52.4,8,-2.3,16.8,0.996,25.1,15.4,0.8,59.6,15.3,2437,20.11,12.2,12.960,17,46.9,19.0
1602.0,86,588.0,19.6,46.9,100.0,101,128,59.7,8,-2.3,19.2,0.997,22.0,16.5,0.8,67.5,16.9,2419,22.02,13.6,13.006,16,46.1,19.2
1605.0,86,588.0,19.6,59.7,100.0,101,126,60.4,8,-2.3,19.5,0.998,22.0,16.8,-0.2,68.8,16.9,2399,22.94,14.7,13.040,16,47.8,19.3
1608.0,86,588.0,19.6,0.0,100.0,101,125,60.4,8,-2.3,19.4,0.998,22.0,16.9,-0.5,69.8,16.9,2380,23.04,14.9,13.028,16,48.7,19.6
1611.0,86,588.0,19.6,0.0,100.0,101,124,60.1,8,-2.3,19.2,0.998,22.0,16.8,0.1,69.6,16.9,2361,22.99,14.9,12.960,16,49.4,19.6
1614.0,86,588.0,19.6,4.5,100.0,101,123,60.3,8,-2.3,19.4,0.999,22.0,16.5,0.8,68.2,16.9,2337,22.64,14.9,13.016,16,37.0,17.5
1617.0,86,588.0,20.1,10.7,100.0,101,122,62.7,8,-2.3,21.2,0.995,19.2,17.9,-0.4,73.1,17.9,2330,23.58,16.4,13.077,16,18.1,18.4
1620.0,86,588.0,22.7,1.8,100.0,102,122,66.5,8,-1.3,22.6,0.998,18.2,18.8,-0.4,76.1,18.8,2313,24.63,18.3,13.120,16,0.0,22.5
1623.0,86,590.6,23.4,0.7,100.0,102,121,67.9,8,-0.8,23.6,0.999,18.0,19.3,0.3,77.2,19.6,2286,25.06,19.2,13.120,16,0.0,23.5
1626.0,86,592.0,24.5,17.7,100.0,101,120,68.0,8,-0.8,24.0,0.995,18.0,19.6,2.3,76.1,20.0,2262,25.09,19.5,13.120,16,0.0,24.6
1629.0,86,592.3,26.1,61.5,100.0,101,118,71.4,8,-0.8,26.3,0.997,15.7,20.6,1.9,79.6,20.8,2312,26.06,21.4,13.094,16,19.6,27.2
1632.0,86,596.0,36.1,15.0,100.0,101,118,74.6,8,-1.2,31.9,0.997,14.3,23.3,1.3,83.5,23.1,2458,28.67,25.6,13.040,16,87.5,32.2
1635.0,86,598.2,37.5,1.7,100.0,101,119,76.9,8,-1.6,37.7,0.997,14.1,27.1,0.7,86.0,27.1,2750,34.01,33.3,13.040,16,86.0,36.8
1638.0,86,601.1,38.9,3.8,100.0,101,120,76.9,8,-1.6,38.8,0.997,14.5,27.1,0.0,87.1,27.1,2776,34.34,33.3,12.993,16,85.5,39.0
1641.0,86,604.0,39.2,5.2,100.0,101,122,76.9,8,-1.6,39.1,0.984,14.8,27.3,0.0,86.9,27.4,2798,34.78,33.6,12.936,16,85.5,39.4
1644.0,86,607.1,39.5,7.0,100.0,101,122,76.9,8,-1.6,36.4,0.999,15.3,26.2,0.0,85.7,26.9,2779,34.54,33.4,12.888,16,85.5,40.0
1647.0,86,610.2,31.7,8.6,100.0,101,122,74.3,8,-1.4,30.7,0.997,16.1,22.8,0.2,82.2,23.4,2625,30.15,25.5,13.040,16,87.6,30.8
1650.0,86,612.0,24.8,7.5,100.0,101,122,70.0,8,-0.8,24.4,0.995,16.5,20.0,2.3,78.8,20.4,2375,26.55,22.1,13.101,16,89.1,26.2
1653.0,86,612.0,25.4,2.3,100.0,101,120,71.4,8,-0.8,27.1,0.999,14.0,21.6,0.8,81.7,21.6,2348,26.45,21.6,13.130,16,89.3,26.0
1656.0,86,612.0,27.8,0.0,100.0,101,121,72.4,8,-1.3,27.3,0.999,13.5,22.2,0.1,83.5,22.2,2396,27.55,22.7,13.120,16,87.4,28.0
1659.0,87,612.0,26.4,4.9,100.0,101,122,71.6,8,-1.4,26.9,0.999,14.5,21.7,0.8,83.5,21.6,2462,27.91,20.4,13.120,16,73.7,23.9
1662.0,87,612.0,24.8,10.9,100.0,100,122,69.0,8,-0.8,25.1,0.998,16.5,20.4,0.8,48.7,21.1,2389,26.87,20.6,13.089,16,78.4,24.3
1665.0,87,612.0,25.9,0.0,100.0,101,122,69.6,8,-0.8,25.3,0.998,16.7,20.6,0.8,80.0,21.0,2325,26.04,21.1,13.056,16,89.4,25.5
1668.0,87,612.0,21.7,0.0,100.0,101,122,69.0,8,-0.8,26.0,0.998,16.1,21.1,0.6,80.5,21.4,2332,26.62,22.1,13.118,16,89.4,25.5
1671.0,87,612.0,24.4,0.0,100.0,101,123,69.7,8,-1.0,27.0,0.998,14.1,22.2,0.0,82.8,22.4,2375,27.99,23.1,13.040,16,88.2,27.2
1674.0,87,613.5,29.5,3.1,100.0,101,124,73.0,8,-1.6,28.4,0.998,14.5,23.5,0.0,85.5,23.9,2539,29.89,25.0,13.040,16,87.2,29.8
1677.0,87,615.2,28.7,8.2,100.0,101,124,73.7,8,-1.6,31.8,1.000,15.7,23.2,0.6,82.8,23.6,2631,30.55,23.9,13.040,16,59.7,23.1
1680.0,87,611.8,14.0,0.0,100.0,101,122,47.7,8,-2.1,19.2,0.995,19.3,18.9,1.6,72.5,19.9,2485,26.58,19.1,13.040,16,26.6,11.4
1683.0,87,608.0,9.0,0.0,100.0,101,119,55.7,8,-2.3,17.9,0.997,20.0,16.7,2.1,67.3,16.8,2272,21.74,14.5,13.040,16,51.7,19.7
1686.0,87,608.0,19.1,1.5,100.0,101,119,66.8,8,-1.8,22.7,1.002,17.6,18.2,1.6,74.1,18.4,2263,23.60,18.0,13.040,16,89.8,25.5
1689.0,87,608.0,25.5,4.4,100.0,100,120,70.6,8,-0.8,25.9,1.002,16.5,17.6,1.6,71.0,18.4,2287,23.71,17.5,13.097,16,89.8,25.1
1692.0,87,608.0,22.3,6.5,100.0,100,122,70.3,8,-0.8,25.5,1.000,15.7,20.1,1.0,77.6,18.7,2312,23.65,19.2,13.120,16,89.6,25.1
1695.0,87,607.6,9.0,0.0,100.0,101,122,51.0,8,-1.9,19.2,0.998,21.3,17.4,1.3,68.9,14.0,2306,15.80,13.6,13.094,16,67.3,21.3
1698.0,87,600.0,9.8,4.2,100.0,101,119,53.0,8,-2.3,18.6,1.005,22.7,16.4,2.8,64.9,12.5,2276,10.69,3.9,13.040,16,4.6,5.9
1701.0,87,597.4,15.7,1.8,100.0,101,119,57.2,8,-1.7,19.9,1.009,20.6,17.8,4.0,72.5,17.9,2251,23.57,16.9,13.040,16,60.4,21.2
1704.0,87,596.0,19.8,0.9,100.0,101,120,61.5,8,-0.8,19.8,1.000,20.9,16.9,0.8,69.8,17.3,2262,22.41,15.6,13.040,16,53.9,20.5
1707.0,87,595.0,18.3,2.0,100.0,101,120,62.2,8,-0.8,20.8,1.002,19.5,18.0,0.2,67.2,4.8,2254,11.78,6.8,12.994,16,37.5,17.0
1710.0,87,591.8,12.9,0.0,100.0,101,118,40.8,8,-1.9,15.4,0.992,25.2,14.7,2.2,55.6,6.1,2239,9.83,4.0,13.016,17,21.9,12.6
1713.0,87,588.0,12.9,44.6,100.0,101,118,40.3,8,-2.3,13.1,0.994,28.5,12.4,3.0,46.0,12.4,2216,14.59,8.6,13.120,16,24.3,12.9
1716.0,87,585.3,12.6,50.3,100.0,101,117,40.0,8,-2.3,12.9,0.999,28.5,12.2,1.7,46.3,12.3,2184,14.21,8.6,13.120,16,23.9,12.9
1719.0,87,582.1,14.3,26.0,100.0,101,116,42.9,8,-2.3,13.4,0.997,28.3,12.2,2.3,46.3,12.9,2162,14.92,9.0,12.996,16,28.8,15.1
1722.0,87,580.0,14.4,0.0,100.0,101,116,52.5,8,-2.3,16.1,0.997,23.5,14.9,1.8,56.1,14.3,2171,16.98,10.6,13.002,16,18.2,16.3
1725.0,87,580.0,6.3,0.0,100.0,101,116,31.4,8,-2.3,13.5,1.002,26.3,13.5,0.4,53.1,13.7,2175,16.58,10.8,13.040,16,0.0,15.6
1728.0,87,576.9,11.5,0.0,100.0,101,116,34.1,8,-2.3,12.9,1.002,28.0,12.4,0.1,46.2,12.4,2177,14.35,8.7,13.046,16,0.0,12.9
1731.0,87,573.6,14.4,0.0,100.0,101,116,46.2,8,-2.3,14.4,0.999,26.6,13.2,2.1,49.0,13.0,2188,15.20,9.4,13.120,16,0.0,14.1
1734.0,87,572.0,15.6,0.2,100.0,101,116,51.8,8,-2.3,16.1,1.002,24.5,14.9,0.8,58.4,14.9,2237,17.43,10.7,13.120,16,17.2,15.1
1737.0,87,572.0,16.2,0.8,100.0,101,118,51.8,8,-2.3,16.9,1.000,23.1,15.4,0.8,61.9,15.4,2244,19.14,12.1,13.087,16,34.6,16.2
1740.0,87,572.0,18.0,0.0,100.0,101,117,55.3,8,-2.3,17.7,0.999,21.6,16.0,0.5,66.6,16.1,2228,20.50,13.4,13.054,16,40.3,17.8
1743.0,87,572.0,21.1,7.6,100.0,101,114,62.0,8,-1.8,19.8,0.997,19.6,17.1,0.2,71.7,17.2,2175,21.75,15.3,13.120,16,54.1,20.8
1746.0,87,573.6,23.6,9.0,100.0,101,112,68.5,8,-0.8,23.2,0.990,16.0,20.0,1.6,79.6,20.0,2187,23.82,18.7,13.065,16,75.7,22.8
1749.0,87,576.9,25.4,1.8,100.0,101,110,70.0,8,-0.8,24.3,1.001,16.0,20.0,1.6,79.3,20.6,2196,25.24,21.6,13.040,16,89.1,25.8
1752.0,87,580.0,30.2,1.8,100.0,101,108,76.9,8,-1.4,29.2,1.004,13.8,22.3,1.2,82.3,22.3,2358,27.85,24.2,13.040,16,88.4,28.8
1755.0,87,584.0,31.1,9.8,100.0,101,108,75.5,8,-1.6,31.4,1.003,13.1,23.9,0.8,85.0,23.9,2553,30.66,26.3,13.033,15,87.5,31.4
1758.0,87,586.3,31.4,7.7,100.0,101,108,74.8,8,-1.6,31.7,1.002,13.8,23.9,0.7,84.6,23.9,2599,31.26,26.3,12.960,15,87.5,31.7
1761.0,87,590.7,31.3,1.8,100.0,101,108,75.1,8,-1.6,31.4,1.009,13.0,23.9,0.0,83.5,23.9,2575,30.78,26.0,12.912,15,87.5,31.4
1764.0,87,596.3,31.0,0.0,100.0,101,108,73.7,8,-1.6,31.0,1.002,13.7,23.9,0.0,83.7,23.9,2561,30.39,25.9,12.973,15,87.5,31.2
1767.0,87,600.0,32.2,2.5,100.0,101,108,75.7,8,-1.6,34.2,1.000,13.6,25.2,0.3,84.5,25.1,2569,30.71,27.4,13.104,16,87.4,31.8
1770.0,87,602.5,35.3,1.5,100.0,101,109,76.9,8,-1.6,36.6,1.001,13.0,26.3,0.8,84.9,26.9,2596,31.83,32.5,13.040,16,85.9,38.0
1773.0,87,605.8,34.0,0.5,100.0,101,110,76.6,8,-1.5,35.4,1.007,13.0,23.1,0.8,81.2,22.0,2412,26.91,22.4,13.040,16,88.4,31.8
1776.0,87,608.0,29.9,2.0,100.0,100,110,75.3,8,-0.8,29.8,1.006,12.0,23.4,0.1,84.6,23.2,2449,28.83,24.4,13.040,16,88.7,29.3
1779.0,87,608.6,31.7,8.3,100.0,100,110,74.5,8,-1.6,32.8,1.000,12.7,24.6,0.5,84.7,24.5,2536,30.40,26.8,13.040,16,87.2,32.4
1782.0,87,612.0,33.7,2.5,100.0,101,113,74.5,8,-1.6,33.1,0.999,13.8,24.9,1.2,83.9,25.1,2607,31.04,28.1,13.040,16,86.7,35.1
1785.0,87,614.8,33.4,0.9,100.0,101,115,74.1,8,-1.6,32.1,1.000,14.6,24.4,1.4,83.3,24.9,2632,31.07,27.8,13.040,15,86.7,33.3
1788.0,87,616.0,32.4,1.2,100.0,101,117,73.7,8,-1.6,30.6,0.999,15.0,23.5,0.8,82.7,23.9,2600,30.47,26.4,13.096,16,87.2,31.9
1791.0,87,616.0,31.1,3.1,100.0,100,120,73.7,8,-1.6,30.2,1.001,15.4,23.2,0.2,82.2,23.6,2616,30.36,25.9,13.120,16,87.0,31.2
1794.0,87,616.0,31.4,0.0,100.0,100,123,73.7,8,-1.6,33.0,0.999,15.5,23.6,0.4,80.6,21.0,2528,28.19,24.3,13.120,16,86.6,30.9
1797.0,87,620.0,30.7,0.0,100.0,100,125,73.2,8,-1.6,32.4,0.997,15.7,23.7,0.8,80.0,19.9,2494,26.64,22.1,13.108,16,87.8,29.0
1800.0,87,620.0,28.9,6.4,100.0,100,128,69.5,8,-1.6,28.3,0.997,17.1,22.5,0.8,80.7,23.1,2712,31.31,25.9,13.040,16,88.6,27.5
1803.0,87,620.0,26.2,7.6,100.0,100,130,64.6,8,-1.6,22.4,0.998,20.5,18.4,0.8,73.7,18.4,2462,25.19,20.3,13.040,16,79.1,25.4
1806.0,87,619.5,23.1,0.9,100.0,100,130,66.7,8,-1.6,23.5,0.996,20.2,18.9,0.3,75.1,18.8,2475,25.65,18.2,13.040,16,71.4,23.5
1809.0,87,616.0,23.5,12.2,100.0,100,131,66.1,8,-1.6,23.5,0.997,20.2,15.3,0.3,61.9,17.0,2479,23.22,16.3,13.040,16,66.8,22.8
1812.0,87,616.0,17.6,4.2,100.0,101,131,60.7,8,-1.9,23.1,1.002,20.4,13.6,0.2,48.8,15.0,2464,17.09,9.3,13.040,16,28.2,14.5
1815.0,87,613.9,25.3,0.0,100.0,101,130,61.6,8,-2.1,24.5,1.008,19.8,22.2,-1.5,85.1,24.3,2475,29.88,29.8,13.040,16,70.3,29.9
1818.0,87,613.2,32.7,7.5,100.0,101,130,74.0,8,-1.6,34.5,1.001,17.5,25.9,0.8,81.6,24.3,2760,31.69,26.6,13.040,15,87.6,31.6
1821.0,87,616.0,21.0,32.4,100.0,100,130,57.3,8,-2.1,22.7,0.997,21.0,20.1,0.3,74.5,22.3,2677,30.22,23.0,13.040,15,89.1,26.1
1824.0,87,616.0,27.1,7.8,100.0,100,129,66.6,8,-1.9,23.2,0.997,19.2,18.6,0.0,73.3,21.0,2465,27.34,20.7,13.040,15,88.2,27.1
1827.0,87,616.0,26.9,8.3,100.0,100,128,71.6,8,-1.6,26.3,0.999,14.2,21.7,-0.1,82.2,22.3,2474,28.63,23.1,13.040,15,87.8,27.6
1830.0,87,616.0,26.7,6.5,100.0,100,128,70.8,8,-1.6,24.3,1.001,18.0,20.0,-0.8,79.2,19.6,2425,27.05,20.7,13.040,15,41.1,26.9
1833.0,87,616.0,26.7,0.0,100.0,101,128,72.2,8,-1.6,25.8,1.000,15.9,20.8,-0.8,80.6,20.5,2431,27.10,20.5,13.071,15,0.0,26.1
1836.0,87,616.0,25.9,0.0,100.0,101,128,71.7,8,-1.6,26.1,1.003,15.9,20.5,-1.1,79.7,19.8,2441,26.71,20.4,13.120,16,0.0,26.4
1839.0,87,616.0,22.5,0.0,100.0,101,129,66.3,8,-1.8,23.0,1.005,18.8,18.7,-1.2,72.2,15.2,2447,22.68,14.9,13.120,16,0.0,19.6
1842.0,87,611.2,16.7,21.7,100.0,101,130,54.5,8,-2.3,15.5,0.998,26.0,14.5,0.8,42.4,0.0,2412,6.02,4.5,13.064,16,0.0,12.2
1845.0,87,602.4,10.8,59.3,100.0,101,128,30.6,8,-2.3,11.0,1.013,32.8,11.7,1.8,37.1,6.5,2390,9.22,3.4,13.040,16,6.7,8.0
1848.0,87,596.0,11.8,0.0,100.0,101,127,32.8,8,-2.3,11.5,1.003,33.9,11.0,1.6,35.7,10.9,2375,12.21,6.2,13.003,16,18.3,11.3
1851.0,87,593.3,10.3,0.0,100.0,101,126,28.9,8,-2.3,10.8,0.998,34.2,10.8,0.6,36.4,11.1,2371,12.96,7.1,12.880,16,14.1,9.8
1854.0,87,590.2,9.4,0.0,100.0,101,125,24.8,8,-2.3,9.7,0.999,36.8,9.0,0.0,27.8,9.0,2337,9.84,4.9,12.999,16,13.8,9.6
1857.0,86,587.0,12.6,10.4,100.0,101,124,29.0,8,-2.3,11.4,1.001,31.0,15.3,0.0,51.8,13.5,2354,16.10,9.7,13.040,16,27.7,13.3
1860.0,86,584.0,23.0,50.8,100.0,101,126,56.1,8,-1.2,18.1,1.001,25.4,16.4,0.0,65.2,16.2,2373,21.14,14.3,13.040,16,48.0,19.4
1863.0,86,584.0,20.0,13.0,100.0,101,125,58.8,8,-1.5,18.0,0.998,23.3,16.3,0.6,66.0,17.0,2376,23.16,15.1,13.040,16,52.9,20.4
1866.0,86,584.0,18.7,19.5,100.0,101,123,57.3,8,-1.9,16.3,0.997,25.7,14.4,2.1,52.9,15.7,2325,20.75,12.9,13.040,16,44.2,18.7
1869.0,86,584.0,17.9,28.3,100.0,101,120,62.4,8,-0.8,21.2,1.010,20.0,17.3,-0.8,68.2,16.5,2289,21.36,13.7,13.040,16,43.3,18.4
1872.0,86,584.0,18.8,0.0,100.0,101,118,58.8,8,-0.8,19.5,1.003,20.6,16.8,-0.8,68.6,16.5,2251,21.51,14.3,13.040,16,45.2,18.7
1875.0,86,584.0,18.4,0.0,100.0,101,117,60.1,8,-0.8,18.8,1.001,20.8,16.5,-0.8,69.1,16.6,2217,21.38,14.6,13.049,16,43.1,18.4
1878.0,86,584.0,19.7,21.5,100.0,101,116,61.6,8,-0.8,19.1,1.002,20.4,16.6,-0.8,69.4,16.9,2187,21.45,15.3,13.120,16,56.0,20.5
1881.0,86,584.0,20.7,33.7,100.0,101,116,62.7,8,-0.8,20.4,0.998,19.5,17.3,0.0,71.4,17.4,2187,22.03,15.8,13.120,16,56.6,20.6
1884.0,86,584.0,20.4,0.0,100.0,101,116,62.7,8,-0.8,20.1,1.004,19.8,17.3,-0.5,71.2,17.5,2187,22.27,16.0,13.120,16,53.2,20.0
1887.0,86,584.0,18.8,0.0,100.0,101,116,61.3,8,-0.8,20.2,1.004,19.6,17.6,-0.5,71.9,17.5,2193,22.36,15.9,13.120,16,53.3,20.0
1890.0,86,584.0,20.2,0.0,100.0,101,117,61.6,8,-0.8,19.9,0.999,19.5,17.7,0.2,73.1,17.9,2212,23.03,17.3,13.120,16,61.2,21.2
1893.0,86,584.0,20.1,4.9,100.0,101,118,62.6,8,-0.8,18.8,0.995,21.5,16.5,1.6,68.2,16.5,2237,21.47,14.9,13.062,16,49.3,19.5
1896.0,86,584.0,18.9,11.7,100.0,101,118,58.1,8,-0.8,18.8,0.997,21.1,16.5,0.4,67.9,17.1,2246,21.95,15.2,13.040,16,50.4,19.6
1899.0,86,584.0,21.2,0.0,100.0,101,118,63.5,8,-0.8,20.3,0.993,20.3,17.2,0.5,70.0,17.5,2256,22.51,16.1,13.040,16,58.3,20.9
1902.0,86,584.0,20.0,26.0,100.0,101,119,62.5,8,-0.8,20.6,0.996,20.2,17.5,0.8,71.2,17.5,2266,22.71,16.0,13.052,16,52.3,20.0
1905.0,86,584.0,20.0,17.9,100.0,101,120,61.7,8,-0.8,19.8,0.999,21.0,17.0,1.1,69.2,17.1,2275,22.89,15.7,13.120,15,53.3,20.4
1908.0,86,584.0,18.9,3.9,100.0,101,120,60.2,8,-1.0,18.4,0.999,22.5,15.7,2.3,63.9,16.1,2275,20.66,14.2,13.120,15,45.7,19.0
1911.0,86,584.0,17.9,0.0,100.0,101,120,56.5,8,-2.3,18.0,1.006,22.0,16.0,0.6,65.6,16.4,2266,21.74,14.6,13.120,15,44.4,18.4
1914.0,86,584.0,20.0,0.0,100.0,101,120,59.6,8,-2.3,18.9,0.997,21.7,16.3,1.3,67.3,16.7,2262,22.12,15.2,13.093,15,49.3,19.2
1917.0,86,584.0,19.4,34.3,100.0,101,120,60.4,8,-2.3,19.2,0.997,21.5,16.5,1.5,67.7,16.8,2268,21.74,14.9,13.040,16,47.5,19.2
1920.0,86,584.0,18.6,25.5,100.0,101,120,58.8,8,-2.3,18.7,1.000,21.8,16.4,0.1,66.4,16.5,2287,21.66,14.9,13.040,16,34.2,13.9
1923.0,86,583.0,17.7,1.4,100.0,101,120,54.7,8,-2.3,16.9,0.996,24.0,15.3,1.6,60.0,15.6,2279,20.11,13.5,13.040,16,32.2,13.5
1926.0,86,580.0,16.5,8.8,100.0,101,120,46.3,8,-2.3,15.0,0.999,25.5,14.2,1.6,55.6,8.1,2253,13.69,8.7,13.040,16,29.6,15.1
1929.0,86,570.9,9.1,2.7,100.0,101,118,38.8,8,-2.3,12.9,0.951,28.7,12.6,2.6,47.8,2.6,2217,6.52,1.3,13.040,16,0.0,5.1
1932.0,86,565.8,8.5,23.0,100.0,101,115,32.7,8,-2.3,11.3,0.911,32.4,11.4,4.4,38.7,11.0,2186,12.68,7.1,13.040,16,14.0,9.6
1935.0,86,562.7,10.8,37.1,100.0,101,114,33.8,8,-2.3,11.2,1.003,32.0,11.0,1.6,38.0,11.0,2150,12.04,6.8,13.040,16,9.2,11.2
1938.0,86,560.0,11.6,0.0,100.0,101,114,47.8,8,-2.3,17.6,1.005,25.4,13.7,0.6,53.0,13.4,2169,15.52,9.2,13.040,16,0.0,12.5
1941.0,86,560.0,16.9,0.0,100.0,101,115,51.8,8,-2.3,17.2,1.002,22.4,15.3,0.9,63.0,15.3,2202,19.20,12.5,13.040,16,0.0,16.9
1944.0,86,560.0,17.3,0.0,100.0,101,117,56.4,8,-2.3,17.5,1.003,22.7,15.5,1.9,62.0,15.5,2239,18.97,12.5,13.040,16,0.0,17.3
1947.0,86,561.7,22.4,0.0,100.0,101,119,62.7,8,-2.2,19.7,1.011,21.5,16.5,-0.8,70.2,18.8,2300,23.74,18.5,13.040,15,53.8,24.0
1950.0,86,565.8,27.7,0.0,100.0,101,120,74.2,8,-1.6,29.4,0.995,14.6,22.6,-0.2,81.0,22.6,2524,29.07,24.4,13.060,15,87.4,30.7
1953.0,86,572.3,18.9,0.0,100.0,101,120,58.8,8,-1.0,23.3,1.002,14.5,22.0,0.4,82.4,22.4,2468,28.84,23.8,13.066,15,84.4,31.3
1956.0,86,576.0,25.5,0.0,100.0,101,119,66.4,8,-0.8,23.4,1.002,15.7,20.4,1.4,79.6,20.4,2253,24.86,17.9,13.051,15,78.8,23.9
1959.0,86,576.0,24.7,4.9,100.0,101,118,69.9,8,-0.8,24.8,0.998,16.6,20.3,2.3,78.6,20.3,2262,25.22,20.3,13.120,15,90.2,24.9
1962.0,86,576.0,15.1,4.1,100.0,101,118,55.0,8,-2.3,20.8,1.000,20.5,19.0,2.3,77.8,19.6,2262,24.68,18.4,13.137,15,41.6,15.0
1965.0,86,574.6,7.0,0.0,100.0,101,117,23.5,8,-6.6,8.4,1.013,38.0,6.3,0.8,20.4,8.8,2186,11.60,7.7,13.077,15,15.6,8.9
1968.0,86,571.6,8.9,0.2,100.0,101,114,29.0,8,-2.3,11.8,1.013,32.8,9.9,0.3,34.0,9.6,2142,10.71,5.7,12.973,15,14.5,9.0
1971.0,86,568.0,15.7,62.2,100.0,101,114,46.4,8,-2.3,15.6,1.004,25.9,13.7,0.7,52.2,13.8,2142,16.31,10.5,12.914,15,29.8,14.4
1974.0,86,568.0,16.8,36.6,100.0,101,115,53.7,8,-2.3,17.4,0.999,21.8,15.4,1.4,64.2,16.1,2180,20.23,13.7,13.040,15,43.1,18.4
1977.0,86,568.0,17.6,12.4,100.0,101,117,55.6,8,-2.3,17.0,1.003,23.8,13.4,0.8,53.3,13.7,2212,16.91,11.8,13.040,15,41.8,18.4
1980.0,86,568.0,18.1,1.1,100.0,101,119,61.8,8,-2.3,19.2,1.004,21.0,17.6,0.8,69.3,16.6,2266,21.11,14.4,13.088,15,48.3,19.3
1983.0,86,568.0,19.0,7.9,100.0,101,122,59.6,8,-2.3,18.9,1.002,21.7,16.8,0.3,69.4,16.7,2315,22.33,15.0,13.085,15,51.0,19.8
1986.0,86,568.1,23.1,46.5,100.0,101,125,68.1,8,-1.2,22.0,1.002,20.5,17.5,-0.8,71.4,17.3,2363,23.08,15.1,13.040,15,47.9,19.1
1989.0,86,572.0,22.8,34.5,100.0,101,126,69.3,8,-0.8,23.3,1.002,19.5,18.8,-1.4,77.1,19.0,2400,25.43,15.7,13.040,15,71.0,23.1
1992.0,86,574.2,23.1,32.9,100.0,101,126,69.5,8,-0.8,23.8,1.000,18.9,19.8,-0.8,79.7,19.6,2400,26.06,2.4,13.040,14,70.4,22.6
1995.0,86,577.4,21.5,34.7,100.0,101,126,68.9,8,-0.8,26.3,0.995,15.0,21.2,0.0,83.1,20.0,2381,20.65,7.8,13.040,14,39.3,16.0
1998.0,86,580.0,15.9,27.8,100.0,101,124,47.1,8,-2.3,17.3,0.997,18.5,18.3,0.0,76.1,18.7,2352,21.79,14.3,13.040,14,42.6,15.7
2001.0,86,580.0,8.2,0.0,100.0,101,122,43.8,8,-2.3,17.0,0.994,21.0,16.6,0.4,68.8,16.9,2303,22.58,16.3,13.013,14,79.3,25.1
2004.0,86,580.0,20.4,0.0,100.0,101,119,59.2,8,-1.5,21.6,0.995,17.2,19.2,0.8,73.0,19.1,2304,22.74,16.2,12.972,14,50.3,20.0
2007.0,86,582.7,27.8,3.0,100.0,101,117,71.6,8,-1.1,27.5,0.998,11.8,23.7,0.7,87.2,26.3,2429,30.49,29.4,13.040,14,86.3,35.7
2010.0,86,585.8,33.1,3.4,100.0,101,116,75.9,8,-1.6,31.2,1.001,14.5,23.1,0.0,83.5,23.5,2587,30.66,26.5,13.094,14,86.5,32.7
2013.0,86,588.9,33.1,0.2,100.0,101,114,75.3,8,-1.6,33.7,1.012,14.5,22.8,0.0,81.4,20.7,2407,26.82,21.7,13.079,14,88.6,29.3
2016.0,86,592.0,28.1,1.8,100.0,101,112,72.9,8,-1.0,29.1,0.999,13.9,20.2,1.2,77.6,19.0,2227,23.99,18.7,13.016,14,89.1,26.4
2019.0,86,592.0,22.7,12.4,100.0,101,112,70.1,8,-0.8,25.0,0.995,14.6,17.8,1.7,72.8,18.7,2125,23.39,19.0,12.960,14,80.0,23.1
2022.0,86,592.0,20.9,10.3,100.0,101,112,66.6,8,-0.8,21.7,0.999,17.0,17.2,0.0,67.5,18.4,2125,22.49,17.3,12.960,15,67.4,21.8
2025.0,86,592.0,17.9,0.0,100.0,101,112,61.2,8,-0.8,18.0,1.001,23.0,14.5,0.0,61.2,16.0,2125,19.83,14.1,13.007,15,47.4,19.7
2028.0,86,591.5,15.7,3.2,100.0,101,112,47.8,8,-2.3,16.9,0.998,22.0,15.3,1.0,63.4,15.9,2125,20.01,13.6,13.071,15,38.2,18.4
2031.0,87,588.0,19.6,43.0,100.0,101,112,56.6,8,-2.3,11.7,0.997,22.2,15.5,0.1,65.4,16.2,2128,20.85,15.3,13.108,15,50.5,19.6
2034.0,87,585.5,17.5,31.6,100.0,101,113,58.3,8,-2.3,8.8,0.997,25.9,14.0,-1.9,60.8,15.2,2137,19.09,13.3,13.040,15,40.8,17.6
2037.0,87,582.3,15.0,19.9,100.0,101,114,52.3,8,-2.3,12.0,0.998,37.0,8.2,0.0,36.5,13.3,2125,15.73,10.3,13.040,15,32.2,15.2
2040.0,87,580.0,13.7,0.0,100.0,101,112,51.0,8,-2.3,15.3,1.002,30.1,12.1,0.8,49.6,14.5,2137,16.91,10.6,13.070,15,30.1,14.5
2043.0,87,580.0,16.5,0.0,100.0,101,113,52.3,8,-2.3,15.4,1.001,24.6,15.3,1.6,62.3,15.7,2151,19.47,12.5,13.120,15,35.7,16.5
2046.0,87,578.4,16.6,0.0,100.0,101,114,53.3,8,-2.3,15.7,1.000,23.0,15.3,1.6,61.6,15.3,2162,19.50,12.5,13.013,15,14.7,16.7
2049.0,87,576.0,16.8,0.0,100.0,101,114,50.2,8,-2.3,15.3,1.001,24.5,14.4,2.1,57.9,14.8,2170,18.12,11.8,12.995,15,0.0,16.8
2052.0,87,576.0,16.5,0.0,100.0,101,116,23.5,8,-5.5,8.8,0.393,5.8,7.1,1.2,37.3,8.6,2141,12.59,8.3,13.057,15,0.0,15.4
2055.0,87,562.0,8.7,0.0,100.0,101,112,13.0,8,-7.0,4.9,0.000,-11.9,0.0,0.0,13.0,0.0,2071,4.30,0.4,13.120,15,0.0,4.7
2058.0,87,549.3,9.4,0.0,100.0,101,108,19.4,8,-6.5,5.9,0.061,-13.0,0.0,0.0,13.7,0.0,1975,4.24,0.4,13.120,15,7.6,9.6
2061.0,87,540.6,17.5,1.2,100.0,101,106,57.3,8,-2.3,17.6,1.006,9.8,10.5,-1.0,46.7,9.4,2023,12.38,6.5,13.055,15,25.2,15.3
2064.0,86,544.0,19.2,22.8,100.0,101,107,61.1,8,-2.3,18.1,1.001,19.8,15.9,-0.6,68.4,15.2,2066,17.70,12.7,12.976,15,49.0,18.9
2067.0,86,544.0,17.0,41.4,100.0,101,109,51.8,8,-2.3,16.1,0.997,21.7,15.1,1.4,64.9,13.5,2079,12.88,8.6,13.045,15,32.2,15.3
2070.0,86,546.0,16.5,51.1,100.0,101,110,42.7,8,-2.3,13.4,0.996,26.3,12.5,3.1,49.0,12.9,2100,15.02,12.2,13.120,15,37.8,16.5
2073.0,86,547.1,15.2,45.0,100.0,101,110,47.8,8,-2.3,15.3,0.998,24.0,14.9,2.0,56.9,14.0,2108,16.82,11.8,13.078,15,37.3,16.6
2076.0,86,544.0,7.1,0.0,100.0,101,112,34.4,8,-2.3,11.8,1.004,30.9,12.2,0.8,47.6,12.4,2107,14.93,9.6,13.062,15,29.6,14.7
2079.0,86,544.0,12.0,0.0,100.0,101,112,39.6,8,-2.3,11.6,1.003,33.3,10.7,0.2,38.1,10.6,2108,10.91,5.6,13.120,15,16.9,11.4
2082.0,86,544.0,14.1,0.0,100.0,101,113,47.7,8,-2.3,14.7,0.996,25.4,13.3,0.8,54.1,13.7,2150,16.35,10.2,13.137,15,25.4,13.3
2085.0,86,544.0,14.2,5.5,100.0,101,114,45.6,8,-2.3,16.1,0.998,23.0,15.3,1.4,59.6,14.5,2175,17.38,10.8,13.129,15,30.6,14.7
2088.0,86,544.0,14.5,37.8,100.0,101,114,48.6,8,-2.3,11.9,0.997,31.2,11.0,0.8,43.6,11.6,2161,14.06,9.2,13.099,15,27.9,13.7
2091.0,86,541.2,12.2,17.2,100.0,101,112,44.9,8,-2.3,10.5,0.997,35.3,8.2,0.2,27.4,8.3,2125,8.48,3.9,13.040,15,11.0,7.8
2094.0,86,540.0,11.9,4.5,100.0,101,110,37.7,8,-2.3,11.4,0.999,27.0,11.1,0.8,42.7,12.2,2125,13.88,5.5,13.040,15,16.8,10.8
2097.0,86,537.6,11.8,2.7,100.0,101,109,28.9,8,-2.3,5.1,0.993,1.0,0.0,0.0,20.0,7.4,2034,8.41,4.8,13.085,15,15.9,10.6
2100.0,86,532.0,8.9,0.7,100.0,101,104,28.2,8,-2.3,12.3,0.983,11.5,10.3,-0.9,28.8,5.5,1974,6.44,6.0,13.120,15,20.5,11.1
2103.0,86,532.0,14.9,39.5,100.0,101,104,36.1,8,-2.3,19.3,0.991,13.6,19.5,-1.6,55.9,10.9,2049,12.25,11.9,13.120,15,48.5,20.7
2106.0,86,537.0,23.8,19.0,100.0,101,106,51.9,8,-1.8,22.8,1.001,10.8,23.0,-1.5,86.3,23.9,2306,28.60,25.9,13.120,15,87.5,31.4
2109.0,86,541.6,26.2,12.7,100.0,101,108,64.6,8,-1.0,20.4,0.998,18.6,15.3,-0.8,69.0,17.3,2087,23.32,15.6,13.066,15,78.6,26.7
2112.0,86,544.0,18.7,30.8,100.0,101,110,47.8,8,-2.3,13.3,0.991,25.5,15.0,1.4,63.4,15.6,2095,19.47,11.2,13.040,15,47.1,16.9
2115.0,86,544.0,12.9,25.2,100.0,101,110,56.9,8,-2.3,9.5,0.999,12.5,6.7,1.1,38.5,9.2,2075,12.96,8.2,13.040,15,6.6,6.3
2118.0,86,540.0,8.9,7.1,100.0,101,109,37.6,8,-4.7,7.7,1.007,16.5,2.6,1.7,17.0,3.7,2032,5.05,2.2,13.046,15,7.8,6.3
2121.0,86,535.4,11.9,6.1,100.0,101,107,30.9,8,-5.6,9.2,1.009,37.3,8.4,5.1,26.7,7.8,2014,7.31,4.7,13.157,15,16.7,10.5
2124.0,86,533.5,17.0,8.6,100.0,101,106,50.0,8,-2.3,13.9,0.992,25.5,14.1,1.6,55.7,14.1,2112,14.67,8.8,13.027,15,28.6,14.4
2127.0,86,536.6,19.8,0.8,100.0,101,108,62.0,8,-2.3,11.4,0.993,25.9,14.1,1.1,57.2,14.3,2083,17.33,11.5,12.994,15,36.1,16.8
2130.0,86,540.0,21.6,11.2,100.0,101,108,60.9,8,-1.4,14.7,0.994,24.1,14.3,1.1,58.8,14.6,2066,17.83,12.9,13.055,15,39.2,17.5
2133.0,86,540.0,20.8,24.4,100.0,101,109,61.5,8,-1.4,17.3,0.996,21.5,14.9,1.3,61.6,15.0,2077,17.82,14.5,13.120,15,52.9,20.0
2136.0,86,542.0,19.1,18.4,100.0,101,111,61.6,8,-2.3,17.4,0.999,20.0,16.5,0.0,69.8,15.7,2100,19.43,12.6,13.120,14,43.0,17.6
2139.0,86,545.3,17.8,0.0,100.0,101,112,59.1,8,-2.2,17.5,1.002,20.5,15.7,0.8,66.6,15.7,2109,19.46,12.9,13.143,14,48.1,18.3
2142.0,86,548.0,18.1,0.0,100.0,101,112,62.0,8,-0.8,14.5,1.000,23.9,14.4,1.3,59.5,14.5,2105,17.91,11.9,13.110,14,49.3,18.9
2145.0,86,548.0,14.5,0.0,100.0,101,111,53.7,8,-1.7,14.5,1.000,25.3,13.7,1.6,55.2,13.6,2092,16.34,10.2,13.040,14,29.9,14.5
2148.0,86,548.0,14.7,28.0,100.0,101,109,47.7,8,-2.3,14.1,0.998,25.3,13.4,1.8,53.3,12.9,2072,16.01,10.2,13.040,14,31.4,15.3
2151.0,86,546.2,12.0,31.2,100.0,101,107,41.2,8,-2.3,13.1,0.994,26.5,11.8,3.1,40.4,7.8,2012,8.27,4.6,13.101,14,16.6,10.1
2154.0,86,542.9,8.9,3.9,100.0,101,104,26.7,8,-2.3,11.8,1.013,28.0,11.8,-0.6,44.3,10.7,2004,11.21,5.9,12.987,14,14.4,9.0
2157.0,86,540.0,12.2,17.5,100.0,101,104,42.4,8,-2.3,12.1,1.000,27.4,12.0,1.1,46.6,12.2,1981,13.54,8.1,12.936,14,21.8,12.2
2160.0,86,540.0,11.8,3.4,100.0,101,103,41.5,8,-2.3,11.6,0.997,29.5,9.5,3.1,39.1,8.8,1935,11.51,7.1,13.053,14,19.8,12.1
2163.0,86,535.0,7.5,0.0,100.0,101,99,30.9,8,-4.0,9.2,0.756,25.2,4.4,2.7,21.8,0.0,1862,4.22,0.8,13.120,14,0.0,4.7
2166.0,86,524.4,4.7,0.0,100.0,102,91,13.8,8,-7.8,4.7,0.000,-11.5,0.0,0.0,16.1,0.0,1675,4.17,0.5,13.120,14,0.0,4.7
2169.0,86,510.2,4.7,0.0,100.0,102,72,17.3,8,-7.8,4.7,0.000,-9.7,0.0,0.0,19.9,0.0,1441,4.19,0.6,13.088,14,0.0,4.7
2172.0,86,500.0,4.7,0.0,100.0,102,49,19.0,8,-7.8,4.7,0.000,-9.0,0.0,0.0,22.8,0.0,1233,4.21,0.8,13.040,14,0.0,4.7
2175.0,86,484.2,4.7,2.1,100.0,102,26,18.8,8,-7.5,4.1,0.299,-3.9,0.0,2.9,25.6,0.0,1127,4.05,0.8,13.040,14,0.0,4.7
2178.0,86,471.5,4.3,2.4,100.0,102,8,19.3,8,-6.7,3.1,0.888,11.0,0.0,14.8,35.7,0.0,588,2.81,0.8,13.040,14,0.0,4.0
2181.0,86,462.5,3.5,0.0,100.0,102,0,25.1,8,-4.7,3.5,1.013,0.9,0.0,-2.0,33.6,0.0,580,2.59,0.8,13.040,14,0.1,3.4
2184.0,86,452.0,3.1,0.0,100.0,102,0,23.9,8,-5.2,3.2,1.004,4.3,0.2,-6.9,31.7,1.9,694,4.08,2.7,13.040,14,3.5,4.3
2187.0,86,446.1,12.9,30.2,100.0,101,8,43.1,8,-4.0,9.9,0.994,12.8,5.1,-2.8,39.8,7.2,1054,8.54,7.5,13.040,14,20.8,12.2
2190.0,86,448.0,19.4,38.3,100.0,101,21,64.1,8,-2.0,18.9,0.990,18.2,18.3,0.8,74.1,18.4,1987,20.82,16.1,12.976,15,49.0,17.7
2193.0,86,455.4,20.3,21.5,100.0,101,37,69.2,8,-0.8,19.2,0.997,20.0,16.1,0.8,69.8,16.7,2004,20.01,14.9,12.960,15,51.5,18.6
2196.0,86,464.8,14.3,0.0,100.0,101,50,43.1,8,-1.9,13.6,1.007,25.6,13.1,-0.1,58.1,13.6,1787,15.46,11.4,13.017,15,31.2,14.2
2199.0,86,476.1,3.5,0.0,100.0,102,54,26.3,8,-5.1,7.7,0.548,12.6,7.0,-0.5,38.3,8.2,1483,8.64,6.2,13.110,15,11.4,8.2
2202.0,86,469.3,3.5,0.0,100.0,102,55,12.8,8,-7.8,3.9,0.000,-12.6,0.0,0.0,15.3,0.0,1337,2.99,0.8,13.040,15,3.2,5.0
2205.0,86,459.3,3.5,0.0,100.0,102,53,11.9,8,-7.8,3.9,0.000,-13.0,0.0,0.0,14.1,0.0,1399,2.99,0.8,13.040,15,0.0,3.5
2208.0,86,447.4,3.5,0.0,100.0,102,32,14.1,8,-7.8,3.9,0.000,-12.4,0.0,0.0,16.1,0.0,1290,2.99,0.8,12.988,15,0.0,3.5
2211.0,86,436.1,3.5,0.0,100.0,102,26,15.0,8,-7.8,3.9,0.000,-12.2,1.4,0.0,18.4,1.3,1130,3.21,1.0,12.890,15,0.0,3.5
2214.0,86,431.4,7.4,0.4,100.0,102,24,26.4,8,-6.2,5.9,0.228,-8.8,4.9,-0.2,20.7,5.5,1150,4.30,3.1,13.120,15,13.6,8.6
2217.0,86,428.0,8.3,0.6,100.0,101,29,44.4,8,-2.6,11.6,1.013,18.0,11.8,-3.9,60.4,11.8,1327,9.34,6.7,13.069,15,8.9,7.5
2220.0,86,428.0,3.7,0.0,100.0,102,34,14.1,8,-7.8,4.3,0.988,31.2,9.6,-0.8,45.4,10.4,1284,10.02,7.8,13.040,15,4.0,5.6
2223.0,86,428.1,6.3,0.0,100.0,102,36,16.9,8,-7.8,4.1,0.979,19.9,6.0,1.1,28.5,7.4,1178,7.41,5.9,13.040,15,15.3,9.8
2226.0,86,421.3,5.0,0.0,100.0,102,37,17.6,8,-7.8,3.9,0.769,-11.5,1.5,0.0,17.6,2.4,1187,2.97,0.8,13.040,15,4.2,5.4
2229.0,86,413.4,4.5,0.0,100.0,102,33,15.9,8,-7.8,3.9,0.000,-11.5,0.0,0.0,18.0,0.7,1152,3.28,0.6,13.040,15,0.0,3.9
2232.0,86,407.7,5.8,0.0,100.0,102,26,33.7,8,-2.3,6.3,0.633,16.6,5.5,2.3,31.4,4.6,1168,5.12,2.3,13.070,15,0.0,4.5
2235.0,86,404.0,3.9,0.0,100.0,102,26,21.9,8,-5.6,5.3,0.406,10.9,5.1,2.3,33.7,6.0,1158,5.94,4.1,13.089,15,0.0,5.0
2238.0,86,398.6,8.6,14.4,100.0,102,21,29.7,8,-5.7,6.4,0.330,-2.6,2.4,-0.3,24.3,1.6,1097,3.54,0.7,12.961,15,0.0,4.3
2241.0,86,396.0,9.0,16.9,100.0,101,18,42.1,8,-3.0,10.5,1.012,25.5,10.2,-1.6,48.6,11.0,1350,9.47,6.7,13.040,15,4.7,4.5
2244.0,86,394.8,4.7,0.0,100.0,102,24,14.9,8,-7.8,3.5,0.994,13.5,3.0,3.7,28.7,4.1,1208,5.74,3.8,13.077,15,5.0,4.4
2247.0,86,388.0,4.3,0.0,100.0,102,18,17.1,8,-7.8,4.0,0.997,6.2,0.0,5.5,19.6,0.0,1099,3.12,0.8,13.100,15,0.0,3.9
2250.0,86,382.2,5.1,0.0,100.0,102,14,23.9,8,-5.5,5.7,1.003,13.8,2.0,3.0,23.7,1.3,1134,3.83,0.9,13.040,15,0.0,3.9
2253.0,86,378.2,4.7,0.0,100.0,102,13,27.9,8,-3.1,7.3,1.009,38.8,8.6,-3.9,31.8,8.6,1562,6.98,3.9,13.040,15,0.0,3.9
2256.0,86,374.6,3.5,0.0,100.0,102,16,17.3,8,-7.8,3.9,0.995,4.0,2.4,1.0,26.3,3.1,1201,4.92,2.1,13.040,15,0.0,4.0
2259.0,86,368.0,3.5,0.0,100.0,102,15,17.3,8,-7.3,4.2,0.997,4.0,0.0,2.7,23.3,0.0,1034,3.35,0.5,13.040,15,0.0,4.2
2262.0,86,365.1,3.8,0.0,100.0,102,8,22.0,8,-5.6,4.0,1.004,0.4,0.0,-0.2,25.6,0.0,1034,3.09,0.8,13.040,15,0.0,3.5
2265.0,86,359.7,3.5,0.0,100.0,102,1,23.6,8,-4.6,3.4,1.009,-6.1,0.0,-6.5,32.8,0.0,612,2.76,0.4,13.040,15,0.0,3.5
2268.0,86,353.2,3.0,0.0,100.0,102,0,15.8,8,-7.0,3.1,0.992,0.5,0.0,0.0,21.2,0.0,715,2.37,0.7,13.040,15,0.2,3.1
2271.0,86,346.8,2.7,0.0,100.0,102,0,16.5,8,-7.0,2.8,1.008,3.8,0.0,-6.6,21.7,0.0,737,2.11,0.8,13.006,15,0.3,2.7
2274.0,86,340.0,2.7,0.0,100.0,102,0,16.5,8,-2.7,1.4,1.005,7.2,0.0,-5.8,52.7,0.0,499,1.73,1.3,12.879,15,0.0,5.9
2277.0,87,334.9,4.9,0.0,100.0,102,0,9.6,2,0.0,2.4,0.999,9.5,0.0,0.0,100.0,0.0,0,1.06,3.1,12.560,15,0.0,34.9
2280.0,87,332.0,6.3,0.0,100.0,102,0,0.0,-7,0.0,6.7,0.999,9.5,0.0,0.0,100.0,0.0,2,1.09,3.1,12.560,15,0.0,34.9
2283.0,87,334.7,6.5,0.0,100.0,102,0,0.0,-7,-0.0,6.8,0.999,9.5,0.0,0.0,100.0,0.0,0,1.06,3.1,12.560,15,0.0,34.9
2286.0,87,334.3,6.5,0.0,100.0,102,0,0.0,-7,-0.0,6.8,0.999,9.5,0.1,0.0,99.9,0.1,11,1.19,3.2,12.560,15,0.0,34.9
2289.0,87,333.9,6.5,0.0,100.0,102,0,0.0,-7,-0.0,6.8,0.999,9.5,0.1,0.0,100.0,0.1,7,1.15,3.2,12.562
2292.0,87,333.5,6.4,0.0,100.0,102,0,0.0,-7,-0.0,6.7,0.999,9.5,0.0,0.0,100.0,0.0,4,1.11,3.2,12.561
2295.0,87,333.1,6.4,0.0,100.0,102,0,0.0,-7,0.0,6.7,0.999,9.5,0.0,0.0,100.0,0.0,1,1.07,3.1,12.560
2298.0,87,332.7,6.4,0.0,100.0,102,0,0.0,-7,-0.0,6.8,0.999,9.5,0.1,100.0,0.0,0,1.06,3.1,12.560
2301.0,87,332.3,6.3,0.0,100.0,102,0,0.0,-7,-0.0,6.8,0.999,9.5,0.1,3.2,12.563
2304.0,87,332.0,6.3,0.0,100.0,102,0,0.0,-7,-0.0,6.7,0.999,9.5,0.0,3.2,12.562
