BlueDriver Data Log
Sep 25, 2018 7:20:57 AM
Time (s),Accelerator Pedal Position E (%),Mass Air Flow Rate (g/s),Intake Air Temperature (°C),Absolute Throttle Position B (%),O2 Bank 1 - Sensor 2 - Oxygen Sensor Voltage (V),Fuel Level Input (%),Ambient Air Temperature (°C),Calculated Engine Load Value (%),Absolute Throttle Position (%),Engine Coolant Temperature (°C),Catalyst Temperature Bank 1 - Sensor 1 (°C),Absolute Load Value (%),Long Term Fuel Trim Bank 1 (%),Commanded Throttle Actuator (%),Wide Range O2S: Bank 1 - Sensor 1 - Equivalence Ratio (λ),Short Term Fuel Trim Bank 1 (%),Relative Throttle Position (%),Commanded Evaporative Purge (%),Evap. System Vapor Pressure (Pa),Barometric Pressure (kPa),Vehicle Speed (km/h),Wide Range O2S: Bank 1 - Sensor 1 - Voltage (V),Commanded Equivalence Ratio (λ),Timing Advance for #1 cylinder (°),O2 Bank 1 - Sensor 2 - Short Term Fuel Trim (%),Accelerator Pedal Position D (%),Engine RPM (rpm),Control Module Voltage (V)
0.0,,,,,,,,,,,,,,,,,,,,,,,,,,,,
15.1,0.0,,-17,6.0,0.280,62.2,12,33.5,5.8,32,0.0,26.9,-0.2,6.3,1.002,,,,,,,,,,,,,
30.2,0.0,4.64,14,6.2,0.280,62.6,12,49.7,5.4,36,0.0,28.2,-5.5,5.3,1.000,3.9,0.9,0.0,0.0,101,0,2.203,0.999,2.1,99.2,0.1,973,13.523
45.3,16.5,16.91,14,15.8,0.280,62.3,12,64.7,16.9,38,0.0,60.8,-1.2,16.8,0.994,-7.8,11.0,0.0,0.0,101,15,2.186,0.998,4.1,99.2,12.6,1429,13.028
60.4,3.4,5.86,12,9.0,0.301,62.3,12,48.1,12.0,43,70.5,43.8,-0.3,10.0,0.989,-4.3,3.0,3.2,0.9,101,48,2.169,0.396,12.6,99.2,1.7,1334,13.032
75.5,0.0,5.03,12,18.3,0.739,63.6,12,25.0,5.1,46,127.0,21.3,0.0,5.1,1.011,-3.1,0.4,0.0,1.4,101,35,2.199,0.997,12.0,99.2,0.0,1286,13.690
90.6,3.9,6.25,14,6.9,0.784,65.1,12,42.9,6.6,48,140.9,33.9,-4.4,8.2,1.000,-75.6,0.4,0.0,0.5,101,1,2.190,0.999,4.8,99.2,0.0,839,13.794
105.7,11.6,13.09,14,13.2,0.762,64.6,12,63.3,12.6,50,174.2,57.4,0.0,12.5,1.021,-3.5,5.7,14.6,51.5,101,28,2.185,0.997,12.5,99.2,9.0,1438,13.760
120.8,11.7,13.10,14,12.6,0.773,63.9,12,69.4,11.4,53,265.7,56.2,0.0,11.3,1.013,-0.8,5.7,85.2,0.0,99,50,2.189,1.002,8.6,99.2,11.9,1363,13.854
135.9,7.7,7.65,13,7.5,0.777,63.9,12,49.0,7.5,56,326.1,33.3,0.0,6.3,1.014,-0.8,2.7,16.0,0.0,100,58,2.193,1.002,24.3,99.2,7.4,1196,13.778
151.0,0.0,5.22,14,5.6,0.186,64.6,12,30.2,5.9,57,325.4,25.1,0.0,5.6,1.999,0.0,0.1,0.0,0.0,101,44,3.281,0.201,-4.1,99.2,0.0,1227,13.760
166.1,15.5,17.99,14,15.3,0.681,65.1,12,59.3,12.7,57,313.9,49.8,-1.8,10.8,0.978,-3.1,7.6,0.0,35.2,101,15,2.124,1.013,14.5,99.2,15.4,1842,13.823
181.2,18.7,19.35,13,21.7,0.772,63.8,12,83.2,23.7,58,386.4,73.0,0.8,24.6,0.993,2.1,19.0,92.3,0.5,100,52,2.185,1.000,6.0,99.2,19.5,1749,13.760
196.3,0.9,4.33,13,4.8,0.389,63.5,12,26.0,4.5,60,413.3,20.9,0.0,5.1,1.999,0.0,1.1,4.8,11.0,101,53,2.171,0.979,39.0,99.2,2.8,1114,13.826
211.4,0.0,5.67,14,6.3,0.759,65.1,12,46.2,5.7,61,375.7,36.2,-5.5,5.8,0.999,1.7,0.4,1.9,8.8,101,1,2.206,0.996,-0.3,99.2,0.0,863,13.737
226.5,21.2,22.30,14,22.8,0.771,65.5,12,84.0,24.5,61,358.2,75.4,0.8,25.4,1.006,-1.5,20.3,77.5,0.0,100,26,2.182,0.995,14.2,99.2,21.7,1998,13.721
241.6,15.6,14.68,12,11.9,0.799,64.7,12,62.9,10.8,62,453.7,32.3,0.0,6.8,1.006,-2.7,2.5,24.7,15.2,101,60,2.880,1.102,26.7,99.2,16.2,1334,13.816
256.7,18.5,20.57,12,21.5,0.740,63.5,12,81.8,21.6,66,500.6,71.8,0.8,22.8,0.992,-1.7,18.5,92.1,2.0,100,71,2.213,1.001,13.6,99.2,19.3,1893,13.760
271.8,22.3,25.11,12,28.3,0.762,62.8,12,84.1,28.1,68,554.5,72.9,0.8,27.3,1.004,0.0,23.1,90.9,6.6,100,82,2.184,0.998,12.6,99.2,22.4,2135,13.785
286.9,19.8,21.49,12,23.6,0.683,61.2,12,81.4,23.6,72,580.7,71.1,0.0,23.5,1.001,-0.8,18.8,34.3,13.5,101,83,2.202,1.002,12.1,99.2,20.5,1898,13.760
302.0,16.0,19.36,12,23.9,0.755,61.7,12,74.9,23.5,75,604.0,58.4,-1.5,19.9,1.000,-0.5,18.3,91.5,0.7,100,95,2.190,1.000,14.9,99.2,20.0,2051,13.760
317.1,20.4,23.65,12,26.6,0.738,62.4,12,85.5,26.8,76,592.3,75.6,0.0,27.0,0.999,1.1,23.2,90.2,6.6,100,86,2.168,1.000,15.4,99.2,19.3,1934,13.760
332.2,11.2,10.46,12,11.3,0.728,61.3,12,50.1,13.0,76,604.2,55.0,-0.7,17.8,1.002,-2.2,14.5,93.4,3.3,99,91,2.192,0.997,21.9,99.2,9.6,1753,13.808
347.3,15.5,17.80,12,16.5,0.693,61.6,12,38.1,8.4,77,594.4,39.6,-2.4,12.0,1.280,0.6,8.8,74.9,0.0,99,96,2.317,0.943,19.6,99.2,15.4,1835,13.760
362.4,4.3,6.63,12,6.4,0.122,62.4,12,17.1,6.1,77,534.7,16.5,-3.9,5.2,1.366,-1.3,1.9,10.9,12.3,101,101,2.950,0.420,-1.3,99.2,7.9,1907,13.822
377.5,19.8,25.21,12,24.7,0.763,62.7,12,84.3,25.7,76,561.0,68.7,-0.3,19.4,0.987,0.6,8.5,92.2,49.4,100,110,2.190,0.999,19.7,99.2,18.0,2123,13.760
392.6,19.4,22.46,12,21.9,0.736,62.4,12,82.1,25.7,76,566.5,67.1,-0.7,20.0,1.022,0.4,16.8,45.2,0.0,100,104,2.176,1.008,16.6,99.2,18.1,2022,13.760
407.7,15.9,19.29,12,18.9,0.717,61.6,11,64.4,19.6,78,579.5,65.1,-0.2,22.6,1.000,-0.1,17.4,87.1,9.6,100,110,2.189,1.008,29.4,99.2,12.0,2072,13.803
422.8,8.5,8.94,12,6.6,0.803,62.0,11,28.8,7.1,79,555.6,36.1,-2.3,9.8,1.003,-0.6,4.8,63.3,19.0,100,91,2.049,1.009,37.7,99.2,6.3,1700,13.760
437.9,17.5,21.63,12,24.1,0.737,62.5,11,81.6,26.7,79,555.2,71.5,0.0,21.4,0.995,0.8,17.1,91.8,10.6,100,94,2.180,1.006,13.5,99.2,19.3,2050,13.760
453.0,7.0,10.56,12,9.3,0.719,62.6,11,54.1,15.1,79,559.0,56.0,-1.5,14.9,1.008,0.7,9.1,83.0,7.2,99,94,2.206,0.992,24.4,99.2,9.1,1821,13.760
468.1,13.4,15.37,12,15.1,0.729,61.3,11,67.5,16.9,80,564.0,60.0,-0.6,17.9,0.999,0.6,14.0,92.8,0.2,99,94,2.192,0.997,22.0,99.2,12.0,1976,13.760
483.2,13.4,14.48,11,14.6,0.726,61.2,11,61.4,16.3,81,572.0,60.2,-1.1,18.7,0.997,-0.2,15.0,0.0,0.0,101,98,2.190,1.004,19.7,99.2,16.2,1884,13.742
498.3,20.5,25.10,11,25.0,0.750,60.7,11,84.0,25.6,84,580.7,73.1,0.0,26.0,1.001,0.7,22.2,89.9,0.3,100,102,2.169,0.995,13.3,99.2,20.9,2196,13.760
513.4,20.9,24.84,11,24.8,0.715,61.7,11,80.0,24.0,87,597.6,67.5,0.0,24.5,0.988,0.2,20.9,90.3,6.3,100,104,2.177,1.000,16.7,99.2,18.1,2041,13.760
528.5,10.6,9.09,11,10.1,0.719,62.4,11,36.0,10.0,88,589.9,58.3,-1.1,17.7,1.009,-2.6,12.1,89.1,26.3,99,98,2.204,1.002,23.9,99.2,7.9,1864,13.823
543.6,21.6,23.08,12,20.3,0.740,61.4,11,82.5,27.4,88,600.9,76.1,0.0,30.3,1.002,-1.5,27.7,88.6,0.2,100,98,2.170,0.991,11.3,99.2,24.7,2160,13.816
558.7,23.9,25.80,12,30.6,0.710,60.9,11,87.0,30.4,88,608.0,75.0,0.0,25.4,1.004,0.2,22.2,90.1,1.1,99,100,2.207,1.006,9.4,99.2,23.6,2095,13.860
573.8,12.2,15.22,12,16.2,0.642,60.0,11,69.3,17.0,88,616.0,33.6,-1.3,9.2,1.025,5.3,5.9,17.0,0.0,100,100,2.484,0.458,4.2,99.2,9.6,1884,13.708
588.9,15.3,18.10,12,16.4,0.745,59.8,11,66.9,18.1,86,568.0,58.7,-1.2,17.2,1.005,-0.1,12.5,93.7,4.7,98,102,2.152,0.990,21.3,99.2,15.0,1950,13.723
604.0,22.7,26.96,12,28.7,0.745,59.7,11,85.4,28.0,86,585.6,74.5,0.0,28.8,1.000,0.0,24.3,89.0,3.9,99,94,2.192,0.999,10.6,99.2,22.9,2223,13.760
619.1,15.4,17.68,12,17.1,0.711,60.1,11,69.6,18.7,87,600.0,61.0,-1.6,18.9,1.004,-1.6,15.3,32.5,16.5,100,102,2.190,1.002,19.3,99.2,16.3,1986,13.760
634.2,15.3,17.43,12,17.0,0.705,60.2,11,68.7,17.3,87,591.1,55.5,-1.6,14.3,0.992,1.5,10.4,93.8,19.3,98,100,2.172,1.003,24.2,99.2,14.6,1905,13.760
649.3,1.0,4.49,12,4.9,0.006,60.0,11,18.1,5.5,87,579.0,16.9,-3.2,7.4,0.947,-0.4,3.6,13.5,1.8,100,104,2.193,0.629,15.6,99.2,1.4,1936,13.760
664.4,14.9,16.20,12,15.9,0.722,60.6,11,65.3,15.7,86,560.8,60.1,-1.6,18.4,1.002,-0.8,14.5,93.7,1.9,98,90,2.175,0.998,18.8,99.2,15.7,1846,13.760
679.5,17.2,22.05,12,22.8,0.710,59.6,11,81.6,23.9,86,583.1,70.8,-0.2,24.6,1.005,-1.0,21.3,90.0,5.8,99,103,2.204,0.992,15.2,99.2,21.1,2345,13.742
694.6,22.8,28.30,12,29.0,0.695,59.6,11,87.0,29.5,86,581.3,76.0,-0.1,29.8,1.008,-0.9,25.1,87.6,20.4,99,106,2.184,0.998,12.6,99.2,22.7,2395,13.812
709.7,18.0,21.33,12,21.4,0.718,59.6,11,75.7,21.1,86,588.0,63.5,-0.7,19.9,1.003,-0.7,15.2,34.1,1.5,100,103,2.189,1.000,16.3,99.2,17.7,1997,13.840
724.8,10.8,11.47,14,11.0,0.792,60.4,11,38.3,9.9,86,576.1,36.0,-1.6,10.8,1.003,-1.3,6.7,8.7,0.6,100,103,2.152,0.996,32.4,99.2,11.0,1945,13.804
739.9,20.5,25.26,14,26.4,0.705,60.2,11,84.1,26.9,86,581.3,71.1,0.0,23.9,1.003,-0.4,17.3,92.6,2.2,99,104,2.188,1.004,16.1,99.2,19.2,2112,13.760
755.0,14.7,17.38,14,17.8,0.710,60.0,11,35.5,7.1,86,586.2,26.9,-2.6,9.8,1.609,0.3,6.7,43.7,4.6,98,104,2.177,0.949,22.4,99.2,13.3,1966,13.780
770.1,16.8,20.33,14,20.6,0.733,60.0,11,77.6,22.0,86,584.0,62.7,-1.4,19.5,1.001,0.8,15.5,81.3,41.5,98,110,2.185,0.995,23.1,99.2,15.4,2067,13.791
785.2,21.9,27.10,14,26.2,0.639,59.6,11,85.5,27.9,86,586.3,73.3,0.0,28.8,1.003,-0.9,24.4,89.4,0.0,99,105,2.188,0.990,12.5,99.2,22.9,2360,13.837
800.3,24.8,39.31,14,31.9,0.715,59.6,11,83.1,32.4,86,607.9,68.7,-0.8,27.7,0.999,-2.2,21.9,85.9,16.3,98,119,2.189,1.002,20.5,99.2,24.8,3373,13.760
815.4,19.7,25.47,14,27.2,0.712,59.4,11,75.5,26.9,86,616.0,68.1,-0.8,31.9,0.995,-0.2,25.7,0.0,0.0,99,126,2.189,0.999,19.5,99.2,20.3,2382,13.625
830.5,24.4,31.05,14,32.9,0.699,59.2,11,81.4,31.6,87,608.0,72.7,-0.6,32.9,1.006,0.2,27.5,87.8,0.0,99,119,2.190,1.000,13.2,99.2,24.9,2603,13.699
845.6,0.0,4.08,14,4.7,0.000,60.1,11,12.6,4.7,86,587.8,11.0,-3.9,4.7,1.999,0.0,0.4,0.0,0.0,99,110,3.596,0.000,-12.4,99.2,0.0,2026,13.803
860.7,17.1,19.67,14,19.9,0.725,60.5,11,75.7,18.8,86,549.7,64.2,0.0,18.6,1.005,-0.6,16.4,92.2,3.4,98,100,2.228,0.988,19.9,99.2,16.2,1882,13.770
875.8,19.9,22.99,14,23.7,0.709,59.2,11,79.7,23.7,86,563.2,69.4,0.0,23.8,0.999,0.0,19.8,90.9,2.4,98,99,2.203,1.000,15.1,99.2,20.2,2062,13.760
890.9,14.7,18.60,14,23.0,0.531,59.2,11,75.4,27.1,86,579.4,57.6,-1.6,23.0,0.989,-0.1,5.1,17.7,0.0,99,98,2.207,0.334,-3.2,99.2,9.9,1888,13.760
906.0,16.3,16.50,14,17.6,0.745,59.8,11,73.4,18.2,86,547.0,67.3,-0.5,20.4,1.011,-2.6,16.4,93.4,0.0,98,72,2.199,0.989,15.6,99.2,16.5,1674,13.840
921.1,24.9,33.53,12,32.7,0.725,58.0,11,82.9,33.2,86,592.0,73.1,-0.8,35.3,0.998,-0.5,30.8,86.6,0.0,98,88,2.198,1.004,17.3,99.2,25.6,2906,13.760
936.2,15.7,15.85,12,19.4,0.739,57.4,11,74.8,21.5,86,603.6,66.8,-0.0,23.3,1.001,1.5,17.9,80.5,8.1,98,94,2.157,1.001,21.8,99.2,13.0,1775,13.726
951.3,16.0,17.60,14,17.5,0.709,58.0,11,71.7,18.4,87,584.0,57.7,-1.6,16.5,1.001,1.9,11.3,94.6,6.3,97,97,2.176,0.999,20.6,99.2,15.4,1862,13.839
966.4,13.2,17.20,14,18.7,0.694,57.6,11,71.6,21.3,87,587.8,37.7,-1.4,12.9,0.988,-0.3,12.1,94.1,32.6,97,94,2.214,1.006,18.2,99.2,16.8,1919,13.760
981.5,9.9,9.34,14,9.3,0.627,58.0,11,37.4,6.7,87,565.2,16.7,-3.3,4.8,1.872,0.0,0.6,0.3,0.0,99,84,2.087,0.896,37.3,99.2,8.1,1585,13.736
996.6,0.2,4.01,14,4.7,0.002,58.7,11,18.3,5.0,87,533.2,16.0,-3.9,4.7,1.566,2.2,0.4,0.0,0.0,98,82,3.481,0.000,-10.9,99.2,0.4,1522,13.830
1011.7,22.9,27.00,12,29.0,0.750,58.7,11,85.6,29.0,86,549.5,73.6,0.0,28.7,1.003,1.6,24.3,88.6,0.1,98,85,2.190,1.001,11.9,99.2,23.1,2270,13.795
1026.8,13.1,13.73,12,13.3,0.724,58.0,11,59.9,10.6,86,565.8,59.9,-0.8,18.4,0.996,-0.6,13.3,91.1,0.0,97,89,2.236,1.010,20.1,99.2,14.4,1710,13.760
1041.9,18.1,18.47,12,22.3,0.737,57.3,11,53.8,12.9,87,576.0,48.5,-0.8,11.8,0.993,0.2,7.1,33.1,0.0,98,89,2.148,1.011,15.9,99.2,15.2,1703,13.760
1057.0,19.8,21.47,12,25.3,0.722,57.5,11,61.9,19.6,87,589.1,69.8,0.0,23.3,1.006,-2.0,19.3,81.0,19.5,98,84,2.181,0.992,13.8,99.2,19.4,1846,13.760
1072.1,22.0,25.91,12,27.7,0.697,57.3,11,87.8,34.7,87,613.5,76.4,0.0,35.4,0.999,-1.2,30.8,87.6,3.8,98,89,2.196,0.999,11.5,99.2,25.5,2380,13.747
1087.2,21.0,22.15,12,19.4,0.705,57.3,11,75.1,23.9,87,624.0,72.1,0.0,28.6,1.002,0.8,24.7,89.5,2.4,97,87,2.195,1.003,10.9,99.2,22.5,2062,13.760
1102.3,23.0,24.47,12,30.2,0.720,56.5,11,86.5,27.7,87,639.0,65.0,0.0,21.8,0.987,0.7,17.3,70.1,25.0,97,90,2.191,0.997,15.7,99.2,19.9,1977,13.796
1117.4,0.0,3.95,12,4.8,0.027,57.2,11,19.9,5.8,87,612.7,25.8,-2.7,8.2,1.566,-1.1,2.5,4.8,1.1,97,86,2.768,0.650,-11.0,99.2,0.0,1618,13.840
1132.5,0.0,4.10,14,4.8,0.000,60.1,11,12.5,4.7,86,545.7,11.3,-3.9,5.0,1.999,0.0,0.4,0.0,0.0,98,89,3.681,0.000,-11.6,99.2,0.0,2099,13.760
1147.6,4.4,5.55,14,6.4,0.048,61.2,11,19.3,6.0,84,477.6,13.2,-3.9,4.7,1.819,0.0,0.4,0.0,0.0,98,84,3.574,0.000,-11.0,99.2,0.0,2135,13.714
1162.7,0.0,4.42,14,5.1,0.000,61.6,11,13.2,5.0,84,429.4,11.0,-3.9,5.1,1.999,0.0,0.4,0.0,0.0,98,91,3.703,0.000,-10.1,99.2,0.0,2198,13.680
1177.8,0.0,4.14,14,4.8,0.000,62.3,11,12.6,4.7,84,371.9,11.0,-3.9,4.7,1.999,0.0,0.4,0.0,0.0,99,87,3.612,0.000,-10.7,99.2,0.0,2131,13.760
1192.9,0.0,4.37,14,5.1,0.000,62.0,11,12.5,5.1,84,328.1,11.0,-3.9,5.1,1.999,0.0,0.8,0.0,0.0,99,94,3.752,0.000,-10.0,99.2,0.0,2209,13.722
1208.0,0.0,4.49,14,5.1,0.000,62.4,11,12.9,5.1,84,287.3,11.0,-3.9,5.1,1.999,0.0,0.4,0.0,0.0,99,95,3.633,0.000,-9.7,99.2,0.0,2234,13.763
1223.1,0.0,4.17,13,5.0,0.000,62.3,11,12.4,4.6,84,259.6,11.0,-3.9,5.1,1.999,0.0,0.4,0.0,0.0,100,97,3.778,0.000,-10.6,99.2,0.2,2162,13.760
1238.2,3.6,4.31,12,5.1,0.223,61.6,11,18.9,5.3,83,244.0,14.3,-3.9,5.1,1.500,1.7,0.7,2.6,0.0,100,91,3.152,0.252,22.8,99.2,3.2,1712,13.760
1253.3,11.2,11.97,12,9.3,0.770,61.3,11,24.1,5.6,83,304.4,14.9,-3.9,6.0,1.013,-1.6,2.7,10.2,18.4,100,98,2.185,1.003,33.4,99.2,10.4,1855,13.668
1268.4,0.4,4.01,12,4.7,0.000,61.3,11,14.7,4.7,85,294.9,12.8,-3.9,4.7,1.999,0.0,0.4,0.0,0.0,100,92,3.617,0.000,-12.0,99.2,0.0,1736,13.823
1283.5,13.4,14.25,12,14.5,0.708,59.6,11,62.7,15.2,85,312.6,54.2,-0.8,14.3,1.010,-1.0,10.1,27.7,0.0,100,90,2.204,0.996,31.0,99.2,11.2,1749,13.760
1298.6,18.4,23.05,12,22.1,0.739,59.1,11,79.2,22.1,86,387.2,68.7,0.0,21.5,0.996,-0.8,18.0,68.0,27.3,100,109,2.210,1.000,15.6,99.2,18.3,2096,13.807
1313.7,10.1,11.17,12,11.0,0.732,58.0,11,41.8,12.3,86,445.8,44.0,-1.6,13.4,0.997,2.1,8.5,22.9,41.3,100,116,2.138,1.010,33.9,99.2,10.1,2153,13.760
1328.8,2.7,6.04,12,5.5,0.751,59.2,11,13.1,4.7,86,452.8,12.0,-3.9,5.0,1.808,0.7,0.9,2.9,3.6,101,115,2.095,0.943,36.3,99.2,7.8,2137,13.760
1343.9,3.8,6.87,12,7.5,0.349,59.6,11,27.8,8.3,86,458.0,26.9,-2.1,9.2,1.146,0.0,5.7,15.2,0.0,100,112,2.205,0.998,35.6,99.2,5.1,2080,13.760
1359.0,3.8,4.80,12,5.4,0.001,58.4,11,14.0,5.1,86,418.0,13.8,-3.9,4.7,1.285,6.7,0.6,0.0,0.0,101,104,3.004,0.394,2.2,99.2,3.4,1971,13.770
1374.1,13.1,15.71,12,13.5,0.710,57.4,11,50.1,13.7,86,445.0,44.7,-1.6,13.7,1.002,1.6,9.4,27.5,2.3,101,114,2.201,0.998,26.4,99.2,13.3,2203,13.712
1389.2,6.0,6.68,14,11.8,0.665,59.4,11,67.1,18.4,86,468.6,59.6,-1.6,17.9,1.000,-0.3,12.2,30.3,17.0,101,115,2.138,1.000,35.2,99.2,3.1,2131,13.760
1404.3,15.9,20.43,14,17.7,0.761,59.1,11,69.7,21.4,86,503.6,69.6,0.0,24.4,0.999,0.0,19.9,80.5,13.4,100,120,2.216,0.992,30.2,99.2,11.6,2245,13.724
1419.4,25.5,31.64,14,34.0,0.709,59.4,11,85.6,32.6,86,544.1,76.1,-0.8,32.3,1.002,0.0,28.2,87.8,0.0,100,106,2.208,0.991,13.0,99.2,26.1,2593,13.774
1434.5,18.5,20.39,14,19.0,0.691,59.6,11,68.2,21.4,86,578.8,61.9,-1.3,20.4,0.981,-0.1,15.9,48.5,0.4,100,115,2.225,1.002,24.1,99.2,17.4,2178,13.777
1449.6,18.2,22.78,15,21.3,0.702,59.2,11,75.8,22.1,86,584.0,67.5,0.0,22.7,1.002,-1.5,18.5,74.5,0.0,100,114,2.203,1.002,18.8,99.2,19.0,2262,13.801
1464.7,3.6,7.49,15,8.3,0.067,59.0,11,25.4,8.9,86,569.5,13.3,-3.9,5.4,1.193,0.6,2.1,0.0,0.0,101,120,2.080,0.820,32.1,99.2,10.3,2259,13.840
1479.8,21.5,28.22,16,26.7,0.747,59.2,11,84.3,26.6,86,554.3,71.0,-1.0,25.6,0.998,0.1,19.5,69.2,1.0,100,119,2.179,0.997,15.6,99.2,21.6,2411,13.702
1494.9,17.0,21.66,16,22.7,0.706,58.3,11,70.7,25.7,86,583.2,67.5,-0.9,28.0,1.002,0.1,18.9,20.2,0.5,101,117,2.228,1.003,26.1,99.2,15.6,2354,13.795
1510.0,26.6,34.35,16,37.9,0.707,57.5,11,84.5,36.6,86,589.9,77.0,-0.8,37.3,0.995,-0.8,33.4,86.2,0.5,101,120,2.209,0.997,14.7,99.2,27.4,2770,13.760
1525.1,20.1,26.23,16,25.9,0.705,58.0,11,80.2,25.2,86,598.1,69.8,-0.4,24.4,1.001,-2.2,19.2,74.6,27.6,100,128,2.192,1.000,19.2,99.2,20.3,2410,13.608
1540.2,17.1,22.56,16,19.8,0.710,58.0,11,68.3,19.6,86,600.0,60.9,-1.6,19.5,1.007,-0.6,14.9,50.9,29.3,100,122,2.193,0.996,21.3,99.2,17.3,2308,13.814
1555.3,19.6,24.50,16,24.2,0.724,57.9,11,80.1,24.9,86,600.0,68.6,0.0,24.8,0.999,1.6,20.3,90.3,3.5,100,116,2.177,1.000,18.0,99.2,18.2,2220,13.732
1570.4,20.4,25.46,17,25.3,0.702,57.6,11,79.8,25.1,86,604.9,70.3,0.0,25.3,0.997,-1.5,22.0,0.0,0.0,101,116,2.198,0.996,15.1,99.2,20.7,2254,13.760
1585.5,21.2,25.84,17,26.2,0.703,58.0,11,80.9,25.7,86,608.0,68.7,0.0,24.0,0.999,1.1,19.0,75.9,0.0,100,119,2.187,1.002,20.4,99.2,20.4,2245,13.760
1600.6,18.7,24.03,17,23.4,0.693,57.6,11,78.2,25.8,86,612.0,71.1,-0.9,27.5,0.994,-0.8,22.7,88.7,5.5,100,122,2.184,0.999,15.8,99.2,17.3,2328,13.760
1615.7,12.9,14.82,17,13.6,0.298,57.6,11,49.2,14.1,86,599.1,47.1,-1.8,15.2,1.122,-0.7,9.6,36.5,0.0,101,115,2.175,0.981,33.7,99.2,10.9,2169,13.760
1630.8,21.8,28.02,17,28.2,0.708,56.9,11,82.6,29.6,86,608.0,72.1,-0.8,29.0,1.008,0.0,24.3,88.2,0.5,100,118,2.180,0.999,15.9,99.2,21.0,2376,13.760
1645.9,18.3,23.68,17,23.0,0.710,57.2,11,75.5,22.7,86,610.1,67.2,0.0,23.5,1.000,-0.5,18.5,66.5,3.1,100,121,2.202,1.001,20.2,99.2,17.6,2286,13.760
1661.0,19.2,24.28,17,23.1,0.703,56.5,11,76.5,23.3,86,616.0,71.4,0.0,27.2,1.002,0.0,23.2,89.7,3.8,100,117,2.193,0.997,14.0,99.2,18.8,2289,13.840
1676.1,21.9,28.63,17,28.4,0.705,55.7,11,82.6,28.2,86,620.0,71.2,-0.8,25.8,0.997,-0.9,21.7,0.0,0.0,101,124,2.176,0.999,14.5,99.2,21.8,2456,13.827
1691.2,20.3,27.17,17,25.0,0.691,55.8,11,79.1,24.9,86,616.0,68.5,-0.8,24.4,0.998,-1.2,19.7,86.3,16.7,100,131,2.190,0.994,18.0,99.2,20.5,2487,13.840
1706.3,22.7,30.38,17,29.7,0.717,55.6,11,81.0,30.2,86,620.1,71.4,-0.8,29.4,0.996,-0.7,24.4,87.8,5.4,100,130,2.184,0.997,17.0,99.2,22.9,2662,13.760
1721.4,21.7,28.22,17,27.1,0.700,54.9,11,82.2,27.1,86,624.0,72.7,-0.8,27.6,1.009,-0.7,22.7,88.2,1.8,100,128,2.181,0.995,15.7,99.2,22.3,2528,13.760
1736.5,22.0,28.67,17,27.8,0.704,55.3,11,82.1,27.8,86,628.0,72.2,-0.8,27.8,0.995,-0.5,23.1,88.2,2.7,100,127,2.190,0.997,16.0,99.2,22.4,2526,13.838
1751.6,16.4,22.45,17,20.5,0.709,55.7,11,72.3,22.5,86,628.0,67.3,-0.8,24.2,1.001,-0.6,19.8,76.0,4.3,100,130,2.196,0.991,20.0,99.2,19.1,2462,13.724
1766.7,19.3,26.16,17,23.5,0.725,55.5,11,72.4,19.5,86,618.5,45.7,-0.8,14.0,0.996,-0.2,9.6,29.1,44.0,101,130,2.200,0.996,25.0,99.2,17.2,2471,13.748
1781.8,16.8,19.81,17,19.5,0.714,55.7,11,67.6,20.5,86,604.0,59.4,-1.6,19.9,0.995,1.1,16.5,32.5,0.0,101,119,2.182,1.004,19.3,99.2,15.6,2237,13.734
1796.9,27.8,35.63,17,38.9,0.720,55.7,11,85.5,39.0,86,617.2,76.1,-0.8,38.7,1.009,0.1,32.4,84.9,2.0,101,122,2.194,1.000,15.4,99.2,27.8,2842,13.777
1812.0,27.1,34.50,17,38.5,0.708,54.9,11,85.4,36.2,86,624.0,75.5,-0.8,35.5,0.998,0.0,30.5,86.2,2.4,101,126,2.180,0.999,14.6,99.2,26.6,2793,13.760
1827.1,22.4,28.47,17,28.3,0.699,55.7,11,83.2,27.5,86,628.0,72.2,-0.7,27.4,1.000,-0.2,22.7,88.3,1.3,100,118,2.188,1.002,14.3,99.2,22.7,2430,13.656
1842.2,24.5,32.24,17,33.5,0.706,54.7,11,82.2,33.4,86,632.0,72.2,-0.8,30.2,1.003,-0.8,22.2,88.6,10.2,100,131,2.182,1.001,16.2,99.2,23.2,2606,13.649
1857.3,15.0,19.87,17,17.6,0.710,52.9,11,59.8,20.4,86,633.3,58.1,-0.8,21.8,0.994,-1.2,18.1,69.1,9.5,100,137,2.201,1.001,20.1,99.2,18.1,2613,13.699
1872.4,21.0,27.84,17,25.7,0.706,53.4,11,79.3,25.7,86,628.0,69.8,-0.8,25.1,1.000,-0.8,20.4,89.2,0.0,100,130,2.180,1.002,16.5,99.2,21.4,2486,13.803
1887.5,22.2,29.99,17,29.4,0.702,53.8,11,81.4,29.9,86,624.0,72.6,-0.8,29.1,0.999,-0.3,24.4,87.7,0.6,100,132,2.216,0.997,16.5,99.2,22.9,2660,13.832
1902.6,22.0,28.66,17,27.8,0.704,53.7,11,80.0,27.8,86,628.0,72.0,-0.8,27.7,0.997,0.3,22.7,88.2,5.2,100,131,2.187,1.001,16.5,99.2,22.3,2563,13.760
1917.7,20.7,26.91,17,27.0,0.697,54.0,11,83.4,27.3,86,624.0,72.4,-0.8,26.6,1.011,-1.0,21.5,82.7,0.0,100,124,2.182,0.994,17.1,99.2,21.3,2436,13.840
1932.8,19.8,24.67,17,22.8,0.692,52.6,11,65.5,20.6,86,624.0,60.0,-0.6,20.5,0.995,0.3,16.7,67.3,0.0,100,120,2.179,1.002,18.7,99.2,19.6,2286,13.680
1947.9,12.9,14.38,18,13.1,0.695,53.7,11,47.5,13.5,86,602.4,48.0,-1.6,16.5,0.987,-2.3,12.3,35.9,0.0,100,109,2.259,0.999,23.9,99.2,11.3,2078,13.818
1963.0,21.2,26.40,18,25.9,0.693,53.3,11,77.8,24.3,86,608.0,70.3,0.0,25.9,1.000,-0.5,20.9,89.4,3.9,100,118,2.185,0.996,14.9,99.2,21.2,2342,13.803
1978.1,9.9,8.13,18,10.4,0.094,52.5,11,45.7,12.7,86,594.7,39.5,-1.6,13.1,1.000,-1.7,12.7,6.1,0.0,101,112,2.253,0.417,-2.9,99.2,6.6,2117,13.760
1993.2,12.9,15.05,18,13.9,0.313,53.4,11,60.2,12.7,86,583.2,17.2,-3.8,4.8,1.465,0.2,0.5,0.0,0.0,101,112,2.571,1.015,35.7,99.2,11.9,2082,13.668
2008.3,11.2,13.52,18,11.7,0.632,54.4,11,40.5,10.5,86,553.8,29.4,-2.8,8.8,1.614,-0.3,2.9,6.2,0.0,101,104,3.483,1.102,39.3,99.2,12.4,1953,13.764
2023.4,5.6,5.73,18,5.4,0.151,54.9,11,26.4,8.4,86,514.0,32.0,-2.0,9.8,1.167,-0.6,5.7,15.2,0.0,101,99,2.817,0.565,6.3,99.2,5.9,1904,13.760
2038.5,22.0,25.26,18,27.3,0.859,54.5,11,83.9,26.4,86,512.0,67.8,-0.5,23.4,1.007,-0.7,21.5,63.8,0.0,100,96,2.072,0.942,17.4,99.2,21.1,2031,13.760
2053.6,23.0,27.40,18,29.6,0.716,53.7,11,86.1,29.8,86,558.5,74.7,-0.1,28.7,0.999,1.4,24.5,88.6,0.0,100,102,2.189,1.011,12.0,99.2,23.1,2264,13.760
2068.7,4.6,5.38,18,6.0,0.073,53.3,11,24.9,7.9,86,573.5,50.4,-1.0,16.7,1.230,-4.4,13.7,49.3,35.0,100,98,2.197,0.998,29.3,99.2,9.8,1849,13.840
2083.8,27.8,31.94,17,37.9,0.719,53.0,11,88.0,38.1,87,588.8,77.6,-0.8,37.7,0.997,0.4,32.7,86.7,1.1,100,104,2.186,0.998,12.7,99.2,27.8,2550,13.760
2098.9,17.3,23.53,17,22.5,0.704,52.5,11,78.4,26.4,87,607.5,73.0,-0.1,27.1,0.996,-1.4,22.4,88.5,1.2,100,120,2.209,0.996,18.8,99.2,19.7,2411,13.760
2114.0,16.1,19.97,18,17.4,0.745,52.9,11,58.5,16.5,87,588.0,51.9,-1.2,18.9,0.993,0.0,14.7,46.7,0.3,100,118,2.181,1.006,22.3,99.2,16.8,2244,13.760
2129.1,22.4,29.77,18,29.0,0.705,52.2,11,82.0,29.5,86,602.8,72.4,-0.8,29.7,0.998,-0.4,23.7,43.6,3.2,100,124,2.185,0.997,15.5,99.2,22.3,2520,13.775
2144.2,7.8,12.61,17,13.7,0.418,51.6,11,55.7,18.1,86,602.4,54.4,-0.3,18.4,1.042,-1.6,14.3,50.6,0.0,100,126,2.182,1.000,23.8,99.2,4.8,2354,13.840
2159.3,18.5,22.91,18,20.9,0.699,52.5,11,61.6,22.9,86,578.5,70.1,-0.2,26.1,1.005,-2.5,21.2,89.4,11.0,100,124,2.189,0.990,17.3,99.2,20.3,2380,13.760
2174.4,19.3,26.31,17,24.1,0.707,52.2,11,79.9,26.5,86,601.4,71.4,-0.8,27.5,0.998,-0.8,21.3,77.1,10.2,100,129,2.182,1.001,17.3,99.2,22.4,2592,13.760
2189.5,17.9,23.69,17,21.2,0.711,53.0,11,75.3,22.9,86,604.0,68.5,-0.1,21.6,0.998,-1.6,13.4,40.5,39.1,100,124,2.191,0.993,21.6,99.2,16.5,2352,13.793
2204.6,1.0,6.32,18,6.5,0.107,53.6,11,23.2,8.2,86,596.0,24.3,-2.5,9.4,0.954,2.1,3.2,6.8,0.0,101,126,3.038,0.229,-6.5,99.2,0.0,2291,13.800
2219.7,19.4,24.58,18,23.0,0.672,54.1,11,67.1,20.7,86,572.0,53.7,-1.6,18.4,1.004,-0.1,16.3,65.1,43.5,100,115,2.200,0.999,19.8,99.2,18.3,2257,13.760
2234.8,9.3,10.34,18,9.1,0.312,53.6,11,27.0,9.4,86,582.8,30.7,-1.6,11.3,1.005,-1.0,3.6,0.0,0.0,101,122,3.218,0.099,6.8,99.2,6.0,2252,13.760
2249.9,5.0,10.10,18,8.9,0.714,53.3,11,23.7,7.6,86,576.0,23.8,-3.6,11.7,0.982,-2.3,12.3,43.9,13.3,101,122,2.186,1.008,18.3,99.2,16.8,2359,13.760
2265.0,13.5,14.99,18,11.7,0.693,52.2,11,43.2,13.3,86,584.0,31.0,-1.6,16.5,0.997,-3.8,12.7,37.8,0.0,101,119,2.199,0.995,23.2,99.2,14.3,2258,13.788
2280.1,0.0,4.51,18,6.0,0.594,52.4,11,20.9,7.4,86,566.2,17.3,-3.9,6.9,1.634,-0.8,2.1,6.2,16.5,101,118,2.011,0.894,35.8,99.2,7.6,2191,13.609
2295.2,19.5,25.51,18,23.5,0.694,52.5,11,77.2,23.7,86,555.5,67.8,-0.3,23.9,1.003,-1.4,18.2,69.5,1.7,100,115,2.201,0.999,17.8,99.2,19.9,2412,13.799
2310.3,21.1,26.91,18,26.7,0.692,53.1,11,81.9,28.2,86,581.0,73.2,-0.7,28.1,1.003,-0.7,22.8,88.2,0.0,100,116,2.179,1.000,14.1,99.2,21.4,2356,13.760
2325.4,14.7,19.28,18,20.6,0.689,52.5,11,74.7,22.1,86,596.0,65.1,0.0,21.4,0.998,-0.8,17.6,66.9,6.6,100,115,2.207,1.004,17.2,99.2,18.4,2176,13.760
2340.5,14.2,16.96,18,15.0,0.692,52.9,11,56.0,15.3,86,588.8,49.0,-1.6,15.2,1.005,1.8,10.3,12.4,16.2,101,116,2.178,0.997,25.8,99.2,14.4,2191,13.738
2355.6,4.9,8.27,18,7.3,0.477,53.0,11,22.8,7.9,86,578.9,23.1,-3.9,8.9,1.024,-2.2,5.0,12.3,0.0,101,116,2.219,0.989,34.3,99.2,11.1,2185,13.711
2370.7,11.4,12.55,18,11.2,0.806,53.5,11,34.9,6.9,86,536.0,24.6,-3.3,9.6,0.959,-2.0,6.5,18.5,0.0,101,104,2.216,1.010,32.9,99.2,11.7,2081,13.773
2385.8,10.6,10.00,18,13.2,0.158,53.3,11,60.5,15.5,86,528.7,43.1,-2.2,13.2,1.306,-1.0,7.9,21.5,0.0,101,109,2.963,0.465,2.3,99.2,7.4,2031,13.796
2400.9,11.1,11.66,18,8.7,0.408,53.3,11,45.5,13.3,86,530.9,44.0,-1.6,12.9,1.002,1.2,4.0,8.1,0.1,101,106,2.184,0.080,13.2,99.2,6.3,1982,13.637
2416.0,25.8,33.90,18,35.8,0.711,52.5,11,85.1,33.6,86,555.9,75.9,-0.8,34.1,1.000,0.3,29.0,86.7,6.4,101,118,2.182,1.006,15.4,99.2,24.1,2685,13.760
2431.1,9.4,9.09,18,10.6,0.734,52.9,11,40.1,13.9,86,543.6,44.2,-1.6,7.2,1.032,2.8,3.3,10.0,6.5,101,110,2.158,0.998,35.7,99.2,8.9,2082,13.760
2446.2,17.5,22.19,18,20.6,0.734,52.5,11,73.0,21.0,86,555.8,64.3,0.0,19.5,1.002,1.3,14.8,54.5,0.0,101,114,2.189,1.002,18.2,99.2,17.9,2187,13.760
2461.3,0.0,3.99,18,4.7,0.000,53.3,11,14.1,4.7,86,508.7,12.3,-3.9,4.7,1.999,0.0,0.4,0.0,0.0,101,95,3.670,0.000,-12.6,99.2,0.0,1774,13.817
2476.4,9.5,12.26,18,10.3,0.448,55.3,11,38.2,9.1,86,453.8,27.6,-3.5,6.7,1.874,-0.2,1.6,1.8,0.2,101,13,2.118,0.787,22.3,99.2,9.0,1120,13.760
2491.5,0.0,2.87,18,3.5,0.000,54.1,11,13.8,4.0,86,465.4,13.8,-3.2,4.4,1.709,-0.8,0.3,0.5,0.0,101,52,2.936,0.532,-6.1,99.2,0.0,1530,13.783
2506.6,9.5,8.34,18,11.6,0.826,54.5,11,58.7,9.0,86,428.9,39.8,-0.8,10.7,0.979,-4.6,7.5,18.4,0.0,101,29,2.361,0.877,16.9,99.2,11.2,1457,13.840
2521.7,9.2,7.25,18,9.4,0.077,53.4,11,32.8,4.1,86,420.5,15.4,-3.9,4.1,1.501,0.0,0.6,0.0,2.5,101,30,3.496,0.000,-11.6,99.2,0.0,1141,13.770
2536.8,2.6,4.02,18,5.0,0.764,52.0,11,25.1,4.7,86,395.7,18.1,-8.5,3.5,1.010,-0.8,0.4,0.0,0.0,101,14,2.075,1.009,1.7,99.2,1.4,991,13.760
2551.9,0.6,2.89,18,3.6,0.630,52.7,11,28.0,3.7,86,369.9,19.7,-6.0,3.7,0.995,-2.4,0.4,0.0,0.0,101,11,2.208,0.991,0.9,99.2,0.0,874,13.760
2567.0,0.0,0.68,19,6.3,0.375,53.3,-4,0.0,6.3,87,348.0,0.0,6.2,6.7,1.003,0.0,0.0,0.0,0.0,101,0,2.136,0.999,9.0,99.2,0.0,0,12.880
2582.1,0.0,0.68,19,6.3,0.375,53.3,-4,0.0,6.3,87,348.0,0.0,6.2,6.7,1.003,0.0,0.0,0.0,0.0,101,0,2.136,0.999,9.0,99.2,0.0,0,12.880
