BlueDriver Data Log
Aug 27, 2018 11:39:17 AM
Time (s),Engine Coolant Temperature (째C),Catalyst Temperature Bank 1 - Sensor 1 (째C),Fuel Level Input (%),Barometric Pressure (kPa),Vehicle Speed (MPH),Absolute Load Value (%),Ambient Air Temperature (째C),Calculated Engine Load Value (%),Engine RPM (rpm),Relative Throttle Position (%),Control Module Voltage (V),Intake Air Temperature (째C),Absolute Throttle Position (%)
0.0,,,,,,,,,,,,,
3.1,81,412.0,90.0,100,18,46.8,25,57.6,1260,7.1,12.960,25,10.0
6.2,81,412.0,89.8,101,20,29.8,25,33.0,1211,0.4,13.003,25,5.2
9.3,81,409.5,89.8,102,13,23.5,25,27.4,1162,0.4,13.039,25,5.5
12.4,81,404.0,89.8,101,6,18.1,25,27.1,1005,4.0,12.960,25,6.6
15.5,81,404.0,90.1,100,10,29.2,25,34.7,1594,5.5,12.960,25,12.8
18.6,81,404.0,90.1,101,13,47.0,25,58.6,1399,6.7,12.960,25,7.9
21.7,81,404.0,90.2,102,15,22.1,25,29.7,1179,1.3,12.960,25,5.0
24.8,82,401.5,90.0,101,12,30.9,25,33.6,1305,1.9,12.960,25,8.0
27.9,82,403.4,89.8,101,14,19.6,25,25.3,1379,1.9,13.007,25,4.9
31.0,82,400.0,89.8,102,14,23.3,25,26.5,1334,2.4,12.907,25,6.3
34.1,82,400.0,89.8,102,15,27.0,25,34.8,1233,3.9,12.928,25,5.2
37.2,82,396.1,89.8,101,14,15.4,25,20.5,1031,0.2,12.987,25,3.3
40.3,82,392.0,89.8,102,11,24.8,25,28.6,1090,0.7,12.979,25,5.1
43.4,83,388.8,89.8,102,9,23.9,25,28.8,1076,0.4,12.950,25,4.7
46.5,83,384.0,90.2,102,5,19.1,25,22.9,1165,0.4,12.929,25,4.4
49.6,83,380.9,90.2,101,1,22.3,25,29.6,770,0.4,12.800,25,3.9
52.7,83,374.0,90.2,102,0,72.7,25,5.7,210,0.2,12.710,25,23.1
55.8,83,365.5,90.2,102,0,0.0,10,0.0,0,1.6,12.560,25,16.7
58.9,83,364.0,90.2,102,0,0.0,10,0.0,0,1.6,12.561,25,6.3
62.0,83,364.0,90.2,102,0,0.0,10,0.4,16,1.7,12.560,25,6.3
65.1,83,369.9,90.1,102,2,4.6,10,0.0,0,1.6,12.560,25,6.3
68.2,83,368.1,90.2,102,1,2.5,11,3.7,82,2.0,12.589,25,6.7
71.3,83,366.3,90.2,102,1,0.4,10,1.0,26,1.8,12.572,25,6.5
74.4,83,364.4,90.2,102,0,0.0,10,0.0,0,1.6,12.560,25,6.3
77.5,83,364.0,90.2,102,0,0.0,10,0.0,1.7,12.566,25,6.3
80.6,83,364.0,90.2,102,0,1.6,12.560,25,6.3
