BlueDriver Data Log
Sep 12, 2018 7:14:39 AM
Time (s),Engine Coolant Temperature (째C),Catalyst Temperature Bank 1 - Sensor 1 (째C),Fuel Level Input (%),Barometric Pressure (kPa),Vehicle Speed (MPH),Absolute Load Value (%),Ambient Air Temperature (째C),Calculated Engine Load Value (%),Engine RPM (rpm),Relative Throttle Position (%),Control Module Voltage (V),Intake Air Temperature (째C),Absolute Throttle Position (%)
0.0,,,,,,,,,,,,,
3.1,26,0.0,80.0,101,1,34.5,12,44.0,826,0.7,13.658,15,5.5
6.2,28,0.0,80.0,101,0,34.9,12,44.3,869,0.5,13.506,15,5.9
9.3,28,0.0,80.0,101,0,33.0,12,43.1,827,0.8,13.250,15,5.5
12.4,29,0.0,80.0,101,0,33.1,12,42.9,831,0.8,13.037,15,5.1
15.5,29,0.0,80.0,101,0,32.9,12,42.6,819,0.8,12.802,15,5.1
18.6,29,0.0,80.0,101,1,37.7,12,46.1,863,0.8,12.880,15,6.5
21.7,30,0.0,80.2,101,4,35.5,12,43.8,1105,1.2,13.042,15,6.2
24.8,30,0.0,80.4,101,5,46.5,12,49.5,1593,3.9,13.192,15,9.7
27.9,31,0.0,80.8,101,9,30.1,12,36.7,1421,0.5,13.369,15,8.0
31.0,32,0.0,80.8,101,7,30.6,12,36.4,1199,1.2,13.599,15,6.7
34.1,33,0.0,80.8,101,6,41.9,12,51.6,1577,8.1,13.596,15,13.1
37.2,33,0.0,80.8,101,13,69.4,12,79.3,1680,12.4,13.760,15,18.1
40.3,34,0.0,80.8,101,20,73.5,12,84.6,1695,16.7,13.813,14,22.2
43.4,35,25.4,80.8,101,26,69.9,12,79.3,1693,16.6,13.381,14,22.5
46.5,36,58.2,81.2,101,27,67.3,12,77.3,1476,7.1,13.681,14,13.9
49.6,37,86.2,81.2,101,29,48.6,12,56.9,1325,4.4,13.760,14,10.3
52.7,39,106.1,81.2,101,30,44.1,12,53.9,1234,1.4,13.693,14,8.7
55.8,39,120.7,81.2,101,29,29.9,12,35.8,1273,0.8,13.672,14,6.6
58.9,40,132.2,81.2,101,27,27.5,12,32.7,1332,1.6,13.780,14,6.6
62.0,41,144.1,81.6,101,26,25.1,12,28.5,1412,1.0,13.840,14,7.2
65.1,41,151.2,81.7,101,24,22.8,12,26.8,1287,0.5,13.658,14,5.5
68.2,42,160.3,82.0,101,21,27.3,12,31.5,1267,0.4,13.794,14,5.7
71.3,42,166.1,82.0,101,16,29.8,12,37.5,1162,0.4,13.769,14,6.6
74.4,42,168.4,82.4,101,9,26.7,12,33.1,1139,0.4,13.728,14,5.5
77.5,43,172.0,82.7,101,2,32.6,12,42.2,795,0.4,13.759,14,5.5
80.6,43,168.0,82.7,101,0,33.7,12,44.3,847,0.4,13.699,14,5.5
83.7,43,168.0,82.7,101,0,33.3,12,42.8,846,0.4,13.680,14,5.1
86.8,43,166.8,83.1,101,0,32.2,12,41.7,817,0.4,13.680,14,5.1
89.9,44,164.0,83.1,101,0,39.2,12,49.0,1057,1.7,13.692,15,5.1
93.0,44,177.9,83.1,101,8,58.9,12,68.0,1707,10.1,13.701,14,15.9
96.1,44,202.8,83.1,100,18,73.9,12,84.0,1833,17.4,13.760,14,25.4
99.2,44,229.1,82.8,100,24,74.9,12,86.1,2086,19.5,13.760,14,23.8
102.3,45,262.1,82.8,100,29,72.1,12,83.3,2011,17.9,13.690,14,20.6
105.4,46,291.1,83.1,100,32,59.0,12,46.9,1676,7.5,13.711,14,16.9
108.5,47,303.0,83.1,101,33,32.2,12,35.3,1355,0.8,13.760,14,7.0
111.6,48,304.8,83.1,101,32,24.0,12,27.9,1294,0.5,13.760,14,5.5
114.7,49,308.0,83.1,101,26,22.4,12,26.7,1298,0.4,13.760,14,5.5
117.8,49,308.0,83.5,101,19,23.4,12,27.6,1234,0.4,13.690,14,5.5
120.9,49,307.9,83.9,101,11,24.9,12,29.8,1116,0.4,13.441,14,5.5
124.0,50,301.6,83.9,101,4,32.1,12,40.9,883,0.6,13.440,14,5.5
127.1,50,300.4,83.9,101,5,59.4,12,64.6,1461,10.0,13.128,14,16.1
130.2,50,314.8,83.5,100,15,71.6,12,81.4,1957,16.5,12.885,14,23.0
133.3,50,334.3,83.4,100,24,72.3,12,80.8,2177,17.0,13.040,14,20.9
136.4,52,356.0,83.4,100,29,65.5,12,71.5,2098,11.9,12.960,14,18.8
139.5,52,382.5,83.1,100,32,54.2,12,60.6,1796,7.3,13.016,14,15.1
142.6,53,394.6,83.1,100,34,49.7,12,58.5,1430,4.9,12.972,14,10.6
145.7,54,400.0,83.1,100,34,30.5,12,34.8,1186,1.0,13.040,14,6.5
148.8,55,403.9,83.1,101,34,42.2,12,50.9,1173,2.3,13.040,14,8.1
151.9,55,404.3,83.3,101,32,22.7,12,26.7,1212,0.5,12.972,14,5.1
155.0,55,388.2,83.5,101,28,22.7,12,27.0,1225,0.4,13.040,14,5.1
158.1,55,375.7,83.9,101,22,24.1,12,27.8,1210,0.4,13.040,14,5.7
161.2,55,372.0,83.9,101,16,30.8,12,34.7,1203,0.4,12.986,14,6.0
164.3,55,372.0,83.9,101,9,29.8,12,35.4,1198,0.4,13.040,14,6.0
167.4,55,365.6,84.2,101,3,32.3,12,41.1,879,0.4,12.971,14,5.5
170.5,55,358.3,84.3,101,0,34.2,12,44.2,775,0.4,12.911,14,4.9
173.6,55,352.0,84.3,101,0,48.2,12,52.0,1290,3.8,13.040,14,6.6
176.7,56,353.7,84.3,101,10,63.0,12,72.0,1684,11.4,13.103,14,16.0
179.8,56,363.4,84.3,101,19,71.9,12,81.4,1705,16.7,13.015,14,21.2
182.9,56,382.4,84.5,100,25,71.9,12,82.5,1743,17.3,12.965,14,21.9
186.0,56,401.9,84.3,100,30,72.9,12,83.9,1759,18.7,12.960,14,22.8
189.1,57,423.9,84.7,100,32,73.1,12,83.9,1801,18.9,12.963,14,23.9
192.2,58,441.3,84.7,100,35,67.1,12,75.3,1607,12.5,12.994,14,17.2
195.3,59,451.2,84.7,100,36,56.3,12,69.4,1406,9.2,13.040,14,6.2
198.4,60,457.7,84.7,100,37,51.9,12,63.2,1350,7.1,13.040,14,9.9
201.5,60,460.0,84.7,100,36,32.8,12,35.5,1146,1.6,12.988,14,6.9
204.6,60,452.7,84.7,101,34,21.2,12,25.1,1250,0.4,13.040,14,5.1
207.7,61,437.6,85.0,101,30,21.2,12,25.1,1250,0.4,13.040,14,5.1
210.8,61,426.4,85.1,101,21,31.6,12,27.5,1191,0.7,13.040,14,9.7
213.9,61,432.4,85.1,100,23,77.4,12,89.5,1793,24.6,12.984,14,25.5
217.0,61,454.2,85.1,100,29,79.3,12,89.4,2027,29.1,12.916,14,34.6
220.1,61,477.6,85.1,100,34,80.0,12,90.0,2098,29.7,13.021,14,35.7
223.2,61,502.4,85.1,100,38,78.7,12,88.9,2163,28.7,12.960,12,34.4
226.3,62,516.4,85.1,100,42,77.6,12,87.8,2203,29.6,12.999,12,33.6
229.4,63,529.5,85.1,100,45,73.2,12,82.6,1970,20.2,13.038,12,25.8
232.5,63,537.8,85.1,100,47,76.0,12,86.8,2073,25.1,12.960,12,28.1
235.6,65,550.2,84.8,100,49,73.7,12,84.3,2093,23.1,13.014,12,28.9
238.7,65,559.0,84.7,100,50,73.4,12,83.5,2046,21.6,13.001,12,25.3
241.8,66,564.1,84.7,100,50,68.8,12,79.8,1814,13.2,12.960,12,16.4
244.9,67,570.0,84.3,100,50,69.2,12,66.1,1674,11.3,12.960,12,19.7
248.0,68,572.0,84.3,100,50,64.7,12,76.0,1625,13.7,12.990,12,17.8
251.1,68,572.0,84.3,99,48,64.2,12,75.4,1677,4.3,12.890,12,13.0
254.2,69,576.0,84.7,99,47,59.5,12,70.3,1453,10.9,13.004,12,16.9
257.3,69,578.9,84.4,101,47,74.9,12,84.9,1866,27.0,13.040,12,31.6
260.4,70,586.4,84.3,101,48,76.7,12,87.5,2179,30.2,13.040,12,34.6
263.5,70,596.8,84.3,101,49,77.6,12,87.8,2257,30.7,13.040,12,34.8
266.6,71,603.1,84.0,101,50,74.1,12,83.2,2051,23.0,12.982,12,26.1
269.7,71,608.0,83.9,101,51,77.6,12,88.2,2280,32.0,13.008,12,36.5
272.8,72,614.5,83.9,100,53,77.6,12,88.4,2352,32.5,13.021,12,36.9
275.9,72,621.4,83.9,100,55,77.4,12,89.7,2397,33.9,13.017,12,37.7
279.0,73,624.0,83.9,100,56,72.7,12,84.6,2109,22.4,12.987,12,28.5
282.1,75,625.9,83.7,100,56,75.5,12,86.3,2280,27.7,13.044,12,33.1
285.2,75,631.8,83.5,100,58,75.5,12,87.5,2362,29.7,13.027,12,34.8
288.3,75,636.0,83.5,100,59,74.2,12,85.2,2264,26.3,13.040,12,32.5
291.4,76,636.0,83.5,99,60,55.3,12,68.0,2110,15.7,13.040,12,14.4
294.5,77,633.8,83.5,100,58,73.4,12,84.7,1838,22.4,13.040,12,25.6
297.6,77,631.9,83.5,100,57,56.3,12,68.7,1839,15.3,12.992,12,13.9
300.7,77,628.0,83.5,99,56,73.2,12,84.6,1784,20.6,13.040,12,23.7
303.8,77,631.5,83.5,100,56,75.3,12,86.5,2082,23.5,12.977,12,27.8
306.9,77,632.0,83.1,100,57,74.5,12,85.6,2207,23.8,13.040,12,28.4
310.0,78,632.0,83.1,100,57,67.4,12,80.3,2029,6.1,12.979,12,9.0
313.1,78,628.0,83.1,100,56,52.7,12,72.3,1713,16.1,12.925,12,23.4
316.2,78,628.0,83.4,99,56,67.7,12,66.9,1787,13.5,12.978,12,23.0
319.3,78,623.2,83.1,99,55,50.4,12,37.6,1681,8.2,12.946,12,11.2
322.4,78,620.0,83.1,99,55,65.4,12,76.1,1741,16.2,13.033,12,20.9
325.5,78,620.0,83.1,99,56,67.5,12,77.8,1908,13.4,13.021,12,16.0
328.6,78,616.3,83.1,99,58,53.4,12,51.5,1763,11.6,13.040,12,17.1
331.7,78,612.0,82.9,99,60,46.2,12,59.2,1849,9.3,13.040,12,8.5
334.8,78,604.3,82.7,100,62,19.7,12,23.0,1862,1.9,13.040,12,6.7
337.9,78,596.4,82.7,99,63,13.9,12,15.6,1888,0.6,13.040,12,5.6
341.0,78,579.7,82.7,100,63,15.8,12,17.4,1892,0.2,12.944,12,5.6
344.1,78,565.4,83.1,100,63,26.8,12,27.6,1901,2.1,13.040,12,7.8
347.2,78,559.7,83.1,100,63,18.7,12,26.6,1967,3.4,13.087,12,5.5
350.3,78,553.5,83.1,99,62,26.5,12,27.5,1879,5.7,13.040,12,10.1
353.4,78,552.0,83.2,99,61,47.0,12,54.2,1917,8.2,12.994,12,12.6
356.5,78,552.0,83.5,100,61,66.5,12,71.6,1992,14.9,13.040,12,28.5
359.6,77,561.8,83.3,100,62,81.1,12,91.7,2440,30.0,12.978,12,34.8
362.7,77,572.1,83.1,100,63,79.2,12,89.3,2565,31.4,12.960,12,36.5
365.8,77,578.2,83.1,100,65,77.9,12,88.6,2587,31.0,13.038,12,35.0
368.9,77,584.8,83.1,100,66,76.1,12,80.7,2308,25.2,13.068,12,31.2
372.0,78,590.7,82.9,100,66,76.1,12,87.1,2364,25.8,13.040,12,30.2
375.1,78,596.0,82.7,100,66,75.3,12,87.4,2494,25.0,12.993,12,30.2
378.2,79,599.1,82.5,100,67,75.3,12,86.1,2533,25.8,13.040,12,31.0
381.3,79,604.0,82.7,100,67,75.3,12,85.1,2575,25.9,13.040,12,30.8
384.4,80,607.4,82.5,100,68,75.8,12,85.9,2519,25.1,12.995,12,30.5
387.5,81,612.0,82.4,100,69,74.4,12,85.1,2499,21.6,13.008,12,27.7
390.6,81,612.0,82.4,100,70,72.6,12,82.2,2259,22.5,13.040,12,27.2
393.7,82,612.0,82.0,100,70,59.6,12,66.4,2121,11.5,13.040,12,19.9
396.8,83,608.0,82.0,100,68,49.4,12,51.8,2071,10.4,13.040,12,14.9
399.9,84,608.0,82.2,100,67,51.5,12,59.8,2025,10.2,12.961,12,14.9
403.0,84,604.0,82.4,99,65,53.1,12,61.1,1970,10.4,13.040,12,15.3
406.1,84,604.0,82.1,99,64,60.0,12,69.9,1945,13.1,13.026,12,17.5
409.2,84,600.0,82.0,99,63,66.6,12,75.7,1974,15.8,13.025,12,20.1
412.3,85,600.0,82.0,99,64,68.1,12,77.3,2013,16.8,13.040,12,21.4
415.4,85,601.6,82.1,99,65,69.6,12,79.5,2081,19.9,13.040,12,23.7
418.5,86,604.0,82.4,100,66,72.7,12,83.4,2280,22.2,13.040,12,27.1
421.6,87,606.4,82.4,100,66,74.0,12,85.0,2350,22.4,13.040,12,27.1
424.7,87,609.0,82.4,100,67,72.3,12,80.8,2185,20.8,13.040,12,25.2
427.8,87,608.3,82.6,99,66,57.0,12,63.9,2019,11.5,13.040,12,17.0
430.9,87,605.9,82.7,99,66,48.2,12,62.6,2006,13.3,13.040,12,17.8
434.0,87,600.0,82.7,99,63,37.6,12,44.2,1943,7.8,12.995,12,14.0
437.1,87,600.0,82.7,100,63,74.5,12,85.8,2059,22.2,13.026,12,26.3
440.2,87,604.0,82.7,100,64,73.8,12,84.3,2245,22.8,13.015,12,27.7
443.3,87,604.0,82.4,100,65,75.0,11,86.8,2424,24.4,13.040,12,29.1
446.4,87,608.0,82.4,100,65,73.5,11,85.0,2408,24.3,13.040,12,27.4
449.5,87,608.0,82.4,99,66,69.2,11,80.0,2075,16.2,12.982,12,21.5
452.6,87,604.6,82.4,100,64,19.4,11,17.4,1902,2.4,13.040,12,4.7
455.7,87,594.4,82.4,100,61,37.0,11,55.8,1875,8.5,13.040,12,11.4
458.8,87,588.5,82.4,98,60,41.0,11,35.9,1802,2.9,13.040,12,7.7
461.9,87,583.0,82.5,98,58,43.1,11,50.8,1806,7.0,13.040,12,10.8
465.0,87,580.0,82.5,99,58,60.3,11,68.8,1823,12.5,12.900,12,17.7
468.1,87,584.0,82.7,99,58,67.3,11,77.4,1962,16.9,13.040,12,17.6
471.2,87,584.0,82.7,99,58,55.7,11,65.7,1813,12.6,13.026,12,20.8
474.3,87,582.6,82.7,100,57,26.2,11,36.5,1731,6.9,13.018,12,8.9
477.4,87,583.1,82.7,100,57,71.6,11,86.8,1953,22.2,12.971,12,26.0
480.5,87,584.0,82.7,99,57,66.4,11,79.3,1789,18.6,13.040,12,18.5
483.6,87,587.4,82.7,100,57,61.6,11,62.4,1854,18.1,12.973,12,26.6
486.7,87,588.0,82.7,99,56,65.3,11,72.9,1746,13.3,13.040,12,20.6
489.8,87,588.0,82.7,99,55,49.2,11,64.6,1727,9.6,13.020,12,10.9
492.9,87,578.5,82.8,100,53,22.0,11,23.5,1591,8.5,13.020,12,10.3
496.0,87,576.0,83.1,99,52,43.5,11,45.2,1581,7.5,13.013,12,15.0
499.1,87,574.0,83.1,99,51,35.2,11,45.7,1526,4.5,13.024,12,8.8
502.2,87,572.0,83.1,99,50,55.3,11,66.5,1577,11.8,13.018,12,14.9
505.3,87,574.1,83.1,99,51,70.3,11,79.8,1866,19.1,13.030,12,23.6
508.4,87,576.8,83.1,99,51,68.9,11,79.7,1754,17.6,13.022,12,21.2
511.5,87,580.0,82.8,99,52,58.0,11,71.3,1796,11.4,13.083,12,14.4
514.6,87,580.0,82.7,99,52,55.7,11,68.5,1623,10.7,13.040,12,15.2
517.7,87,572.1,82.7,100,51,27.3,11,30.3,1569,1.9,13.089,12,5.6
520.8,87,568.0,82.7,100,48,51.9,11,61.9,1551,8.6,13.040,12,12.0
523.9,87,572.0,82.7,100,47,67.2,11,77.4,1714,16.4,12.960,12,19.6
527.0,87,574.6,82.5,100,48,71.3,11,81.4,1933,19.3,13.039,12,23.1
530.1,87,580.8,82.4,99,50,73.6,11,85.1,2036,21.9,13.040,12,26.6
533.2,87,587.3,82.4,99,52,76.1,11,87.3,2259,25.4,13.040,12,30.2
536.3,87,597.5,82.4,99,54,75.2,11,87.7,2333,25.1,12.980,12,27.3
539.4,87,600.0,82.4,99,56,74.0,11,86.0,2216,24.0,12.993,12,29.1
542.5,87,604.0,82.4,99,57,64.8,11,79.3,1803,21.7,13.021,12,27.8
545.6,87,607.8,82.4,99,57,38.5,11,46.7,1872,13.9,12.993,12,25.4
548.7,87,598.1,82.4,100,53,34.1,11,54.4,1600,7.8,12.972,12,10.2
551.8,87,596.2,82.4,99,50,72.7,11,82.0,1706,18.5,13.040,12,19.7
554.9,87,600.0,82.2,99,49,45.1,11,80.6,1574,18.9,13.115,12,20.7
558.0,87,596.0,82.0,100,46,61.6,11,72.4,1540,6.5,13.040,12,8.3
561.1,87,598.5,82.0,99,47,67.5,11,78.9,1767,17.5,13.044,12,23.8
564.2,87,598.7,82.0,99,48,25.8,11,28.5,1525,6.3,13.057,12,14.0
567.3,87,592.3,82.0,99,49,25.4,11,31.2,1492,2.3,12.978,12,4.8
570.4,87,585.1,82.0,100,51,17.3,11,19.6,1543,0.4,13.040,12,5.5
573.5,87,572.2,82.0,100,52,15.7,11,17.8,1581,0.4,13.040,12,5.3
576.6,87,560.0,81.6,100,53,57.1,11,67.1,1698,6.4,13.040,12,7.7
579.7,87,556.1,82.0,100,54,21.4,11,25.2,1612,4.2,12.929,12,6.9
582.8,87,552.0,81.8,99,53,52.2,11,63.9,1767,3.9,12.955,12,8.6
585.9,86,548.0,81.6,99,53,53.1,11,48.0,1641,6.5,12.953,12,16.2
589.0,86,548.0,81.4,100,53,28.9,11,29.7,1612,0.9,12.888,14,6.3
592.1,86,548.0,81.6,99,51,40.6,11,54.1,1542,9.3,13.112,14,17.1
595.2,86,551.3,81.6,99,49,68.7,11,77.1,1734,15.7,12.960,14,21.6
598.3,86,557.3,81.6,99,47,75.4,11,86.5,1943,21.5,12.903,14,26.6
601.4,86,566.7,81.6,99,47,77.0,11,88.5,2125,23.4,13.040,12,32.1
604.5,86,573.2,81.6,99,47,74.5,11,87.5,1841,23.7,13.040,12,21.9
607.6,86,579.4,81.6,99,48,44.5,11,63.1,1822,20.0,13.040,12,27.5
610.7,86,581.3,81.6,99,50,70.2,11,82.7,1822,19.6,13.040,12,23.5
613.8,87,584.0,81.6,99,51,41.9,11,56.5,1849,12.4,13.040,14,6.3
616.9,87,580.0,81.6,99,51,50.4,11,69.6,1624,14.5,13.040,14,20.8
620.0,87,583.3,81.6,99,52,71.7,11,83.3,1957,20.8,13.018,14,23.5
623.1,87,588.0,81.6,99,54,73.0,11,68.2,1819,15.3,13.015,14,24.2
626.2,87,591.4,81.6,99,55,48.8,11,70.3,1828,19.3,12.960,14,22.4
629.3,87,589.1,81.2,99,55,66.8,11,76.8,1724,15.9,13.012,14,20.5
632.4,87,592.0,81.2,99,56,68.0,11,79.0,1911,18.0,13.015,14,21.9
635.5,87,592.0,81.2,99,56,37.4,11,52.2,1712,10.6,12.892,14,15.8
638.6,87,588.1,81.2,98,57,57.1,11,65.6,1725,9.4,13.040,14,14.7
641.7,87,586.2,81.2,99,57,44.3,11,56.8,1725,8.2,13.040,14,8.3
644.8,87,575.7,81.2,100,55,17.2,11,20.7,1640,1.5,13.008,14,4.9
647.9,87,570.0,81.0,100,53,19.7,11,21.4,1599,1.7,13.029,14,6.0
651.0,87,564.1,80.8,100,52,20.7,11,26.4,1567,0.4,13.016,14,5.0
654.1,87,549.7,80.8,100,51,23.5,11,25.6,1553,1.8,13.038,14,6.8
657.2,87,548.0,80.8,100,52,51.8,11,40.1,1625,5.3,12.997,14,11.8
660.3,86,548.0,80.8,100,52,46.5,11,52.2,1775,7.7,13.040,14,12.1
663.4,86,548.5,80.8,100,53,62.7,11,73.0,1845,14.7,13.040,14,19.5
666.5,86,552.0,80.8,100,55,69.2,11,54.8,1722,6.9,13.040,14,19.0
669.6,86,556.0,80.8,100,54,70.5,11,80.6,1777,11.9,13.067,14,19.3
672.7,86,556.0,80.8,100,51,50.2,11,55.7,1567,10.6,13.117,14,17.2
675.8,86,554.4,80.8,100,49,18.7,11,21.2,1476,1.8,13.040,14,5.6
678.9,86,548.0,80.8,99,47,47.5,11,57.8,1446,7.4,13.040,14,11.9
682.0,86,549.9,80.8,99,48,63.0,11,71.9,1586,12.2,13.040,14,16.7
685.1,86,552.0,80.8,99,49,71.9,11,83.6,1899,19.8,12.902,14,24.7
688.2,86,560.0,80.8,99,51,67.9,11,63.1,1735,9.9,13.035,14,17.4
691.3,87,558.8,80.8,99,53,21.6,11,35.9,1624,6.3,13.040,14,4.8
694.4,87,549.6,80.8,100,52,37.3,11,54.6,1586,9.1,13.038,14,7.6
697.5,87,548.0,80.8,100,53,50.7,11,64.6,1646,10.8,13.002,14,14.6
700.6,87,551.2,80.8,99,55,63.5,11,72.5,1809,14.5,13.040,14,18.0
703.7,87,557.7,81.2,99,57,71.6,11,77.6,2000,16.1,13.040,14,22.4
706.8,87,560.0,80.8,99,58,73.0,11,84.5,2075,21.2,13.040,14,25.4
709.9,87,564.0,81.1,99,58,59.4,11,66.3,1766,15.1,13.040,14,23.6
713.0,87,566.7,80.8,99,57,75.7,11,87.3,2045,25.4,13.040,14,28.8
716.1,87,576.0,80.8,99,56,55.6,11,65.8,1841,14.0,13.040,14,20.1
719.2,87,572.9,80.8,99,54,26.2,11,31.5,1624,9.8,13.090,14,9.2
722.3,87,571.0,80.9,99,53,52.1,11,45.2,1589,2.7,13.101,14,9.9
725.4,87,565.2,80.9,99,52,31.3,11,48.0,1562,3.0,13.041,14,7.2
728.5,87,563.1,80.8,99,52,28.2,11,45.0,1573,4.3,13.030,14,5.4
731.6,87,557.2,81.1,99,52,36.2,11,36.6,1550,1.7,13.040,14,6.6
734.7,87,557.0,81.2,99,52,68.7,11,76.6,1760,16.4,13.040,14,22.1
737.8,87,563.5,81.2,99,54,74.7,11,88.0,2183,24.6,12.976,14,29.4
740.9,87,569.5,81.1,99,57,74.5,11,85.7,2275,17.5,13.040,14,25.2
744.0,87,572.0,80.8,99,57,73.4,11,82.6,1923,9.2,13.016,14,9.9
747.1,87,576.0,80.8,99,58,62.8,11,72.3,1822,10.7,12.960,14,16.2
750.2,87,576.0,80.8,99,58,59.9,11,68.1,1769,12.6,13.040,14,18.0
753.3,87,576.0,80.8,99,58,72.5,11,83.0,1892,20.3,12.917,14,24.9
756.4,87,580.1,80.8,99,59,74.2,11,85.7,2197,23.7,13.040,14,27.7
759.5,87,584.0,80.9,99,61,62.5,11,78.7,1883,18.2,13.040,14,23.0
762.6,87,584.0,80.8,99,60,32.2,11,43.0,1807,6.8,12.935,14,7.4
765.7,87,578.0,81.2,99,56,28.7,11,33.3,1693,0.8,12.966,14,5.4
768.8,87,572.6,81.2,99,54,60.8,11,64.5,1647,10.6,12.998,14,18.6
771.9,87,576.0,81.0,99,53,70.1,11,81.8,1881,18.8,13.040,14,23.2
775.0,87,580.0,80.8,98,53,65.6,11,76.5,1856,17.2,13.040,14,22.3
778.1,87,584.0,80.8,99,55,69.8,11,80.8,1992,2.9,13.040,14,10.6
781.2,87,584.0,80.8,99,57,70.4,11,80.4,1850,14.1,13.040,14,19.2
784.3,87,581.6,80.8,99,58,30.9,11,31.7,1737,3.2,13.040,14,10.1
787.4,87,576.0,80.8,99,57,52.5,11,51.5,1737,2.9,13.010,14,12.3
790.5,87,572.0,80.8,99,58,60.7,11,72.5,1759,13.4,13.031,14,19.4
793.6,87,576.1,80.8,99,60,76.1,11,89.7,2173,27.8,13.006,14,32.2
796.7,87,582.5,80.4,98,61,71.3,11,85.6,2351,15.5,13.040,14,19.9
799.8,87,583.5,80.4,99,62,20.2,11,34.2,1866,13.6,13.040,14,16.1
802.9,87,582.5,80.4,99,62,75.1,11,84.3,2053,25.0,13.040,14,22.9
806.0,87,583.2,80.4,99,61,35.1,11,34.3,1838,6.0,13.040,14,10.8
809.1,87,577.2,80.4,99,58,44.2,11,59.5,1760,14.6,13.040,14,9.9
812.2,87,577.2,80.4,99,57,62.1,11,77.8,1820,15.7,13.040,14,20.4
815.3,87,580.0,80.4,99,57,72.3,11,88.1,1923,30.5,13.022,14,31.2
818.4,87,587.3,80.8,99,59,82.4,11,91.7,2972,40.8,13.025,14,45.2
821.5,87,595.9,80.8,99,63,81.2,11,91.2,3236,35.4,13.040,14,41.7
824.6,86,602.2,80.8,99,65,75.6,11,84.1,3103,20.1,13.040,14,24.6
827.7,86,604.2,80.8,99,67,76.7,11,89.0,2465,33.8,13.065,14,38.6
830.8,86,610.2,80.8,99,69,77.6,11,88.6,3045,33.5,12.972,14,40.9
833.9,86,612.5,80.8,99,72,76.7,11,88.1,3320,29.1,13.040,14,36.8
837.0,86,616.0,80.8,98,73,73.3,11,83.7,3158,22.9,13.040,14,22.8
840.1,86,616.0,80.7,99,73,69.8,11,81.8,2281,19.0,13.040,14,24.8
843.2,86,612.9,80.4,99,73,47.1,11,57.9,2200,5.2,13.040,14,10.5
846.3,86,612.0,80.8,98,72,71.5,11,82.2,2278,21.9,13.040,14,26.1
849.4,86,614.8,80.8,99,73,75.8,11,87.9,2577,30.4,13.042,14,34.5
852.5,86,616.0,80.9,99,73,76.1,11,86.4,2720,31.1,13.076,14,34.6
855.6,86,616.0,81.2,98,75,70.5,11,82.1,2335,20.8,13.021,14,26.9
858.7,86,617.4,81.1,99,75,73.0,11,85.3,2649,27.8,12.936,14,30.4
861.8,86,616.1,81.1,99,74,47.4,11,53.5,2231,6.5,12.982,14,9.0
864.9,86,612.0,81.0,99,72,64.0,11,75.1,2212,10.3,13.040,14,17.6
868.0,86,612.0,80.8,99,71,59.0,11,70.7,2181,11.8,13.096,14,13.7
871.1,86,603.6,80.8,99,69,23.6,11,15.9,2075,10.7,13.040,14,5.2
874.2,86,600.0,80.8,98,67,54.5,11,53.4,2088,5.2,13.040,14,9.7
877.3,86,596.0,80.8,98,67,58.1,11,64.8,2070,9.9,13.040,14,13.9
880.4,86,592.4,80.8,98,67,27.0,11,22.9,2012,2.5,13.059,14,13.0
883.5,86,588.0,80.8,99,67,46.6,11,55.5,2282,9.6,13.120,14,16.6
886.6,86,588.0,80.8,99,68,64.5,11,74.7,2188,11.3,13.040,14,17.6
889.7,86,585.4,80.8,99,68,17.9,11,14.8,2051,7.2,13.119,14,18.6
892.8,86,584.0,80.8,99,66,69.2,11,74.3,2068,14.4,13.089,14,17.3
895.9,86,586.5,80.8,98,66,74.8,11,86.8,2425,25.3,13.120,14,30.3
899.0,86,592.0,80.8,98,67,73.0,11,83.6,2490,21.7,13.040,14,30.7
902.1,86,585.0,80.8,99,66,37.7,11,49.0,2009,4.9,13.040,14,5.3
905.2,86,585.5,80.8,98,65,68.5,11,79.7,2024,20.3,13.099,14,23.0
908.3,86,588.0,80.8,98,65,65.6,11,72.3,1988,17.6,13.097,14,25.0
911.4,86,588.0,80.8,98,65,69.8,11,78.5,2007,17.4,13.110,14,24.7
914.5,86,591.9,80.8,98,65,74.3,11,85.5,2304,24.8,13.120,14,30.1
917.6,86,596.0,80.4,98,65,75.9,11,86.9,2504,28.0,12.985,15,33.0
920.7,86,599.6,80.7,99,65,75.9,11,87.8,2562,29.2,13.093,15,34.0
923.8,86,604.0,80.4,99,65,75.8,11,87.9,2537,29.5,13.043,15,34.7
926.9,86,608.7,80.4,99,65,74.5,11,85.7,2371,24.5,13.120,15,30.7
930.0,86,608.9,80.4,98,63,66.5,11,75.8,1977,19.5,13.058,15,23.8
933.1,86,612.0,80.4,98,62,77.7,11,91.2,2428,35.4,13.279,16,41.1
936.2,86,615.7,80.4,98,63,77.9,11,89.6,2847,41.7,13.458,16,46.3
939.3,86,621.8,80.4,98,65,74.6,11,85.3,3011,33.9,13.709,16,39.1
942.4,86,624.0,80.4,98,66,66.8,11,81.6,2462,26.0,13.736,16,33.1
945.5,86,626.1,80.2,98,65,75.5,11,88.4,2408,30.6,13.707,16,35.7
948.6,86,628.0,80.0,98,65,76.1,11,87.6,2551,32.7,13.793,16,37.9
951.7,86,628.0,80.4,98,65,75.0,11,83.1,2429,20.2,13.840,16,33.3
954.8,86,628.0,80.4,98,65,66.1,11,79.9,2084,22.7,13.783,16,25.2
957.9,86,628.0,80.4,98,66,63.7,11,76.4,2019,20.1,13.782,16,20.2
961.0,87,628.0,80.4,98,67,69.6,11,85.9,2377,24.7,13.840,15,27.6
964.1,87,624.1,80.1,98,69,27.8,11,33.2,2082,10.4,13.840,15,17.9
967.2,87,620.0,80.0,98,68,44.1,11,51.5,2074,8.8,13.840,15,13.0
970.3,87,615.0,80.0,98,67,23.9,11,33.5,2005,3.3,13.760,15,6.9
973.4,87,608.0,80.0,97,64,53.0,11,64.1,1954,9.9,13.763,15,10.3
976.5,87,604.0,80.0,98,63,64.6,11,73.4,1973,16.1,13.840,15,23.1
979.6,87,604.0,80.2,98,63,68.1,11,79.2,2063,18.5,13.703,15,25.1
982.7,87,608.0,80.4,98,63,74.1,11,86.5,2311,24.9,13.760,15,30.1
985.8,87,610.2,80.4,98,63,63.9,11,75.1,2060,14.1,13.760,15,23.3
988.9,87,608.0,80.4,98,62,55.1,11,64.3,1912,12.2,13.823,15,15.9
992.0,87,608.0,80.4,98,62,58.3,11,68.3,1871,14.2,13.839,15,18.5
995.1,87,602.9,80.5,98,61,49.5,11,57.4,1839,8.2,13.840,15,14.1
998.2,87,600.0,80.8,98,61,62.4,11,69.8,1866,14.3,13.830,15,19.2
1001.3,87,600.0,80.4,97,62,68.6,11,77.6,1972,16.5,13.802,15,22.1
1004.4,87,600.0,80.4,97,64,64.3,11,74.5,1953,15.4,13.612,15,20.2
1007.5,87,600.0,80.0,97,65,64.3,11,74.9,1994,16.4,13.813,15,19.7
1010.6,87,600.0,80.0,98,66,55.8,11,64.9,2000,12.1,13.815,15,19.2
1013.7,87,593.6,80.0,98,64,12.8,11,20.9,1907,0.7,13.591,15,4.7
1016.8,87,584.0,80.0,98,61,43.4,11,47.9,1866,7.9,13.358,15,18.8
1019.9,87,584.0,79.9,98,61,48.5,11,53.1,1834,10.6,13.179,15,18.9
1023.0,87,584.0,79.6,98,60,67.3,11,79.2,1881,18.1,13.120,15,23.5
1026.1,87,584.0,79.6,97,60,68.8,11,82.1,2040,19.2,13.120,15,23.2
1029.2,87,588.4,79.6,98,61,73.0,11,86.9,2247,25.3,13.040,15,29.7
1032.3,87,594.6,79.6,98,62,67.5,11,79.2,2033,20.4,13.120,15,25.7
1035.4,87,596.0,79.6,97,62,61.3,11,76.8,1938,20.0,13.069,15,25.4
1038.5,87,596.0,79.3,98,62,75.8,11,88.4,2243,28.2,13.100,15,33.1
1041.6,87,601.9,79.2,98,62,77.3,11,90.1,2499,31.5,13.107,15,36.6
1044.7,87,607.9,79.2,98,63,76.7,11,88.6,2550,32.5,13.051,15,37.7
1047.8,87,612.0,79.2,98,65,76.4,11,89.0,2547,32.5,13.040,15,37.7
1050.9,87,616.8,79.2,98,65,75.5,11,87.9,2545,32.2,13.080,15,37.9
1054.0,87,620.0,79.2,98,65,75.3,11,87.6,2562,32.5,12.969,15,37.9
1057.1,87,624.0,79.2,98,65,72.6,11,87.0,2426,29.8,13.120,15,29.0
1060.2,87,624.0,79.2,98,64,74.2,11,87.7,2472,29.4,13.046,15,33.6
1063.3,87,628.0,78.8,98,63,75.1,11,87.1,2528,30.9,13.129,15,36.6
1066.4,87,630.7,78.8,97,63,73.7,11,85.4,2512,28.3,13.120,15,34.2
1069.5,87,632.0,78.8,97,63,74.5,11,88.3,2523,30.6,13.071,15,35.5
1072.6,87,635.4,78.8,98,63,74.8,11,87.1,2592,33.5,13.057,15,38.8
1075.7,87,637.2,78.8,97,63,74.4,11,85.9,2742,33.1,13.060,15,37.5
1078.8,87,640.0,78.8,97,63,74.2,11,86.5,2760,34.4,13.102,15,40.5
1081.9,87,642.2,78.8,97,64,75.0,11,85.9,2822,34.4,13.118,15,40.7
1085.0,87,644.0,78.8,97,65,74.5,11,86.9,2800,33.4,12.993,15,38.5
1088.1,87,646.9,78.8,97,64,74.1,11,86.7,2797,34.2,13.114,16,40.4
1091.2,87,648.0,78.8,97,63,74.5,11,86.7,2765,34.2,13.040,16,40.1
1094.3,87,648.0,78.8,97,63,73.7,11,86.9,2721,33.5,13.040,16,39.6
1097.4,87,652.0,78.8,97,63,74.5,11,86.3,2679,32.9,13.099,16,38.6
1100.5,87,652.0,78.4,97,63,73.9,11,86.4,2681,31.4,13.120,16,37.7
1103.6,87,652.0,78.8,97,62,72.4,11,85.2,2508,25.6,13.120,16,31.7
1106.7,87,652.0,78.8,97,63,72.3,11,85.2,2620,29.7,13.120,16,35.1
1109.8,87,652.0,78.8,97,65,67.1,11,78.0,2525,19.7,13.041,16,27.1
1112.9,87,647.5,78.8,97,66,48.2,11,58.7,1987,11.1,13.120,16,12.9
1116.0,87,641.4,78.8,97,66,31.1,11,42.3,2009,8.1,13.040,16,6.1
1119.1,87,634.3,78.9,97,67,11.8,11,14.1,2010,0.9,13.084,16,5.2
1122.2,87,619.1,79.2,98,68,11.0,11,13.3,2029,0.4,13.107,16,4.7
1125.3,87,601.0,79.2,98,68,11.0,11,13.3,2047,0.4,13.087,16,4.7
1128.4,87,582.8,79.2,98,69,11.0,11,13.3,2067,0.4,13.110,16,4.7
1131.5,86,565.7,79.3,98,70,11.7,11,12.9,2085,0.4,13.243,16,5.1
1134.6,86,550.9,79.6,98,70,11.0,11,12.7,2117,0.4,13.482,16,4.7
1137.7,86,535.6,80.0,98,71,11.0,11,12.9,2147,0.4,13.743,15,4.7
1140.8,85,528.0,80.4,97,72,14.6,11,17.2,2162,0.5,13.867,15,5.4
1143.9,85,516.6,80.4,98,73,11.0,11,13.3,2212,0.4,13.854,15,5.1
1147.0,85,501.3,80.7,98,73,11.0,11,13.1,2231,0.4,13.840,15,5.1
1150.1,85,487.7,80.8,98,75,11.0,11,12.9,2261,0.4,13.840,15,5.1
1153.2,85,472.9,80.5,98,75,11.0,11,13.3,2275,0.4,13.840,15,5.1
1156.3,85,458.8,80.8,98,74,11.0,11,13.3,2287,0.4,13.840,15,5.1
1159.4,85,445.5,80.8,99,70,11.0,11,12.9,2239,0.4,13.827,15,5.1
1162.5,85,432.9,80.8,99,70,11.0,11,12.5,2105,0.4,13.840,15,4.7
1165.6,85,418.9,80.8,99,70,11.0,11,12.5,2112,0.4,13.840,15,4.7
1168.7,85,407.5,80.8,99,70,11.0,11,12.5,2122,0.4,13.840,15,4.7
1171.8,85,398.3,81.2,99,70,11.0,11,12.4,2141,0.4,13.840,15,4.7
1174.9,85,386.1,80.9,99,71,11.0,11,12.4,2169,0.4,13.840,15,4.7
1178.0,85,377.0,81.5,99,71,11.0,11,12.5,2158,0.4,13.840,15,4.7
1181.1,85,365.8,81.5,99,71,11.0,11,12.5,2160,0.4,13.840,15,4.7
1184.2,84,357.1,81.2,99,71,11.0,11,12.4,2165,0.4,13.840,15,4.7
1187.3,84,346.8,81.6,99,72,11.0,11,12.2,2184,0.4,13.840,15,4.8
1190.4,84,336.9,81.3,99,72,11.0,11,12.5,2203,0.4,13.830,15,5.1
1193.5,84,326.8,81.3,100,72,11.0,11,12.5,2223,0.4,13.704,15,5.1
1196.6,84,317.6,81.6,100,73,11.0,11,12.5,2225,0.4,13.415,15,5.1
1199.7,84,310.4,81.6,100,73,11.0,11,12.5,2225,0.4,13.150,14,5.1
1202.8,84,300.3,81.6,100,70,11.0,11,12.3,2147,0.4,13.095,14,4.7
1205.9,84,294.3,81.6,100,67,11.0,11,12.2,2062,0.4,13.107,14,4.7
1209.0,84,287.8,81.6,100,64,11.0,11,12.4,1980,0.4,13.119,14,4.7
1212.1,84,280.0,81.6,100,60,11.2,11,13.1,1953,0.4,13.120,14,4.4
1215.2,84,276.7,81.6,99,60,21.1,11,24.2,1795,2.7,13.120,14,6.8
1218.3,84,283.0,81.6,100,60,29.0,11,33.0,1832,4.3,13.047,14,8.2
1221.4,84,296.0,81.6,100,60,58.8,11,70.0,1978,12.0,13.120,14,16.5
1224.5,84,314.6,81.6,100,62,64.6,11,74.9,1987,15.2,13.102,14,19.2
1227.6,84,333.1,81.2,99,64,64.2,11,74.1,1962,14.9,13.105,14,19.2
1230.7,84,348.0,81.6,99,66,54.6,11,52.5,1987,9.4,13.040,14,15.1
1233.8,85,347.9,81.6,100,64,11.2,11,13.0,1932,0.5,13.040,14,4.6
1236.9,85,339.6,81.6,100,62,11.8,11,13.3,1850,0.4,13.084,14,4.7
1240.0,85,329.4,81.2,100,59,12.1,11,13.9,1771,0.4,13.175,14,4.7
1243.1,85,323.0,81.2,100,56,12.5,11,14.2,1701,0.4,13.120,14,4.6
1246.2,85,321.4,81.2,100,55,31.8,11,32.9,1685,7.8,13.080,14,5.3
1249.3,85,326.2,80.8,100,55,47.9,11,56.6,1764,6.2,13.069,14,9.9
1252.4,85,339.0,80.8,98,56,51.5,11,58.0,1821,8.0,13.056,14,13.4
1255.5,85,346.2,80.8,100,57,46.6,11,57.8,1849,8.7,13.120,14,6.1
1258.6,85,352.6,80.8,100,58,65.4,11,72.1,1944,14.8,13.040,14,22.0
1261.7,85,378.7,80.8,100,62,78.6,11,90.8,2494,30.3,13.153,14,35.3
1264.8,85,401.2,80.8,100,66,79.2,11,89.4,2740,33.6,12.986,12,37.3
1267.9,85,423.1,80.8,100,69,77.1,11,87.3,3140,28.9,13.040,12,34.7
1271.0,85,445.5,80.8,99,73,71.2,11,81.3,3252,23.2,13.040,12,28.7
1274.1,85,460.3,80.8,99,75,63.7,11,77.6,2837,16.1,13.092,12,20.1
1277.2,85,472.1,80.8,99,76,62.0,11,70.1,2325,15.8,13.109,12,22.3
1280.3,85,478.6,80.8,100,76,15.0,11,21.9,2260,3.9,13.117,12,5.8
1283.4,85,468.9,80.8,99,73,18.4,11,20.6,2179,1.8,13.103,12,6.9
1286.5,85,472.0,80.8,100,72,18.6,11,23.2,2154,5.3,12.991,12,10.2
1289.6,85,472.0,80.8,100,71,31.3,11,21.0,2150,0.9,13.120,12,6.7
1292.7,85,469.6,80.9,100,71,11.0,11,12.7,2160,1.5,13.120,13,4.9
1295.8,85,457.0,81.2,100,69,11.0,11,12.2,2095,0.4,13.120,14,4.7
1298.9,85,443.6,81.2,100,67,11.0,11,12.2,2048,0.4,13.120,14,4.7
1302.0,85,435.5,80.8,100,65,12.4,11,13.4,1998,0.4,13.076,14,4.8
1305.1,85,432.0,81.2,99,63,18.1,11,23.1,1918,3.8,13.120,14,8.7
1308.2,85,432.0,81.5,100,62,21.9,11,24.4,1907,2.6,13.068,14,5.9
1311.3,85,428.9,81.2,101,63,13.5,11,14.2,1900,0.4,12.994,14,4.9
1314.4,85,424.0,81.2,101,62,18.6,11,23.5,1887,2.7,13.059,14,4.0
1317.5,85,416.2,81.2,101,62,11.8,11,13.3,1887,0.4,13.069,14,4.7
1320.6,85,408.0,80.8,101,61,11.8,11,13.6,1931,0.4,12.963,14,4.7
1323.7,85,398.4,80.4,101,60,11.8,11,13.3,1881,0.4,13.077,14,4.7
1326.8,85,384.1,80.4,101,59,15.9,11,21.6,1859,2.5,13.092,14,5.5
1329.9,85,390.7,80.4,100,62,36.2,11,44.1,1937,7.4,13.120,14,11.2
1333.0,85,397.1,80.4,99,65,20.6,11,20.2,2046,2.3,13.120,14,9.5
1336.1,85,396.7,80.4,101,65,11.4,11,12.4,2071,0.4,13.108,14,4.7
1339.2,85,385.3,80.4,101,62,11.0,11,12.5,2005,0.4,13.097,14,4.7
1342.3,85,376.3,80.4,101,61,11.0,11,12.5,1981,0.4,13.099,14,4.7
1345.4,85,368.0,80.4,101,60,21.3,11,18.0,1986,4.2,13.105,14,9.0
1348.5,85,378.4,80.4,101,62,69.1,11,79.1,1944,17.6,13.061,14,12.4
1351.6,85,389.8,80.8,101,63,18.8,11,16.9,2011,7.9,13.054,14,10.2
1354.7,85,395.9,80.8,101,63,39.0,11,53.4,1937,5.0,13.120,14,6.3
1357.8,85,394.8,80.8,101,63,11.5,11,19.0,2083,1.3,12.960,14,6.1
1360.9,85,400.8,80.8,101,63,21.1,11,31.0,1889,6.7,13.005,14,19.1
1364.0,85,404.0,80.8,101,63,30.9,11,24.5,1917,3.4,13.120,14,5.4
1367.1,85,409.5,81.2,101,64,65.5,11,74.6,2057,13.6,13.120,14,17.5
1370.2,85,423.5,81.2,101,65,40.1,11,50.0,2101,14.6,13.120,14,13.0
1373.3,85,429.9,81.2,101,66,50.6,11,56.2,2013,10.3,13.120,14,13.7
1376.4,86,436.0,81.2,101,67,29.5,11,37.4,2012,5.0,13.091,14,11.7
1379.5,86,439.6,81.2,101,66,48.1,11,55.0,2000,9.7,13.040,14,12.9
1382.6,86,448.4,80.8,101,65,45.7,11,55.3,1964,10.8,13.084,14,14.7
1385.7,86,454.4,80.8,100,63,63.5,11,73.2,1968,16.1,13.115,14,20.1
1388.8,86,464.7,80.4,100,61,63.2,11,72.5,1919,16.0,13.036,14,19.6
1391.9,86,477.1,80.4,100,58,72.3,11,82.3,1992,23.5,13.120,14,27.3
1395.0,86,491.5,80.4,100,57,80.8,11,91.0,2507,34.6,13.120,14,40.2
1398.1,86,510.5,80.4,100,59,79.3,11,89.6,2871,37.3,13.134,15,42.6
1401.2,86,527.3,80.4,100,61,77.6,11,88.2,3131,31.6,13.120,15,37.7
1404.3,86,539.4,80.4,100,64,77.4,11,85.3,3277,26.3,13.096,15,34.4
1407.4,86,549.9,80.4,100,66,69.6,11,79.4,3179,18.6,12.974,15,26.5
1410.5,86,552.0,80.4,100,68,68.4,11,77.6,2081,17.8,13.120,16,21.6
1413.6,86,556.0,80.4,100,69,61.8,11,72.1,2102,17.2,13.120,16,22.3
1416.7,86,556.0,80.4,99,70,42.5,11,47.5,2104,7.5,13.108,16,8.8
1419.8,87,552.7,80.4,101,68,23.2,11,25.0,2020,1.6,13.120,16,5.9
1422.9,87,550.8,80.4,99,66,27.9,11,38.9,1981,3.0,13.120,16,9.8
1426.0,87,541.6,80.4,101,63,14.4,11,22.5,1867,2.0,13.106,16,5.0
1429.1,87,536.0,80.4,99,61,43.9,11,44.5,1854,4.5,13.109,16,13.8
1432.2,87,540.0,80.4,100,61,66.2,11,79.7,1929,19.8,13.120,16,16.8
1435.3,87,542.3,80.2,100,63,63.0,11,70.7,2063,18.1,13.120,17,23.1
1438.4,87,540.1,80.4,101,66,63.4,11,46.3,2026,8.5,13.040,17,7.7
1441.5,87,546.1,80.4,100,68,59.8,11,79.8,2307,21.3,13.105,17,25.8
1444.6,87,544.3,80.4,100,71,20.5,11,17.6,2107,1.6,13.120,17,10.1
1447.7,87,539.4,80.6,101,70,13.1,11,13.1,2107,0.4,13.120,17,5.1
1450.8,87,526.2,80.8,101,68,11.0,11,12.5,2019,0.4,13.132,17,4.7
1453.9,86,511.5,80.8,101,66,11.0,11,12.9,1978,0.4,13.117,17,4.7
1457.0,86,503.4,80.8,101,65,19.9,11,22.8,1940,2.2,13.054,17,7.8
1460.1,86,497.5,80.8,100,64,20.7,11,24.9,1946,0.1,13.042,17,5.2
1463.2,86,492.0,80.7,100,62,21.6,11,19.4,1925,1.8,13.040,17,7.9
1466.3,86,495.2,80.4,100,61,65.3,11,73.2,2103,15.4,13.051,17,16.4
1469.4,86,506.9,80.5,100,62,78.3,11,88.3,2425,25.9,13.071,17,30.7
1472.5,86,522.3,80.5,100,64,76.1,11,86.3,2596,27.5,13.032,18,32.4
1475.6,86,534.2,80.4,100,65,76.1,11,86.3,2602,27.2,13.095,18,32.5
1478.7,86,542.9,80.4,100,67,74.9,11,85.9,2608,27.9,13.109,18,33.6
1481.8,86,552.5,80.4,100,67,75.2,11,85.4,2633,28.0,13.079,18,33.3
1484.9,86,561.4,80.4,100,69,74.5,11,84.1,2530,23.1,13.120,18,28.2
1488.0,86,568.0,80.4,100,72,74.5,11,85.6,2434,21.5,13.120,18,26.6
1491.1,86,568.0,80.4,100,73,51.5,11,54.8,2220,14.4,13.046,18,20.0
1494.2,86,572.0,80.4,100,73,67.5,11,77.4,2248,19.0,13.066,18,22.7
1497.3,86,575.5,80.4,100,73,62.5,11,74.7,2237,18.5,13.058,18,23.6
1500.4,86,576.0,80.4,100,73,58.0,11,64.9,2225,10.8,13.120,18,16.6
1503.5,86,572.3,80.4,100,73,40.1,11,46.6,2231,10.2,13.120,18,14.9
1506.6,86,572.0,80.4,100,75,51.7,11,59.1,2259,11.6,13.120,18,15.5
1509.7,86,572.0,80.4,101,76,44.1,11,45.8,2281,8.5,12.997,18,13.7
1512.8,86,565.8,80.4,101,74,12.2,11,13.2,2197,1.0,13.116,18,7.7
1515.9,86,552.1,80.8,101,69,11.0,11,12.5,2068,0.4,13.053,18,4.8
1519.0,86,544.0,80.8,101,66,42.7,11,59.7,2082,19.8,13.040,18,23.6
1522.1,86,553.6,80.8,100,67,76.7,11,88.5,2470,25.1,13.101,18,30.2
1525.2,86,559.3,80.8,101,68,37.0,11,51.0,2244,13.3,13.120,18,19.7
1528.3,86,556.0,80.8,101,67,48.9,11,66.6,2062,12.4,13.120,18,14.9
1531.4,86,556.0,80.8,101,67,55.7,11,64.2,2074,5.2,13.015,18,11.2
1534.5,86,556.0,80.8,101,67,36.2,11,44.4,2019,7.3,13.099,18,10.5
1537.6,86,552.0,80.8,101,65,19.0,11,26.0,1944,3.1,13.120,18,6.4
1540.7,86,548.0,80.4,101,63,36.1,11,34.6,1949,3.9,13.043,18,8.8
1543.8,86,552.0,80.4,100,63,72.6,11,82.1,2231,20.2,13.120,18,22.0
1546.9,86,554.8,80.0,100,63,65.3,11,71.9,1928,14.2,13.046,18,18.4
1550.0,86,557.1,79.6,100,63,65.9,11,75.2,1947,17.0,13.071,18,24.8
1553.1,86,560.0,79.6,100,65,53.6,11,55.6,1946,13.3,13.120,18,24.0
1556.2,86,560.0,79.6,101,63,33.8,11,34.3,1878,5.0,13.047,18,15.2
1559.3,86,560.0,79.6,101,62,46.4,11,56.6,1901,11.3,13.095,19,11.7
1562.4,86,561.8,79.6,100,62,78.8,11,89.5,2096,28.4,13.040,19,31.5
1565.5,86,568.0,79.6,101,64,68.3,11,88.0,2235,28.9,13.072,19,16.6
1568.6,86,563.3,79.6,101,64,26.2,11,16.4,1887,0.6,13.120,18,5.7
1571.7,86,560.0,79.6,101,62,43.9,11,63.4,1868,15.3,13.120,19,13.6
1574.8,86,565.4,79.6,101,63,79.7,11,90.9,2520,35.1,13.045,19,40.0
1577.9,86,573.7,79.6,100,66,77.2,11,87.1,3108,30.6,13.077,19,37.7
1581.0,86,580.0,79.6,100,70,59.4,11,82.7,2204,26.7,13.040,19,32.1
1584.1,86,585.0,79.6,100,72,75.3,11,85.1,2648,27.8,13.072,19,33.0
1587.2,86,588.0,79.6,100,74,73.2,11,81.9,2555,25.4,13.102,19,33.1
1590.3,86,590.3,79.4,100,76,33.0,11,42.5,2287,14.4,13.105,19,20.6
1593.4,86,591.9,79.2,101,75,31.9,11,50.3,2281,13.1,13.097,19,10.2
1596.5,86,586.1,79.2,100,73,50.5,11,59.2,2226,2.6,13.040,19,8.5
1599.6,86,584.0,79.2,100,72,65.1,11,76.2,2237,18.4,13.120,19,23.1
1602.7,86,586.7,79.2,100,73,69.3,11,79.6,2287,20.4,13.041,19,24.8
1605.8,86,588.0,79.2,100,73,68.4,11,79.3,2279,20.2,13.120,19,24.9
1608.9,86,588.0,79.2,100,75,69.4,11,79.5,2295,20.8,13.120,19,25.4
1612.0,86,592.0,78.9,100,76,70.7,11,83.7,2393,22.4,13.120,19,26.6
1615.1,86,594.6,79.2,100,76,74.1,11,83.5,2637,26.8,13.046,19,32.6
1618.2,86,600.8,78.8,100,77,74.5,11,84.0,2814,28.2,13.120,19,34.2
1621.3,86,604.0,78.8,100,78,74.5,11,84.3,2838,29.3,13.056,19,35.3
1624.4,86,609.2,78.8,100,78,75.0,11,83.2,2873,30.5,13.120,19,36.1
1627.5,86,612.0,78.8,100,78,71.1,11,79.7,2475,20.9,13.103,19,28.8
1630.6,86,613.7,78.8,100,78,73.7,11,83.4,2745,27.8,13.104,19,33.5
1633.7,86,616.0,78.8,100,78,68.3,11,80.4,2582,24.4,13.091,19,29.3
1636.8,86,616.0,78.4,100,79,64.8,11,76.9,2423,20.5,13.118,19,16.7
1639.9,86,615.5,78.4,100,80,47.6,11,55.4,2412,10.6,13.082,19,17.0
1643.0,86,612.0,78.4,100,81,67.0,11,76.8,2465,18.4,12.966,19,23.2
1646.1,86,616.0,78.4,100,81,73.3,11,79.9,2495,23.3,13.075,19,27.9
1649.2,86,616.0,78.4,100,79,51.6,11,61.7,2630,20.3,13.040,19,19.9
1652.3,86,605.8,78.4,101,74,13.0,11,13.1,2233,5.1,13.040,19,11.4
1655.4,86,600.0,78.1,100,73,65.4,11,73.2,2250,17.5,13.120,19,22.4
1658.5,86,600.0,77.8,100,74,68.2,11,77.9,2272,18.7,13.053,19,23.5
1661.6,86,604.0,77.6,100,76,71.8,11,82.6,2453,21.4,13.120,19,26.8
1664.7,86,604.0,77.6,100,76,67.3,11,79.1,2477,21.8,13.046,19,26.5
1667.8,86,604.0,77.6,101,77,47.1,11,55.8,2344,12.0,13.002,19,16.0
1670.9,86,604.0,77.7,101,77,54.1,11,60.3,2337,7.6,13.052,19,12.6
1674.0,86,600.0,77.9,101,77,59.4,11,66.6,2337,14.2,13.120,19,18.9
1677.1,86,600.0,77.6,101,77,49.3,11,58.6,2350,12.4,13.162,19,13.7
1680.2,86,600.0,77.7,100,79,59.8,11,56.3,2387,14.6,13.066,19,19.6
1683.3,86,600.1,77.6,100,82,71.0,11,80.0,2542,22.7,13.141,19,28.1
1686.4,86,604.0,77.6,100,82,69.8,11,80.2,2599,22.6,12.964,19,27.2
1689.5,86,604.0,77.6,100,82,56.4,11,65.9,2495,15.9,13.023,19,16.9
1692.6,86,604.0,77.6,100,81,56.5,11,65.3,2476,14.4,13.101,19,20.3
1695.7,86,604.0,77.8,100,81,56.2,11,69.1,2458,15.8,13.106,19,18.1
1698.8,86,600.0,77.6,100,80,41.9,11,48.5,2412,9.4,13.042,19,14.6
1701.9,86,600.0,77.6,100,78,57.8,11,66.8,2397,15.3,12.964,19,19.0
1705.0,86,600.0,77.6,100,77,61.1,11,70.1,2359,15.7,13.072,19,20.4
1708.1,86,600.0,77.6,100,76,62.9,11,71.2,2325,15.7,13.040,19,21.3
1711.2,86,600.0,77.6,100,76,66.6,11,76.0,2333,17.7,13.120,19,22.8
1714.3,86,600.0,77.6,100,77,69.4,11,79.2,2341,19.7,13.040,19,24.3
1717.4,86,601.1,77.6,100,77,69.8,11,81.1,2370,20.3,13.040,19,24.9
1720.5,86,604.0,77.6,100,78,71.1,11,81.6,2396,20.7,13.088,19,25.9
1723.6,86,605.0,77.6,100,78,76.1,11,86.0,2628,29.1,12.975,19,32.9
1726.7,86,610.6,77.4,100,79,75.8,11,84.4,2910,32.5,13.120,19,38.6
1729.8,86,616.0,77.3,100,80,75.9,11,83.2,2950,32.0,13.055,19,37.8
1732.9,86,618.5,77.3,100,81,74.5,11,82.6,2985,31.0,13.117,19,37.0
1736.0,86,620.0,76.9,100,82,73.5,11,82.7,2985,30.5,13.073,19,36.0
1739.1,86,620.0,76.9,100,83,69.4,11,77.7,2595,20.4,12.966,18,27.7
1742.2,86,620.0,76.9,100,83,51.8,11,65.8,2518,16.3,13.219,19,20.6
1745.3,86,620.0,76.9,101,81,47.3,11,52.3,2476,9.2,13.458,19,13.9
1748.4,86,614.8,77.3,101,81,41.2,11,38.6,2427,5.7,13.702,19,12.1
1751.5,86,608.3,77.3,101,80,34.9,11,39.6,2423,6.8,13.899,19,11.6
1754.6,86,606.2,76.9,101,81,43.5,11,45.9,2451,7.9,13.840,19,14.5
1757.7,86,604.0,76.9,100,81,59.9,11,69.9,2451,15.0,13.781,19,19.3
1760.8,86,604.0,76.9,100,80,65.2,11,74.0,2425,15.8,13.840,19,20.9
1763.9,86,604.5,76.9,100,78,69.1,11,78.1,2404,18.5,13.879,19,23.6
1767.0,86,608.0,76.5,100,78,71.0,11,81.3,2387,20.5,13.840,19,25.1
1770.1,86,608.0,76.6,101,77,64.0,11,80.4,2376,18.4,13.840,19,22.8
1773.2,86,608.0,76.6,101,76,55.4,11,63.8,2330,13.3,13.780,19,16.9
1776.3,86,608.0,76.5,101,77,67.7,11,77.3,2350,19.3,13.840,19,22.9
1779.4,86,608.0,76.8,100,76,68.2,11,78.5,2319,19.6,13.817,19,24.0
1782.5,86,608.0,76.9,100,75,69.9,11,81.6,2337,20.7,13.701,19,25.7
1785.6,86,608.0,76.9,100,75,70.1,11,80.6,2326,21.1,13.840,19,25.1
1788.7,86,608.0,76.7,100,75,70.1,11,80.1,2301,20.8,13.840,18,25.5
1791.8,86,612.0,76.9,100,76,70.8,11,81.5,2347,21.2,13.840,18,25.9
1794.9,86,612.0,76.7,100,75,70.9,11,82.0,2350,21.2,13.835,18,25.9
1798.0,86,612.0,76.5,100,75,71.4,11,82.3,2350,21.6,13.797,18,25.9
1801.1,86,612.0,76.3,100,76,71.4,11,81.8,2370,21.2,13.840,18,25.9
1804.2,86,616.0,76.1,100,76,71.4,11,83.6,2445,22.1,13.841,18,27.1
1807.3,86,616.0,76.5,100,76,73.7,11,83.2,2571,25.1,13.840,18,30.0
1810.4,86,617.3,76.5,100,74,72.9,11,81.6,2603,24.9,13.840,18,30.4
1813.5,86,620.0,76.5,100,73,72.4,11,82.2,2419,21.1,13.811,18,26.6
1816.6,86,620.0,76.5,100,72,70.6,11,81.5,2312,21.6,13.830,18,26.2
1819.7,86,620.0,76.8,100,71,67.8,11,77.7,2226,17.6,13.867,18,21.4
1822.8,86,616.0,76.9,100,71,67.5,11,77.9,2150,18.4,13.840,18,22.8
1825.9,86,616.0,76.5,100,71,62.1,11,71.9,2170,13.5,13.867,18,20.1
1829.0,86,613.5,76.5,100,73,64.0,11,73.6,2204,17.5,13.841,19,21.1
1832.1,87,612.0,76.9,100,75,58.5,11,59.5,2243,11.9,13.840,19,18.7
1835.2,87,609.2,76.9,100,76,55.0,11,65.5,2314,13.6,13.763,19,19.2
1838.3,87,608.0,76.5,100,78,63.5,11,72.8,2368,15.0,13.840,19,20.0
1841.4,87,608.0,76.3,100,80,56.6,11,68.8,2432,13.5,13.763,19,17.9
1844.5,87,608.0,76.2,100,82,73.3,11,80.5,2604,22.9,13.748,19,29.8
1847.6,87,611.5,76.5,100,83,70.9,11,78.8,2606,21.9,13.840,18,27.9
1850.7,87,612.0,76.1,100,83,59.7,11,68.3,2526,14.9,13.840,19,21.0
1853.8,87,608.4,76.1,100,82,63.8,11,72.0,2525,16.8,13.840,19,22.5
1856.9,87,608.0,76.1,100,83,61.3,11,71.2,2525,16.9,13.768,19,19.4
1860.0,87,608.0,76.1,100,82,44.6,11,54.0,2507,14.3,13.800,19,19.8
1863.1,87,608.0,76.1,101,81,42.5,11,51.0,2484,13.2,13.839,19,16.6
1866.2,87,590.2,76.1,101,78,12.0,11,13.1,2333,0.4,13.840,19,5.5
1869.3,87,584.0,76.1,101,76,29.3,11,30.8,2293,2.8,13.840,19,10.7
1872.4,86,575.6,76.3,101,74,11.0,11,12.8,2192,0.4,13.840,19,4.9
1875.5,86,559.4,76.5,101,70,13.6,11,16.5,2104,2.2,13.840,19,6.0
1878.6,86,553.9,76.5,101,70,33.5,11,26.4,2147,3.1,13.840,19,6.6
1881.7,86,552.0,76.5,101,70,29.9,11,37.1,2158,8.3,13.680,19,13.4
1884.8,86,552.0,76.5,100,70,57.9,11,66.7,2247,14.6,13.763,19,19.4
1887.9,86,556.0,76.5,101,72,46.5,11,54.1,2256,10.4,13.857,19,14.0
1891.0,86,556.0,76.5,101,71,60.6,11,69.2,2244,15.1,13.796,19,19.3
1894.1,86,557.8,76.5,100,72,64.5,11,72.9,2225,16.9,13.851,19,21.7
1897.2,86,560.0,76.5,101,72,63.0,11,67.6,2218,14.2,13.840,19,18.4
1900.3,86,564.0,76.5,100,72,56.9,11,56.2,2201,11.3,13.872,19,16.9
1903.4,86,564.0,76.5,101,72,46.0,11,50.4,2194,9.4,13.778,19,13.2
1906.5,86,561.7,76.5,101,71,44.7,11,53.0,2174,12.9,13.840,19,15.7
1909.6,86,560.0,76.5,101,70,31.4,11,39.9,2123,9.4,13.837,19,15.1
1912.7,86,560.0,76.4,100,69,39.6,11,47.2,2087,10.4,13.827,19,16.6
1915.8,86,563.9,76.1,100,68,61.3,11,69.6,2100,10.7,13.786,19,17.8
1918.9,86,564.0,76.1,101,68,59.8,11,55.4,2080,13.9,13.840,19,15.6
1922.0,86,564.0,76.5,100,68,67.4,11,78.5,2179,18.8,13.840,19,21.7
1925.1,86,568.0,76.5,100,68,66.3,11,78.5,2138,19.3,13.774,19,21.4
1928.2,86,571.6,76.2,100,68,68.3,11,79.5,2186,20.6,13.828,19,24.9
1931.3,86,572.0,76.1,100,68,67.3,11,56.5,2443,16.6,13.840,19,23.6
1934.4,86,572.0,76.1,100,67,57.1,11,57.5,2042,11.3,13.760,19,17.4
1937.5,86,572.0,76.1,101,67,50.1,11,53.6,2000,9.0,13.760,19,14.0
1940.6,86,572.6,76.1,100,66,71.2,11,81.1,2055,19.9,13.760,19,24.1
1943.7,86,576.0,76.1,100,66,62.4,11,73.6,2073,16.6,13.830,19,14.3
1946.8,86,577.6,76.1,100,66,70.4,11,82.7,2098,21.8,13.825,19,25.0
1949.9,86,580.0,76.1,100,66,43.4,11,52.4,1995,10.7,13.715,19,15.3
1953.0,86,577.6,76.0,100,66,65.5,11,73.5,2012,16.3,13.840,19,19.3
1956.1,86,580.0,75.7,100,67,60.6,11,66.0,2046,15.4,13.806,19,23.0
1959.2,86,580.0,75.7,100,67,47.8,11,55.5,2033,11.2,13.826,19,13.4
1962.3,86,580.0,75.7,100,67,72.3,11,81.6,2099,15.5,13.825,19,22.5
1965.4,86,580.0,75.7,100,68,71.8,11,81.2,2197,21.2,13.786,19,26.0
1968.5,86,584.0,75.3,100,70,75.1,11,86.1,2498,26.3,13.840,19,31.2
1971.6,86,588.7,75.7,100,71,74.5,11,84.5,2671,27.8,13.840,19,33.4
1974.7,86,595.0,75.0,100,72,74.9,11,84.4,2662,28.1,13.768,19,33.7
1977.8,86,600.0,74.9,100,72,74.5,11,83.9,2674,27.6,13.840,19,33.3
1980.9,86,603.6,74.9,100,73,74.5,11,83.5,2685,28.1,13.793,19,33.7
1984.0,86,608.0,74.5,100,75,74.3,11,82.8,2725,27.8,13.760,19,33.6
1987.1,86,608.1,74.5,101,76,73.1,11,82.5,2693,26.4,13.760,19,31.6
1990.2,86,612.0,74.5,101,77,72.1,11,82.2,2602,23.1,13.908,19,25.0
1993.3,86,612.7,74.5,101,77,72.6,11,82.5,2389,22.2,13.803,19,27.0
1996.4,86,616.0,74.5,100,78,69.6,11,79.8,2444,21.2,13.853,19,27.1
1999.5,86,614.2,74.5,100,78,51.1,11,58.0,2363,13.5,13.851,19,21.6
2002.6,86,612.0,74.5,100,78,68.4,11,78.9,2382,19.2,13.840,19,23.5
2005.7,86,612.0,74.5,100,78,43.4,11,49.6,2346,9.4,13.840,19,15.9
2008.8,86,607.4,74.5,101,76,33.6,11,36.5,2290,5.2,13.840,19,9.0
2011.9,86,595.2,74.8,101,73,11.0,11,12.4,2193,0.5,13.840,19,4.8
2015.0,86,584.0,74.9,101,71,16.3,11,18.3,2110,6.7,13.889,19,10.5
2018.1,86,584.0,74.9,100,71,57.2,11,65.2,2211,13.2,13.840,19,17.3
2021.2,86,584.0,74.9,100,72,65.3,11,74.1,2236,17.1,13.840,19,21.4
2024.3,86,584.0,74.5,100,73,58.5,11,50.6,2250,11.9,13.840,19,20.4
2027.4,86,581.3,74.9,101,74,30.1,11,39.8,2234,7.8,13.840,19,11.2
2030.5,86,580.0,74.9,101,75,52.0,11,56.2,2306,7.7,13.840,19,12.9
2033.6,86,576.5,74.9,101,74,37.0,11,41.1,2205,4.9,13.840,19,9.6
2036.7,86,576.0,74.9,101,71,53.3,11,56.1,2200,16.4,13.773,19,19.7
2039.8,86,576.0,74.9,100,70,56.9,11,65.4,2172,10.7,13.797,19,14.0
2042.9,86,576.0,74.9,100,68,69.3,11,79.0,2155,18.1,13.840,19,24.1
2046.0,86,580.6,74.9,100,67,73.6,11,84.7,2389,23.2,13.840,19,27.2
2049.1,86,584.0,74.9,100,67,77.0,11,87.3,2431,31.6,13.840,19,36.8
2052.2,86,592.3,74.9,100,67,77.3,11,87.9,2948,38.9,13.840,19,45.0
2055.3,86,598.6,74.5,100,69,78.8,11,88.8,3170,34.5,13.840,19,40.9
2058.4,86,600.8,74.1,101,70,80.8,11,89.7,3351,34.1,13.840,19,40.6
2061.5,86,607.0,74.1,101,71,77.8,11,86.8,3306,29.2,13.840,19,37.9
2064.6,86,607.2,73.8,100,72,52.9,11,64.4,2374,14.4,13.840,19,15.2
2067.7,86,604.0,73.8,100,70,59.8,11,58.0,2136,14.9,13.840,19,19.7
2070.8,86,605.3,74.1,100,70,75.2,11,85.8,2444,25.3,13.840,19,29.6
2073.9,86,608.0,73.8,100,71,72.3,11,83.1,2413,23.1,13.760,19,28.6
2077.0,87,609.6,73.7,100,71,72.3,11,83.1,2511,23.4,13.825,19,28.2
2080.1,87,612.0,73.7,100,73,70.5,11,82.1,2378,22.2,13.875,19,24.1
2083.2,87,612.0,73.7,100,74,70.2,11,80.4,2286,20.9,13.861,19,25.4
2086.3,87,612.0,73.7,100,75,46.8,11,59.6,2268,7.7,13.840,19,12.5
2089.4,87,605.9,73.7,100,75,52.4,11,60.9,2264,14.3,13.877,19,16.2
2092.5,87,604.0,73.7,100,76,36.7,11,40.5,2263,9.7,13.840,19,19.5
2095.6,87,601.3,73.7,101,75,52.9,11,52.8,2287,15.8,13.840,19,20.7
2098.7,87,599.2,73.7,101,76,50.5,11,56.8,2307,4.0,13.791,19,12.8
2101.8,87,596.0,73.7,101,75,22.9,11,31.9,2237,6.5,13.840,19,10.4
2104.9,87,590.4,73.7,101,73,42.9,11,33.0,2214,4.4,13.840,19,11.6
2108.0,86,588.0,73.7,100,73,42.7,11,42.0,2231,9.4,13.812,19,16.6
2111.1,86,586.2,73.3,100,73,49.8,11,57.4,2226,11.9,13.822,19,14.8
2114.2,86,587.3,73.0,100,74,66.1,11,75.5,2270,16.1,13.824,19,23.2
2117.3,86,586.7,72.9,100,73,40.3,11,51.8,2218,12.3,13.817,19,15.7
2120.4,86,584.0,72.9,100,72,66.2,11,75.7,2231,18.3,13.781,19,22.8
2123.5,86,588.0,72.9,100,72,66.9,11,77.2,2234,19.2,13.840,19,17.0
2126.6,86,588.2,72.5,100,72,69.5,11,80.9,2295,20.7,13.790,19,25.7
2129.7,86,592.0,72.4,100,73,72.9,11,83.3,2480,22.4,13.770,19,28.2
2132.8,86,595.7,72.2,100,74,75.3,11,85.5,2736,30.5,13.795,19,36.2
2135.9,86,602.5,72.2,100,76,75.3,11,85.4,2853,32.2,13.835,19,37.5
2139.0,86,604.0,72.2,100,78,75.9,11,83.9,2861,30.1,13.811,19,36.5
2142.1,86,608.0,72.2,100,80,66.8,11,77.6,2451,21.0,13.829,19,27.2
2145.2,86,608.0,72.2,100,82,62.3,11,74.5,2491,19.0,13.840,19,22.9
2148.3,86,608.0,72.2,100,83,64.3,11,72.6,2521,17.3,13.839,19,22.4
2151.4,86,608.0,72.2,100,84,64.3,11,72.9,2567,17.7,13.760,19,23.3
2154.5,86,608.0,72.5,100,85,68.2,11,77.0,2601,20.4,13.822,19,25.7
2157.6,86,609.3,72.5,100,86,72.7,11,81.9,2776,25.6,13.785,19,30.8
2160.7,86,612.0,72.5,100,85,70.1,11,79.0,2972,25.5,13.853,19,31.4
2163.8,86,613.7,72.5,100,84,70.2,11,79.2,2976,26.8,13.854,19,33.5
2166.9,86,616.0,72.5,100,83,72.2,11,81.2,3006,28.8,13.711,19,34.6
2170.0,86,618.1,72.5,100,82,73.1,11,81.6,2984,29.0,13.837,19,35.2
2173.1,86,620.1,72.5,100,82,73.1,11,81.6,2947,29.2,13.840,19,35.1
2176.2,86,624.0,72.3,100,82,72.9,11,82.1,2927,28.2,13.840,19,34.2
2179.3,86,624.0,72.5,100,82,72.3,11,81.7,2955,28.2,13.805,19,34.4
2182.4,86,627.3,72.5,100,83,71.4,11,80.2,2936,26.8,13.840,19,33.3
2185.5,86,628.0,72.5,100,84,70.8,11,80.4,2962,27.1,13.840,19,33.0
2188.6,86,628.0,72.5,100,85,58.4,11,67.0,2768,22.3,13.782,19,28.7
2191.7,86,626.1,72.5,100,83,59.2,11,70.4,2550,16.1,13.840,19,20.7
2194.8,86,623.7,72.5,101,83,57.9,11,66.1,2529,11.2,13.794,19,17.2
2197.9,86,620.0,72.5,101,82,30.5,11,44.0,2473,10.8,13.840,19,17.3
2201.0,86,616.0,72.5,101,81,55.4,11,63.9,2462,14.8,13.798,19,19.1
2204.1,86,616.0,72.5,101,81,61.3,11,70.7,2450,17.7,13.840,19,22.2
2207.2,86,615.6,72.2,100,81,56.8,11,65.9,2450,14.0,13.840,19,18.4
2210.3,86,612.0,72.2,100,81,43.2,11,52.9,2432,12.9,13.840,19,17.7
2213.4,86,601.5,72.6,101,78,12.0,11,13.8,2335,0.4,13.768,19,5.1
2216.5,86,588.7,72.9,101,76,16.4,11,20.5,2257,3.0,13.840,19,6.3
2219.6,86,573.7,72.9,101,73,11.0,11,12.5,2172,0.4,13.840,19,4.7
2222.7,86,562.0,72.9,101,70,21.6,11,23.0,2100,2.0,13.843,19,6.3
2225.8,86,560.0,72.9,101,70,50.6,11,58.3,2164,11.6,13.843,19,15.6
2228.9,86,560.0,72.9,100,71,64.1,11,72.5,2212,10.4,13.799,19,17.4
2232.0,86,557.0,72.9,101,71,23.1,11,26.0,2140,4.0,13.840,19,9.0
2235.1,86,556.0,72.9,100,72,66.2,11,69.6,2259,10.1,13.802,19,17.8
2238.2,86,556.0,72.7,101,72,33.1,11,31.3,2206,9.0,13.832,19,10.4
2241.3,86,556.6,72.5,100,72,58.5,11,66.5,2234,15.3,13.840,19,20.0
2244.4,86,560.0,72.9,100,71,67.5,11,78.6,2250,17.2,13.840,19,21.7
2247.5,86,564.7,72.5,100,71,74.5,11,86.4,2402,23.4,13.840,19,23.7
2250.6,86,568.0,72.5,100,72,57.2,11,73.1,2187,16.9,13.840,19,22.2
2253.7,86,569.2,72.2,100,72,63.4,11,73.6,2198,16.6,13.840,19,20.0
2256.8,86,568.1,72.2,101,72,47.2,11,56.2,2168,6.0,13.785,19,14.8
2259.9,86,568.0,72.2,101,72,38.9,11,35.3,2153,6.3,13.840,19,15.7
2263.0,86,568.0,72.2,100,73,63.0,11,73.6,2260,14.7,13.727,19,22.1
2266.1,86,572.0,72.2,100,75,50.8,11,55.4,2262,10.4,13.773,19,14.8
2269.2,86,568.0,72.2,101,75,40.2,11,43.9,2303,6.4,13.840,19,12.9
2272.3,86,565.1,72.4,101,75,25.2,11,31.0,2262,6.5,13.695,19,6.2
2275.4,86,559.1,72.5,101,74,28.6,11,30.2,2225,0.9,13.865,19,5.8
2278.5,86,553.1,72.5,101,73,27.8,11,28.3,2255,7.2,13.840,19,12.1
2281.6,86,552.0,72.5,101,73,58.0,11,66.3,2316,13.8,13.840,19,17.5
2284.7,86,555.5,72.5,100,72,62.7,11,70.3,2275,15.2,13.760,19,20.5
2287.8,86,560.0,72.5,100,72,66.7,11,68.0,2228,16.4,13.823,19,22.5
2290.9,86,560.0,72.5,100,72,66.1,11,72.3,2240,16.6,13.739,19,22.5
2294.0,86,564.0,72.5,100,72,64.0,11,71.3,2202,15.8,13.840,19,19.9
2297.1,86,568.0,72.5,100,71,67.5,11,79.1,2243,19.8,13.840,19,24.0
2300.2,86,571.0,72.5,100,70,69.8,11,79.1,2234,20.1,13.766,19,24.3
2303.3,86,573.6,72.5,100,68,68.1,11,76.6,2127,17.7,13.776,19,21.2
2306.4,86,576.0,72.5,100,67,72.0,11,81.5,2159,20.3,13.809,19,23.7
2309.5,87,577.8,72.2,100,66,51.7,11,48.9,2004,16.4,13.825,19,23.6
2312.6,87,580.0,72.2,100,66,71.4,11,82.7,2097,21.5,13.840,19,24.6
2315.7,87,580.0,72.2,100,67,65.1,11,76.0,2044,18.1,13.840,19,21.7
2318.8,87,580.0,72.2,101,67,52.7,11,66.4,2065,7.7,13.808,19,9.0
2321.9,87,580.0,72.2,100,68,68.9,11,76.8,2110,19.2,13.840,19,22.3
2325.0,87,580.0,72.2,101,68,64.2,11,73.6,2100,17.6,13.804,19,21.7
2328.1,87,580.0,72.2,101,69,26.6,11,33.5,2082,7.9,13.829,19,13.0
2331.2,87,566.8,72.2,101,67,11.1,11,12.6,1988,0.4,13.840,19,4.7
2334.3,87,560.0,72.5,101,65,32.7,11,36.0,1963,4.3,13.842,19,8.6
2337.4,87,560.0,72.5,100,66,60.9,11,69.8,2016,14.4,13.875,19,18.3
2340.5,87,563.3,72.5,100,67,65.9,11,74.8,2063,17.0,13.840,19,20.8
2343.6,87,564.0,72.2,100,68,66.0,11,76.1,2087,17.3,13.841,19,21.2
2346.7,87,568.0,72.2,100,69,66.7,11,76.1,2126,17.3,13.815,19,21.8
2349.8,87,568.0,72.2,100,71,65.4,11,74.0,2166,16.3,13.683,19,21.1
2352.9,87,568.0,72.2,101,71,31.6,11,43.5,2154,10.6,13.840,19,7.5
2356.0,87,564.0,72.2,101,71,55.0,11,62.8,2152,12.7,13.766,19,15.9
2359.1,87,563.0,72.2,101,71,23.3,11,29.7,2112,3.0,13.840,19,8.1
2362.2,87,556.0,72.4,101,69,11.8,11,15.8,2055,3.7,13.836,19,5.8
2365.3,87,552.0,72.5,101,67,39.7,11,43.5,2049,6.1,13.820,19,10.0
2368.4,87,552.0,72.5,101,68,39.3,11,53.0,2146,10.6,13.840,19,14.4
2371.5,86,551.1,72.5,101,68,22.4,11,38.6,2066,8.0,13.840,20,12.5
2374.6,86,548.0,72.5,101,69,44.3,11,49.8,2139,9.2,13.840,20,14.3
2377.7,86,549.0,72.5,101,70,50.3,11,57.0,2157,11.0,13.840,20,15.3
2380.8,86,552.0,72.5,101,71,52.5,11,59.0,2155,12.7,13.820,20,16.0
2383.9,86,554.2,72.7,100,71,71.1,11,81.9,2353,21.1,13.760,20,25.3
2387.0,86,560.2,72.5,100,72,70.3,11,80.8,2297,19.9,13.791,19,22.5
2390.1,86,561.9,72.9,101,72,37.7,11,46.4,2175,4.1,13.684,19,7.2
2393.2,86,560.0,72.9,100,71,56.9,11,63.7,2159,13.0,13.840,20,17.5
2396.3,86,560.0,73.3,101,71,46.0,11,51.8,2144,9.9,13.840,20,15.4
2399.4,86,560.0,73.3,101,71,26.0,11,25.6,2109,9.4,13.840,20,14.4
2402.5,86,556.7,73.3,101,70,46.1,11,47.9,2143,4.7,13.840,20,9.8
2405.6,86,549.0,73.0,101,69,11.4,11,12.6,2090,1.0,13.840,20,4.9
2408.7,86,543.9,73.3,101,67,27.3,11,32.0,2065,5.8,13.840,20,9.7
2411.8,86,540.0,73.3,101,67,21.4,11,24.1,2000,1.7,13.840,20,7.1
2414.9,86,535.1,73.3,101,65,12.4,11,13.7,1984,1.2,13.760,20,4.7
2418.0,86,519.3,73.3,101,63,14.5,11,18.5,1871,0.8,13.760,20,4.7
2421.1,86,516.0,73.3,101,61,28.2,11,24.8,1876,5.5,13.840,20,12.3
2424.2,86,516.0,73.3,101,61,34.7,11,43.8,1900,7.4,13.843,20,11.8
2427.3,86,514.7,73.3,101,61,24.3,11,24.5,1838,3.7,13.799,20,6.8
2430.4,86,515.4,73.3,100,62,72.0,11,83.6,2053,20.9,13.825,20,24.5
2433.5,86,527.3,72.9,101,64,78.9,11,89.7,2459,28.6,13.822,20,33.4
2436.6,86,539.9,72.9,100,66,75.2,11,86.6,2520,26.8,13.840,20,28.5
2439.7,86,546.8,72.9,101,68,72.7,11,83.1,2406,22.9,13.840,19,26.6
2442.8,86,552.0,72.9,101,68,47.9,11,62.9,2108,16.2,13.840,19,21.9
2445.9,86,549.3,72.7,101,68,30.2,11,36.3,2053,6.7,13.840,19,8.8
2449.0,86,548.0,72.9,101,66,28.5,11,34.0,1988,5.2,13.807,20,9.7
2452.1,86,539.8,72.9,101,64,14.0,11,14.9,1898,0.4,13.854,20,4.7
2455.2,86,526.7,72.9,101,60,11.9,11,13.7,1813,0.4,13.707,20,4.7
2458.3,86,511.8,72.9,101,55,13.1,11,15.0,1657,0.4,13.811,20,4.7
2461.4,86,500.0,73.5,101,49,15.4,11,17.6,1468,0.4,13.832,20,4.7
2464.5,86,487.0,73.7,101,37,18.5,11,21.5,1262,0.4,13.840,20,4.4
2467.6,86,470.7,74.1,101,22,18.8,11,22.2,1229,0.4,13.840,20,4.7
2470.7,86,459.9,74.5,101,8,19.5,11,23.6,931,0.4,13.879,20,4.1
2473.8,86,458.2,74.3,101,7,72.2,11,78.4,2287,17.3,13.846,20,16.9
2476.9,86,464.2,74.1,100,20,72.6,11,82.6,2211,20.2,13.680,20,24.6
2480.0,86,482.3,73.7,100,29,66.8,11,79.2,2232,19.1,13.748,20,21.3
2483.1,86,495.8,74.1,101,35,51.0,11,41.2,1802,7.0,13.809,20,13.5
2486.2,86,495.9,74.1,101,37,10.6,11,12.7,1443,0.4,13.833,20,3.5
2489.3,86,487.4,74.1,101,34,11.8,11,14.0,1380,0.4,13.840,20,3.5
2492.4,86,475.4,74.7,101,27,12.3,11,14.1,1320,0.4,13.840,20,3.5
2495.5,86,463.4,74.9,101,14,14.8,11,18.0,1088,0.4,13.840,20,3.5
2498.6,86,453.5,75.3,101,5,22.4,11,29.4,716,0.4,13.840,20,3.1
2501.7,86,444.7,75.4,101,3,24.1,11,32.1,746,0.4,13.840,20,3.3
2504.8,86,436.8,75.7,101,5,32.4,11,36.2,1180,3.9,13.907,20,11.4
2507.9,86,437.2,76.0,101,14,52.7,11,60.6,1559,10.1,13.840,20,12.9
2511.0,86,440.0,75.7,101,21,47.4,11,57.2,1333,8.1,13.830,20,11.6
2514.1,86,444.0,75.3,101,24,49.4,11,57.6,1298,7.7,13.660,20,8.0
2517.2,86,444.0,75.0,101,26,14.4,11,21.5,1216,1.4,13.840,20,3.5
2520.3,86,434.6,74.9,101,23,15.0,11,18.6,1204,0.4,13.840,20,3.7
2523.4,86,428.2,74.5,101,19,29.6,11,22.8,1194,2.1,13.707,20,6.7
2526.5,86,420.4,74.7,101,15,14.3,11,17.8,1098,0.4,13.469,20,3.5
2529.6,86,412.1,74.9,101,9,20.2,11,25.7,1078,1.4,13.234,20,4.7
2532.7,86,408.0,74.5,101,11,32.9,11,36.7,1248,3.1,13.120,20,6.1
2535.8,86,404.5,74.5,101,12,14.9,11,18.2,1079,0.4,13.022,20,3.5
2538.9,86,397.7,74.1,101,8,18.8,11,22.4,1010,0.4,13.040,21,3.9
2542.0,86,391.1,73.6,101,7,19.6,11,25.9,1076,1.9,13.085,21,5.9
2545.1,86,388.0,73.3,101,8,21.3,11,25.4,1395,0.1,13.108,21,4.0
2548.2,86,383.0,73.3,101,9,20.3,11,23.8,1095,0.7,13.090,21,3.9
2551.3,86,377.2,73.3,101,8,15.7,11,19.6,1157,0.7,13.040,21,4.3
2554.4,86,371.2,73.3,101,6,20.3,11,24.3,1005,0.9,13.040,21,3.5
2557.5,86,364.4,73.3,101,2,24.8,11,33.2,632,0.4,12.960,21,3.5
2560.6,86,357.6,73.3,101,0,18.1,11,21.8,821,0.4,13.035,21,3.1
2563.7,86,351.7,73.3,101,0,65.4,11,72.8,513,0.4,12.963,21,3.2
2566.8,86,345.5,73.3,101,0,0.0,-4,0.0,0,1.6,12.720,21,6.1
2569.9,86,344.0,73.3,101,0,0.0,-4,0.0,0,1.6,12.720,21,6.3
2573.0,86,344.0,73.3,101,0,0.0,-4,0.0,0,1.6,12.720,21,6.3
2576.1,86,344.0,73.3,101,0,0.0,-4,0.0,0,1.6,12.720,21,6.3
2579.2,86,344.0,73.3,101,0,0.0,0,1.6,12.720,21,6.3
