BlueDriver Data Log
Jul 17, 2018 4:42:49 PM
Time (s),Barometric Pressure (kPa),Vehicle Speed (MPH),Absolute Load Value (%),Ambient Air Temperature (째C),Intake Air Temperature (째C),Engine Coolant Temperature (째C),Catalyst Temperature Bank 1 - Sensor 1 (째C),Engine RPM (rpm),Fuel Level Input (%)
0.0,,,,,,,,,
1.3,,0,26.7,26,26,38,16.0,805,48.2
2.6,101,0,26.7,26,26,38,16.0,825,48.2
3.9,101,0,26.7,26,26,38,16.0,823,48.2
5.2,101,0,26.7,26,26,39,16.0,810,47.8
6.5,101,0,28.2,26,26,39,16.0,804,47.8
7.8,101,0,29.6,26,26,39,16.0,827,47.8
9.1,101,1,29.3,26,26,39,16.0,859,47.8
10.4,101,2,33.3,26,26,40,16.0,1116,47.8
11.7,101,4,41.8,26,26,40,16.0,1417,47.5
13.0,101,8,46.9,26,26,40,16.0,1477,47.5
14.3,101,11,53.1,26,26,40,17.8,1407,47.1
15.6,101,14,56.0,26,26,40,26.2,1351,47.1
16.9,101,16,49.5,26,26,41,34.3,1265,46.7
18.2,101,17,43.5,26,26,41,42.3,1190,46.7
19.5,101,17,39.1,26,26,41,49.2,1114,46.7
20.8,101,17,37.1,26,26,42,53.4,1102,46.7
22.1,101,18,31.3,26,26,42,57.5,1362,46.7
23.4,101,18,27.7,26,26,42,61.6,1247,46.7
24.7,101,17,26.7,26,26,42,68.4,1223,46.7
26.0,101,17,26.7,26,26,43,75.4,1225,46.7
27.3,101,14,26.7,26,26,43,76.0,1225,46.9
28.6,101,12,26.9,26,26,43,79.4,1173,47.1
29.9,101,9,28.5,26,26,43,83.1,1088,47.3
31.2,101,5,32.9,26,26,43,86.8,999,47.6
32.5,101,5,57.4,26,26,44,90.9,1547,47.8
33.8,101,8,58.8,26,26,44,97.7,2075,47.8
35.1,101,12,62.6,26,26,44,111.9,1928,48.0
36.4,101,16,70.1,26,26,45,123.9,1636,48.2
37.7,101,18,72.1,26,26,45,133.9,1536,48.1
39.0,101,22,61.4,26,26,46,147.3,1535,47.8
40.3,101,23,55.3,26,26,46,158.7,1437,47.8
41.6,101,25,52.5,26,26,46,165.2,1374,47.8
42.9,101,25,40.5,26,26,47,170.3,1288,47.5
44.2,101,25,34.4,26,26,47,176.4,1175,47.5
45.5,101,25,30.3,26,26,48,180.7,1436,47.5
46.8,101,24,25.8,26,26,48,187.9,1310,47.7
48.1,101,23,24.3,26,26,48,188.0,1291,47.8
49.4,101,22,24.4,26,26,49,191.2,1278,47.8
50.7,101,19,25.1,26,26,49,195.0,1251,47.8
52.0,101,17,25.2,26,26,49,196.0,1237,48.0
53.3,101,15,25.6,26,26,49,196.0,1209,48.2
54.6,101,12,20.4,26,26,50,198.3,1212,48.0
55.9,101,12,20.4,26,26,50,200.0,1216,47.8
57.2,101,11,21.0,26,26,50,200.0,1243,47.8
58.5,101,11,37.6,26,26,50,201.9,1398,47.8
59.8,101,12,31.5,26,26,51,205.8,1496,47.7
61.1,101,12,36.9,26,26,51,208.0,1515,47.5
62.4,101,13,40.6,26,26,51,210.4,1566,47.5
63.7,101,14,33.1,26,26,51,217.1,1382,47.5
65.0,101,15,27.0,26,26,52,220.0,1298,47.5
66.3,101,15,25.9,26,26,52,220.0,1213,47.1
67.6,101,15,23.7,26,26,52,220.6,1226,47.1
68.9,101,15,20.5,26,26,52,224.0,1235,47.1
70.2,101,14,19.9,26,26,53,224.0,1199,47.1
71.5,101,13,20.2,26,26,53,223.3,1209,47.4
72.8,101,12,19.8,26,26,53,224.0,1186,47.5
74.1,101,9,21.7,26,26,53,224.0,1167,47.7
75.4,101,7,27.8,26,26,53,224.0,1094,47.8
76.7,101,5,32.6,26,26,54,226.9,972,47.8
78.0,101,2,37.6,26,26,54,225.2,904,48.0
79.3,101,1,36.9,26,26,54,224.0,875,48.2
80.6,101,0,36.2,26,26,54,224.0,868,48.2
81.9,101,0,35.4,26,26,54,224.0,875,48.1
83.2,101,0,34.6,26,26,54,224.0,865,47.8
84.5,101,0,34.5,26,26,54,222.3,854,47.8
85.8,101,0,33.4,26,26,54,220.0,860,47.8
87.1,101,0,32.9,26,26,55,220.0,850,47.8
88.4,101,0,32.5,26,26,55,220.0,850,47.5
89.7,101,0,32.2,26,26,55,219.7,837,47.5
91.0,101,0,28.4,26,26,55,216.0,812,47.5
92.3,101,0,23.2,26,26,56,215.6,782,47.5
93.6,101,0,22.7,26,26,56,216.0,750,47.3
94.9,101,0,22.7,26,26,56,213.4,723,47.1
96.2,101,0,22.0,26,26,56,212.0,700,47.1
97.5,101,0,22.0,26,26,56,209.8,687,47.1
98.8,101,0,29.1,26,26,56,208.0,714,47.1
100.1,101,0,29.2,26,27,56,208.0,766,47.1
101.4,101,0,31.7,26,27,56,206.6,802,47.1
102.7,101,0,32.5,26,27,57,204.0,873,46.7
104.0,101,2,42.3,26,27,57,205.2,1351,46.7
105.3,101,6,52.0,26,27,57,210.4,1743,46.6
106.6,101,11,57.5,26,27,57,218.4,1642,46.3
107.9,101,15,63.4,26,27,57,225.0,1502,46.3
109.2,101,17,68.7,26,27,57,229.6,1446,46.3
110.5,101,20,71.1,26,27,57,240.5,1599,46.0
111.8,100,22,70.3,26,27,58,247.9,1610,45.9
113.1,100,25,70.1,26,27,58,263.0,1538,45.6
114.4,100,27,69.4,26,27,58,270.6,1543,45.8
115.7,100,29,65.9,26,27,59,277.8,1534,45.7
117.0,100,30,59.3,26,26,59,290.4,1525,45.5
118.3,101,31,51.8,26,26,59,298.3,1512,45.5
119.6,101,34,63.0,26,26,60,304.0,1520,45.5
120.9,100,35,64.5,26,26,60,313.0,1550,45.5
122.2,100,36,63.8,26,26,60,322.7,1547,45.5
123.5,100,37,65.3,26,26,61,330.8,1541,45.5
124.8,100,38,66.3,26,26,61,340.9,1564,45.5
126.1,100,39,61.5,26,26,61,344.9,1554,45.5
127.4,100,40,60.4,26,26,62,349.8,1427,45.5
128.7,100,40,61.7,26,26,62,360.5,1450,45.1
130.0,101,41,49.7,26,26,62,364.0,1461,45.1
131.3,101,41,27.7,26,26,63,368.0,1267,45.1
132.6,101,40,21.0,26,26,63,364.0,1215,45.4
133.9,101,39,20.8,26,26,63,359.2,1193,45.5
135.2,101,39,22.0,26,26,63,360.0,1179,45.5
136.5,101,38,22.4,26,26,64,357.0,1209,45.5
137.8,101,37,24.5,26,26,64,352.4,1225,45.5
139.1,101,37,25.9,26,26,64,348.0,1225,45.5
140.4,101,36,36.3,26,26,64,344.3,1212,45.8
141.7,101,36,52.5,26,26,64,348.5,1292,45.9
143.0,101,37,58.2,26,26,64,356.0,1362,45.9
144.3,101,37,57.1,26,26,65,359.5,1444,45.9
145.6,101,37,39.5,26,26,65,366.3,1327,45.9
146.9,101,37,24.7,26,26,65,368.0,1275,45.9
148.2,101,36,34.0,26,26,65,368.0,1200,45.9
149.5,101,36,42.4,26,26,65,370.3,1175,45.9
150.8,100,36,37.2,26,26,65,372.0,1173,45.9
152.1,100,36,26.7,26,26,65,372.0,1123,45.9
153.4,100,36,37.2,26,26,65,373.8,1123,45.9
154.7,99,36,44.2,26,26,65,377.7,1179,45.9
156.0,99,37,50.8,26,26,65,380.0,1240,46.0
157.3,99,37,54.9,26,26,66,381.3,1318,46.2
158.6,99,37,53.2,26,26,66,386.8,1321,45.9
159.9,100,36,37.2,26,26,66,392.0,1251,46.3
161.2,101,31,25.3,26,26,67,390.8,1215,46.3
162.5,102,25,23.0,26,26,67,386.9,1223,46.7
163.8,102,21,22.7,26,26,67,383.2,1210,47.1
165.1,102,16,22.4,26,26,67,379.0,1175,47.4
166.4,102,11,22.2,26,26,67,372.0,1164,47.7
167.7,102,8,23.3,26,26,67,368.3,1248,47.8
169.0,102,5,27.6,26,26,67,368.0,995,48.0
170.3,102,1,37.8,26,26,67,364.8,804,48.2
171.6,102,0,40.7,26,26,67,361.2,769,48.4
172.9,102,0,39.2,26,26,67,357.7,797,48.6
174.2,102,0,37.3,26,26,67,354.3,829,48.5
175.5,102,0,35.8,26,26,67,352.0,848,48.2
176.8,102,0,35.3,26,26,67,351.1,885,48.2
178.1,102,0,34.8,26,26,67,347.3,875,48.2
179.4,102,0,32.6,26,26,67,344.0,873,48.2
180.7,102,0,27.8,26,26,67,342.9,844,48.2
182.0,102,0,24.7,26,26,68,339.2,798,48.2
183.3,102,0,24.0,26,26,68,336.0,762,48.2
184.6,102,0,23.2,26,26,68,335.8,728,48.2
185.9,102,0,28.6,26,26,68,332.0,767,48.2
187.2,102,2,45.9,26,26,68,332.0,1378,48.0
188.5,102,7,54.1,26,26,68,332.0,1658,47.6
189.8,101,11,60.0,26,26,68,337.6,1626,47.5
191.1,100,14,66.1,26,26,68,342.9,1564,47.3
192.4,100,18,68.0,26,26,68,344.0,1530,47.1
193.7,100,20,65.8,26,26,68,349.9,1518,46.9
195.0,100,21,64.1,26,26,69,354.4,1445,46.7
196.3,100,24,61.2,26,26,69,358.1,1375,46.7
197.6,100,25,60.5,26,26,69,365.9,1365,46.7
198.9,100,26,56.9,26,26,69,373.9,1340,46.6
200.2,100,26,48.6,26,26,70,378.0,1304,46.3
201.5,101,27,47.2,26,26,70,382.0,1269,46.3
202.8,101,28,42.3,26,26,70,385.6,1237,46.3
204.1,101,29,47.2,26,26,70,389.0,1203,46.3
205.4,101,29,52.8,26,26,70,392.4,1275,46.3
206.7,101,30,54.4,26,26,71,396.2,1298,46.0
208.0,101,30,55.2,26,26,71,400.7,1322,45.9
209.3,101,31,56.2,25,26,71,412.0,1325,45.9
210.6,101,31,56.7,25,25,71,415.4,1333,45.7
211.9,101,32,54.0,25,25,71,418.7,1322,45.5
213.2,101,32,51.8,25,25,71,422.5,1292,45.5
214.5,101,32,36.1,25,25,72,424.0,1177,45.5
215.8,101,32,34.4,25,25,72,426.0,1112,45.6
217.1,101,32,21.7,25,25,72,428.0,1242,45.9
218.4,101,31,15.8,25,25,72,426.4,1360,46.0
219.7,101,29,14.4,25,25,72,422.9,1323,46.3
221.0,101,29,16.4,25,25,72,420.0,1316,46.3
222.3,101,27,18.0,25,25,73,418.9,1325,45.9
223.6,101,25,20.2,25,25,73,415.1,1275,45.9
224.9,101,24,22.8,25,25,73,410.2,1269,46.3
226.2,101,22,23.9,25,25,73,403.2,1259,46.7
227.5,101,21,23.9,25,25,73,400.0,1397,46.7
228.8,101,20,21.1,25,25,73,400.0,1350,46.7
230.1,101,19,17.5,25,25,73,399.7,1202,47.0
231.4,101,17,16.8,25,25,73,395.8,1099,47.1
232.7,101,15,21.2,25,25,73,392.6,1040,47.1
234.0,101,14,41.7,25,25,73,394.7,1500,46.9
235.3,101,16,57.3,25,25,73,398.0,1800,46.7
236.6,101,18,61.1,25,25,73,401.6,1563,46.7
237.9,100,21,62.2,25,25,73,405.4,1429,46.6
239.2,100,22,51.7,25,25,73,409.1,1357,46.3
240.5,100,23,34.0,25,25,73,412.0,1273,46.3
241.8,101,22,26.1,25,25,73,411.4,1203,46.7
243.1,101,21,27.4,25,25,74,408.0,1412,46.7
244.4,101,19,24.8,25,25,74,407.8,1323,46.7
245.7,101,18,21.1,25,25,74,408.0,1300,46.9
247.0,101,16,20.4,25,25,74,404.9,1261,47.1
248.3,101,13,20.4,25,25,74,404.0,1245,47.3
249.6,101,11,19.6,25,25,74,401.7,1181,47.6
250.9,101,7,19.6,25,25,74,400.0,1028,47.8
252.2,101,5,23.2,25,25,74,398.0,868,47.9
253.5,101,2,28.1,25,25,74,396.0,765,48.2
254.8,101,0,28.9,25,25,74,392.2,711,48.3
256.1,101,0,35.5,25,25,74,386.0,721,48.5
257.4,101,0,35.4,25,25,74,384.0,684,48.3
258.7,101,0,37.3,25,25,74,382.1,712,48.5
260.0,101,0,35.7,25,25,74,375.8,737,48.2
261.3,101,0,33.3,25,25,74,372.0,762,48.2
262.6,101,0,32.3,25,25,75,369.9,811,48.2
263.9,101,0,32.2,25,25,75,368.0,840,48.2
265.2,101,0,32.2,25,25,75,366.1,858,48.2
266.5,101,0,25.6,25,25,75,362.4,836,48.1
267.8,101,0,23.5,25,25,75,358.7,791,47.8
269.1,101,0,22.9,25,25,75,355.1,753,47.8
270.4,101,0,22.3,25,25,75,352.0,700,47.8
271.7,101,0,21.6,25,25,75,351.6,675,47.8
273.0,101,0,21.2,25,25,75,347.1,623,47.8
274.3,101,0,25.8,25,25,75,344.0,608,47.8
275.6,101,0,29.0,25,25,75,342.9,657,47.8
276.9,101,0,30.9,25,25,75,339.2,689,47.5
278.2,101,0,31.9,25,25,75,335.5,727,47.5
279.5,101,0,30.1,25,25,75,331.9,762,47.5
280.8,101,0,29.0,25,25,75,328.6,771,47.5
282.1,101,0,29.1,25,25,75,328.0,790,47.5
283.4,101,0,29.5,25,25,75,325.0,807,47.5
284.7,101,0,25.6,25,25,75,321.0,812,47.5
286.0,101,0,22.2,25,25,75,320.0,785,47.5
287.3,101,0,36.9,25,25,75,317.3,1105,47.5
288.6,101,4,41.6,25,25,75,318.7,1653,47.3
289.9,100,8,46.7,25,25,75,323.0,1660,47.1
291.2,99,13,52.1,25,25,75,324.0,1515,46.9
292.5,99,15,55.4,25,25,75,327.0,1353,46.7
293.8,100,18,61.5,25,25,75,331.0,1331,46.7
295.1,100,19,65.9,25,25,75,334.4,1414,46.5
296.4,100,20,64.6,25,25,75,339.4,1450,46.3
297.7,100,22,64.8,25,25,75,346.4,1425,46.3
299.0,100,23,58.3,25,25,75,352.0,1405,46.2
300.3,100,24,42.9,25,25,75,353.1,1302,45.9
301.6,101,24,31.4,25,25,75,356.0,1147,45.9
302.9,101,24,27.6,25,25,75,356.0,1100,45.9
304.2,101,24,28.4,25,25,75,356.0,1077,45.9
305.5,101,24,28.8,25,25,75,355.9,1094,45.6
306.8,101,23,20.5,25,25,75,356.0,1204,45.5
308.1,101,22,14.1,25,25,75,353.2,1227,45.5
309.4,101,21,14.1,25,25,75,349.9,1179,45.6
310.7,101,19,20.5,25,25,75,348.0,1126,45.9
312.0,101,16,21.3,25,25,75,347.1,1043,45.9
313.3,101,12,22.4,25,25,75,344.0,1083,46.3
314.6,101,9,22.4,25,25,75,344.0,1045,46.3
315.9,101,5,28.5,25,25,75,342.9,877,46.3
317.2,101,4,44.5,25,25,75,340.8,1398,46.3
318.5,100,7,53.7,25,25,75,344.0,1860,46.3
319.8,100,11,55.0,25,25,75,344.6,2000,45.9
321.1,100,15,58.5,25,25,75,352.0,1528,45.9
322.4,100,17,51.8,25,25,75,352.0,1317,45.6
323.7,101,19,30.9,25,25,75,355.7,1205,45.5
325.0,101,19,25.8,25,25,76,352.3,1074,45.5
326.3,101,19,29.1,25,25,76,352.0,1113,45.5
327.6,101,18,15.6,25,25,76,352.0,1129,45.5
328.9,101,16,15.0,25,25,77,349.0,1110,45.7
330.2,101,15,16.1,25,25,77,345.0,1033,46.1
331.5,101,12,21.1,25,25,77,344.0,1025,46.3
332.8,101,11,20.4,25,25,77,341.0,912,46.5
334.1,101,5,31.1,25,25,77,340.0,1049,46.9
335.4,101,5,47.1,25,25,77,340.0,1566,47.1
336.7,100,9,45.5,25,25,77,344.5,1876,47.0
338.0,100,11,52.6,25,25,77,348.0,1732,46.7
339.3,100,14,37.0,25,25,77,349.0,1430,46.7
340.6,101,16,23.1,25,25,77,351.7,1300,46.3
341.9,101,16,17.8,25,25,77,348.0,1186,46.3
343.2,101,15,19.0,25,25,77,348.0,1143,46.3
344.5,101,15,19.6,25,25,77,344.1,1148,46.3
345.8,101,15,20.2,25,25,77,344.0,1159,46.3
347.1,101,16,21.8,25,25,77,344.0,1162,46.3
348.4,101,16,20.3,25,25,77,341.2,1154,46.3
349.7,101,16,17.3,25,25,77,340.0,1091,46.5
351.0,101,15,19.3,25,25,77,340.0,1071,46.7
352.3,101,15,22.5,25,25,77,340.0,1106,46.7
353.6,101,15,22.7,25,25,77,337.5,1120,46.7
354.9,101,10,25.5,25,25,77,336.0,1200,46.7
356.2,101,5,26.5,25,25,77,336.0,1206,46.8
357.5,101,4,23.1,25,25,77,336.0,1054,47.1
358.8,101,3,22.1,25,25,77,334.8,953,47.1
360.1,101,2,26.1,25,25,77,330.8,784,47.1
361.4,101,1,26.4,25,25,78,328.0,773,47.1
362.7,101,0,25.5,25,25,78,327.1,759,47.5
364.0,101,0,25.0,25,25,78,323.1,721,47.5
365.3,101,0,23.9,25,25,78,320.0,694,47.5
366.6,101,0,23.2,25,25,78,319.7,650,47.5
367.9,101,0,24.6,25,25,78,315.7,724,47.5
369.2,101,0,27.2,25,25,78,312.0,771,47.5
370.5,101,0,26.6,25,25,78,312.0,719,47.5
371.8,101,0,25.9,25,25,78,309.2,732,47.5
373.1,101,0,23.5,25,25,78,305.3,750,47.5
374.4,101,0,23.5,25,25,78,304.0,786,47.5
375.7,101,0,26.0,25,25,78,302.2,802,47.5
377.0,101,0,24.4,25,25,78,300.0,752,47.5
378.3,101,1,21.9,25,25,78,298.9,696,47.5
379.6,101,0,20.7,25,25,78,296.0,610,47.5
380.9,101,0,18.9,25,25,78,295.1,610,47.5
382.2,101,0,19.4,25,25,78,291.0,847,47.5
383.5,101,0,18.9,25,25,78,288.0,817,47.8
384.8,101,0,41.1,25,25,78,288.0,325,47.5
386.1,101,0,43.4,20,26,78,288.0,20,47.5
387.4,101,0,0.0,10,26,78,284.0,0,47.5
388.7,101,0,0.0,10,26,78,284.0,0,47.5
390.0,101,0,0.0,10,26,78,283.6,0,47.5
391.3,101,0,0.1,10,26,78,284.0,0,47.5
392.6,101,0,0.0,10,26,78,283.4,2,47.5
393.9,101,0,0.1,10,26,78,284.0,0,47.5
395.2,101,0,0.0,10,26,78,283.0,4,47.5
396.5,101,0,0.0,10,26,78,283.8,1,47.5
397.8,101,0,284.0,0,47.5
