BlueDriver Data Log
Nov 1, 2018 6:05:33 AM
Time (s),Engine Coolant Temperature (°C),Catalyst Temperature Bank 1 - Sensor 1 (°C),Absolute Throttle Position B (%),Evap. System Vapor Pressure (Pa),Fuel Level Input (%),Barometric Pressure (kPa),Vehicle Speed (km/h),Absolute Load Value (%),Ambient Air Temperature (°C),Long Term Fuel Trim Bank 1 (%),Commanded Throttle Actuator (%),Commanded Equivalence Ratio (λ),Timing Advance for #1 cylinder (°),Accelerator Pedal Position E (%),Short Term Fuel Trim Bank 1 (%),Calculated Engine Load Value (%),Accelerator Pedal Position D (%),Engine RPM (rpm),Mass Air Flow Rate (g/s),Relative Throttle Position (%),Control Module Voltage (V),Intake Air Temperature (°C),Commanded Evaporative Purge (%),Absolute Throttle Position (%)
0.0,,,,,,,,,,,,,,,,,,,,,,,,
3.0,39,0.0,5.1,0.3,41.7,102,1,29.6,11,-5.5,5.1,,,,,,,,,,,,,
6.0,39,0.0,5.1,0.7,41.9,102,3,29.3,11,-3.6,5.5,0.999,4.0,0.0,6.2,36.7,0.0,899,4.20,1.0,13.717,12,0.0,5.2
9.0,39,0.0,5.2,1.9,42.0,102,4,29.1,11,-1.6,5.9,0.999,4.0,0.0,6.2,33.6,0.0,1017,4.58,1.3,13.785,12,0.0,5.3
12.0,40,0.0,5.4,3.6,41.9,102,2,31.0,11,-3.8,5.3,0.999,4.0,0.0,5.5,33.8,0.0,1011,4.65,1.5,13.831,12,0.0,5.5
15.0,40,0.0,5.4,3.8,42.0,102,2,31.4,11,-6.2,4.7,0.999,4.0,0.0,4.1,38.1,0.0,745,3.81,0.8,13.732,12,0.0,5.5
18.0,41,0.0,5.1,2.4,42.0,102,0,29.8,11,-6.2,4.9,0.999,4.2,0.0,5.6,38.0,0.0,781,3.86,0.8,13.673,12,0.0,5.5
21.0,41,0.0,4.9,2.5,42.0,102,2,28.1,11,-3.3,5.0,0.999,6.0,0.1,7.6,37.1,0.1,862,4.01,0.8,13.371,12,0.0,4.7
24.0,41,0.0,5.3,2.1,42.0,102,4,25.1,11,3.8,4.7,0.998,13.6,0.4,6.2,25.5,2.9,1021,4.22,1.0,13.193,12,0.5,5.8
27.0,42,0.0,7.4,0.0,41.6,102,8,26.9,11,0.5,6.1,0.998,14.5,0.2,3.9,27.9,1.9,1182,4.84,1.0,13.040,12,1.1,7.4
30.0,42,0.0,6.8,5.2,41.6,102,7,28.0,11,-1.6,6.9,0.998,14.6,0.0,0.9,33.2,0.0,1323,5.95,0.4,13.056,12,0.0,6.3
33.0,42,0.0,8.2,10.5,41.6,102,6,33.4,11,-1.6,6.5,0.997,12.4,0.0,1.7,40.0,0.0,934,5.68,0.4,13.040,12,0.0,6.3
36.0,43,0.0,12.5,15.8,41.6,101,6,51.6,11,-1.7,13.2,0.997,14.3,9.0,-2.0,55.7,8.0,1302,10.39,3.7,13.040,12,6.7,8.8
39.0,43,0.0,15.2,54.3,41.2,101,18,65.6,11,-0.6,15.8,0.997,10.4,14.6,-4.3,72.7,14.4,1557,15.45,8.9,13.061,11,23.7,14.7
42.0,44,20.1,17.1,43.5,41.0,101,28,71.0,11,0.0,17.6,0.997,6.4,16.1,-3.7,82.6,16.2,1528,17.19,12.5,13.157,11,58.3,17.8
45.0,44,49.2,17.6,27.0,40.7,101,36,69.7,11,0.0,17.8,0.996,7.6,16.1,0.1,79.8,16.1,1526,16.40,12.8,13.068,11,75.8,18.0
48.0,45,93.5,16.2,0.0,40.5,100,45,61.7,11,-0.5,14.2,0.996,12.7,14.7,0.8,77.4,15.4,1516,16.16,12.3,13.040,11,91.7,17.9
51.0,46,112.1,15.4,2.3,40.4,100,48,63.7,11,-0.2,14.9,0.996,13.2,10.5,3.4,64.4,9.6,1283,11.12,5.0,13.112,11,85.0,9.6
54.0,47,163.9,9.8,13.0,40.5,100,50,59.4,11,-0.4,14.2,0.996,13.8,11.1,3.2,66.0,10.2,1313,11.58,5.3,13.075,11,90.5,9.9
57.0,48,173.1,10.1,13.7,40.4,100,52,47.2,11,-1.8,6.6,1.002,14.4,10.2,2.1,63.9,10.1,1314,11.64,5.4,13.040,11,96.0,10.2
60.0,48,183.7,10.4,28.7,40.5,100,54,49.1,11,-1.6,7.1,1.006,14.9,8.2,0.0,53.7,8.2,1185,9.08,3.5,13.049,11,42.9,10.0
63.0,49,195.9,10.9,67.0,40.8,101,53,57.0,10,-1.9,11.9,0.991,12.2,10.3,3.4,57.8,9.0,1237,9.94,4.1,13.040,11,9.2,9.9
66.0,49,211.5,10.9,70.5,40.8,101,55,58.3,10,-1.7,12.3,0.990,12.6,10.9,3.3,65.6,10.4,1331,11.65,5.6,13.079,10,29.6,10.6
69.0,50,239.7,10.4,75.2,40.8,101,57,53.8,10,-1.6,12.2,0.991,13.0,11.4,3.1,66.9,10.9,1357,12.03,5.8,13.050,10,31.0,10.8
72.0,50,250.7,10.7,71.1,40.8,101,58,45.4,10,-1.6,10.9,1.002,12.8,10.9,1.3,66.5,10.8,1319,11.79,5.9,13.040,10,37.7,11.1
75.0,51,263.8,11.3,0.0,40.8,101,59,52.1,10,-1.6,11.7,1.002,12.3,10.8,0.2,66.7,10.7,1288,11.59,5.9,13.040,10,51.1,11.4
78.0,51,278.4,11.8,11.9,40.9,101,60,57.6,10,-1.6,12.5,1.002,10.5,11.4,0.8,69.6,11.3,1357,13.22,6.2,13.095,10,78.7,12.3
81.0,52,294.7,12.5,27.9,41.2,100,62,58.7,10,-1.6,12.8,0.999,11.3,11.7,0.3,69.0,11.6,1406,13.27,6.5,13.018,10,95.7,12.8
84.0,53,307.1,12.5,0.0,41.2,100,64,58.2,10,-1.6,12.3,0.997,13.6,11.0,0.7,67.8,11.0,1386,12.38,6.0,12.911,10,95.9,12.2
87.0,53,316.3,10.4,9.4,41.2,99,64,53.5,10,-1.6,10.8,0.997,15.9,9.8,1.6,64.4,9.6,1283,10.19,3.5,13.041,10,96.6,9.4
90.0,53,323.6,9.6,8.9,41.2,99,64,49.0,10,-1.6,9.2,0.999,16.9,8.6,1.6,54.5,8.6,1248,9.00,3.2,13.040,10,97.0,9.2
93.0,54,331.4,10.2,0.0,41.2,99,64,50.2,10,-1.6,10.6,1.004,15.4,10.1,-0.2,60.7,10.4,1296,10.90,4.8,13.080,10,96.7,10.2
96.0,55,343.4,11.8,0.0,41.2,100,65,54.3,10,-1.6,11.1,0.998,15.2,10.8,0.7,64.0,11.4,1352,12.33,6.5,13.080,10,96.5,11.9
99.0,55,352.7,10.7,0.0,41.2,99,66,53.7,10,-1.6,10.6,0.998,17.0,10.6,2.1,61.6,11.1,1380,12.13,6.9,12.963,10,96.1,9.8
102.0,55,360.3,9.8,0.0,41.4,99,66,49.1,10,-1.6,9.2,1.001,21.2,7.8,1.8,49.3,9.4,1260,9.63,4.7,13.045,10,96.8,9.5
105.0,55,364.0,7.2,0.0,41.7,99,65,40.9,10,-1.6,8.4,0.993,23.0,0.0,4.7,29.4,1.6,1232,5.60,1.7,13.040,10,43.0,7.1
108.0,56,364.8,3.7,4.5,42.0,101,62,29.0,10,-1.6,6.7,0.885,30.9,4.1,6.8,35.9,3.8,1181,5.54,1.2,13.040,10,28.6,5.6
111.0,56,366.7,7.1,46.2,42.0,100,61,35.4,10,-1.6,6.5,0.950,33.1,5.7,2.8,40.8,6.2,1142,6.50,1.7,13.025,10,80.8,6.8
114.0,56,370.6,9.0,19.4,42.2,99,59,46.5,10,-1.6,8.5,1.009,26.6,6.8,-4.7,46.6,6.5,1141,6.75,0.8,12.962,10,96.0,8.2
117.0,56,378.8,12.4,0.0,42.5,99,58,59.1,10,-1.4,13.8,1.004,5.5,12.9,-4.7,75.2,12.9,1398,13.69,6.8,13.018,10,95.7,11.9
120.0,56,392.3,16.0,0.0,42.7,100,60,69.6,10,-0.0,18.3,1.005,6.5,15.4,-1.6,77.8,15.1,1572,16.39,11.3,13.040,10,94.6,15.4
123.0,57,409.5,15.6,0.0,42.4,100,64,65.6,10,0.0,16.6,1.000,7.6,15.5,0.6,76.7,15.7,1658,17.87,12.8,13.040,10,93.2,18.0
126.0,57,416.2,10.9,0.0,42.2,100,66,50.6,10,-0.4,12.7,0.797,12.6,13.5,1.5,71.0,13.7,1536,15.30,6.3,13.045,9,78.4,11.7
129.0,57,421.0,7.1,6.4,42.0,100,66,22.3,9,-1.6,5.1,0.003,33.3,8.9,0.0,41.2,11.2,1320,12.46,6.5,13.040,10,77.9,10.2
132.0,58,424.3,12.1,43.0,42.0,100,64,53.1,9,-1.6,8.6,0.666,23.7,10.3,0.0,51.8,10.6,1282,10.47,5.7,13.040,10,73.5,10.9
135.0,58,428.7,4.7,12.8,42.0,101,63,36.9,9,-1.6,8.0,0.595,8.6,7.8,0.0,55.1,9.0,1338,9.01,3.7,13.040,9,63.8,5.5
138.0,59,425.7,4.9,0.0,42.2,101,59,22.7,9,-1.6,5.3,0.000,-6.6,0.0,0.0,26.1,0.0,1200,4.35,0.4,13.043,10,15.2,5.2
141.0,59,416.2,10.2,10.2,42.4,101,51,28.8,9,-1.6,5.9,0.001,-7.0,0.0,0.0,31.8,0.0,1219,5.35,0.4,13.040,10,0.0,6.4
144.0,59,410.8,24.1,40.2,42.4,101,42,80.5,9,-0.0,23.5,0.703,0.8,15.3,-4.2,64.4,13.4,1592,14.37,10.6,13.040,10,23.2,13.9
147.0,59,437.7,33.5,0.0,41.8,101,47,80.8,9,0.0,32.5,1.011,6.2,25.6,-5.4,89.6,25.5,1998,25.00,27.5,13.022,9,89.4,33.7
150.0,59,453.8,35.2,0.9,41.3,101,55,80.5,9,0.0,35.2,1.009,8.1,27.1,-2.2,90.9,27.5,2161,27.27,32.1,12.883,9,88.1,35.8
153.0,59,473.3,36.6,1.4,40.7,101,63,80.0,9,0.0,36.1,1.001,8.5,27.0,-1.6,89.8,26.9,2197,27.66,32.2,12.969,9,88.4,36.5
156.0,59,495.0,36.8,0.0,40.4,101,70,78.9,9,-0.1,36.6,1.000,9.9,27.1,-1.2,90.2,27.3,2244,28.25,32.3,13.040,9,88.2,36.6
159.0,61,513.6,37.2,0.0,40.2,101,73,79.2,9,0.0,37.2,0.999,11.1,27.0,-0.8,90.0,27.4,2291,28.89,32.5,13.040,9,88.1,37.2
162.0,62,527.9,37.8,0.0,39.9,101,78,79.4,9,0.0,37.9,0.998,11.5,26.8,-0.8,89.4,27.1,2310,28.91,33.1,13.044,9,87.9,37.8
165.0,62,539.3,38.6,0.2,39.6,101,82,80.0,9,-0.0,39.1,1.006,11.5,28.0,-3.0,90.4,27.8,2349,29.55,34.1,13.040,9,87.7,38.6
168.0,63,550.5,39.5,1.8,39.2,101,85,79.6,9,0.0,39.2,1.003,11.5,28.0,-2.8,91.0,28.2,2375,30.09,34.8,13.029,9,87.5,39.6
171.0,64,562.7,39.9,0.7,39.0,101,86,80.0,9,0.0,39.4,1.001,11.6,28.0,-2.2,90.9,28.3,2382,30.36,34.5,12.961,9,87.5,39.4
174.0,64,573.2,39.1,0.9,39.0,101,86,79.1,9,-0.2,39.7,1.003,12.0,29.0,-1.6,90.1,29.3,2457,31.17,35.7,13.019,9,87.1,40.1
177.0,65,581.6,37.1,2.2,39.6,101,88,75.3,9,-1.6,37.2,1.010,14.4,27.9,-0.4,86.1,28.3,2607,31.63,33.0,13.070,9,81.0,33.9
180.0,67,588.1,34.9,0.0,40.0,101,90,77.6,9,-1.6,38.3,1.003,13.4,27.6,0.0,86.5,27.8,2591,31.39,31.8,13.083,9,75.0,24.8
183.0,68,594.7,37.6,0.0,39.6,101,90,78.4,9,-1.6,39.9,1.000,12.1,28.2,-0.1,89.2,28.0,2445,30.60,34.5,13.041,9,86.3,39.4
186.0,68,602.8,39.7,2.0,39.1,101,90,77.9,9,-1.6,41.9,1.003,12.5,29.7,-0.8,87.6,29.7,2529,31.80,35.6,13.040,9,86.7,40.4
189.0,69,608.4,40.6,6.9,38.8,101,90,75.2,9,-1.6,39.5,1.001,14.2,29.0,0.2,85.2,29.1,2611,32.19,34.4,13.040,9,60.2,39.5
192.0,70,610.5,36.4,0.0,38.8,101,91,74.8,8,-1.1,37.4,0.999,15.4,27.7,0.5,83.4,27.7,2671,32.22,31.6,13.040,8,0.0,35.3
195.0,71,616.8,35.4,0.0,38.8,101,93,73.9,8,-0.8,35.2,0.997,16.4,26.3,0.0,83.0,25.9,2669,31.64,28.6,13.041,8,0.0,32.4
198.0,71,621.4,35.2,5.4,38.8,101,95,72.9,8,-0.8,34.1,0.996,18.5,26.2,0.0,81.8,26.2,2840,33.32,29.1,13.040,8,0.0,34.9
201.0,72,624.5,36.3,19.9,38.8,101,98,72.8,8,-0.8,35.6,0.998,19.5,24.3,0.0,78.8,24.3,2837,32.19,27.5,13.040,8,24.7,35.4
204.0,72,625.6,29.7,0.0,39.1,100,99,71.5,8,-0.8,32.8,0.999,20.8,23.4,0.0,77.1,22.9,2885,31.80,24.5,13.040,8,87.5,29.8
207.0,73,628.0,27.8,6.0,39.4,100,102,67.3,8,-0.5,27.7,1.002,20.5,23.7,-0.5,79.1,23.6,3017,34.83,23.1,13.041,8,87.2,27.1
210.0,74,626.3,29.9,7.1,39.6,100,104,64.4,7,-0.1,22.5,1.006,13.5,22.4,-3.9,85.4,24.2,2146,25.51,27.2,13.040,7,87.9,31.0
213.0,75,624.9,34.8,2.4,39.6,101,104,76.1,7,-0.8,34.4,0.999,13.1,24.3,-1.2,84.7,24.8,2368,28.07,28.6,13.040,7,88.0,34.1
216.0,75,627.2,32.9,14.0,40.0,100,105,75.0,7,-0.8,26.8,1.000,14.9,21.8,-0.7,82.8,23.1,2350,27.85,26.5,13.060,7,88.0,32.9
219.0,76,625.3,28.7,5.6,40.0,100,105,70.6,7,-0.5,22.1,1.002,16.2,18.5,-1.3,80.8,19.9,2080,23.93,21.2,13.120,7,89.6,26.6
222.0,76,624.0,25.6,0.0,39.9,100,104,66.2,7,0.0,21.6,1.005,15.5,18.8,0.0,80.7,19.2,2107,24.09,19.9,13.013,7,90.5,24.9
225.0,77,623.5,24.4,0.1,39.6,100,104,67.5,7,-0.0,21.5,1.003,15.8,19.1,-0.5,81.5,19.4,2098,23.91,19.8,12.992,7,90.7,24.0
228.0,77,618.8,25.9,0.8,39.6,100,103,71.8,7,0.0,24.9,0.999,14.4,20.4,0.5,82.9,20.6,2132,24.64,20.4,13.040,7,90.1,25.4
231.0,77,620.0,28.0,5.9,39.4,100,102,74.9,7,0.0,28.0,0.998,12.5,22.2,1.5,84.7,22.4,2248,27.19,23.5,13.040,7,88.4,29.7
234.0,78,620.0,25.2,4.9,39.2,100,102,74.0,7,0.0,27.8,1.001,12.8,22.5,-1.5,86.6,22.4,2411,25.91,17.7,13.040,7,90.9,24.2
237.0,78,620.0,22.0,0.0,39.2,100,102,69.0,7,0.0,22.7,0.997,16.0,19.1,0.8,81.8,20.3,2193,24.66,18.2,13.040,7,91.0,23.0
240.0,78,620.0,24.3,0.0,39.2,100,104,68.9,7,-0.0,21.2,1.000,17.1,16.4,-0.5,71.6,17.0,2039,20.87,16.0,13.040,7,91.0,22.9
243.0,78,613.8,18.3,0.0,39.2,99,103,62.7,7,-0.7,18.6,1.001,19.1,14.3,-1.0,62.0,14.3,1950,16.66,10.7,13.039,7,94.0,14.9
246.0,78,613.8,16.1,2.9,39.2,99,103,57.1,7,-1.6,16.0,1.000,21.5,14.9,0.8,65.1,15.3,1949,17.53,11.8,12.962,7,93.8,15.7
249.0,78,610.8,16.0,4.5,39.1,99,105,53.1,7,-1.7,15.6,0.998,21.5,14.9,0.8,64.5,15.0,1994,17.69,11.8,13.008,7,93.7,16.1
252.0,78,607.5,15.5,0.0,38.8,99,110,16.5,7,-3.9,5.1,0.319,1.1,8.5,0.4,38.0,10.0,2018,12.52,8.2,13.011,7,80.8,14.5
255.0,78,598.2,8.2,74.6,39.0,99,110,17.3,7,-3.9,4.9,0.408,-11.3,2.7,0.0,14.1,3.9,2030,5.43,2.1,12.968,7,36.5,7.5
258.0,78,591.3,6.7,58.1,39.4,100,110,16.2,7,-3.9,5.0,1.005,-5.9,0.5,0.1,12.9,0.0,2049,4.20,0.4,13.042,8,11.1,5.9
261.0,78,580.3,7.4,7.1,39.7,101,110,14.1,7,-3.9,6.3,1.119,36.9,9.4,3.9,27.2,7.5,2058,9.29,4.2,12.949,8,45.9,8.4
264.0,78,572.0,14.9,30.5,40.0,99,112,47.1,7,-1.6,13.3,1.031,27.4,14.0,1.0,45.1,13.9,2158,16.93,10.4,12.941,8,93.9,14.6
267.0,78,571.0,23.1,0.0,40.3,100,112,61.4,7,-0.7,19.6,0.998,19.9,17.7,-0.5,64.0,17.6,2234,23.26,16.0,13.040,8,91.4,20.6
270.0,78,574.4,19.4,8.4,40.8,100,113,66.9,7,-0.5,21.8,0.997,17.4,18.6,0.1,78.0,17.5,2196,24.00,17.3,13.040,7,91.6,17.3
273.0,78,574.8,14.0,12.4,41.3,100,114,60.9,7,-1.6,18.4,1.003,21.0,16.1,0.8,68.9,2.7,2119,6.34,6.8,13.098,7,45.1,12.3
276.0,78,571.8,6.7,0.0,41.6,101,108,12.6,7,-3.2,9.5,1.077,28.3,11.7,2.0,46.6,3.8,2061,6.19,4.1,13.113,7,15.5,9.7
279.0,78,569.3,20.3,4.4,41.4,100,106,43.7,7,-2.2,14.0,1.071,27.6,11.6,2.2,35.2,8.1,2033,8.29,13.3,13.040,7,88.4,26.6
282.0,78,569.7,27.6,6.3,41.1,100,105,75.7,7,-0.1,27.5,0.989,12.0,22.4,-0.8,87.0,22.4,2371,29.12,23.0,13.040,7,87.9,27.4
285.0,78,573.5,27.6,5.8,40.8,100,106,76.9,7,-0.8,27.8,0.997,12.5,22.1,-0.2,85.7,22.2,2382,28.89,22.8,13.004,7,87.6,27.6
288.0,78,579.5,26.7,9.5,40.4,100,108,73.6,7,-0.3,24.4,0.998,13.6,20.6,-0.4,83.5,20.8,2285,27.07,21.4,12.976,7,88.2,26.8
291.0,78,582.7,24.9,3.7,40.4,100,107,73.0,7,0.0,23.4,0.997,14.1,19.5,-0.2,82.0,19.7,2147,24.48,18.2,13.040,7,90.9,23.5
294.0,78,584.0,25.1,2.1,40.3,100,106,72.2,7,-0.2,24.4,0.994,13.0,20.4,1.6,83.4,21.6,2247,27.14,22.3,13.040,7,89.2,25.9
297.0,78,584.7,26.5,5.3,40.0,100,108,72.2,7,-1.6,15.3,0.995,13.4,19.5,-0.7,82.8,20.3,2133,25.20,20.9,13.076,7,88.9,26.1
300.0,78,587.4,23.1,0.0,39.2,100,108,72.2,7,-0.6,20.4,0.997,13.0,19.4,-0.9,82.5,19.6,2077,23.87,19.3,13.120,7,90.2,23.5
303.0,79,588.0,23.7,0.0,38.7,100,108,71.8,7,0.0,23.9,0.998,12.8,19.5,0.0,82.3,19.5,2098,23.95,19.6,13.120,7,90.1,23.9
306.0,80,588.0,23.7,0.0,38.4,100,109,71.6,7,0.0,23.8,1.000,13.8,18.9,-0.1,80.8,19.2,2087,23.22,19.6,13.056,7,90.2,23.6
309.0,80,588.0,22.4,0.0,38.5,100,110,71.7,7,-0.0,23.5,1.009,16.5,16.1,-1.6,80.2,14.0,2062,18.74,15.7,12.998,7,50.1,22.0
312.0,80,587.9,18.8,0.0,38.8,101,106,62.6,7,0.0,20.5,1.003,20.0,15.0,-0.8,69.9,14.3,2033,16.85,13.0,12.983,7,0.0,20.1
315.0,80,588.0,23.6,0.0,39.1,101,106,69.5,7,0.0,22.1,1.001,17.6,16.5,-0.6,68.0,16.3,2032,19.22,14.7,13.040,7,0.0,20.8
318.0,81,588.0,24.7,31.7,39.2,100,105,72.0,7,0.0,24.3,1.000,12.0,19.8,-1.1,83.8,20.3,2087,24.70,21.1,13.040,7,0.0,24.8
321.0,81,588.0,24.5,28.9,38.9,100,104,70.4,7,0.0,23.6,0.993,14.4,19.2,0.8,81.6,19.6,2085,23.73,19.6,13.042,7,63.2,24.7
324.0,81,588.0,20.7,11.5,38.4,100,104,69.8,7,-0.1,24.3,1.000,12.5,19.2,0.0,82.3,19.6,2087,21.96,16.4,13.040,7,82.8,19.7
327.0,81,588.0,11.1,48.9,38.4,99,104,44.7,7,-1.6,15.3,0.996,21.1,17.5,0.0,78.2,18.4,2031,20.96,15.6,13.069,7,80.4,16.8
330.0,81,586.8,25.1,0.0,38.7,100,104,62.2,7,-0.7,18.5,0.995,24.5,15.7,0.3,71.1,16.5,1977,18.80,15.5,13.110,7,89.7,23.3
333.0,81,585.9,16.1,0.0,39.0,100,103,65.7,7,-0.4,20.0,0.994,21.4,12.9,1.2,61.3,14.1,1986,10.08,3.5,13.041,7,34.8,4.7
336.0,81,580.1,7.0,0.0,39.4,101,102,52.7,7,-1.6,5.5,0.990,8.5,0.0,8.6,15.4,4.1,1904,6.44,1.7,12.995,7,19.5,4.7
339.0,81,567.7,5.1,0.0,40.4,101,96,13.3,7,-3.3,5.2,0.326,-3.3,0.0,3.8,15.7,0.0,1799,4.36,0.4,13.014,7,0.0,4.7
342.0,81,551.1,4.8,0.0,40.7,101,91,14.3,7,-3.0,5.7,0.555,8.9,4.5,-0.6,27.7,3.6,1704,6.29,1.7,13.108,7,5.9,5.0
345.0,81,546.8,9.7,12.1,40.8,101,87,30.7,7,-1.8,8.6,1.083,32.5,11.8,-1.7,52.3,12.0,1653,12.34,7.8,13.040,7,94.7,13.7
348.0,81,544.0,14.0,13.7,40.7,100,86,53.2,7,-0.8,13.4,1.000,22.0,13.3,-2.3,62.7,13.7,1686,14.76,9.3,13.040,7,94.9,14.9
351.0,81,544.7,15.9,0.0,40.4,100,88,58.8,7,-0.8,14.5,1.000,21.2,13.9,1.0,62.7,9.0,1655,10.06,9.0,13.002,7,95.1,15.1
354.0,81,548.0,17.6,0.0,40.0,100,88,64.7,7,0.3,22.4,1.000,13.5,17.8,1.1,75.2,13.2,1779,13.68,12.7,12.981,7,94.3,16.0
357.0,81,550.5,24.4,0.0,39.8,100,90,70.9,7,0.4,25.4,0.998,10.1,19.7,0.5,83.5,19.2,1931,22.52,22.4,13.040,7,89.4,27.5
360.0,81,554.0,24.4,3.4,39.3,100,93,73.2,7,0.0,24.0,0.995,14.6,16.7,1.6,68.1,12.1,1750,15.26,16.5,13.041,7,91.4,23.5
363.0,81,555.1,17.8,6.4,38.8,100,94,69.8,6,-0.0,22.7,0.997,11.5,18.3,1.6,78.3,0.0,1832,9.56,17.3,12.960,7,53.4,15.1
366.0,81,551.8,4.7,0.0,38.8,101,91,30.7,6,-1.5,11.5,0.392,14.6,12.5,1.6,54.8,4.0,1784,8.17,16.5,12.914,6,0.0,6.5
369.0,81,543.5,16.3,27.7,38.8,100,89,39.5,6,-1.3,10.6,0.365,17.1,8.4,1.1,31.1,11.1,1653,12.64,12.2,13.040,7,0.4,20.8
372.0,81,541.9,18.6,24.4,38.8,100,88,64.9,6,-0.2,18.3,0.996,16.2,16.4,-0.7,75.7,16.1,1861,15.08,5.1,13.021,7,63.8,15.7
375.0,81,545.0,15.7,0.0,38.8,100,88,59.7,6,-0.8,16.1,1.000,18.0,15.3,0.8,72.4,16.1,1748,16.57,10.5,13.031,7,94.6,14.7
378.0,81,548.0,18.4,0.0,39.2,100,90,64.2,6,0.3,17.6,0.997,17.0,15.9,0.4,73.0,16.3,1719,17.66,14.4,13.040,7,93.2,18.5
381.0,81,546.0,20.3,0.0,39.2,100,90,66.9,6,0.5,19.5,0.998,15.6,16.4,0.0,74.3,15.5,1770,17.60,14.1,13.040,7,92.7,21.2
384.0,81,546.4,15.1,0.0,39.3,100,90,65.7,6,-0.1,20.6,0.994,14.0,15.7,0.0,78.8,5.9,1698,5.80,4.1,12.982,7,38.3,12.3
387.0,81,544.0,7.2,0.0,39.6,101,88,47.1,6,-0.8,15.3,0.884,18.0,15.4,1.1,75.4,12.3,1678,12.20,8.0,12.998,7,32.0,10.6
390.0,81,543.5,23.5,0.0,39.2,100,88,64.0,6,-0.3,20.1,0.943,14.4,17.1,1.3,76.9,17.4,1759,18.93,16.3,13.040,7,92.7,23.1
393.0,81,549.6,16.7,0.0,39.0,100,89,70.4,6,0.3,22.3,0.997,11.5,19.0,0.7,82.4,19.1,1942,22.28,19.6,13.040,7,90.1,23.1
396.0,81,553.8,17.2,0.0,38.9,100,90,67.0,6,0.7,19.6,1.004,14.5,18.0,0.0,80.8,18.4,1735,19.41,18.0,12.981,7,91.2,22.7
399.0,81,556.8,22.4,0.0,39.2,100,92,71.4,6,-0.0,22.4,0.998,13.5,18.3,0.0,81.1,18.4,1854,20.85,18.2,12.999,7,91.5,22.4
402.0,81,559.8,22.7,0.0,38.8,100,92,70.8,6,0.0,22.6,0.999,13.0,18.8,0.0,81.2,18.7,1950,22.16,18.6,13.040,7,90.9,22.5
405.0,82,563.0,23.9,0.0,39.0,100,92,71.8,6,0.0,23.2,1.000,12.4,19.2,0.0,81.0,19.0,1968,22.37,19.1,13.040,7,90.1,23.9
408.0,82,565.9,24.5,0.0,39.3,100,92,73.3,6,0.0,24.1,1.000,11.9,19.2,0.0,80.0,18.0,1924,20.83,17.6,13.042,6,90.7,23.4
411.0,82,569.4,24.9,0.0,39.6,100,92,74.5,6,-0.0,25.1,1.002,10.5,20.4,-0.6,83.2,19.6,2033,23.48,19.3,13.040,6,90.4,23.9
414.0,83,575.5,25.9,0.0,40.0,100,93,73.9,6,0.0,25.8,1.000,11.0,20.8,0.3,84.4,20.8,2134,25.56,21.2,13.040,6,89.3,25.6
417.0,84,578.6,26.4,0.0,40.2,100,95,73.7,6,0.0,26.4,0.998,11.6,21.2,1.7,83.9,21.6,2199,26.01,22.4,13.040,6,88.5,26.7
420.0,84,582.7,26.7,0.0,40.5,100,96,73.5,6,0.0,26.7,0.994,12.0,21.2,2.3,83.8,21.2,2184,25.58,22.1,12.939,6,89.1,26.5
423.0,84,588.0,26.7,0.0,40.8,100,98,72.1,6,-0.0,25.8,1.000,12.0,21.0,1.4,83.9,21.2,2181,25.63,21.9,12.931,6,89.5,25.1
426.0,84,586.4,24.8,0.0,40.6,100,99,66.8,6,-0.7,20.5,0.998,14.8,19.0,1.0,80.0,19.8,2118,24.36,20.9,13.040,6,89.7,20.8
429.0,85,588.0,21.2,0.0,40.3,100,99,60.7,6,-1.6,13.3,0.989,20.0,15.3,1.6,69.4,15.3,1874,17.91,12.5,13.042,6,92.4,18.3
432.0,85,588.0,18.5,0.0,40.0,99,98,56.7,6,-1.6,16.5,0.995,19.5,15.3,1.0,68.5,15.3,1866,17.76,12.7,13.088,6,93.5,17.5
435.0,86,588.0,22.0,0.0,40.0,100,98,73.6,6,-0.5,22.9,0.999,13.3,17.8,0.4,70.3,14.2,1857,16.37,11.5,13.111,6,93.4,18.1
438.0,86,587.0,19.9,1.8,39.7,100,97,43.9,6,-0.8,20.0,1.000,13.3,18.4,-0.7,71.2,13.4,1835,14.69,8.2,13.033,6,94.1,16.5
441.0,86,585.5,15.5,20.5,39.6,100,94,31.3,6,-1.3,13.5,0.997,21.5,15.1,-2.0,67.9,15.0,1774,16.03,5.1,12.961,6,95.1,14.9
444.0,86,584.0,17.7,22.0,39.6,99,91,55.2,6,-0.7,15.6,0.995,19.1,16.2,0.0,72.5,17.3,1724,17.54,13.3,13.018,7,93.8,19.3
447.0,86,584.9,25.2,0.0,39.5,100,90,74.5,6,-0.0,27.8,0.998,8.5,21.9,0.0,82.7,20.6,1937,22.08,19.7,13.077,7,91.0,24.4
450.0,86,587.5,27.8,0.0,38.8,100,92,74.0,6,0.0,27.8,1.000,9.7,22.2,0.3,86.4,22.4,2135,25.85,23.5,13.113,7,88.2,27.8
453.0,87,590.6,27.8,3.1,38.6,100,94,73.7,6,0.0,27.9,1.001,11.1,22.4,0.9,84.8,22.4,2265,27.01,23.5,13.079,7,88.1,28.2
456.0,87,593.6,28.0,6.8,38.4,100,97,74.1,6,0.0,28.2,1.000,11.5,22.4,1.6,85.9,22.7,2310,27.68,23.8,13.052,7,88.2,28.0
459.0,87,597.4,28.3,8.7,38.4,100,100,75.3,6,-0.0,28.2,0.998,11.0,22.4,0.5,85.9,22.7,2312,27.88,24.1,13.040,7,87.9,28.2
462.0,87,603.8,29.0,2.5,38.4,100,98,75.9,6,0.0,28.7,1.000,11.3,22.8,0.0,86.3,22.9,2327,28.14,24.3,13.040,7,87.5,29.0
465.0,87,604.0,28.1,3.8,38.1,100,97,74.2,6,0.0,28.4,0.997,12.3,21.4,0.5,84.9,22.1,2283,27.47,23.9,13.033,7,86.8,29.0
468.0,87,606.3,27.4,1.9,38.0,100,94,73.9,6,0.0,25.3,0.993,14.6,18.1,1.3,79.5,18.8,2012,22.75,20.8,12.961,7,0.0,26.7
471.0,87,608.0,25.4,2.7,37.9,100,92,74.1,6,0.0,19.3,0.995,18.5,16.5,-0.8,74.5,17.3,1840,20.13,18.2,13.012,7,0.0,23.6
474.0,87,607.4,21.5,9.7,37.6,100,90,68.2,6,-0.0,21.6,1.000,15.7,12.7,-0.8,49.9,9.1,1742,15.93,14.1,13.040,7,0.0,20.1
477.0,87,603.7,17.6,19.2,38.0,100,92,62.5,6,-0.5,18.7,0.997,16.8,13.0,0.6,49.3,8.3,1731,14.08,11.0,13.040,7,11.6,16.9
480.0,87,601.1,16.3,22.0,38.2,99,95,47.6,6,-1.2,11.8,0.999,14.2,10.9,1.7,56.1,12.2,1798,14.78,11.5,13.040,7,94.1,16.5
483.0,87,595.5,11.4,31.2,38.4,99,99,32.4,6,-2.2,5.8,1.008,7.0,1.0,0.2,16.4,0.1,1850,4.43,0.4,13.041,7,23.8,8.6
486.0,87,589.2,10.0,28.1,38.3,100,101,28.9,6,-3.8,8.2,1.013,33.5,11.4,2.3,45.1,11.4,1916,10.47,5.3,12.990,7,9.8,9.4
489.0,87,583.3,15.0,0.0,38.0,100,104,52.5,6,-1.6,8.6,0.992,23.6,13.4,0.4,49.0,5.1,1931,9.19,4.8,12.992,7,14.7,11.9
492.0,87,575.3,5.1,0.0,37.7,101,101,28.2,6,-2.8,6.9,0.534,6.1,9.0,-0.5,39.6,0.0,1904,5.34,0.7,13.054,7,1.9,5.5
495.0,87,563.8,5.1,0.0,37.8,101,98,13.4,6,-3.5,5.2,0.222,-5.9,1.7,0.0,18.3,0.6,1850,4.32,0.4,13.121,7,0.0,4.7
498.0,87,554.6,12.3,0.0,38.2,101,94,21.8,6,-2.2,6.2,1.119,31.5,14.9,0.0,72.8,17.3,1887,15.23,10.7,13.026,7,45.7,15.6
501.0,87,552.5,27.6,0.0,38.8,100,92,76.8,6,-0.0,26.7,1.022,19.7,18.9,0.0,80.5,19.9,2033,23.04,20.0,12.986,7,89.4,27.6
504.0,86,559.2,29.4,4.5,38.8,100,91,76.4,6,0.0,28.9,0.996,12.2,22.9,-0.5,88.3,23.1,2224,27.45,25.4,13.040,7,87.8,29.4
507.0,86,566.9,30.7,5.6,38.4,100,90,77.0,6,0.0,31.2,1.005,11.1,25.1,-1.5,90.9,25.1,2376,29.90,27.1,13.041,7,86.6,31.2
510.0,86,574.6,30.4,9.2,37.9,100,90,77.6,6,0.0,31.5,1.000,11.5,25.1,-0.8,89.7,25.1,2409,30.13,27.1,13.040,7,87.1,32.0
513.0,86,580.7,27.0,19.2,37.6,100,90,72.9,6,-0.0,25.9,1.003,10.5,22.0,-0.8,87.5,22.6,2242,27.59,24.6,13.040,7,88.2,30.4
516.0,86,587.4,25.9,0.0,37.6,100,91,73.4,6,0.0,25.9,1.000,10.7,20.4,0.2,85.1,20.5,2112,24.58,20.5,13.040,7,85.3,25.5
519.0,86,588.0,21.0,4.6,37.6,100,94,61.2,6,-0.6,18.6,0.994,8.7,16.5,1.3,72.9,17.9,2093,22.51,17.6,13.040,7,24.3,16.1
522.0,86,584.7,14.3,5.1,37.8,100,95,44.4,6,-1.5,5.9,0.987,0.2,2.7,0.0,16.9,5.1,1736,5.57,5.5,13.082,7,28.8,11.2
525.0,87,579.5,9.0,15.5,38.4,100,90,37.6,6,-0.8,11.8,0.996,24.0,9.6,-2.0,43.1,9.8,1723,9.99,5.0,13.071,7,25.9,9.4
528.0,87,575.4,16.1,210.4,38.7,100,90,44.3,6,-0.8,8.7,0.991,28.6,12.3,-2.6,54.4,12.7,1695,13.63,9.2,13.040,7,16.0,14.1
531.0,87,573.7,17.5,113.1,38.8,100,89,53.6,6,-0.4,9.1,0.989,32.9,11.8,-1.6,46.2,12.3,1650,13.30,11.8,13.041,7,92.7,19.2
534.0,87,573.2,18.0,10.0,38.8,99,88,63.8,6,0.8,18.8,1.000,16.0,16.5,-1.6,74.4,16.9,1802,17.07,13.7,13.040,7,92.9,19.2
537.0,87,575.8,15.3,55.2,38.4,99,90,50.2,6,-0.4,15.8,1.001,18.7,15.6,-1.2,71.9,16.7,1794,18.46,15.3,12.987,7,92.7,19.9
540.0,87,571.0,22.7,18.2,38.4,99,91,55.6,6,-0.8,12.0,0.996,19.9,15.0,-1.0,69.1,16.4,1716,17.92,16.0,12.884,7,92.2,22.4
543.0,87,572.0,22.1,6.6,38.4,99,92,62.5,6,-0.7,9.1,0.987,18.5,15.3,-1.6,68.2,16.1,1736,17.52,14.9,13.042,7,81.6,21.0
546.0,87,572.4,21.4,17.7,38.4,99,94,68.2,6,-0.0,22.4,0.994,13.8,17.6,-0.6,76.8,17.7,1841,19.69,16.9,13.040,7,79.7,21.4
549.0,87,575.3,24.7,6.0,38.1,99,95,71.1,6,0.0,23.4,0.995,11.3,19.3,-0.3,83.0,19.0,1964,22.13,19.6,13.040,7,90.2,25.1
552.0,87,578.4,21.7,2.7,37.8,99,98,70.5,6,0.0,23.6,0.997,11.6,19.8,-0.7,83.9,19.5,2060,23.41,19.6,13.041,7,89.7,23.9
555.0,87,578.4,16.2,0.0,37.6,100,100,59.6,6,-0.2,21.1,0.997,14.5,18.4,0.0,79.6,18.4,1999,22.26,16.3,13.040,7,39.3,14.7
558.0,87,576.0,11.4,0.0,37.6,100,102,29.8,6,-1.6,13.3,1.011,22.2,15.5,-1.1,67.9,16.1,1953,19.45,14.1,13.069,7,11.2,11.4
561.0,88,576.0,18.0,0.0,37.6,100,104,54.0,6,-1.6,16.5,1.006,21.3,13.7,-1.2,51.1,8.4,1935,12.90,9.4,13.081,7,18.8,16.8
564.0,88,566.8,14.0,42.4,37.8,99,103,54.2,6,-1.6,16.9,0.998,18.1,9.5,1.3,33.3,0.0,1938,4.71,0.8,13.040,7,4.7,7.8
567.0,88,560.5,9.0,39.9,38.1,99,100,39.7,6,-2.0,13.8,0.976,17.2,0.2,7.8,17.3,0.0,1874,4.22,0.4,13.040,7,1.7,5.9
570.0,88,552.9,8.8,0.0,38.4,100,96,15.7,6,-3.9,10.2,0.884,22.5,15.3,6.1,53.9,11.3,1810,13.19,9.1,13.040,7,34.9,12.2
573.0,88,555.8,27.8,0.0,38.4,100,92,61.6,6,-1.4,21.5,0.946,16.1,18.8,3.7,77.7,19.3,1948,21.63,18.6,13.058,7,91.4,25.9
576.0,87,561.6,23.1,16.1,38.6,100,92,73.3,6,0.3,26.8,0.998,10.3,21.6,1.1,86.7,22.2,2198,26.84,23.5,13.120,7,88.5,26.3
579.0,87,564.0,20.8,22.9,38.7,100,92,67.6,6,0.7,23.2,1.012,11.1,19.2,-0.8,82.0,19.6,1861,21.81,20.4,13.061,7,64.4,22.4
582.0,87,564.8,20.3,16.5,38.4,99,94,68.2,6,-0.0,21.2,1.005,15.0,18.0,0.3,79.3,18.3,1907,20.82,15.2,13.040,7,35.5,17.5
585.0,87,568.0,17.6,0.0,37.6,100,94,68.2,6,0.0,21.2,1.007,14.7,18.0,0.0,78.4,17.9,1927,20.54,13.0,13.040,7,26.8,14.3
588.0,87,568.0,19.0,0.0,37.4,100,96,43.8,6,-1.7,14.5,0.620,5.7,12.9,-0.6,62.9,15.3,1892,19.08,17.0,13.040,7,88.2,19.6
591.0,87,564.3,13.1,0.0,37.4,100,97,17.3,6,-3.9,5.0,0.000,-11.6,1.7,0.0,14.9,3.1,1786,4.40,0.8,13.041,7,37.2,10.6
594.0,87,556.6,5.8,0.0,37.6,100,94,12.5,6,-3.9,4.7,0.001,-12.5,2.7,0.0,14.6,3.1,1831,4.44,1.2,13.078,7,12.7,5.7
597.0,87,539.5,12.2,0.0,38.0,100,93,35.6,6,-2.1,9.9,0.537,3.6,7.4,-1.2,30.4,6.3,1859,7.15,3.2,13.106,7,18.6,8.0
600.0,87,540.0,13.3,37.9,38.2,100,93,50.5,6,-1.0,14.4,1.009,22.2,14.2,-2.7,59.0,13.1,1850,14.59,9.8,13.041,7,14.9,14.1
603.0,87,541.5,18.6,49.7,38.3,100,94,56.8,6,-1.5,16.3,0.995,21.0,16.5,0.0,73.7,18.4,1923,19.92,16.6,13.053,7,58.2,20.1
606.0,87,546.5,27.8,0.8,38.0,100,94,77.6,6,-0.0,30.6,0.993,12.4,22.3,1.2,84.6,22.6,2169,25.91,22.9,13.050,7,89.2,27.5
609.0,87,556.1,31.0,5.2,38.0,100,94,78.3,6,0.0,30.9,0.998,10.9,24.3,0.3,89.4,24.7,2371,29.70,26.3,13.040,7,87.7,31.5
612.0,87,563.4,29.2,13.3,37.7,100,94,75.3,6,0.0,28.8,1.001,11.1,22.6,-0.6,87.1,23.3,2345,28.87,25.2,13.040,6,86.8,32.2
615.0,87,566.2,24.5,8.6,37.6,100,94,73.4,6,0.0,25.9,1.001,10.4,19.3,0.0,81.2,19.2,1950,22.17,16.9,13.041,6,19.2,21.2
618.0,87,569.1,21.5,0.6,37.5,100,95,73.2,6,-0.0,25.9,0.994,9.5,20.4,0.8,85.4,17.6,1899,20.02,18.0,12.948,6,9.6,20.6
621.0,87,572.0,23.5,2.5,37.3,100,98,57.3,6,-1.2,17.2,0.996,17.8,16.5,-0.5,70.1,14.7,1864,16.78,15.5,12.928,6,0.0,22.0
624.0,87,572.0,17.2,0.7,37.5,100,98,51.2,6,-1.6,12.9,0.998,24.1,12.0,-0.9,49.0,11.4,1853,13.01,8.5,13.034,7,0.0,13.3
627.0,87,567.7,16.3,0.0,37.6,100,98,55.4,6,-1.2,15.7,0.999,24.1,9.8,0.7,35.3,9.1,1862,9.56,2.0,12.881,7,0.0,7.3
630.0,87,566.3,20.5,2.2,37.6,100,98,76.0,6,-0.0,27.1,0.996,8.5,22.7,-1.6,89.3,23.5,2035,20.81,16.1,12.880,7,42.9,16.4
633.0,87,572.0,29.0,9.5,37.6,99,102,74.4,6,0.0,27.6,0.999,10.3,20.5,-0.7,80.5,18.6,2037,21.16,19.6,12.930,7,69.8,26.6
636.0,87,571.2,17.1,23.7,37.6,100,102,70.2,6,0.0,24.6,1.006,13.3,18.1,-0.5,71.0,13.6,1960,15.25,8.9,13.035,6,10.2,12.9
639.0,87,572.0,12.5,15.0,37.6,100,102,62.4,6,-0.4,19.4,1.011,17.1,16.3,-1.4,67.7,14.9,1950,17.46,12.2,12.961,6,15.3,13.7
642.0,87,570.8,11.7,88.1,37.7,100,102,51.4,6,-1.6,15.7,1.000,21.0,14.9,0.8,65.9,12.9,1932,14.60,8.7,13.009,7,14.4,13.4
645.0,87,568.0,11.9,407.7,38.0,100,100,40.8,6,-1.6,13.5,1.000,23.8,13.3,1.3,57.8,12.7,1905,13.62,7.7,13.009,7,13.5,13.8
648.0,87,567.6,18.4,1607.6,38.0,100,100,56.6,6,-0.7,14.9,1.006,22.6,13.6,-0.0,57.8,13.2,1887,13.77,9.5,12.976,7,25.1,17.5
651.0,87,568.0,21.2,618.1,38.0,99,100,66.8,6,0.0,18.0,1.005,22.6,14.5,-0.8,65.6,14.9,1888,13.58,11.4,13.040,7,93.2,21.2
654.0,87,568.0,21.8,9.0,38.0,99,100,62.5,6,-0.2,20.2,0.990,30.3,12.9,5.5,64.3,17.6,1899,19.96,15.0,13.040,7,92.1,22.9
657.0,87,568.0,19.6,22.1,38.0,99,100,37.6,6,-1.6,10.6,1.003,17.5,15.3,0.4,69.5,16.6,1868,18.94,14.8,13.040,7,92.5,20.2
660.0,87,567.9,14.9,0.0,38.0,99,95,20.8,6,-2.1,11.1,0.997,21.1,14.8,-2.8,67.2,15.4,1808,17.14,13.1,13.067,6,79.9,14.5
663.0,87,563.3,16.9,19.9,38.0,100,93,43.3,6,-0.8,15.3,0.998,22.6,13.4,-2.5,61.1,14.3,1747,15.32,12.0,13.134,6,18.4,16.9
666.0,87,564.0,19.0,36.3,38.0,100,92,66.2,6,0.8,19.9,1.004,19.7,13.2,0.8,58.6,13.7,1737,15.16,13.7,13.041,7,22.4,18.5
669.0,87,565.2,19.6,43.9,38.0,100,93,66.1,6,0.8,19.5,1.008,16.5,16.9,0.0,74.9,16.6,1833,18.23,14.8,13.040,7,22.9,18.3
672.0,87,568.0,17.5,41.2,38.0,100,96,61.2,6,-0.0,18.0,0.998,17.4,16.2,0.0,72.3,16.7,1849,18.55,14.6,13.040,7,22.0,17.6
675.0,87,567.2,14.9,789.8,38.0,100,97,54.7,6,-0.7,17.0,0.998,20.1,14.1,1.2,62.6,15.0,1840,16.70,13.2,13.034,7,22.0,18.4
678.0,87,566.1,15.4,1174.5,38.0,99,98,51.8,6,-1.6,15.9,0.997,23.5,11.3,3.8,42.8,11.8,1849,12.21,9.8,12.961,7,18.1,16.8
681.0,87,564.0,15.1,1062.1,38.0,98,98,58.2,6,-1.6,16.9,0.998,18.5,15.7,0.8,69.8,14.6,1875,15.61,10.7,12.960,7,50.3,15.6
684.0,87,563.9,11.0,0.0,38.4,99,100,65.1,6,-0.5,18.7,1.007,17.0,16.4,-0.9,72.6,16.4,1898,18.38,12.3,12.982,7,93.9,15.5
687.0,87,564.0,8.6,10.9,38.4,99,100,66.0,6,0.0,20.2,1.012,15.6,17.3,-2.3,76.2,17.6,1917,19.71,14.8,13.035,7,93.3,18.8
690.0,87,564.0,16.5,7.1,38.4,99,101,67.6,6,0.0,21.3,1.009,14.8,18.1,-2.2,78.5,18.4,1938,21.03,17.3,12.960,7,92.1,20.7
693.0,87,565.7,21.6,3.7,38.4,99,102,66.9,6,0.0,22.5,1.001,14.0,18.8,-1.6,80.0,18.0,1999,20.69,16.7,13.016,7,91.8,21.2
696.0,87,568.0,20.2,8.8,38.4,99,102,59.6,6,-0.0,20.8,0.999,15.5,18.5,-0.4,79.4,18.8,1959,21.23,17.9,13.080,7,91.6,21.9
699.0,87,568.0,20.8,8.8,38.0,99,100,61.2,6,0.0,17.6,1.002,19.1,15.3,0.4,67.6,16.5,1914,19.43,16.8,13.096,6,91.9,22.4
702.0,87,567.3,24.6,2.6,38.0,99,100,68.3,6,0.0,20.5,0.999,17.3,15.6,0.6,64.2,15.1,1930,17.38,12.4,13.040,6,93.7,19.6
705.0,87,570.0,24.9,1.1,38.0,99,100,73.2,6,0.0,25.7,0.995,10.3,20.8,0.0,84.3,19.2,2086,22.72,18.8,13.041,6,91.8,21.9
708.0,87,573.1,25.1,2.7,38.0,99,100,72.1,6,-0.0,24.7,0.999,12.5,20.4,0.8,82.6,20.4,2149,24.79,21.7,13.074,6,90.2,25.8
711.0,87,576.0,27.4,3.4,38.0,99,102,69.8,6,0.0,17.9,1.000,24.7,11.2,1.7,49.5,13.6,2035,17.59,17.1,13.077,6,91.1,25.2
714.0,87,575.6,5.1,0.0,38.3,99,101,33.6,6,-2.3,9.7,0.494,33.0,9.9,1.1,42.1,11.6,1893,11.92,9.7,13.049,6,95.1,13.5
717.0,87,571.2,18.6,0.0,38.4,99,100,37.2,6,-2.6,11.9,0.268,30.3,17.7,-0.5,77.8,20.7,1903,21.91,21.2,13.120,6,90.1,29.0
720.0,87,570.7,30.3,0.0,38.4,99,101,67.8,6,-0.1,28.9,0.991,10.5,23.9,1.6,87.8,24.3,2348,29.13,24.9,13.069,6,88.3,30.7
723.0,87,576.0,32.2,0.0,38.4,99,104,19.6,6,-1.6,21.6,1.008,9.1,22.1,-1.5,87.8,22.9,2176,27.02,25.2,13.009,6,87.5,30.9
726.0,87,575.5,27.1,0.0,38.4,99,104,54.7,6,-0.7,24.8,1.013,10.1,21.7,-1.9,87.1,22.2,2133,25.72,22.8,12.982,6,89.4,27.4
729.0,87,578.4,20.0,14.4,38.4,99,104,51.0,6,-0.5,25.5,1.013,12.0,22.1,-0.5,86.0,22.6,2332,28.17,21.6,13.120,6,90.1,24.3
732.0,87,580.0,19.7,17.9,38.3,99,104,23.5,6,-1.5,21.2,1.013,12.0,20.8,-3.9,86.7,21.6,2036,24.12,22.7,13.066,6,89.7,26.3
735.0,87,580.7,28.6,1.9,38.0,99,104,76.9,6,-0.0,31.4,1.012,12.0,23.3,-2.3,87.2,23.5,2305,27.34,24.6,13.040,6,88.4,29.0
738.0,87,583.7,28.6,21.0,37.6,99,107,66.7,6,0.0,24.3,1.006,14.7,21.2,-1.6,83.0,22.6,2363,28.38,25.8,13.040,6,86.9,31.1
741.0,87,586.8,29.1,7.5,37.4,99,109,67.7,6,0.0,22.8,1.002,16.8,18.3,-1.6,77.3,19.1,2065,24.37,23.9,13.040,7,89.3,26.7
744.0,87,588.0,25.9,0.0,37.2,99,111,69.6,6,0.0,28.0,1.003,15.2,20.3,-1.6,81.2,18.8,2099,23.09,19.2,13.040,7,28.0,23.9
747.0,87,588.0,21.8,1.0,36.8,100,112,56.5,6,-0.0,22.7,0.996,17.0,18.0,-0.8,76.0,19.1,2108,23.22,18.7,13.040,7,0.0,22.4
750.0,87,587.9,22.7,5.2,36.5,100,112,69.8,6,0.0,22.7,0.997,16.7,18.5,-0.4,78.2,19.0,2118,23.24,17.1,12.996,7,0.0,20.0
753.0,87,583.4,20.7,50.7,36.8,99,111,66.0,6,0.0,21.2,0.998,17.5,18.1,-0.3,77.5,18.3,2116,22.63,12.8,12.880,7,0.0,7.8
756.0,87,584.0,17.2,54.0,37.1,99,109,59.8,6,-0.5,18.7,0.997,19.3,16.8,-0.7,71.7,16.9,2087,20.48,15.3,12.881,7,65.3,15.5
759.0,87,583.0,14.9,30.9,37.3,98,108,53.0,6,-1.6,16.1,0.997,21.0,15.7,0.8,68.2,16.3,2051,19.80,13.8,12.925,7,93.1,18.5
762.0,87,579.8,18.0,0.1,37.3,98,106,65.9,6,-0.4,12.6,0.999,28.6,5.8,0.3,50.9,15.5,2007,18.13,12.7,12.960,7,93.4,17.5
765.0,87,575.5,18.0,13.0,37.5,99,105,69.1,6,0.0,17.2,1.004,24.8,7.5,-0.5,49.9,16.2,1996,18.00,13.7,12.981,7,93.6,17.3
768.0,87,578.3,13.2,6.5,37.6,99,104,63.0,6,-0.4,21.1,1.006,13.8,19.4,-1.6,81.5,20.0,2062,23.46,20.0,13.120,7,90.9,23.5
771.0,87,578.8,12.6,2.1,37.7,99,104,47.5,6,-1.6,14.1,0.996,16.0,17.6,-1.6,78.0,18.4,2036,22.32,19.0,13.073,7,90.6,23.5
774.0,87,576.0,22.6,9.9,38.0,99,106,61.2,6,-1.6,8.2,0.989,28.0,16.9,-2.0,74.6,17.4,2025,19.74,15.0,13.040,7,65.0,20.3
777.0,87,575.6,20.4,47.2,38.3,99,107,37.0,6,-2.8,5.5,0.507,14.4,9.8,-1.4,51.4,11.2,2007,13.94,8.4,13.040,7,4.2,10.3
780.0,87,570.7,22.4,18.6,38.6,99,107,42.3,6,-2.6,11.1,0.287,-6.2,3.9,-0.3,22.8,2.2,1980,5.03,2.7,13.040,7,48.6,17.6
783.0,87,569.8,24.7,0.0,38.7,99,107,71.9,6,0.0,24.7,1.012,14.9,20.0,-1.6,81.6,20.4,2186,24.57,16.1,13.040,7,74.4,22.6
786.0,87,572.9,26.1,0.4,38.4,99,110,73.7,6,-0.0,27.8,1.007,11.5,21.8,-1.6,85.9,21.7,2312,26.59,21.8,13.040,7,89.1,26.6
789.0,87,576.0,25.1,2.5,38.0,99,110,70.7,6,0.0,19.3,0.995,15.7,19.6,-0.8,82.1,20.4,2253,25.62,20.4,13.040,7,89.3,26.7
792.0,87,575.4,24.8,0.7,37.7,99,109,71.2,6,0.0,19.9,0.990,16.9,17.2,0.0,74.5,17.7,2066,21.58,15.9,13.040,7,94.1,21.2
795.0,87,576.0,27.3,0.0,37.5,99,108,73.0,6,0.0,25.9,0.994,13.1,17.9,-0.2,72.6,17.4,2053,21.04,20.8,13.040,7,89.9,26.9
798.0,87,578.9,26.2,10.7,37.3,99,108,72.9,6,0.0,28.4,1.000,11.5,23.1,-1.6,89.0,23.1,2435,28.99,23.3,13.040,7,88.0,29.4
801.0,87,584.0,19.8,36.8,37.3,99,108,62.7,6,-0.0,19.2,1.007,13.5,21.2,-2.5,87.5,22.1,2239,26.64,24.0,13.009,7,88.0,28.7
804.0,87,583.5,23.5,14.0,37.0,99,108,64.6,6,0.0,20.6,1.007,14.9,19.4,-2.6,84.8,20.9,2059,24.10,23.1,12.968,7,89.4,25.1
807.0,87,584.0,26.3,7.4,36.9,99,107,68.8,6,0.0,23.7,1.006,15.0,18.8,-1.5,81.4,20.1,2087,23.97,20.4,13.041,7,89.7,26.9
810.0,87,585.1,29.9,0.0,37.0,99,106,74.6,6,-0.0,29.4,1.002,11.0,23.1,0.0,87.8,23.9,2313,27.41,23.8,13.040,7,88.6,29.4
813.0,87,588.5,32.5,0.0,37.3,99,106,75.3,6,-0.6,32.0,1.000,12.3,24.3,0.5,87.0,24.5,2480,29.80,26.6,13.040,7,87.3,31.8
816.0,87,595.6,33.3,8.3,37.3,99,106,74.8,6,-0.8,28.9,0.999,12.2,24.0,0.8,85.7,24.5,2499,30.04,27.3,13.020,7,86.7,33.3
819.0,87,596.0,31.4,5.3,37.3,99,106,71.8,6,-1.0,23.6,0.999,10.8,22.1,0.7,84.3,22.7,2237,26.36,24.3,12.881,7,88.5,31.2
822.0,87,597.1,30.0,0.2,37.3,99,106,66.0,6,-1.6,18.8,0.999,9.0,23.1,-1.6,88.4,23.6,2091,25.19,25.7,12.971,7,88.6,30.7
825.0,87,600.0,30.5,0.9,37.3,99,104,76.1,6,-0.3,27.8,1.003,10.7,22.4,-1.6,86.9,23.1,2149,25.48,25.4,13.040,7,88.5,30.8
828.0,87,599.5,29.4,3.5,37.3,99,104,75.6,6,0.0,29.6,1.003,12.4,22.4,-1.6,85.5,22.6,2306,26.91,23.6,13.026,7,88.2,28.6
831.0,87,602.3,28.5,2.6,37.1,99,104,74.8,6,0.0,27.9,1.002,13.4,23.0,-1.5,87.1,23.1,2387,28.02,23.9,12.960,7,87.7,28.6
834.0,87,605.2,28.2,1.3,36.8,99,104,73.9,6,0.0,26.0,1.002,12.5,22.4,0.0,86.3,22.7,2261,26.85,24.1,13.008,7,88.2,28.8
837.0,87,608.0,29.4,0.0,36.5,99,104,76.1,6,-0.0,31.4,1.003,12.2,23.6,-0.5,87.6,23.7,2326,27.68,25.2,13.040,7,88.3,29.5
840.0,87,607.4,31.8,0.0,36.2,99,104,75.2,6,-0.4,31.6,1.003,12.6,24.4,-0.3,88.1,24.8,2474,29.59,26.8,13.033,7,87.5,31.8
843.0,87,610.2,32.0,2.6,36.3,99,104,74.2,6,-0.8,31.6,1.000,13.5,24.6,0.8,86.6,25.1,2525,29.82,27.5,12.961,7,86.9,32.3
846.0,87,613.3,30.6,6.4,36.6,99,104,73.5,6,-0.8,31.0,0.998,13.5,23.9,0.8,85.5,23.9,2496,29.17,25.9,13.011,7,87.5,29.3
849.0,87,616.0,27.3,8.9,36.9,98,106,72.2,6,-0.0,28.3,0.999,13.2,23.1,0.3,86.0,23.4,2417,28.39,24.6,13.040,7,88.0,27.2
852.0,87,615.8,29.4,0.0,37.3,98,109,69.1,6,0.0,24.8,0.998,15.1,19.7,0.0,74.1,17.2,2277,21.33,18.9,13.040,7,78.0,27.5
855.0,87,611.1,18.2,0.0,37.3,98,110,56.3,6,-0.5,19.8,0.992,19.3,15.6,0.0,54.9,7.4,2100,5.16,0.4,13.040,7,0.0,5.1
858.0,87,605.3,8.8,0.0,37.3,99,110,36.8,6,-1.6,12.9,0.979,26.0,13.3,0.0,52.5,13.3,2099,15.31,6.0,13.040,7,52.3,9.4
861.0,87,599.7,6.4,0.0,37.3,98,110,14.9,6,-1.6,13.2,0.979,25.3,14.1,-1.0,59.3,15.2,2075,17.71,11.4,13.040,7,68.1,15.0
864.0,87,595.5,20.0,0.0,37.3,99,107,43.7,6,-0.8,16.6,0.985,22.0,15.8,-1.3,68.7,17.3,2044,20.94,15.9,13.040,7,0.0,20.4
867.0,87,596.0,23.9,0.0,37.3,99,105,65.4,6,0.0,19.4,0.991,17.8,17.9,-0.7,78.8,18.4,2025,22.11,20.4,13.040,8,0.0,24.5
870.0,87,596.0,27.9,2.7,37.2,99,104,68.3,6,0.0,17.6,0.988,20.0,16.9,2.3,75.6,18.7,1997,22.20,20.7,13.040,7,45.8,26.9
873.0,87,596.3,29.1,11.3,36.9,98,104,75.3,6,-0.0,27.9,0.995,14.2,21.7,1.4,83.4,22.2,2227,25.77,23.3,13.040,7,89.1,28.8
876.0,87,599.6,31.0,16.5,36.6,98,105,74.8,6,-0.5,30.8,1.000,14.9,22.1,0.5,84.7,22.8,2307,27.65,25.7,13.040,7,87.7,32.1
879.0,87,600.0,26.6,10.4,36.3,98,106,74.2,6,-0.5,30.0,0.998,17.5,20.0,0.3,78.6,19.6,2054,22.55,19.2,13.040,7,90.9,23.1
882.0,87,600.0,18.7,3.7,36.0,98,106,70.7,6,0.0,28.7,0.991,12.5,23.1,1.6,86.3,23.1,2361,28.00,23.1,13.099,7,90.5,21.5
885.0,87,600.0,13.8,1.0,35.7,98,106,60.4,6,-0.0,25.9,1.000,12.0,21.6,0.3,85.2,21.9,2258,26.64,23.2,13.024,7,90.1,21.9
888.0,87,598.9,25.1,7.8,35.7,98,108,69.7,6,0.0,25.8,1.000,12.9,20.4,-0.5,84.1,20.9,2162,25.15,21.6,12.880,7,89.7,25.9
891.0,87,600.0,23.5,17.7,35.6,98,109,67.8,6,-0.1,24.6,0.999,16.0,20.4,0.8,83.1,21.6,2261,25.98,22.4,12.992,8,89.1,26.4
894.0,87,599.3,19.9,36.5,35.3,98,112,58.0,6,-1.6,6.3,0.993,21.4,11.6,0.8,44.0,14.7,2146,18.68,15.6,13.040,8,90.7,22.9
897.0,87,595.9,17.3,14.0,35.7,98,110,59.2,6,-1.6,15.4,0.996,19.3,14.1,-0.8,51.5,14.8,2102,17.26,11.7,13.040,8,93.6,17.2
900.0,87,596.0,21.7,4.5,35.7,98,112,64.3,6,-0.8,21.7,0.997,16.5,19.2,-1.4,79.2,18.8,2140,22.36,18.3,13.040,8,91.0,23.5
903.0,87,594.0,19.6,0.0,35.7,98,113,65.0,6,-0.3,23.3,0.998,16.9,19.8,0.8,79.1,17.3,2150,15.81,9.0,13.041,8,93.2,17.9
906.0,87,590.9,17.0,0.0,35.7,97,112,57.6,6,-1.6,18.4,0.998,21.0,16.1,0.8,67.5,16.4,2122,18.72,12.2,12.996,8,93.2,17.9
909.0,87,588.0,22.4,0.0,35.7,98,110,68.2,6,-0.4,21.1,1.000,18.3,17.2,-0.5,72.4,17.0,2100,20.91,15.1,12.985,8,92.1,21.3
912.0,87,587.6,22.1,1.9,35.4,98,110,70.1,6,0.0,23.5,1.002,15.0,18.9,-1.1,79.1,18.9,2108,22.58,16.8,13.035,8,91.8,21.6
915.0,87,590.3,24.7,4.2,35.3,98,110,71.9,6,0.0,22.7,1.003,13.7,20.4,0.1,84.7,21.5,2187,25.46,22.4,12.960,8,89.2,25.7
918.0,87,590.8,25.9,5.6,35.3,98,110,72.4,6,0.0,17.3,1.004,20.5,16.9,0.8,74.1,18.0,2104,22.84,19.2,13.057,8,90.0,25.2
921.0,87,588.0,22.4,4.2,35.3,98,108,67.5,6,-0.0,20.5,0.998,18.3,17.8,0.3,76.8,18.2,2069,22.14,17.4,13.065,8,89.8,20.7
924.0,87,587.5,14.9,6.7,35.3,97,107,61.7,6,0.0,21.8,0.999,16.4,18.7,-0.5,80.1,18.7,2050,22.66,17.9,12.966,8,83.9,14.9
927.0,87,588.0,20.7,5.8,35.1,97,105,61.9,6,0.0,22.8,1.002,15.3,19.4,-1.4,82.4,19.6,2012,22.99,20.0,13.040,8,89.1,22.1
930.0,87,588.0,26.4,2.6,34.8,98,104,71.5,6,0.0,25.9,0.996,14.0,21.2,1.6,83.5,21.2,2176,24.83,21.3,13.098,8,90.4,25.7
933.0,87,588.4,26.8,0.0,34.5,98,104,72.2,6,-0.0,26.7,1.002,14.3,21.7,0.2,84.4,21.6,2270,26.34,22.2,13.101,8,89.3,26.6
936.0,87,591.7,27.8,0.0,33.9,98,105,73.2,6,0.0,27.7,1.002,13.6,22.4,-1.1,86.4,22.5,2339,27.51,22.8,13.029,8,88.2,27.6
939.0,87,594.5,29.2,0.0,33.5,98,105,74.0,6,-0.3,29.3,1.002,12.9,23.3,-1.1,88.6,23.5,2418,28.47,24.7,12.960,8,87.7,29.4
942.0,87,597.7,30.3,0.0,33.2,98,104,74.3,6,-0.8,30.7,1.001,14.0,23.9,0.8,86.7,23.9,2511,29.55,25.3,13.016,8,87.6,30.3
945.0,87,600.9,31.2,0.3,32.9,98,104,73.7,6,-0.8,31.4,0.998,13.0,24.2,0.2,86.4,25.0,2512,29.98,26.9,13.040,8,87.5,32.0
948.0,87,603.9,34.1,2.5,32.2,98,104,74.9,6,-0.8,32.9,1.000,13.0,25.1,0.4,86.7,25.8,2522,30.50,29.1,13.040,8,87.4,34.2
951.0,87,607.0,37.2,0.8,32.4,98,104,76.2,6,-0.8,36.7,1.001,13.3,26.6,0.6,87.6,26.7,2580,31.47,31.8,13.040,8,86.7,37.3
954.0,87,610.2,39.0,0.9,32.5,98,104,76.4,6,-0.8,39.9,0.999,14.1,28.1,0.1,88.9,28.2,2762,34.57,36.1,13.040,8,85.8,39.8
957.0,87,613.3,39.1,3.4,32.7,98,104,75.4,6,-0.8,38.4,0.995,15.0,27.1,0.8,87.1,27.5,2825,34.76,33.8,13.040,8,85.5,39.5
960.0,87,616.2,38.0,7.8,33.3,98,104,76.1,6,-0.8,38.0,1.002,15.6,27.5,0.8,86.5,27.9,2868,35.03,32.4,13.040,8,85.5,37.9
963.0,87,619.6,34.9,4.5,33.8,98,105,75.1,6,-0.8,36.8,1.004,16.2,27.2,0.5,85.9,27.6,2880,35.01,31.8,13.018,8,85.5,37.6
966.0,86,622.5,32.8,14.3,34.1,98,106,73.9,6,-0.8,35.0,1.002,16.4,25.9,0.0,85.7,26.2,2857,34.27,29.8,12.880,8,85.4,36.8
969.0,86,624.0,31.8,14.5,34.1,98,106,72.6,6,-0.8,32.7,0.998,16.1,24.3,0.0,84.3,24.3,2749,32.00,28.0,12.999,9,86.3,34.1
972.0,86,624.0,31.1,0.0,34.1,98,106,71.4,6,-0.8,28.2,0.998,19.5,22.0,0.0,82.1,20.1,2465,26.17,21.9,13.040,9,89.2,28.4
975.0,86,624.0,25.1,0.0,34.1,97,102,71.4,6,-0.3,27.2,0.990,16.6,21.8,1.1,82.3,19.7,2271,23.37,18.6,13.040,9,74.0,22.6
978.0,86,621.2,25.4,0.0,34.1,98,101,72.9,6,0.0,28.9,0.989,13.3,23.0,1.8,84.7,22.9,2240,25.54,21.6,13.040,9,0.0,23.5
981.0,86,621.7,31.2,0.0,34.0,98,100,74.9,6,-0.1,33.6,0.994,10.5,27.1,0.0,89.8,27.8,2336,29.07,29.6,13.040,9,0.0,32.6
984.0,87,624.6,40.0,0.0,33.7,98,98,76.1,6,-0.8,41.6,1.000,14.0,28.4,0.0,88.8,28.6,2578,32.09,34.5,13.040,9,0.0,39.6
987.0,87,627.8,36.9,0.0,33.3,98,99,74.5,6,-0.8,36.6,0.999,14.7,27.0,0.3,86.3,26.8,2717,33.04,34.4,13.051,10,5.6,40.7
990.0,87,628.0,31.0,8.2,33.3,98,100,71.4,6,-0.5,30.7,1.001,14.6,24.0,0.6,83.4,22.6,2654,29.07,22.4,13.120,10,88.5,27.1
993.0,87,626.5,23.4,20.5,33.4,97,100,62.3,6,-0.2,25.1,1.011,10.5,22.0,-0.8,86.7,21.6,2086,24.01,18.3,13.119,10,91.2,22.9
996.0,87,622.9,16.8,31.6,33.7,97,100,36.9,6,-1.6,11.4,1.008,27.4,6.4,2.3,44.0,8.5,1935,13.68,10.5,13.015,10,83.9,18.6
999.0,87,615.6,19.6,21.8,34.5,97,99,53.6,6,-1.6,15.1,0.998,27.6,5.0,3.0,26.7,2.6,1843,5.83,3.6,12.906,10,64.2,16.4
1002.0,87,611.4,15.1,11.2,34.7,97,100,54.1,6,-1.6,15.6,0.991,22.5,11.1,1.8,40.3,8.1,1887,8.08,3.9,13.040,11,11.4,8.2
1005.0,87,603.3,9.5,0.0,35.0,98,102,36.1,6,-1.7,9.4,0.998,39.5,0.0,3.9,18.0,0.0,1915,5.48,1.9,13.088,11,5.9,6.8
1008.0,87,591.5,5.1,0.0,35.7,98,104,12.5,6,-3.9,5.1,0.268,6.1,0.0,1.6,15.8,0.0,1962,4.37,0.8,13.090,11,0.0,5.1
1011.0,87,575.6,5.1,0.0,36.2,98,105,12.1,6,-3.9,5.1,0.000,-12.6,0.0,0.0,14.0,0.0,2026,4.30,0.8,13.040,11,0.0,5.1
1014.0,87,561.7,5.1,0.0,36.7,98,105,11.5,6,-3.9,5.1,0.000,-11.9,0.0,0.0,13.7,0.0,2099,4.31,0.8,13.040,11,0.0,5.1
1017.0,87,545.3,5.1,0.0,37.0,98,104,11.0,6,-3.9,5.1,0.000,-11.5,0.0,0.0,13.3,0.0,2036,4.30,0.5,13.040,11,0.0,5.1
1020.0,86,531.4,5.1,0.0,37.6,98,104,11.0,6,-3.9,5.1,0.000,-11.2,0.0,0.0,13.3,0.0,2091,4.31,0.4,13.040,11,0.0,5.1
1023.0,85,511.6,5.1,0.0,38.1,98,102,11.4,6,-3.9,5.1,0.000,-11.2,0.0,0.0,13.3,0.0,2155,4.34,0.4,13.036,11,0.0,5.1
1026.0,85,501.9,5.1,0.0,38.5,98,101,11.6,6,-3.9,5.1,0.000,-11.3,0.0,0.0,13.3,0.0,2175,4.47,0.4,12.961,11,0.0,5.1
1029.0,85,486.9,5.1,0.0,38.8,99,102,11.0,6,-3.9,5.1,0.001,-10.0,0.0,0.0,13.3,0.0,2199,4.49,0.4,12.999,11,0.0,5.1
1032.0,84,467.9,5.1,0.0,39.2,99,102,11.8,6,-3.9,5.1,0.000,-9.7,0.0,0.0,13.5,0.0,2221,4.55,0.4,13.058,11,0.0,5.1
1035.0,84,456.4,5.1,0.0,39.4,99,102,11.8,6,-3.9,5.3,0.000,-9.2,0.0,0.0,13.7,0.0,2249,4.66,0.4,13.120,11,0.0,5.1
1038.0,84,444.2,5.5,0.0,39.6,99,103,12.0,6,-3.9,5.7,0.000,-8.5,0.0,0.0,13.7,0.0,2337,4.86,0.4,13.120,11,0.0,5.4
1041.0,84,430.8,5.9,0.0,39.6,99,104,12.5,6,-3.9,6.3,0.000,-8.0,0.0,0.0,16.5,0.0,2311,5.69,0.4,13.074,11,0.0,5.7
1044.0,84,414.9,5.9,0.0,40.0,99,102,13.3,6,-3.9,6.0,0.000,-8.0,0.0,0.0,15.2,0.0,2312,5.64,0.4,13.011,11,0.0,5.8
1047.0,84,395.7,5.5,0.0,40.0,99,103,12.5,6,-3.9,5.7,0.000,-8.2,0.0,0.0,13.9,0.0,2325,5.03,0.4,12.969,12,0.0,5.5
1050.0,84,387.7,5.5,0.0,39.8,99,104,11.8,6,-3.9,5.5,0.000,-8.5,0.0,0.0,13.3,0.0,2325,4.83,0.4,13.040,12,0.0,5.5
1053.0,84,376.1,5.5,0.0,39.5,99,104,11.8,6,-3.9,5.5,0.000,-8.5,0.0,0.0,13.3,0.0,2333,4.82,0.4,13.084,12,0.0,5.5
1056.0,84,363.9,5.5,0.0,38.8,99,106,11.8,6,-3.9,5.5,0.000,-8.5,0.0,0.0,13.3,0.0,2337,4.80,0.4,13.097,12,0.0,5.5
1059.0,83,357.7,5.5,0.0,39.1,99,106,11.8,6,-3.9,5.5,0.000,-8.3,0.0,0.0,13.3,0.0,2342,4.78,0.4,13.040,12,0.0,5.5
1062.0,83,347.3,5.3,0.0,39.2,99,106,11.8,6,-3.9,5.5,0.000,-8.1,0.0,0.0,13.3,0.0,2362,4.77,0.4,13.040,12,0.0,5.2
1065.0,83,336.4,5.1,0.0,39.3,99,106,11.8,6,-3.9,5.5,0.000,-9.0,0.0,0.0,12.9,0.0,2298,4.73,0.4,12.995,12,0.0,5.1
1068.0,83,326.7,5.1,0.0,39.6,100,104,11.8,6,-3.9,5.5,0.000,-9.0,0.0,0.0,13.1,0.0,2281,4.69,0.5,12.986,12,0.0,5.1
1071.0,83,311.8,5.1,0.0,39.9,100,104,11.3,6,-3.9,5.3,0.000,-9.0,0.0,0.0,13.2,0.0,2284,4.65,0.7,13.040,12,0.0,5.1
1074.0,83,304.8,5.1,0.0,39.8,100,105,11.3,6,-3.9,5.2,0.000,-8.8,0.0,0.0,13.0,0.0,2277,4.61,0.4,13.040,12,0.0,5.4
1077.0,83,296.8,5.4,0.0,39.6,100,106,11.9,6,-3.9,5.5,0.000,-8.0,0.0,0.0,14.5,0.0,2324,5.29,0.4,12.934,12,0.0,5.7
1080.0,83,289.3,5.8,0.0,39.6,100,106,12.5,6,-3.9,5.9,0.001,-8.0,0.0,0.0,13.7,0.0,2332,5.01,0.4,12.949,12,0.0,5.8
1083.0,83,275.9,5.1,0.0,39.6,100,107,12.0,6,-3.9,5.7,0.000,-8.0,0.0,0.0,13.1,0.0,2337,4.78,0.4,13.040,12,0.0,5.5
1086.0,83,270.9,5.3,0.0,39.4,100,107,11.8,6,-3.9,5.5,0.000,-8.1,0.0,0.0,12.9,0.0,2332,4.78,0.4,13.040,12,0.0,5.5
1089.0,83,264.6,5.3,0.0,39.3,100,106,11.8,6,-3.9,5.5,0.000,-8.5,0.0,0.0,13.3,0.0,2249,4.52,0.4,12.983,12,0.0,5.5
1092.0,83,257.6,5.1,0.0,39.6,100,106,11.8,6,-3.9,5.5,0.001,-8.5,0.0,0.0,13.0,0.0,2280,4.62,0.4,13.000,12,0.0,5.4
1095.0,83,248.0,5.1,0.0,39.2,100,106,11.2,6,-3.9,5.2,0.000,-9.6,0.0,0.0,12.9,0.0,2198,4.52,0.4,13.040,12,0.0,5.0
1098.0,82,239.8,5.1,0.0,39.4,100,104,11.8,6,-3.9,5.1,0.000,-11.0,0.0,0.0,13.2,0.2,2001,4.19,0.4,13.040,12,0.0,4.7
1101.0,82,238.1,5.1,0.0,39.5,100,101,12.5,6,-3.9,5.2,0.132,-9.4,0.0,0.0,14.5,1.2,1850,4.36,1.2,12.961,12,0.3,4.9
1104.0,82,236.9,5.6,0.0,39.2,100,98,12.5,6,-3.9,5.5,0.884,39.0,6.7,10.6,20.1,5.6,1826,6.17,2.5,13.001,12,4.5,6.2
1107.0,82,240.1,7.8,0.0,39.2,100,96,22.0,6,-3.9,7.3,0.967,39.6,7.5,6.4,25.7,7.8,1822,7.28,3.4,13.040,12,10.5,8.0
1110.0,82,247.9,7.2,0.0,38.9,100,96,23.2,6,-3.9,8.0,1.007,40.0,8.8,-1.1,30.9,8.5,1840,8.22,3.8,13.031,12,9.2,7.2
1113.0,82,255.1,10.6,0.0,38.8,100,97,33.1,6,-3.1,9.5,0.999,37.3,10.3,0.0,37.2,10.7,1851,12.89,8.2,12.960,12,24.3,12.9
1116.0,82,267.5,13.4,0.0,38.7,100,98,49.5,6,-1.6,13.7,0.995,24.5,12.9,0.0,56.9,12.9,1886,14.76,8.5,13.015,11,25.8,13.4
1119.0,82,282.3,13.4,0.0,38.4,100,100,50.1,6,-1.6,13.7,0.993,24.9,12.9,1.7,56.1,12.9,1918,14.99,8.4,13.040,11,24.2,12.8
1122.0,82,291.9,11.8,0.0,38.4,100,102,40.0,6,-1.6,8.2,0.998,31.0,10.8,1.1,43.1,11.1,1921,12.37,7.1,13.040,11,19.2,11.1
1125.0,82,297.7,7.2,0.0,38.6,100,101,25.6,6,-2.7,5.3,0.605,19.7,6.6,0.0,25.9,7.3,1885,7.78,4.0,13.040,11,13.3,9.0
1128.0,82,296.1,5.5,5.7,38.8,100,99,12.7,6,-3.9,5.1,0.000,-12.0,1.2,0.0,14.5,1.6,1825,4.25,0.4,13.041,11,4.4,6.7
1131.0,82,290.9,5.7,11.7,38.8,100,98,13.4,6,-3.9,5.1,0.000,-11.5,1.6,0.0,14.5,1.6,1833,4.21,0.4,13.040,11,0.0,5.2
1134.0,82,288.0,5.1,0.0,38.8,100,98,18.0,6,-3.9,6.3,0.612,18.5,4.2,6.9,18.7,1.8,1843,4.34,0.5,13.063,11,0.0,4.7
1137.0,82,287.8,5.1,0.0,38.3,101,98,14.9,6,-3.9,5.9,0.479,21.2,4.3,9.4,20.9,1.5,1842,4.50,0.8,13.112,11,0.0,4.7
1140.0,82,281.4,5.1,0.0,37.7,101,97,12.8,6,-3.9,5.1,0.000,-11.4,0.0,0.0,14.9,0.0,1812,4.18,0.4,13.040,11,0.0,4.7
1143.0,82,272.4,5.1,0.0,37.2,101,93,13.4,6,-3.8,5.1,0.000,-11.0,0.0,0.0,15.7,0.0,1757,4.25,0.4,13.040,11,0.0,4.7
1146.0,82,263.9,5.1,0.0,36.5,101,88,14.1,6,-2.3,5.1,0.000,-10.7,0.5,0.0,16.1,0.0,1688,4.25,0.4,13.040,11,0.0,4.7
1149.0,82,259.9,5.1,0.0,36.2,101,87,15.7,6,-2.3,6.0,0.432,11.3,3.2,2.6,19.7,2.4,1627,5.17,1.2,13.029,11,1.1,4.8
1152.0,82,265.1,9.2,0.0,36.1,101,86,30.1,6,-1.7,8.9,0.921,35.8,8.1,5.2,31.3,8.5,1611,8.62,5.5,12.960,11,18.4,11.0
1155.0,82,276.5,14.4,10.6,36.0,100,87,51.2,6,-0.7,14.1,1.010,22.9,12.9,-2.3,59.2,14.1,1725,15.77,9.0,13.018,11,26.4,13.6
1158.0,82,292.7,19.0,25.4,35.7,100,92,65.9,6,-0.0,20.4,1.005,14.0,16.2,-2.9,73.0,16.5,1855,19.11,13.6,13.040,11,47.0,17.7
1161.0,82,308.2,21.6,0.0,35.3,100,96,69.0,6,0.0,21.2,1.004,14.0,18.1,-2.7,80.4,18.2,1986,22.09,17.3,13.040,11,72.7,21.9
1164.0,83,331.8,22.8,9.9,34.8,100,100,70.9,6,0.0,22.4,1.001,13.4,19.1,-2.1,82.2,19.1,2080,23.76,19.1,13.040,11,85.9,23.5
1167.0,84,346.0,24.0,7.9,34.1,100,104,72.2,6,0.0,23.6,0.998,12.7,19.7,-1.4,82.6,20.0,2138,24.84,20.4,13.040,11,89.1,24.4
1170.0,84,363.4,24.8,3.7,33.6,100,106,72.2,6,0.0,25.1,0.997,14.0,20.4,0.8,81.6,20.4,2211,25.46,20.7,12.993,11,90.2,24.9
1173.0,84,380.2,25.1,4.2,32.9,100,110,71.4,6,-0.0,25.1,0.998,14.9,20.4,1.2,81.2,20.4,2218,25.53,20.8,12.987,11,90.2,25.1
1176.0,86,403.7,25.4,1.2,32.9,100,112,71.4,6,0.0,25.3,0.998,15.5,20.0,1.4,79.9,20.1,2220,25.07,20.5,13.040,11,90.2,25.1
1179.0,87,415.2,24.5,8.4,33.1,100,115,66.7,6,-0.5,22.9,0.996,16.7,18.8,0.9,77.0,19.1,2200,24.22,18.4,13.040,11,84.7,24.0
1182.0,87,427.4,21.8,14.1,33.4,100,116,55.1,6,-1.6,15.3,0.991,25.0,14.9,1.6,61.6,15.3,2200,20.88,14.7,13.040,11,61.6,20.7
1185.0,87,436.0,16.5,0.0,34.1,100,118,21.2,6,-3.9,10.5,0.997,29.0,13.8,-0.1,54.5,14.2,2205,18.49,11.6,13.040,11,33.8,16.6
1188.0,87,442.2,12.0,0.0,34.6,101,118,20.8,6,-3.9,9.0,0.998,33.7,9.4,0.1,39.6,10.2,2206,15.62,9.4,13.040,11,24.7,14.9
1191.0,87,440.8,9.1,0.0,35.2,101,118,19.1,6,-3.9,9.0,0.895,35.6,1.2,4.7,15.3,0.0,2174,4.53,0.4,13.041,11,24.7,11.6
1194.0,87,435.9,7.1,0.0,36.1,101,116,14.1,6,-3.9,5.9,0.001,-9.0,0.0,0.0,15.7,0.0,2144,4.90,0.4,13.040,11,22.2,8.1
1197.0,87,427.6,6.6,0.0,36.3,101,113,14.1,6,-3.9,5.7,0.000,-9.1,0.0,0.0,16.1,0.0,2097,5.29,0.4,13.040,11,0.0,5.9
1200.0,86,418.2,6.9,0.0,36.5,101,108,17.1,6,-3.4,6.4,0.145,-5.8,0.7,0.1,16.3,0.0,1987,5.07,0.4,13.040,11,0.0,5.6
1203.0,86,414.3,9.6,0.0,36.6,101,104,27.6,6,-1.6,10.6,1.013,31.0,11.8,3.9,44.7,10.2,2079,14.05,7.0,13.074,11,16.4,10.2
1206.0,86,421.6,16.1,1.7,36.9,101,106,54.1,6,-1.6,14.7,0.998,24.2,14.2,1.3,59.0,15.0,2084,19.12,12.8,13.074,11,40.4,16.9
1209.0,86,435.9,20.8,41.2,36.3,100,110,63.2,6,-0.6,18.0,0.996,23.8,12.5,0.4,68.5,12.6,2080,15.67,11.9,13.040,11,54.2,20.1
1212.0,86,438.8,16.6,15.6,35.9,101,113,59.5,6,-0.6,17.8,0.997,25.9,10.5,1.0,67.0,8.1,2118,8.08,4.5,13.040,11,18.4,12.5
1215.0,86,444.5,13.4,0.0,35.7,101,114,46.5,6,-1.6,14.4,0.996,26.2,13.3,1.6,54.1,13.7,2162,16.35,9.8,13.040,12,26.5,13.9
1218.0,86,449.7,11.9,0.0,35.6,101,114,32.7,6,-1.9,11.5,0.932,31.9,9.4,2.3,32.5,10.6,2141,11.88,7.5,12.984,12,23.9,13.2
1221.0,86,449.5,9.9,0.0,35.3,101,114,13.2,6,-3.9,5.1,0.000,-11.0,3.7,0.6,18.4,6.9,2129,7.68,3.6,13.000,12,12.0,9.5
1224.0,86,439.9,5.1,0.0,35.7,101,114,11.0,6,-3.9,5.1,0.000,-11.0,1.0,0.0,12.9,3.1,2115,5.18,0.7,13.040,12,0.0,5.0
1227.0,86,429.1,4.8,0.0,35.2,101,111,11.4,6,-3.9,5.1,0.000,-11.4,0.0,0.0,13.0,0.0,2085,4.28,0.4,13.040,12,0.0,4.7
1230.0,86,417.3,4.9,0.0,34.8,101,106,11.8,6,-3.9,5.1,0.000,-12.1,0.0,0.0,13.3,0.0,1987,4.27,0.4,13.040,12,0.0,4.7
1233.0,86,408.0,7.1,1.7,34.5,101,98,11.8,6,-3.9,5.1,0.001,-4.5,10.2,0.0,26.3,7.7,1924,12.09,7.5,12.972,12,23.9,9.9
1236.0,86,407.8,23.1,20.0,34.5,101,101,49.3,6,-1.8,15.0,0.487,3.0,14.6,0.0,51.1,15.5,1974,20.79,16.9,12.898,12,71.6,21.7
1239.0,86,419.6,25.0,11.7,34.3,101,105,72.8,6,-0.2,24.8,0.995,12.5,20.8,0.1,83.4,21.1,2253,26.83,22.0,13.040,12,88.5,27.5
1242.0,86,434.2,25.0,2.6,34.0,101,111,74.5,6,-0.8,26.3,0.997,12.5,20.8,0.8,82.7,20.0,2349,23.68,17.3,13.040,12,72.0,24.2
1245.0,86,448.9,21.0,0.0,33.7,101,114,68.2,6,-0.0,23.9,0.993,14.9,20.5,0.3,82.5,20.2,2356,24.98,16.3,13.040,13,65.3,21.6
1248.0,86,463.7,25.5,0.0,34.0,101,116,69.6,6,-0.4,24.1,0.993,16.2,20.4,0.0,81.6,20.1,2380,26.06,18.4,13.040,14,87.6,24.3
1251.0,86,472.3,23.2,19.8,34.4,101,119,68.4,6,-0.6,24.2,0.996,17.0,20.0,-0.0,79.6,19.2,2436,24.11,14.1,13.040,14,53.2,21.4
1254.0,86,481.9,19.3,34.3,35.0,101,122,62.7,6,-0.0,20.4,0.999,20.5,14.9,-1.6,50.7,14.2,2349,21.07,13.0,13.040,14,45.1,18.5
1257.0,86,488.0,13.7,0.0,36.1,101,122,52.2,6,-1.1,16.1,1.001,24.4,6.3,0.5,30.4,6.3,2289,13.55,8.5,13.040,14,27.9,14.4
1260.0,87,481.9,7.7,2.5,36.1,101,120,35.4,6,-1.6,14.3,0.955,26.5,4.6,3.3,29.9,3.4,2265,6.91,1.9,13.040,14,0.0,5.1
1263.0,87,482.0,15.1,10.5,36.1,101,119,37.0,6,-1.5,16.7,0.899,24.5,14.6,5.3,52.7,13.7,2224,17.37,13.7,13.040,14,44.9,16.6
1266.0,87,487.6,26.2,16.5,36.1,101,120,75.3,6,-0.8,27.8,0.994,13.0,22.4,0.0,84.7,19.4,2435,24.90,19.0,13.040,14,74.1,25.2
1269.0,87,499.9,29.0,3.5,35.7,101,122,73.7,6,-0.8,28.5,0.995,13.5,22.4,0.0,83.9,22.5,2579,30.45,24.2,13.040,14,87.5,29.8
1272.0,87,509.8,29.7,4.5,35.7,101,122,72.9,6,-0.8,25.9,0.996,14.7,22.1,-0.1,82.4,22.6,2575,30.28,25.1,13.040,15,87.7,30.2
1275.0,87,518.7,30.3,3.8,35.7,101,121,73.4,6,-0.8,19.5,0.996,18.0,20.0,-0.8,79.6,20.8,2261,25.70,23.0,12.990,15,88.7,29.8
1278.0,87,525.4,30.7,0.0,35.7,101,116,76.1,6,-0.8,31.8,0.999,14.5,22.6,-0.3,82.3,22.9,2434,28.25,24.0,12.992,15,88.8,30.3
1281.0,87,535.7,32.2,0.0,35.7,101,113,75.1,6,-0.8,31.6,0.998,13.2,23.9,0.3,83.6,24.3,2574,30.69,26.8,13.040,15,87.5,32.5
1284.0,87,540.5,32.8,0.0,35.7,101,111,74.8,6,-0.8,32.0,1.000,13.5,24.1,0.8,83.2,24.4,2600,30.92,27.1,13.040,15,87.4,32.5
1287.0,87,547.5,34.1,1.2,35.8,101,110,75.3,6,-0.8,33.7,1.008,13.5,25.9,0.8,85.1,25.9,2635,31.57,28.8,12.992,15,87.1,34.4
1290.0,87,556.1,36.5,5.2,36.1,101,110,75.3,6,-0.8,34.9,1.004,13.5,26.1,0.8,85.3,26.3,2637,31.95,30.1,12.986,15,86.5,36.5
1293.0,87,563.7,35.9,1.4,36.4,101,110,74.4,6,-0.8,31.7,1.001,13.1,25.0,0.3,85.4,25.8,2588,31.47,29.8,13.040,15,85.9,36.5
1296.0,87,568.6,33.6,0.0,36.3,101,111,74.0,6,-0.8,29.8,0.998,12.7,23.0,-0.7,85.1,23.6,2428,29.09,24.7,13.040,15,87.7,31.9
1299.0,87,573.3,32.5,0.0,36.0,101,113,74.5,6,-0.8,34.1,0.996,13.5,25.5,0.8,84.7,25.9,2636,31.13,27.4,13.040,15,87.2,32.3
1302.0,87,576.4,34.0,0.0,35.7,101,116,74.5,6,-0.8,32.9,0.999,14.2,24.5,1.3,83.8,24.6,2637,31.03,27.3,13.040,15,86.9,32.9
1305.0,87,583.7,24.7,13.6,35.7,100,119,72.7,6,-0.4,29.9,0.997,14.5,22.9,1.6,82.5,22.9,2547,29.21,24.3,13.040,15,88.6,28.1
1308.0,87,584.0,26.6,8.3,35.7,100,120,72.4,6,-0.2,27.3,0.994,14.2,21.4,1.5,81.4,21.7,2300,26.43,22.4,13.040,15,89.3,26.7
1311.0,87,585.2,28.7,1.3,35.6,100,120,74.3,6,-0.8,29.4,0.995,12.5,23.1,0.8,84.3,23.5,2487,28.95,24.3,13.040,16,88.6,28.4
1314.0,87,588.2,29.8,5.2,35.3,101,120,72.9,6,-0.8,26.9,1.003,13.7,22.0,0.8,82.3,22.4,2442,28.52,24.0,13.040,16,88.3,29.3
1317.0,87,591.6,26.7,1.5,35.3,100,121,72.9,6,-0.4,26.4,1.009,14.5,21.5,0.1,81.0,21.4,2334,26.59,21.3,13.035,16,89.8,26.3
1320.0,87,594.1,27.4,0.0,35.1,100,124,72.7,6,-0.2,27.4,1.009,14.6,22.0,-1.5,82.6,22.0,2462,28.33,22.4,12.960,16,88.9,27.1
1323.0,87,596.0,28.9,0.6,34.9,101,128,72.2,6,-0.8,28.6,0.996,15.5,22.4,0.0,80.8,22.7,2555,29.21,23.2,12.960,16,88.4,29.0
1326.0,87,596.0,31.4,3.5,35.3,101,132,72.2,6,-0.8,30.5,0.998,16.4,22.4,0.0,76.8,20.7,2584,28.17,22.1,12.982,16,84.1,29.5
1329.0,87,598.9,25.0,1.2,35.3,101,134,66.5,6,-0.8,27.7,0.998,18.8,21.1,0.0,72.2,18.3,2572,25.71,18.3,13.042,16,68.6,22.7
1332.0,87,598.1,21.8,0.0,35.4,101,137,61.0,6,-0.8,22.2,0.996,22.5,18.0,0.0,70.2,18.0,2611,25.38,16.9,13.120,16,22.6,22.5
1335.0,87,596.0,20.9,0.0,35.7,101,138,59.1,6,-0.8,21.2,0.997,23.5,17.3,0.0,67.9,17.7,2621,25.17,16.5,13.078,16,0.0,22.4
1338.0,87,595.7,18.4,0.0,35.7,101,138,21.2,6,0.4,10.2,0.295,26.9,13.6,0.4,50.0,15.5,2601,21.73,14.3,13.040,16,0.0,21.1
1341.0,86,587.6,20.4,0.0,36.0,101,136,45.4,6,-0.4,14.1,0.446,26.5,12.7,0.3,42.2,14.0,2564,17.10,11.0,13.040,16,0.0,16.5
1344.0,86,585.8,13.1,0.0,36.1,101,132,49.1,6,-1.6,21.1,1.004,22.1,16.1,-0.9,62.1,16.1,2525,15.25,11.4,13.040,16,11.3,12.5
1347.0,86,584.0,12.4,0.0,36.1,101,129,31.5,6,-1.5,16.8,1.009,23.0,16.5,-2.3,68.2,17.7,2447,22.28,16.4,12.992,16,54.1,18.0
1350.0,86,584.0,25.5,0.0,36.1,101,126,71.4,6,-0.8,25.1,1.001,23.3,11.0,0.6,40.5,7.5,2355,14.63,11.7,12.960,16,69.6,22.3
1353.0,86,583.8,16.1,0.0,35.8,101,122,64.1,6,-1.3,23.1,1.007,20.3,13.7,0.5,45.1,7.5,2316,11.42,6.0,12.960,16,28.6,15.4
1356.0,86,584.0,20.7,0.0,35.3,101,120,63.3,6,-1.0,19.0,1.007,20.8,19.0,-2.1,75.4,20.4,2342,26.79,22.4,12.960,16,78.4,23.1
1359.0,86,582.4,23.4,0.0,35.0,101,120,67.6,6,0.0,14.6,0.993,36.5,9.8,-0.8,34.1,11.0,2249,13.31,12.0,13.016,16,59.1,21.0
1362.0,86,580.7,22.0,0.0,35.3,101,120,68.2,6,-0.0,24.3,1.010,20.8,17.6,-1.4,65.6,17.4,2310,20.86,14.5,13.040,16,60.6,21.2
1365.0,86,584.0,20.0,0.0,35.3,101,123,54.7,6,-1.1,21.0,1.002,19.4,18.7,-0.8,70.2,16.4,2335,22.79,17.1,13.040,16,78.0,23.4
1368.0,86,581.0,18.5,12.8,35.3,101,123,61.3,6,-0.9,21.0,1.001,20.5,18.0,-0.2,63.3,12.9,2312,17.00,10.1,13.040,16,29.8,14.5
1371.0,86,582.2,21.0,14.8,35.3,101,122,63.9,6,-0.4,22.9,1.007,17.5,19.5,-0.8,77.6,20.0,2312,25.21,19.6,13.040,16,70.3,21.1
1374.0,86,584.0,23.0,15.2,35.3,101,122,53.2,6,-1.6,20.4,1.000,18.0,18.8,-0.8,76.5,19.1,2312,24.88,18.9,13.040,16,76.3,23.2
1377.0,86,583.6,20.2,25.1,35.3,101,124,46.3,6,-1.6,10.7,0.997,8.9,6.1,-0.3,37.8,13.0,2305,16.60,13.7,13.040,16,54.9,20.0
1380.0,86,579.8,12.9,0.0,35.6,101,124,48.9,6,-1.6,14.1,1.000,13.5,0.0,0.3,16.3,5.8,2300,7.92,6.0,13.040,16,23.6,13.2
1383.0,86,572.5,10.2,0.0,35.9,101,123,49.0,6,-1.6,17.5,1.006,23.9,2.4,1.0,23.6,1.2,2307,5.43,0.8,13.040,16,0.0,5.5
1386.0,86,566.5,10.8,8.2,36.2,101,122,43.5,6,-1.7,16.1,1.003,25.5,14.9,2.3,52.2,13.3,2424,16.59,6.6,13.078,16,15.9,10.1
1389.0,86,563.5,17.0,29.2,36.5,101,120,15.7,6,-3.9,5.5,0.001,1.3,10.6,0.9,32.2,12.8,2297,15.85,9.5,13.107,16,35.6,15.9
1392.0,86,559.8,22.0,0.0,36.2,101,117,49.7,6,-1.6,15.3,0.541,2.2,12.7,-0.6,38.9,15.0,2230,17.94,12.2,13.106,16,52.5,20.1
1395.0,86,562.5,23.1,0.0,35.9,101,117,69.0,6,0.0,23.3,1.008,17.4,19.7,-1.4,78.4,20.4,2335,25.85,19.6,13.040,17,86.2,23.9
1398.0,86,565.5,23.8,0.0,35.7,101,118,68.9,6,0.0,23.8,0.997,17.0,20.0,0.0,78.0,20.0,2286,25.47,19.6,12.929,17,85.9,23.9
1401.0,86,567.4,22.2,0.0,35.7,101,120,68.2,6,-0.0,23.1,0.998,19.2,17.9,0.5,72.3,18.4,2287,24.15,17.7,12.955,17,60.6,19.5
1404.0,86,563.9,12.5,0.0,35.3,101,120,48.9,6,-1.0,17.0,0.993,24.4,14.3,1.8,57.1,15.0,2262,19.70,13.4,13.022,17,12.4,9.4
1407.0,86,561.2,9.6,0.0,35.5,101,118,42.9,6,-1.6,14.0,0.998,27.8,11.8,2.4,41.7,11.5,2212,12.74,6.8,12.960,16,14.1,9.0
1410.0,86,560.0,13.9,0.0,35.7,101,115,51.5,6,-1.3,17.0,1.011,24.1,15.1,-0.8,60.0,14.9,2212,18.77,11.0,13.083,16,29.6,15.0
1413.0,86,560.9,21.6,0.0,35.7,101,114,68.2,6,-0.0,23.5,1.005,17.0,20.0,0.0,72.9,18.3,2244,22.65,15.8,13.077,16,59.5,21.0
1416.0,86,564.0,23.1,0.0,35.3,101,116,68.8,6,0.0,23.5,1.003,16.7,20.0,0.4,77.7,20.0,2252,24.97,19.6,13.040,16,87.0,24.3
1419.0,86,567.6,24.0,4.9,35.3,101,116,69.4,6,0.0,24.0,1.001,16.0,20.0,1.0,77.3,20.1,2235,24.76,19.5,13.040,17,88.2,24.3
1422.0,86,568.0,23.5,3.6,35.3,101,116,68.4,6,0.0,23.9,1.000,15.4,19.8,1.5,78.2,20.3,2224,23.90,17.6,13.040,17,71.7,22.9
1425.0,86,568.0,21.8,0.0,35.3,101,116,65.7,6,0.0,21.6,0.998,17.5,18.4,0.8,75.7,18.4,2199,23.42,17.6,13.040,17,65.6,22.0
1428.0,86,568.6,20.3,0.0,35.3,101,116,64.3,6,-0.0,21.6,1.000,17.9,18.9,0.8,75.7,18.9,2207,23.54,18.1,13.040,17,70.5,22.2
1431.0,86,571.9,22.7,0.0,34.9,101,116,66.1,6,0.0,22.3,0.999,16.7,19.2,0.0,75.9,19.2,2212,23.88,18.6,13.040,17,79.2,23.3
1434.0,86,572.0,22.5,8.5,34.9,101,116,67.1,6,0.0,23.0,0.999,15.3,19.3,-0.2,76.6,19.2,2214,23.99,18.1,13.040,17,62.0,22.0
1437.0,86,574.1,23.3,7.2,34.9,101,117,68.9,6,0.0,24.0,0.999,15.1,19.5,1.5,77.9,19.2,2225,23.83,19.2,13.040,17,17.1,23.3
1440.0,86,576.0,22.9,0.0,35.0,101,118,69.9,6,-0.1,25.8,1.003,16.0,18.4,-0.8,72.5,17.7,2234,22.56,18.0,13.040,17,0.0,22.9
1443.0,86,576.0,19.5,0.0,35.3,101,118,51.0,6,-1.6,16.1,0.996,19.9,17.0,1.0,69.2,16.9,2237,21.85,16.1,13.040,17,0.0,21.3
1446.0,86,575.7,18.8,0.0,35.3,101,118,55.1,6,-1.6,17.2,0.997,22.0,16.2,2.1,66.8,16.5,2243,21.61,14.5,13.030,17,0.0,19.2
1449.0,86,573.9,18.1,0.0,35.3,101,119,58.9,6,-1.6,18.8,1.001,21.4,16.5,1.4,66.3,16.4,2262,21.78,14.5,12.960,17,17.7,18.1
1452.0,86,572.0,17.8,8.9,35.3,101,120,61.2,6,-1.6,20.0,1.006,18.0,16.9,-0.8,46.3,11.8,2254,17.48,11.2,13.051,17,28.1,17.2
1455.0,86,571.9,20.0,52.5,34.9,101,120,64.0,6,-1.6,21.3,1.002,17.7,17.7,-0.8,60.0,14.8,2265,18.33,11.8,13.097,17,38.5,17.1
1458.0,86,575.0,22.5,37.1,34.9,101,120,65.9,6,-0.9,22.3,0.999,17.8,18.6,-0.8,76.2,18.9,2287,24.15,18.0,13.040,17,74.9,23.1
1461.0,86,576.0,23.1,32.7,34.7,101,120,66.1,6,0.0,22.6,1.000,18.4,19.2,-0.8,76.5,19.2,2287,24.84,18.4,13.040,17,75.5,22.6
1464.0,86,576.0,21.5,36.0,34.5,101,120,64.0,6,-0.0,22.0,1.013,17.5,18.8,-0.2,75.6,18.9,2278,24.29,18.2,12.945,17,70.5,22.2
1467.0,86,576.0,18.3,35.4,34.5,101,118,58.8,6,-1.3,16.7,1.004,23.1,15.6,0.5,62.1,16.2,2249,20.76,15.6,12.941,17,62.6,21.8
1470.0,86,575.8,22.7,21.0,34.5,101,118,65.3,6,-0.6,19.6,1.002,22.4,16.2,0.5,61.9,16.1,2237,19.14,13.6,13.040,17,57.8,21.3
1473.0,86,576.0,20.3,8.6,34.5,101,119,60.9,6,-0.7,21.1,1.001,19.6,18.4,0.0,75.3,19.5,2265,24.35,18.8,13.040,17,78.4,23.5
1476.0,86,576.0,21.0,6.8,34.5,101,121,56.4,6,-1.3,18.5,0.998,22.3,16.1,0.0,70.2,19.2,2286,24.65,19.2,12.980,17,83.7,23.8
1479.0,86,577.1,24.5,15.3,34.4,101,122,69.2,6,-0.0,23.9,0.997,17.5,20.0,0.6,76.0,20.1,2304,25.32,19.6,12.960,17,87.9,24.4
1482.0,86,580.1,26.3,7.0,33.7,101,122,72.2,6,0.0,25.9,1.000,15.4,21.1,-0.1,80.6,21.2,2373,26.83,20.7,12.960,17,89.5,24.6
1485.0,86,583.5,19.5,2.5,33.5,101,122,65.6,6,-0.7,23.5,1.001,15.6,20.6,-0.4,80.2,21.0,2424,27.86,22.2,12.960,17,88.2,22.0
1488.0,86,584.0,18.0,0.0,33.4,101,122,60.6,6,-1.4,19.5,1.000,19.0,17.3,0.8,71.4,17.6,2299,23.08,16.1,13.081,17,63.8,20.7
1491.0,86,584.0,21.3,1.4,33.7,101,120,64.3,6,-0.0,21.6,1.004,19.5,18.4,0.3,72.6,18.1,2286,23.35,16.9,13.044,17,59.5,21.0
1494.0,86,583.8,24.7,14.0,33.7,101,120,68.8,6,0.0,24.2,1.000,17.2,19.8,0.3,76.5,19.5,2304,24.66,18.6,12.974,17,72.2,22.8
1497.0,86,584.0,25.8,9.4,33.7,101,120,71.7,6,0.0,26.7,0.995,14.1,21.9,0.7,82.7,22.0,2377,27.86,22.4,13.040,17,89.3,26.3
1500.0,86,585.4,26.8,4.7,33.7,101,120,72.2,6,-0.1,26.7,0.997,14.5,21.6,0.0,82.4,21.6,2436,27.95,22.1,13.040,17,88.7,26.7
1503.0,86,588.6,26.9,3.2,33.7,101,122,72.2,6,-0.8,25.9,1.001,15.2,21.3,0.0,81.4,21.4,2394,27.34,21.3,13.040,17,88.8,26.3
1506.0,86,591.9,25.1,0.0,33.3,100,125,71.1,6,-0.3,25.4,1.001,15.7,20.8,-0.7,80.3,21.0,2382,26.91,20.6,13.040,17,89.6,24.9
1509.0,86,592.0,26.7,0.0,33.3,101,128,71.3,6,-0.3,25.8,1.000,16.1,20.7,-0.9,79.8,20.9,2432,27.25,21.2,13.040,17,88.2,27.1
1512.0,86,593.9,27.3,0.0,33.0,101,129,69.0,6,-0.9,25.6,0.999,16.9,21.5,1.6,80.8,21.6,2487,28.20,22.0,13.040,17,88.2,27.4
1515.0,86,596.0,26.0,7.7,32.6,101,127,58.6,6,-1.6,15.7,1.000,25.5,15.3,1.6,65.4,16.6,2389,21.36,16.9,13.040,17,71.9,24.4
1518.0,86,595.8,22.4,38.4,33.3,101,122,67.5,6,-0.0,21.3,1.004,18.6,17.7,0.7,65.8,15.5,2326,18.43,12.4,13.040,17,53.3,20.6
1521.0,86,591.7,21.6,0.0,33.3,101,121,66.6,6,0.0,22.0,1.007,16.6,18.1,0.0,69.1,16.2,2294,19.30,11.6,13.020,17,54.9,21.2
1524.0,86,592.0,20.2,4.3,33.1,101,120,56.6,6,-0.4,20.0,1.008,19.3,16.1,0.1,66.3,16.5,2275,21.26,14.9,12.880,17,47.5,19.8
1527.0,86,592.0,20.0,15.2,32.9,101,120,39.5,6,-1.5,16.9,0.997,22.0,16.5,1.6,66.7,17.1,2275,21.82,15.1,12.968,17,51.4,20.5
1530.0,86,592.0,23.5,36.0,32.9,101,122,68.2,6,-0.0,23.9,0.998,19.3,18.5,0.7,72.6,18.6,2299,23.44,16.6,13.016,17,61.5,22.4
1533.0,86,592.0,23.8,16.5,32.9,100,123,68.2,6,0.0,23.9,0.999,17.5,20.0,-0.2,78.0,20.0,2330,25.35,19.2,12.965,17,82.4,23.9
1536.0,86,592.0,23.9,12.2,33.1,100,124,67.7,6,0.0,22.3,1.001,18.6,19.4,-0.7,76.7,19.8,2350,25.48,19.2,13.040,17,84.7,23.9
1539.0,86,592.0,19.6,11.3,33.4,100,124,62.4,6,-0.0,16.5,0.999,25.5,14.5,0.8,55.7,14.9,2349,21.04,14.8,13.040,17,63.0,21.5
1542.0,86,591.5,7.6,0.0,33.7,101,124,12.5,6,-3.0,8.2,1.082,27.7,10.3,4.4,38.0,13.6,2313,17.29,10.9,13.040,17,30.3,17.8
1545.0,86,579.8,13.7,0.0,34.0,101,123,17.6,6,-3.9,5.5,1.060,31.3,8.2,4.2,24.8,11.8,2278,14.29,8.9,13.020,17,0.0,14.1
1548.0,86,577.4,12.1,0.0,34.3,101,123,30.6,6,-3.0,9.9,1.001,31.5,10.8,-1.1,32.8,10.9,2293,11.79,6.3,12.880,17,0.0,12.9
1551.0,86,576.0,9.0,0.0,34.4,101,124,38.9,6,-1.9,16.4,0.997,20.1,17.6,-3.1,73.3,17.6,2386,23.41,5.7,12.996,17,11.2,12.1
1554.0,86,575.1,6.3,0.0,34.1,101,122,11.8,6,-3.9,6.7,0.884,37.0,14.1,5.1,56.3,15.6,2353,20.19,8.1,13.040,17,27.2,13.5
1557.0,86,567.7,16.1,0.0,34.4,101,121,42.7,6,-2.6,13.6,0.942,30.6,12.2,7.3,43.5,12.9,2299,15.73,10.5,13.050,17,44.6,18.8
1560.0,86,565.7,16.9,0.0,34.5,101,119,61.6,6,-1.6,18.0,1.001,19.3,11.4,1.5,39.4,9.9,2225,10.83,7.8,13.120,18,33.7,17.1
1563.0,86,564.0,17.2,6.5,34.4,101,118,59.7,6,-1.6,13.4,0.999,6.0,5.5,0.8,19.2,13.3,2186,15.03,3.5,13.021,17,35.2,16.9
1566.0,86,564.5,16.7,23.8,34.1,101,116,60.4,6,-1.6,21.2,0.998,15.1,13.8,-0.7,51.9,16.6,2261,21.00,8.6,12.991,17,50.2,19.1
1569.0,86,567.9,23.5,7.0,33.5,101,117,66.0,6,-0.7,21.6,0.995,18.4,18.9,-1.0,75.7,19.6,2321,25.58,19.4,13.040,17,83.4,24.0
1572.0,86,570.4,25.7,3.4,33.1,101,118,64.5,6,-0.5,21.0,0.993,18.6,18.7,0.3,75.6,19.9,2308,26.41,22.0,13.040,17,88.2,26.7
1575.0,86,572.0,26.8,2.9,32.8,99,118,58.5,6,-1.5,18.6,0.995,27.0,13.3,3.1,50.2,12.2,2186,15.87,14.4,12.989,16,83.5,25.1
1578.0,86,572.1,24.7,13.0,31.8,81,116,72.8,6,-0.0,26.7,1.003,20.8,17.1,1.1,63.3,16.0,2288,17.61,14.2,12.982,16,80.7,23.5
1581.0,86,579.1,25.3,6.6,31.8,85,117,72.9,6,0.0,26.8,1.011,13.5,22.0,-1.6,83.5,22.4,2474,28.91,22.7,13.041,17,87.4,23.5
1584.0,86,580.4,25.7,0.0,31.8,101,120,72.9,6,-0.0,27.5,1.005,13.5,22.0,-1.1,83.5,22.4,2468,28.68,22.7,13.040,17,87.6,24.5
1587.0,86,583.8,23.1,0.0,32.1,101,121,68.7,6,0.0,26.5,1.005,13.5,22.2,-0.8,83.6,22.5,2452,28.48,22.8,13.040,17,87.8,27.8
1590.0,86,584.0,25.2,10.5,32.3,101,123,66.7,6,0.0,25.4,1.005,14.0,22.2,-0.9,83.8,22.6,2424,28.61,23.5,13.040,17,87.8,28.7
1593.0,86,585.4,26.4,13.6,32.5,101,124,68.5,6,0.0,25.1,1.009,16.0,20.8,-1.6,82.7,21.2,2361,27.20,22.0,12.991,17,88.2,27.5
1596.0,86,588.0,25.9,0.0,32.5,101,124,71.4,6,-0.0,25.1,0.998,17.3,19.6,-0.7,80.2,20.8,2350,26.01,20.2,13.016,17,88.9,26.0
1599.0,86,587.7,25.1,8.8,32.8,101,124,70.5,6,0.0,24.1,0.998,17.6,18.8,-0.3,76.1,19.5,2340,24.56,17.9,13.113,17,89.8,26.3
1602.0,86,588.0,23.3,28.8,32.9,101,124,68.9,6,0.0,23.2,1.000,17.0,18.9,-0.9,71.9,17.1,2350,21.91,14.5,13.040,17,55.0,21.5
1605.0,86,589.7,19.9,42.4,33.0,101,124,67.3,6,0.0,23.4,1.010,17.0,19.2,-1.6,76.9,19.6,2361,25.51,17.1,13.040,17,61.5,21.8
1608.0,86,592.0,17.1,36.4,33.3,101,124,66.7,6,-0.0,22.4,1.005,20.0,19.2,-1.6,76.9,19.6,2362,25.29,16.7,13.040,17,60.3,21.4
1611.0,86,591.7,18.0,25.2,33.3,101,124,54.7,6,-1.1,15.0,0.996,29.4,14.0,-0.8,54.1,15.0,2336,19.13,12.3,13.056,17,37.8,17.2
1614.0,86,583.7,13.5,7.6,33.6,101,123,43.7,6,-1.6,11.7,0.993,34.5,10.3,0.9,32.7,10.0,2293,10.73,5.3,13.097,17,16.9,11.0
1617.0,86,581.8,10.0,0.0,33.9,101,121,33.0,6,-1.6,11.5,0.999,26.8,11.1,2.9,42.7,12.1,2262,14.64,8.2,13.040,17,21.5,12.1
1620.0,86,578.7,11.1,7.3,34.1,101,118,28.0,6,-1.5,9.0,1.001,7.0,0.0,0.0,13.7,1.6,2197,7.44,5.7,13.040,17,24.7,13.3
1623.0,86,576.0,18.3,30.8,34.1,101,118,65.9,6,-0.0,22.4,1.005,14.7,11.3,-0.5,47.8,10.6,2239,14.06,7.8,13.040,17,28.2,14.5
1626.0,86,575.8,15.7,40.3,33.5,101,121,47.5,6,-0.9,18.9,1.001,20.3,18.2,-0.5,75.0,18.9,2314,24.61,14.6,13.040,17,35.4,15.8
1629.0,86,576.0,22.7,19.5,33.5,101,123,51.4,6,-1.3,19.9,0.997,20.6,18.7,0.0,76.9,20.3,2365,26.65,22.4,13.040,16,87.8,27.5
1632.0,86,577.5,27.8,0.0,33.7,101,124,73.1,6,-0.8,28.0,0.998,15.5,22.0,0.0,82.0,22.4,2536,29.57,22.7,13.040,16,87.6,27.9
1635.0,86,581.1,28.2,0.1,33.7,101,124,74.5,6,-0.8,31.8,0.996,14.5,23.4,0.0,83.1,23.4,2646,31.07,24.6,13.040,16,87.0,29.3
1638.0,86,587.8,31.0,1.8,33.7,101,124,69.1,6,-0.8,27.1,0.993,16.0,22.3,0.3,81.7,22.9,2646,30.95,25.6,13.040,16,86.0,32.5
1641.0,86,588.0,25.7,0.7,33.7,101,124,65.2,6,-0.8,23.0,0.993,18.6,19.2,0.6,77.2,19.5,2361,24.81,18.7,13.040,16,89.4,26.1
1644.0,86,588.0,21.7,12.4,33.4,101,123,64.1,6,-1.0,22.5,0.999,19.1,19.1,0.0,76.8,18.8,2350,15.51,11.4,13.040,16,65.0,22.3
1647.0,86,588.0,21.5,25.0,32.9,101,122,63.7,6,-1.6,21.6,0.998,20.5,18.0,0.8,71.8,18.2,2350,21.21,15.5,13.040,16,28.7,22.8
1650.0,86,588.2,25.6,0.0,32.9,101,122,70.6,6,-0.4,25.7,0.997,15.6,20.4,-0.1,78.5,20.2,2378,26.02,20.5,13.014,16,0.0,26.4
1653.0,86,591.7,30.6,0.0,33.2,101,122,71.9,6,-0.4,24.1,0.995,15.5,20.5,-0.5,80.9,20.9,2386,26.99,23.2,12.976,16,0.0,30.2
1656.0,86,592.0,21.0,8.8,33.6,101,121,69.2,6,-1.0,19.7,0.995,20.6,17.7,0.2,73.1,16.5,2287,20.22,16.1,13.120,16,0.0,24.0
1659.0,86,591.0,11.9,14.5,34.1,101,120,60.4,6,-1.6,17.3,1.000,24.0,15.3,2.3,68.6,17.3,2279,19.16,14.5,13.120,16,23.4,18.5
1662.0,86,588.0,12.2,0.0,34.1,101,118,37.2,6,-1.6,11.4,0.991,21.4,16.4,-0.4,71.2,17.8,2260,20.39,14.6,13.097,16,57.6,16.2
1665.0,86,583.6,18.7,16.3,33.9,101,118,48.7,6,-0.9,15.8,0.990,17.5,18.9,-2.4,76.5,19.2,2265,24.26,18.1,13.038,17,74.1,23.9
1668.0,86,585.7,26.7,15.2,33.6,101,118,70.6,6,-0.1,27.3,0.998,12.5,23.5,0.0,85.9,23.9,2461,29.73,26.7,12.961,17,81.1,29.1
1671.0,86,589.0,33.9,0.0,33.3,101,120,74.5,6,-0.8,34.5,1.002,13.9,24.5,1.0,85.0,24.3,2615,31.48,26.7,12.991,17,86.4,32.8
1674.0,86,595.8,31.8,0.0,32.8,101,121,73.5,6,-0.8,32.9,1.002,14.9,24.5,1.3,83.6,24.4,2749,32.94,26.3,13.040,17,86.7,31.4
1677.0,86,596.0,29.6,5.7,32.7,101,123,72.4,6,-0.8,29.9,1.001,15.4,23.2,0.7,82.0,23.4,2709,31.63,24.7,13.040,17,87.7,29.4
1680.0,86,597.4,27.5,10.5,33.1,101,123,71.5,6,-0.7,25.9,1.003,15.0,21.6,0.0,82.7,21.6,2349,28.19,22.8,13.093,17,88.0,27.7
1683.0,86,600.0,25.8,9.4,33.7,101,120,72.2,6,-0.0,26.7,0.998,15.3,21.3,0.0,81.8,21.4,2310,26.35,18.7,13.086,17,74.9,26.6
1686.0,86,599.8,18.4,15.8,33.7,101,117,62.7,6,0.0,22.7,0.999,17.1,19.6,0.0,77.0,19.9,2244,24.64,15.7,13.040,17,47.4,26.1
1689.0,86,597.5,10.8,6.7,33.9,101,115,43.0,6,-0.6,16.3,1.001,20.4,17.0,-0.4,69.4,17.1,2164,21.70,18.8,13.040,17,78.8,23.5
1692.0,86,594.3,14.2,0.0,34.1,101,113,35.3,6,-1.3,12.7,1.000,25.0,16.1,-2.3,67.1,15.7,2075,19.86,17.1,13.040,17,81.2,23.7
1695.0,87,592.8,28.3,0.0,34.1,101,110,75.3,6,-0.0,30.6,0.986,11.0,22.3,0.5,80.5,21.4,2299,25.51,21.5,13.040,17,84.0,26.7
1698.0,87,595.9,32.5,0.0,33.7,101,114,74.2,6,-0.5,31.4,0.994,12.8,23.7,0.9,86.0,24.0,2435,29.07,25.9,13.040,17,86.4,32.0
1701.0,87,596.0,21.4,0.0,33.3,101,116,58.6,6,-1.1,26.3,0.999,16.8,21.5,0.4,81.8,22.9,2434,28.70,24.7,13.040,17,87.5,29.8
1704.0,87,596.0,20.4,0.9,32.7,101,119,47.5,6,-1.3,17.6,0.996,24.4,14.9,2.3,60.0,18.0,2262,23.31,20.8,13.040,17,88.7,27.9
1707.0,87,596.0,26.2,4.5,32.2,101,122,72.9,6,-0.0,27.1,1.001,14.0,20.1,0.7,75.6,20.9,2387,26.57,20.0,13.040,17,73.5,23.9
1710.0,87,595.8,19.6,18.2,31.4,101,126,66.2,6,-0.9,23.5,1.003,16.4,20.0,-0.7,78.5,21.4,2454,27.98,20.0,13.040,17,50.2,19.2
1713.0,87,596.0,23.1,14.2,31.0,101,129,67.1,6,-1.4,23.3,1.003,17.8,18.5,-1.3,73.2,19.8,2437,25.77,18.4,13.040,17,73.3,23.5
1716.0,87,597.4,26.4,12.6,30.4,101,131,73.2,6,-0.8,29.5,0.998,13.0,23.1,0.8,83.5,25.5,2600,30.25,25.1,13.040,16,80.5,28.4
1719.0,87,600.0,27.3,17.3,29.8,101,134,70.6,6,-0.8,25.9,0.998,17.2,20.5,0.8,78.3,21.7,2573,28.83,22.9,13.040,16,67.0,27.0
1722.0,87,599.9,15.3,54.2,29.2,101,133,57.0,6,-1.3,22.2,1.001,20.4,18.5,0.1,73.4,18.6,2513,25.70,16.1,13.040,16,32.3,15.3
1725.0,87,597.2,19.2,58.8,28.6,101,131,38.6,6,-1.6,17.1,1.004,24.1,16.4,-0.5,65.9,16.9,2480,23.40,15.8,13.040,16,56.9,21.2
1728.0,87,594.2,14.7,36.4,28.5,101,129,23.8,6,-1.6,13.0,1.005,29.3,12.5,0.8,43.9,12.5,2424,15.52,7.8,13.040,16,37.4,16.5
1731.0,87,591.1,8.8,0.0,29.1,101,126,25.1,6,-1.6,14.1,1.009,24.0,15.7,-2.2,59.9,15.2,2409,20.04,12.9,13.040,16,41.7,14.9
1734.0,86,588.0,19.6,0.0,29.8,101,126,25.1,6,-1.6,18.8,1.012,21.6,18.2,-2.7,72.7,18.3,2395,24.72,18.6,13.040,16,71.0,19.2
1737.0,86,588.0,25.8,0.0,30.6,101,126,53.8,6,-1.2,21.4,1.008,24.3,12.6,-0.8,61.3,15.7,2379,23.54,19.5,13.040,16,88.0,27.1
1740.0,86,588.0,28.6,0.4,31.4,101,126,73.5,6,-0.8,21.3,0.997,28.8,3.3,2.2,23.3,3.8,2352,6.79,9.8,13.040,16,65.5,11.0
1743.0,86,588.0,29.8,0.6,31.9,101,126,75.3,6,-0.8,20.6,0.986,20.5,18.0,1.6,74.9,18.4,2386,25.35,15.6,13.040,17,76.6,16.0
1746.0,86,588.6,29.8,0.0,32.2,101,128,75.3,6,-0.8,36.5,0.992,16.4,24.5,1.1,82.4,24.1,2678,30.92,23.7,13.040,17,84.4,27.4
1749.0,86,591.9,23.9,0.0,32.2,101,130,63.6,6,-0.8,26.2,1.005,18.2,22.6,0.0,80.9,23.8,2743,32.30,26.7,13.040,17,74.3,33.9
1752.0,86,592.0,21.7,0.0,32.6,102,131,61.7,6,-0.8,20.8,1.008,21.3,18.3,-0.6,74.0,18.6,2502,25.01,15.8,13.040,17,0.0,20.0
1755.0,86,592.0,21.4,1.7,32.9,102,133,54.8,6,-1.0,21.7,1.002,21.9,18.1,-0.1,72.8,18.1,2512,25.00,16.9,13.040,17,0.0,21.4
1758.0,86,592.0,22.1,26.6,33.0,102,134,40.9,6,-1.6,20.8,1.005,21.0,19.2,-1.6,78.0,20.4,2521,26.88,19.2,12.995,17,0.0,23.6
1761.0,86,592.0,22.4,98.2,33.3,101,132,59.6,6,-1.6,18.6,0.998,22.8,17.4,-0.3,71.1,19.0,2504,26.30,19.1,12.984,17,11.2,24.6
1764.0,86,591.7,12.9,33.2,33.0,101,130,59.2,6,-1.6,19.3,0.999,22.7,16.9,0.0,67.2,17.6,2467,23.92,15.9,13.033,16,51.2,20.8
1767.0,86,592.0,16.9,24.8,33.1,101,128,62.9,6,-1.4,22.6,1.003,19.4,18.9,-1.4,75.6,18.6,2438,25.42,17.6,12.960,16,68.6,22.0
1770.0,86,592.0,24.4,27.8,33.2,101,128,70.9,6,-0.8,26.8,1.000,13.5,22.0,0.0,83.1,22.4,2461,27.61,21.0,13.012,16,79.5,25.3
1773.0,86,592.6,28.5,0.8,32.9,101,128,72.9,6,-0.8,29.0,0.998,14.2,22.8,0.5,82.7,23.1,2570,29.85,24.2,13.040,16,87.4,29.0
1776.0,86,595.9,31.0,0.8,32.5,101,128,72.9,6,-0.8,27.9,0.997,15.4,21.7,0.8,81.1,22.4,2568,29.68,24.8,13.040,16,86.8,31.0
1779.0,86,598.7,30.8,0.3,32.3,101,127,73.2,6,-0.8,28.4,0.995,16.3,20.7,1.0,79.5,20.7,2431,26.80,21.2,13.040,15,87.8,27.8
1782.0,86,601.6,30.6,1.7,32.1,101,126,73.4,6,-0.8,31.5,0.993,15.5,23.9,2.3,82.0,23.9,2711,31.79,24.5,13.040,15,87.2,29.6
1785.0,86,604.0,30.3,4.9,31.8,101,126,72.2,6,-0.8,27.1,0.994,15.2,22.6,1.9,82.0,23.0,2624,30.58,24.7,13.040,15,87.0,30.2
1788.0,86,603.7,27.1,0.0,31.8,101,126,72.6,6,-0.8,27.3,0.998,14.4,22.0,1.3,82.2,22.4,2538,29.24,23.1,13.045,15,87.8,27.8
1791.0,86,606.3,27.9,0.0,31.5,101,125,72.9,6,-0.8,28.0,1.002,14.0,22.1,0.8,82.7,22.5,2502,28.67,23.1,13.079,15,87.8,28.4
1794.0,86,608.0,29.3,0.2,30.9,101,124,72.8,6,-0.8,29.8,1.000,16.5,23.1,0.8,82.4,23.9,2724,30.81,24.9,13.090,15,87.2,30.0
1797.0,86,608.0,31.0,0.8,30.2,101,124,70.6,6,-0.8,28.0,0.999,15.1,22.7,0.8,82.9,23.7,2643,31.07,25.6,13.081,15,86.9,31.3
1800.0,86,607.6,31.0,2.6,30.0,101,124,71.4,6,-0.8,28.0,0.999,15.0,21.4,0.8,81.6,22.8,2496,29.28,25.0,13.040,15,87.5,31.0
1803.0,86,608.0,30.0,2.2,29.8,101,124,72.5,6,-0.8,29.4,1.000,18.0,18.0,0.8,70.6,17.6,2325,23.64,16.5,13.096,16,88.6,28.3
1806.0,86,608.8,29.0,1.0,29.8,101,122,73.7,6,-0.8,29.8,0.995,14.0,21.8,1.4,79.5,21.7,2482,27.67,21.9,13.079,16,88.4,28.1
1809.0,86,612.0,31.0,8.8,30.2,101,122,69.4,6,-0.2,23.4,1.007,17.9,20.0,0.7,78.5,22.3,2462,28.67,24.9,13.016,16,87.4,30.4
1812.0,86,608.9,27.8,2.5,30.2,101,122,70.9,6,0.0,23.6,1.011,17.9,19.2,-0.6,76.4,20.8,2339,26.38,21.3,12.967,16,89.8,25.9
1815.0,86,610.2,28.3,0.0,30.2,101,122,73.2,6,-0.2,27.7,1.006,14.4,22.1,-1.2,82.3,22.0,2425,27.54,22.4,13.040,16,88.2,27.1
1818.0,86,612.0,27.0,0.0,30.4,101,122,72.7,6,-0.8,29.4,1.000,16.5,22.7,1.6,81.2,21.2,2461,25.79,18.0,13.040,16,58.4,22.3
1821.0,86,610.9,19.7,0.0,31.0,101,124,65.1,6,-0.0,23.5,1.009,17.9,19.7,-0.5,77.0,15.9,2383,17.56,9.2,13.040,16,23.4,13.9
1824.0,86,603.9,10.6,0.0,31.0,101,121,40.3,6,-1.0,11.8,0.992,4.0,11.2,-0.9,50.4,11.2,2281,11.35,3.7,13.040,16,0.0,5.5
1827.0,86,596.6,7.4,0.0,31.2,101,118,25.1,6,-1.6,10.4,0.990,-3.4,6.2,-0.1,22.7,10.3,2203,12.48,9.8,13.040,16,0.0,5.5
1830.0,86,592.0,5.9,0.0,31.3,101,116,25.3,6,-1.5,20.0,1.013,17.0,18.4,-0.8,79.2,21.6,2236,26.07,17.6,13.040,16,47.6,16.2
1833.0,86,591.1,7.6,0.0,31.0,101,114,68.2,6,-0.0,24.7,1.003,14.0,20.7,-0.3,80.4,14.5,2204,16.20,12.9,12.979,16,65.0,20.5
1836.0,86,583.9,4.7,0.0,30.7,101,111,61.8,6,0.0,23.8,1.006,13.4,21.2,1.2,81.7,13.2,2183,12.05,5.6,12.892,16,13.3,5.7
1839.0,86,584.0,20.6,0.0,30.4,101,111,64.0,6,-0.2,25.2,1.009,14.7,19.0,3.3,79.5,20.9,2197,25.59,22.4,12.960,16,88.2,32.5
1842.0,86,584.0,28.3,0.0,30.1,101,112,73.3,6,-0.8,30.5,0.998,15.5,12.9,4.7,45.1,9.4,2124,8.60,14.4,12.960,16,47.5,19.9
1845.0,86,583.7,19.2,0.0,29.8,101,114,61.2,6,-1.6,19.2,0.999,17.5,8.2,2.0,33.7,12.2,2137,14.85,13.1,12.990,16,7.6,6.3
1848.0,86,579.7,18.4,0.0,30.1,101,113,67.5,6,-0.8,22.5,1.006,16.5,10.5,0.2,39.9,16.5,2169,22.95,17.4,13.025,16,0.0,5.1
1851.0,86,582.0,13.4,0.0,30.4,101,113,61.9,6,-0.3,24.1,1.011,12.4,20.4,0.8,82.0,21.2,2237,26.14,21.2,12.880,16,60.8,15.4
1854.0,86,582.2,9.0,0.0,30.6,101,116,38.2,6,-1.6,12.2,1.000,3.0,0.0,0.0,32.6,8.9,2163,14.62,14.7,12.919,16,52.8,18.2
1857.0,86,576.0,15.3,0.0,30.6,101,114,55.7,6,-1.6,15.4,1.008,13.8,8.1,0.0,37.2,8.8,2136,11.67,9.4,12.981,17,0.0,13.9
1860.0,86,571.7,12.4,0.0,30.6,101,114,52.2,6,-1.6,17.1,1.007,21.6,15.6,0.2,64.0,15.5,2150,19.54,11.6,13.040,17,0.0,12.9
1863.0,86,572.0,12.2,0.0,30.8,101,114,49.7,6,-1.6,16.9,0.997,19.9,16.1,0.7,64.5,16.2,2151,20.51,13.3,13.040,17,0.0,9.1
1866.0,86,572.0,16.5,2.2,31.0,101,114,52.5,6,-1.5,16.0,0.989,19.5,16.1,0.0,57.3,17.3,2161,24.15,17.7,13.040,17,50.5,16.9
1869.0,86,571.4,21.8,6.4,31.0,101,116,62.7,6,-0.0,19.6,0.999,18.0,16.4,0.0,65.5,14.2,2177,16.04,12.5,13.040,17,60.7,19.9
1872.0,86,567.9,12.2,0.0,31.0,101,114,55.4,6,-1.0,18.2,0.999,19.3,16.1,0.4,67.2,13.8,2187,12.77,6.9,13.004,17,21.3,12.8
1875.0,86,568.0,14.9,0.0,31.0,101,115,53.3,6,-1.6,17.4,0.999,21.0,14.6,1.1,57.9,14.2,2182,18.49,13.1,12.882,17,38.4,17.6
1878.0,86,566.1,18.2,14.1,31.1,101,116,56.7,6,-1.2,17.0,0.999,21.4,11.7,2.3,32.6,7.1,2150,8.40,8.2,13.040,16,28.7,15.0
1881.0,86,564.0,19.0,34.6,31.4,101,116,63.5,6,-0.0,14.5,1.002,26.0,16.1,1.6,66.7,14.6,2194,17.64,6.1,13.040,16,25.4,15.2
1884.0,86,564.0,11.4,36.8,31.0,101,116,55.2,6,-1.1,18.0,0.987,20.9,16.3,1.6,60.7,10.5,2195,15.34,3.3,13.040,16,21.8,15.2
1887.0,86,560.8,7.5,11.3,31.0,101,116,42.5,6,-1.6,16.7,0.988,21.4,14.2,1.1,53.1,2.6,2169,5.43,1.3,13.031,16,5.5,5.6
1890.0,86,557.8,6.1,1.2,31.2,101,115,35.0,6,-1.6,14.1,1.002,26.7,10.4,0.0,46.9,0.4,2150,4.93,4.7,12.960,16,28.2,14.5
1893.0,86,554.8,5.7,0.0,31.4,101,114,32.8,6,-1.6,16.9,1.013,18.5,15.7,0.0,32.5,11.8,2161,14.88,7.0,13.028,16,21.2,10.6
1896.0,86,552.3,6.2,0.0,31.4,101,114,14.9,6,-3.9,13.4,0.987,23.4,15.7,0.0,52.6,14.9,2215,21.66,12.3,13.065,16,31.1,10.3
1899.0,86,555.8,29.0,0.0,31.1,101,114,52.8,6,-1.6,18.1,0.988,24.4,13.9,0.6,70.2,18.8,2258,24.30,19.0,13.050,16,81.6,24.3
1902.0,86,558.6,30.5,0.0,31.0,101,113,75.7,6,-0.3,26.5,0.997,20.1,14.7,1.4,71.9,21.3,2230,25.65,21.6,13.098,16,88.6,29.0
1905.0,86,563.5,33.9,2.6,30.9,101,112,78.0,6,-0.8,35.3,1.000,13.0,26.3,0.8,87.5,26.7,2649,33.34,29.1,13.055,15,87.0,33.9
1908.0,86,569.6,37.7,6.4,30.6,101,112,76.1,6,-0.8,38.0,1.000,14.0,27.1,1.4,86.4,27.0,2688,33.67,32.0,13.040,15,85.9,37.7
1911.0,86,575.9,38.0,1.8,30.6,101,113,76.6,6,-0.8,37.1,0.998,14.0,26.7,1.9,85.6,27.0,2703,33.68,32.5,13.040,15,85.9,38.0
1914.0,86,578.5,38.7,1.8,30.4,101,114,77.2,6,-0.8,37.6,0.997,14.0,26.6,2.0,85.3,26.9,2688,33.25,32.5,13.040,15,85.5,38.0
1917.0,86,583.2,39.9,1.2,30.2,101,114,77.3,6,-0.8,40.0,1.000,14.0,28.2,0.0,87.1,28.6,2699,33.91,34.8,13.040,15,85.5,40.4
1920.0,86,588.7,40.7,1.1,30.2,101,114,76.1,6,-0.8,39.6,1.002,15.5,28.5,1.1,86.0,28.9,2842,35.12,34.1,13.040,15,85.2,41.0
1923.0,86,591.9,37.6,9.5,29.8,101,114,75.5,6,-0.8,38.1,1.001,16.5,28.4,1.6,84.4,29.0,2950,35.83,31.9,13.040,15,84.8,38.1
1926.0,86,594.9,33.8,6.6,29.8,101,115,73.8,6,-0.8,37.3,1.004,16.4,27.8,1.2,83.4,28.6,2964,35.65,30.6,13.040,16,85.5,36.5
1929.0,86,598.1,30.6,11.2,29.8,101,116,72.6,6,-0.8,35.7,1.010,15.6,26.2,0.1,84.1,27.1,2850,35.26,30.6,13.040,16,85.5,35.9
1932.0,86,601.2,28.9,13.8,29.7,101,116,73.3,6,-0.8,29.0,0.998,20.0,21.6,0.8,78.0,23.9,2859,33.45,28.2,13.040,16,85.9,33.9
1935.0,86,604.0,28.5,0.1,29.4,100,118,65.9,6,-0.2,28.7,0.997,14.8,22.8,1.3,81.8,23.9,2666,31.23,26.7,13.067,16,86.6,31.8
1938.0,86,603.7,26.7,7.8,29.4,100,117,70.7,6,0.0,30.3,1.000,12.0,24.2,1.6,84.7,24.4,2482,29.73,26.6,13.112,16,87.5,31.8
1941.0,86,604.0,26.9,4.8,29.4,100,117,73.0,6,0.0,30.9,1.003,12.4,25.2,1.6,84.6,25.9,2550,30.86,25.9,13.040,16,89.3,28.1
1944.0,86,604.0,27.2,0.7,29.4,100,118,69.0,6,-0.0,25.5,1.001,16.0,21.6,1.6,78.4,22.9,2414,28.31,23.8,13.040,16,88.8,26.8
1947.0,86,604.0,27.7,0.0,29.0,100,120,71.0,6,-0.6,26.4,0.999,16.3,20.9,1.1,78.4,20.2,2333,25.68,21.8,13.040,16,88.5,27.2
1950.0,87,603.8,24.3,0.0,29.0,100,123,69.9,6,-0.4,24.7,0.998,16.9,19.5,0.5,76.0,18.0,2318,22.91,20.0,13.040,17,89.3,25.9
1953.0,87,604.0,24.1,13.7,29.0,100,124,68.3,6,0.0,22.8,0.998,17.6,18.3,0.0,72.3,16.4,2340,19.59,14.5,13.040,17,74.1,23.9
1956.0,87,604.0,24.4,14.3,29.1,100,125,68.5,6,0.0,23.6,0.996,17.8,19.6,0.0,78.4,19.6,2375,25.34,17.7,13.040,17,76.1,23.5
1959.0,87,604.0,24.6,1.1,29.4,100,126,71.5,6,-0.0,26.3,0.999,13.5,22.0,-0.6,81.5,21.3,2451,27.05,20.5,13.040,17,81.9,24.4
1962.0,87,604.0,22.7,6.0,29.4,100,128,72.9,6,-0.6,26.9,0.998,14.1,22.0,-0.8,82.7,22.2,2487,28.36,22.5,13.040,17,71.6,26.3
1965.0,87,604.0,27.4,1.7,29.4,101,129,72.5,6,-0.8,27.4,0.998,14.9,21.9,-0.3,81.9,22.3,2495,28.79,23.4,13.040,17,0.0,28.6
1968.0,87,606.3,24.6,0.0,29.4,101,130,71.4,6,-0.8,27.1,0.998,15.8,21.3,0.7,79.8,22.0,2525,28.75,22.4,13.040,16,0.0,27.8
1971.0,87,608.0,22.3,12.4,29.3,101,130,69.7,6,-0.8,25.1,1.003,18.0,18.4,0.0,74.9,19.6,2487,27.46,20.8,13.040,16,0.0,26.3
1974.0,87,608.0,25.7,43.3,28.6,101,130,69.0,6,-0.8,25.1,0.998,18.0,17.7,0.5,68.5,17.5,2468,24.66,19.3,13.040,16,25.6,25.6
1977.0,87,607.8,27.5,7.0,28.0,100,129,70.5,6,-0.8,26.4,0.996,17.2,19.1,0.8,69.8,17.7,2483,23.81,19.2,13.040,16,88.2,27.1
1980.0,87,608.0,27.7,8.8,27.7,100,128,71.4,6,-0.8,27.6,0.997,16.0,21.9,0.8,82.0,22.0,2529,28.57,23.1,13.040,15,88.2,27.6
1983.0,87,608.0,27.4,7.4,27.6,100,128,71.5,6,-0.8,27.8,1.001,16.0,21.2,0.8,78.8,18.0,2411,23.99,19.8,13.040,15,88.2,27.0
1986.0,87,608.0,26.4,0.0,27.8,100,126,72.2,6,-0.8,27.1,0.997,15.6,21.5,0.8,80.7,20.3,2449,26.12,19.2,13.040,15,79.9,25.1
1989.0,87,608.0,23.9,0.0,27.8,100,126,71.0,6,-0.8,25.8,0.999,16.3,21.0,0.8,81.0,21.2,2440,27.33,20.1,13.060,15,68.8,23.2
1992.0,87,608.0,26.2,0.0,27.4,100,126,71.7,6,-0.8,26.0,0.999,17.0,20.4,0.8,80.5,20.6,2389,26.37,20.3,13.120,15,88.2,27.5
1995.0,87,608.0,24.0,19.8,27.2,100,126,71.7,6,-0.8,27.2,0.997,17.0,20.4,0.8,80.8,19.6,2400,25.83,17.6,13.062,16,57.7,20.2
1998.0,87,608.0,20.3,46.5,27.5,101,126,67.5,6,-0.8,24.7,1.005,14.5,21.0,0.2,81.6,20.7,2416,26.92,19.8,13.040,16,60.4,19.8
2001.0,87,608.0,25.9,0.0,27.8,100,128,71.4,6,-0.8,26.1,1.002,15.1,21.2,0.0,81.6,21.0,2440,27.45,20.3,13.040,16,82.6,25.5
2004.0,87,607.8,19.6,14.7,27.8,101,129,61.9,6,-1.2,22.7,0.994,18.7,19.5,0.7,77.0,19.8,2468,26.35,17.2,13.040,16,57.3,20.8
2007.0,87,605.5,18.9,8.7,28.0,101,131,51.0,6,-1.6,18.2,0.987,23.5,16.8,2.0,66.9,17.0,2488,22.96,14.5,13.040,16,48.4,19.6
2010.0,87,604.0,21.4,2.9,28.2,101,132,47.0,6,-1.5,18.0,0.992,23.5,18.4,-0.8,74.9,19.6,2536,26.05,18.0,13.040,16,65.8,21.9
2013.0,87,604.0,25.7,9.1,28.2,100,134,70.6,6,-0.8,27.8,0.996,17.7,21.2,-0.3,79.3,22.2,2571,29.03,22.9,13.040,16,84.5,27.1
2016.0,87,603.9,34.5,0.0,28.2,101,137,71.6,6,-0.8,31.1,0.997,17.4,24.2,0.7,81.8,25.1,2744,32.42,27.0,13.040,15,85.7,34.1
2019.0,87,606.4,34.5,5.3,28.2,101,138,72.5,6,-0.8,33.9,0.997,19.5,26.3,1.5,81.5,26.9,3032,36.31,28.2,13.040,15,84.7,34.5
2022.0,87,608.0,32.6,10.0,28.2,101,138,73.1,6,-0.8,34.5,0.996,19.5,26.3,0.8,80.8,25.1,2974,34.21,26.9,13.040,15,85.6,32.8
2025.0,86,608.7,29.2,10.4,28.2,101,136,74.5,6,-0.8,34.1,0.998,16.2,24.9,0.8,82.3,24.9,2913,33.96,26.7,13.040,15,86.2,31.8
2028.0,86,611.9,32.5,4.2,29.0,101,133,72.8,6,-0.8,33.1,1.002,16.9,24.5,0.8,81.3,24.7,2881,33.61,27.0,13.040,15,86.0,32.5
2031.0,86,612.0,28.4,16.3,29.0,101,132,70.4,6,-0.8,29.9,1.003,17.2,23.9,0.8,80.1,24.1,2816,32.54,26.2,13.040,15,86.3,32.5
2034.0,86,612.0,29.9,10.3,29.4,101,131,70.7,6,-0.8,29.0,1.001,15.1,22.7,0.8,82.3,22.5,2498,28.93,23.5,13.040,15,87.2,31.1
2037.0,86,613.4,31.2,0.0,30.0,101,130,73.5,6,-0.8,33.2,1.002,15.5,24.3,0.8,81.6,24.3,2799,33.21,25.4,13.040,15,86.9,31.4
2040.0,86,616.0,28.8,0.3,30.6,101,130,72.2,6,-0.8,25.9,0.995,17.2,21.5,1.3,79.4,22.0,2626,30.07,23.6,13.009,15,87.0,30.1
2043.0,86,615.8,25.5,7.8,30.9,100,131,70.0,6,-0.8,25.7,0.997,18.0,20.2,1.3,78.3,20.5,2491,27.22,20.2,12.973,15,88.6,24.4
2046.0,86,616.0,28.3,3.4,30.8,100,132,70.7,6,-0.8,27.8,0.997,17.4,21.2,0.8,79.4,21.3,2535,27.75,21.2,13.040,15,88.6,25.9
2049.0,86,616.0,27.3,0.5,30.6,101,132,73.1,6,-0.8,32.8,0.996,15.5,24.3,0.8,82.4,24.3,2849,33.56,23.9,13.091,15,75.5,22.6
2052.0,86,616.0,22.0,1.8,30.6,101,134,74.5,6,-0.8,30.2,0.999,15.8,23.7,0.4,82.2,24.0,2784,32.44,25.1,13.072,15,71.0,22.4
2055.0,86,615.4,31.4,0.8,10.7,101,135,74.1,6,-0.8,30.4,1.001,16.1,23.1,-0.0,82.0,23.5,2687,30.58,25.1,12.960,15,86.3,31.4
2058.0,86,616.0,30.2,0.0,29.4,101,136,72.9,6,-0.8,31.4,1.000,17.0,23.9,-0.8,80.9,23.8,2816,31.99,25.3,13.000,15,86.5,30.9
2061.0,86,615.9,24.7,0.0,29.4,101,136,67.5,6,-0.8,28.4,1.003,17.5,22.5,-0.8,79.7,22.7,2768,31.21,24.5,13.040,15,76.5,29.8
2064.0,86,616.0,22.0,0.0,29.6,101,136,67.8,6,-0.8,26.9,1.003,17.8,21.4,-0.6,79.2,21.4,2575,28.03,21.7,13.040,15,0.0,25.9
2067.0,86,616.0,24.5,0.0,30.0,101,136,69.1,6,-0.8,27.3,0.999,17.5,22.0,0.0,80.8,22.4,2575,29.36,23.9,13.040,15,0.0,28.3
2070.0,86,616.0,28.0,1.9,30.3,101,136,71.2,6,-0.8,28.2,1.001,17.0,21.6,0.8,79.2,22.1,2575,29.25,23.2,13.040,16,41.0,27.5
2073.0,86,616.0,25.9,9.5,30.6,101,136,69.0,6,-0.8,26.7,0.998,18.4,20.7,0.8,77.7,21.3,2575,28.51,21.9,13.062,16,86.8,25.2
2076.0,86,611.6,20.8,3.3,30.8,101,136,65.8,6,-0.8,25.9,1.000,19.5,20.1,0.5,76.3,20.5,2573,27.49,20.0,13.120,16,88.6,25.5
2079.0,86,612.0,21.4,2.1,31.0,101,136,61.4,6,-0.9,24.6,1.006,19.8,20.4,-0.8,77.3,20.8,2562,28.22,21.2,13.061,16,88.6,26.0
2082.0,86,611.1,25.2,4.3,31.0,101,136,57.4,6,-1.6,15.3,0.996,26.5,16.9,-0.2,70.6,19.1,2554,26.62,19.0,13.040,16,79.4,25.0
2085.0,86,608.0,23.9,0.0,31.0,101,136,68.2,6,-1.0,22.0,0.997,24.2,17.1,0.4,67.4,14.3,2544,18.75,14.5,13.016,15,61.8,22.2
2088.0,86,607.8,20.7,0.0,30.7,101,136,66.0,6,-0.8,25.5,0.999,21.1,18.8,0.6,70.6,12.8,2551,13.02,10.7,12.964,15,40.8,18.4
2091.0,86,608.0,15.4,0.0,30.4,101,137,65.6,6,-0.8,26.7,1.003,17.9,22.2,0.0,81.3,22.4,2600,29.67,23.9,13.040,15,77.6,26.9
2094.0,86,608.0,18.6,0.0,30.1,101,138,68.6,6,-0.8,29.1,1.010,15.0,23.9,0.0,83.9,24.7,2609,31.94,28.0,13.040,15,86.4,31.8
2097.0,86,608.0,32.4,2.4,29.8,101,138,71.4,6,-0.8,32.9,1.000,18.2,24.7,0.5,81.2,20.7,2810,28.33,19.6,13.005,15,68.9,30.6
2100.0,86,607.9,22.7,39.5,29.2,101,135,68.8,6,-0.8,29.5,1.001,18.3,23.4,0.8,79.9,19.1,2837,25.34,10.9,12.991,15,40.0,22.3
2103.0,86,608.0,26.4,15.7,28.8,101,133,70.0,6,-0.8,27.1,1.001,18.9,18.1,1.2,70.8,18.8,2518,27.43,22.0,13.120,15,88.2,27.1
2106.0,86,606.1,21.5,12.4,28.6,101,131,66.0,6,-0.9,26.2,0.997,24.6,7.2,3.1,22.4,0.0,2425,5.61,5.0,13.058,15,36.4,17.0
2109.0,86,603.0,10.8,24.4,28.5,101,130,40.7,6,-1.6,14.5,0.979,27.5,13.7,2.5,43.2,9.8,2417,13.61,6.8,12.997,15,25.0,14.5
2112.0,86,600.0,6.3,0.0,28.2,101,126,12.5,6,-3.2,8.3,0.336,19.9,8.5,1.0,32.8,11.6,2369,14.67,9.9,12.985,15,37.9,17.6
2115.0,86,586.6,15.6,0.0,28.5,101,125,39.8,6,-2.6,12.0,0.493,18.4,9.0,-0.6,31.0,9.9,2322,10.54,7.3,13.040,15,33.0,16.1
2118.0,86,584.0,14.6,0.0,28.6,101,124,43.3,6,-1.6,14.9,1.007,26.4,14.3,-0.9,56.9,13.0,2346,15.26,8.0,13.040,15,16.9,11.6
2121.0,86,580.7,12.4,9.0,28.6,101,124,26.8,6,-1.6,9.5,0.995,37.0,9.0,2.3,27.1,8.6,2312,9.07,3.5,13.040,15,19.9,11.7
2124.0,86,575.4,12.9,30.0,28.6,101,124,34.5,6,-1.6,13.3,1.013,30.9,11.7,1.3,40.1,11.2,2348,12.65,5.2,13.040,15,20.6,12.1
2127.0,86,571.8,12.9,49.0,28.6,101,124,22.9,6,-2.9,10.6,0.996,32.3,12.3,1.1,44.3,12.9,2371,15.87,7.4,13.030,15,17.4,11.0
2130.0,86,569.6,12.7,23.6,28.6,101,124,24.6,6,-3.2,9.4,0.986,35.8,11.6,1.4,39.4,12.9,2363,16.02,7.1,12.960,15,21.2,12.5
2133.0,86,568.0,14.1,0.0,28.5,101,124,39.6,6,-1.6,13.0,1.012,29.5,12.9,0.0,45.9,12.9,2386,16.00,9.2,13.011,15,27.6,14.0
2136.0,86,568.0,17.8,0.0,28.2,101,122,53.3,6,-1.6,17.3,0.997,24.2,15.5,0.5,60.7,16.4,2356,20.55,13.8,13.040,15,44.5,17.2
2139.0,86,567.7,23.1,0.0,28.2,101,122,61.5,6,-0.8,19.9,0.997,19.4,18.1,0.6,74.5,19.8,2322,25.88,19.6,13.040,14,76.9,23.1
2142.0,86,569.9,24.2,0.0,28.3,101,121,68.6,6,0.0,23.6,0.996,16.0,20.0,0.0,79.2,20.4,2312,25.90,19.6,13.040,14,86.0,23.9
2145.0,86,573.0,26.1,0.0,28.6,101,120,70.1,6,-0.0,24.3,0.996,16.5,20.0,0.6,78.6,20.4,2303,25.71,19.4,13.040,14,89.8,25.0
2148.0,86,576.0,28.2,0.0,28.6,101,120,75.3,6,-0.8,29.9,0.992,14.8,22.8,1.6,82.0,23.0,2475,28.87,22.5,13.040,14,88.9,27.5
2151.0,86,583.7,28.5,0.0,28.4,101,119,75.3,6,-0.8,32.5,0.994,13.5,24.9,2.1,85.2,25.6,2677,32.95,28.8,13.040,14,85.9,33.7
2154.0,86,585.9,25.7,0.0,28.2,101,117,74.7,6,-0.6,31.7,1.000,13.4,24.2,1.6,84.3,24.3,2625,30.84,25.9,13.040,14,87.2,29.0
2157.0,86,588.0,23.0,0.0,28.1,101,116,72.8,6,-0.0,27.8,0.996,11.5,22.0,1.6,83.4,22.9,2376,28.34,24.2,13.040,14,88.2,26.3
2160.0,86,588.0,25.8,0.0,27.8,101,114,71.4,6,0.0,24.4,0.997,15.4,19.3,1.1,79.1,20.8,2209,25.70,22.0,13.040,14,65.4,25.9
2163.0,86,587.8,24.3,0.0,28.1,101,114,69.4,6,0.0,23.5,0.997,16.7,18.2,0.2,76.0,18.2,2153,22.57,18.7,13.040,14,0.0,24.7
2166.0,86,585.7,15.3,0.0,28.2,101,113,60.1,6,0.0,23.4,1.000,15.4,19.1,-1.0,76.5,15.7,2162,17.09,8.6,13.040,14,0.0,10.6
2169.0,86,584.0,12.5,0.0,28.2,101,112,48.9,6,0.0,22.0,1.008,14.5,18.4,-3.9,76.5,17.9,2134,21.31,14.7,13.040,14,0.0,13.9
2172.0,86,584.0,23.2,0.0,28.2,101,112,67.5,6,-0.0,24.3,0.999,12.9,19.8,-1.2,79.7,19.9,2161,24.31,19.6,13.040,14,23.4,23.3
2175.0,87,583.7,26.3,0.0,28.2,101,114,69.2,6,0.0,24.9,1.000,13.0,20.1,1.0,78.4,19.8,2198,24.15,20.7,13.040,14,89.8,26.3
2178.0,87,584.0,24.4,4.8,28.2,101,116,68.8,6,-0.4,22.6,1.006,14.5,17.9,1.6,65.1,14.5,2187,15.11,9.8,13.040,14,52.3,19.2
2181.0,87,583.2,21.6,9.7,28.2,101,116,64.3,6,-1.6,11.0,1.002,9.0,0.0,0.4,28.8,10.7,2163,10.80,7.8,13.040,14,34.6,16.4
2184.0,87,580.0,20.0,0.8,28.6,101,116,62.0,6,-1.6,16.8,0.997,16.8,7.3,0.8,32.5,10.9,2165,11.50,8.9,13.040,15,38.8,18.4
2187.0,87,579.7,23.5,5.9,28.6,101,117,69.4,6,-0.9,24.5,0.998,19.8,17.0,1.2,60.6,15.5,2256,18.56,15.2,13.038,15,54.1,20.4
2190.0,87,581.8,29.1,6.2,28.5,101,119,76.5,6,-0.1,31.7,1.002,12.6,25.1,0.0,85.9,25.1,2612,31.56,28.2,12.960,15,74.9,29.2
2193.0,87,584.8,32.5,5.0,28.2,101,122,75.2,6,-0.8,33.7,1.004,14.5,24.3,0.0,84.0,24.8,2724,32.74,27.8,12.999,15,86.0,30.5
2196.0,87,588.0,20.4,24.5,28.2,101,124,67.5,6,-0.8,26.0,1.004,17.5,21.3,-0.4,79.5,22.0,2621,30.42,24.9,13.040,14,83.0,23.4
2199.0,87,591.2,24.6,6.7,28.2,101,125,72.1,6,-0.8,26.3,1.001,17.7,20.3,-0.1,77.5,19.7,2441,26.13,18.4,13.040,14,68.6,22.7
2202.0,87,592.0,23.6,0.0,28.2,101,127,70.4,6,-0.8,28.5,0.997,16.4,23.3,1.4,83.0,24.2,2712,32.18,27.1,13.040,14,63.2,21.7
2205.0,87,592.0,22.7,0.0,28.2,101,128,58.7,6,-0.8,19.2,0.999,33.0,16.1,0.0,65.9,19.2,2515,28.40,23.0,12.994,14,73.4,23.2
2208.0,87,592.0,25.9,0.0,28.2,101,130,71.4,6,-0.8,20.8,0.998,28.6,12.3,0.4,47.3,11.2,2405,18.86,16.4,12.938,14,78.6,24.3
2211.0,87,591.6,22.7,2.4,28.2,101,129,69.8,6,-0.8,22.2,1.000,23.7,10.8,0.5,31.9,2.4,2383,6.94,7.1,12.880,14,25.5,13.7
2214.0,87,592.0,20.7,6.8,28.2,101,128,67.5,6,-0.8,23.5,1.004,19.5,19.2,-0.8,75.3,18.8,2449,21.46,11.4,12.984,14,35.0,16.3
2217.0,87,592.0,19.1,11.9,28.2,101,130,67.5,6,-0.8,23.9,1.004,18.8,19.2,-0.8,75.8,19.3,2478,24.22,16.3,13.040,14,56.7,20.8
2220.0,87,591.9,9.8,0.0,28.2,101,131,51.1,6,-1.3,18.5,1.000,15.6,11.0,-0.5,53.2,12.7,2479,20.15,15.7,13.040,14,80.0,25.4
2223.0,87,582.0,8.4,26.8,28.6,101,130,33.2,6,-0.8,12.6,0.967,16.8,1.5,0.5,16.9,0.8,2432,5.34,0.4,13.040,14,0.0,5.5
2226.0,87,571.4,7.1,42.2,29.1,101,127,23.9,6,0.6,8.7,0.886,36.5,9.0,3.9,26.3,8.6,2350,8.94,2.3,13.040,14,0.0,5.5
2229.0,87,562.4,7.1,29.6,29.4,101,122,48.6,6,-1.6,18.8,1.013,23.4,15.7,-2.3,59.5,12.8,2334,9.11,2.0,13.040,14,0.0,5.4
2232.0,86,555.9,11.8,34.2,30.2,101,120,49.7,6,-1.6,18.8,1.013,20.5,17.3,-0.7,72.1,15.7,2306,13.96,4.4,13.040,14,6.7,6.6
2235.0,86,556.0,16.8,50.9,30.2,101,120,51.2,6,-1.6,17.4,1.007,24.8,15.2,3.9,64.4,16.8,2272,22.50,14.5,13.040,14,51.8,19.2
2238.0,86,557.6,20.4,43.2,30.3,101,120,51.1,6,-1.8,14.0,0.979,35.5,10.2,3.9,40.4,16.1,2250,21.28,14.5,13.040,14,52.7,19.6
2241.0,86,557.9,19.7,0.0,30.6,101,118,43.9,6,-3.9,5.1,0.000,4.2,3.8,1.4,23.7,7.7,2208,12.62,9.0,13.040,14,35.8,15.5
2244.0,86,543.9,5.1,0.0,30.6,102,115,22.0,6,-3.9,4.9,0.000,8.0,2.0,0.9,13.5,2.7,2149,4.80,1.7,13.040,14,2.1,5.6
2247.0,86,538.6,16.1,0.0,30.6,102,113,37.3,6,-2.5,11.9,0.296,27.5,7.8,1.9,24.5,7.1,2111,7.02,2.4,13.040,14,32.2,17.6
2250.0,86,539.5,24.4,2.8,30.4,101,113,72.5,6,-0.1,26.4,1.012,13.0,21.6,0.0,83.5,22.0,2350,27.53,18.0,13.040,14,66.7,23.2
2253.0,86,545.4,26.7,8.0,29.8,101,116,73.7,6,-0.8,27.1,0.999,13.5,19.2,0.0,79.7,20.5,2291,25.79,20.3,13.080,14,87.9,26.0
2256.0,86,551.9,24.7,9.5,28.6,101,119,71.0,6,-0.3,25.4,1.004,15.8,18.9,0.6,76.6,18.8,2262,23.60,16.9,13.103,14,82.9,23.4
2259.0,86,554.7,17.9,3.8,28.4,101,120,60.7,6,-0.6,20.9,1.003,20.2,17.5,1.8,70.9,16.7,2284,21.07,11.0,13.040,14,27.5,15.3
2262.0,86,554.3,14.3,24.4,28.3,101,120,49.1,6,-1.6,14.7,0.995,26.0,13.7,3.1,43.9,11.4,2249,13.45,7.5,12.985,14,24.3,13.6
2265.0,86,552.6,15.1,61.1,28.6,101,118,56.5,6,-1.6,18.4,1.004,22.6,15.4,1.0,58.7,14.4,2257,17.64,10.7,12.995,14,14.3,14.4
2268.0,86,555.9,19.6,2.5,28.2,102,120,59.9,6,-1.6,19.1,1.000,21.2,16.5,0.7,68.1,16.7,2267,21.61,14.6,13.058,14,0.0,19.6
2271.0,86,556.0,19.6,0.9,28.4,102,120,42.9,6,-1.6,17.8,1.001,22.2,16.3,1.3,66.9,16.5,2272,21.36,14.8,13.120,14,0.0,19.6
2274.0,86,556.0,20.1,0.0,28.7,102,119,31.3,6,-1.6,14.1,1.011,25.3,14.5,0.0,56.5,14.5,2250,17.80,11.0,13.058,13,0.0,17.0
2277.0,86,556.0,19.1,0.0,28.9,102,118,62.5,6,-1.6,11.4,0.996,21.0,14.9,0.6,58.2,14.8,2233,18.34,11.2,13.040,12,4.5,11.5
2280.0,86,555.9,13.3,0.0,28.6,101,116,45.5,6,-1.6,13.7,0.991,23.6,13.6,1.6,50.3,12.5,2188,15.49,9.6,13.040,12,9.6,6.1
2283.0,86,551.7,7.9,14.4,29.1,102,113,29.8,6,-2.6,11.4,0.985,28.5,11.1,2.3,37.2,9.5,2116,10.24,5.8,13.040,12,10.2,5.5
2286.0,86,550.4,7.4,15.1,29.3,102,109,17.8,6,-3.6,6.5,0.980,35.0,7.5,2.3,22.0,8.2,2012,8.12,4.7,13.040,13,13.4,8.2
2289.0,86,547.4,11.2,0.0,29.0,101,106,37.6,6,-1.6,11.4,0.997,30.0,9.9,1.8,33.6,9.9,1998,10.00,4.9,13.040,13,14.9,10.0
2292.0,86,543.9,9.8,0.0,29.0,101,105,33.9,6,-1.6,10.7,0.998,28.6,6.2,3.7,32.4,7.4,1961,9.56,4.2,13.040,12,13.2,9.2
2295.0,86,533.5,6.6,3.1,29.2,101,99,23.6,6,-1.9,8.2,0.668,17.9,0.0,5.8,17.1,0.0,1869,4.16,0.4,13.040,12,0.0,4.7
2298.0,86,523.1,4.7,3.5,29.7,102,88,13.5,6,-2.3,4.7,0.000,-11.5,0.0,0.0,16.1,0.0,1537,4.01,0.4,13.092,12,0.0,4.7
2301.0,86,512.8,4.7,0.0,30.6,102,66,18.0,6,-2.3,4.7,0.000,-9.0,0.0,0.0,20.6,0.0,1362,4.10,0.4,13.086,12,0.0,4.7
2304.0,86,495.9,4.7,0.0,31.4,102,55,19.1,6,-2.3,4.7,0.000,-9.0,0.0,0.0,23.1,0.0,1241,4.17,0.4,13.040,12,0.0,4.7
2307.0,86,485.4,5.0,0.0,31.4,102,42,20.3,6,-2.3,5.1,0.265,0.6,1.9,0.7,27.1,1.1,1246,4.38,0.4,13.040,14,0.0,5.5
2310.0,86,476.4,9.0,0.0,31.2,102,33,29.4,6,-2.1,6.9,0.893,33.8,10.6,4.7,54.1,11.0,1187,9.73,6.1,13.101,14,14.6,9.0
2313.0,86,474.0,14.8,0.2,30.6,101,37,62.0,6,-0.8,14.5,0.991,13.0,14.1,1.4,66.1,13.3,1358,12.69,9.6,13.078,13,28.7,13.2
2316.0,86,480.1,15.7,0.8,30.2,101,46,63.5,6,-0.8,14.8,0.996,14.8,14.1,0.9,70.4,13.8,1479,13.61,10.0,13.040,12,31.6,14.5
2319.0,86,487.9,9.7,0.2,29.6,102,53,43.7,6,-0.8,10.9,0.999,23.9,12.3,0.7,58.3,11.8,1474,11.14,6.4,13.040,12,11.1,7.4
2322.0,86,485.6,6.4,0.0,29.2,102,60,27.0,6,-1.3,6.7,0.724,24.8,7.9,-0.7,36.4,8.4,1404,8.41,3.1,13.040,12,0.0,5.9
2325.0,86,479.5,5.0,0.0,29.0,102,62,19.3,6,-2.3,5.1,0.000,-8.5,0.0,0.0,21.6,0.0,1312,4.17,1.2,13.040,12,0.0,5.2
2328.0,86,468.7,4.7,0.0,29.1,102,52,18.0,6,-2.3,4.7,0.000,-8.9,0.0,0.0,21.3,0.0,1327,4.20,0.4,13.040,13,0.0,4.7
2331.0,86,451.9,4.7,0.0,30.2,102,20,19.2,6,-2.3,4.7,0.668,0.8,0.0,1.5,19.5,0.0,1133,3.68,0.5,13.059,14,0.0,4.6
2334.0,86,446.1,3.8,0.0,30.9,102,9,23.2,6,-4.4,4.2,1.078,5.4,0.0,-0.4,21.7,0.0,797,2.78,0.8,13.120,14,0.0,3.5
2337.0,86,435.3,3.5,13.1,31.4,102,0,26.2,6,-7.0,3.5,1.011,-1.9,0.0,-9.0,34.0,0.0,625,2.68,0.8,13.120,14,0.0,3.5
2340.0,86,425.5,3.4,34.4,31.3,102,0,26.2,6,-7.0,3.5,0.999,-1.0,0.0,-3.1,31.0,0.0,615,2.48,0.8,13.074,14,0.0,3.3
2343.0,86,419.8,3.4,56.0,31.0,102,0,36.9,6,-0.8,7.6,1.002,16.8,7.2,-4.0,40.6,6.2,1140,6.64,3.4,13.040,14,0.0,5.2
2346.0,86,415.8,12.9,56.0,30.7,102,14,45.8,6,-0.8,11.1,0.999,24.8,12.7,-3.2,53.4,12.7,1661,12.02,8.1,13.040,14,0.0,12.5
2349.0,86,418.2,13.1,56.0,30.3,102,28,55.2,6,-0.8,13.3,0.992,17.0,13.3,0.8,65.9,13.3,1387,12.47,10.2,13.040,14,0.0,12.8
2352.0,86,421.3,10.8,41.2,29.7,102,37,54.1,6,-0.9,13.2,0.996,13.5,13.3,0.8,69.2,13.0,1360,12.01,9.4,13.040,14,11.0,12.4
2355.0,86,423.3,4.6,0.0,29.0,102,42,14.1,6,-2.3,3.9,0.247,-3.2,4.9,0.3,39.0,5.9,1280,7.63,5.4,13.010,14,16.4,9.9
2358.0,86,415.9,3.5,0.0,29.3,102,35,15.6,6,-2.3,4.1,0.000,-11.1,0.0,0.0,18.3,0.0,1192,3.13,0.5,12.973,14,0.0,3.5
2361.0,86,407.3,4.9,38.6,28.9,102,29,20.8,6,-1.8,4.4,0.227,-4.3,0.0,0.8,21.2,0.0,1137,3.52,0.8,13.040,14,0.0,3.9
2364.0,86,398.9,5.6,62.4,28.3,102,23,27.2,6,-0.8,4.7,0.884,26.0,0.0,7.0,20.8,0.0,1150,2.93,0.8,13.040,14,0.0,3.7
2367.0,86,395.6,3.5,0.0,28.6,102,18,15.7,6,-2.3,4.1,0.971,12.3,0.0,2.6,19.9,0.0,1119,2.95,0.7,13.040,14,0.0,3.9
2370.0,86,387.9,6.3,0.0,28.1,102,16,23.0,6,-1.5,5.6,1.010,18.4,3.0,-2.0,22.5,2.0,1178,3.70,0.7,13.040,14,0.1,5.1
2373.0,86,385.8,6.1,0.0,27.7,102,16,25.9,6,-1.2,6.7,1.008,37.3,7.9,-4.3,31.2,8.6,1525,6.92,3.1,13.040,14,3.1,5.1
2376.0,86,381.9,5.5,0.0,27.5,102,20,18.1,6,-2.3,3.9,0.988,19.0,0.0,2.3,18.0,2.7,1171,4.35,2.5,13.040,14,1.7,4.4
2379.0,86,376.0,4.3,0.0,27.5,102,12,27.5,6,-7.3,6.3,0.992,30.1,4.4,4.0,25.5,3.5,1149,3.54,1.6,13.040,14,0.0,3.6
2382.0,86,371.9,4.3,0.0,27.0,102,13,22.6,6,-6.1,5.9,0.988,24.5,5.3,5.0,31.5,5.9,1239,4.32,0.8,13.025,14,0.0,4.3
2385.0,86,367.7,3.9,0.0,26.9,102,11,21.0,6,-4.4,3.8,0.986,0.3,0.0,3.2,26.0,0.0,749,2.85,0.8,12.800,14,0.0,4.3
2388.0,86,360.3,3.4,0.0,27.2,102,5,23.9,6,-10.2,3.3,1.012,2.0,0.0,-4.7,34.1,0.0,625,2.75,0.8,12.942,14,0.0,3.9
2391.0,86,351.6,3.1,0.0,27.5,102,0,15.7,6,-10.2,0.4,0.999,6.4,0.0,-2.0,25.9,0.0,709,1.86,0.5,12.934,14,0.0,2.7
2394.0,86,343.9,20.0,0.0,27.5,102,0,6.5,-2,-2.4,3.5,0.999,9.0,0.0,0.0,13.2,0.0,599,0.72,0.2,12.715,14,0.0,0.0
2397.0,86,344.0,20.0,0.0,27.5,102,0,0.0,-9,4.7,6.7,0.999,9.0,0.0,0.0,0.0,0.0,0,0.66,1.6,12.640,14,0.0,0.0
2400.0,86,344.0,20.0,0.0,27.5,102,0,0.0,-9,4.7,6.7,0.999,9.0,0.0,0.0,0.1,0.0,2,0.67,1.6,12.640,14,0.0,0.0
2403.0,86,343.2,20.0,0.0,27.5,102,0,0.0,-9,4.7,6.7,0.999,9.0,0.0,0.0,0.0,0.0,1,0.66,1.6,12.641,14,0.0,0.0
2406.0,86,343.6,20.0,0.0,27.5,102,0,0.1,-9,4.7,6.7,0.999,9.0,0.0,0.0,0.0,0.0,0,0.66,1.6,12.640,14,0.0,0.0
2409.0,86,344.0,20.0,0.0,27.5,102,0,0.0,-9,4.7,6.7,0.999,9.0,0.0,0.0,0.1,0.0,2,0.67,1.6,12.640,14,0.0,0.0
2412.0,86,343.2,20.0,0.0,27.5,102,0,0.0,-9,4.7,6.7,0.999,9.0,0.0,0.0,0.0,0.0,1,0.66,1.6,12.641,14,0.0,0.0
2415.0,86,343.7,20.0,0.0,27.5,6.7,9.0,0.0,0.0,0.0,0.0,0,0.66,1.6,12.640,14,0.0,0.0
2418.0,86,344.0,20.0,0.0,27.5,6.7,14,0.0,0.0
