BlueDriver Data Log
Aug 1, 2018 1:27:27 PM
Time (s),Engine Coolant Temperature (째C),Catalyst Temperature Bank 1 - Sensor 1 (째C),Fuel Level Input (%),Barometric Pressure (kPa),Vehicle Speed (MPH),Absolute Load Value (%),Ambient Air Temperature (째C),Calculated Engine Load Value (%),Engine RPM (rpm),Relative Throttle Position (%),Control Module Voltage (V),Intake Air Temperature (째C),Absolute Throttle Position (%)
0.0,,,,,,,,,,,,,
3.1,58,16.0,91.8,101,0,31.5,20,42.8,865,2.3,12.897,35,7.1
6.2,59,16.0,91.8,101,7,50.4,19,57.7,1543,7.0,12.964,34,11.8
9.3,59,16.0,91.8,101,14,55.5,19,61.4,1350,6.0,12.981,34,11.8
12.4,60,16.0,91.8,101,18,43.1,19,57.2,1252,4.7,13.032,34,10.1
15.5,61,16.0,92.1,101,18,26.3,18,41.3,1282,0.4,12.992,33,5.6
18.6,61,16.0,92.2,101,17,24.3,18,29.0,1202,0.4,12.979,33,5.5
21.7,62,16.0,92.2,101,14,24.8,18,29.8,1164,0.3,12.960,33,5.5
24.8,62,16.0,92.2,101,10,27.7,18,34.7,953,0.0,12.960,33,5.5
27.9,63,26.6,92.2,101,6,49.7,18,61.6,1800,8.6,12.960,33,14.7
31.0,64,56.4,92.2,101,14,66.4,18,76.5,1628,12.3,12.960,33,17.6
34.1,65,88.0,92.2,101,21,68.2,17,78.3,1575,13.3,12.960,32,18.5
37.2,66,119.5,92.2,100,26,67.5,17,76.7,1480,11.5,12.960,32,17.1
40.3,67,145.5,92.2,100,29,43.1,17,54.2,1319,3.9,13.004,32,8.3
43.4,68,156.0,92.2,101,28,25.5,17,30.0,1208,0.1,12.964,32,5.5
46.5,68,154.7,92.2,101,25,25.1,17,29.4,1200,0.4,12.967,32,5.5
49.6,69,152.0,92.2,101,23,25.1,17,29.6,1182,0.0,12.960,32,5.5
52.7,69,153.6,92.5,101,19,23.7,17,32.5,1224,0.0,12.960,32,5.7
55.8,69,159.5,92.5,101,13,24.3,17,28.4,1204,0.3,12.960,32,5.5
58.9,69,165.3,92.2,101,14,26.1,17,28.6,1225,0.6,12.960,32,6.3
62.0,69,174.9,92.4,101,15,50.6,17,60.0,1491,7.1,12.902,32,12.5
65.1,70,193.3,92.2,101,19,68.6,17,79.6,1432,12.1,12.960,31,16.2
68.2,70,218.4,92.2,101,24,69.9,15,80.2,1500,13.0,13.024,30,18.3
71.3,71,240.2,92.2,101,28,64.2,15,74.0,1400,9.7,12.983,30,14.0
74.4,71,256.0,92.2,101,29,42.6,15,45.7,1169,3.1,12.960,30,7.8
77.5,72,257.8,92.2,101,28,22.5,15,28.2,1089,0.7,12.960,30,4.7
80.6,72,260.0,92.2,101,26,23.3,15,27.8,1266,0.0,12.828,30,5.6
83.7,73,266.0,92.2,101,23,25.7,15,30.9,1311,0.4,12.928,30,6.0
86.8,73,268.0,92.2,101,20,46.0,15,47.5,1561,0.6,12.933,30,6.4
89.9,74,277.6,92.3,101,23,29.3,15,39.9,1244,1.3,12.820,30,6.3
93.0,75,273.3,92.5,101,23,27.2,14,32.3,1193,0.0,12.983,29,5.9
96.1,75,268.0,92.5,101,21,30.6,14,33.3,1384,0.3,12.942,29,5.9
99.2,75,271.5,92.3,101,16,26.0,14,30.8,1252,0.0,12.960,29,5.9
102.3,75,272.0,92.3,101,9,27.7,14,31.1,1158,0.3,12.960,29,5.7
105.4,75,269.8,92.3,101,2,33.2,14,43.8,852,0.0,12.960,29,5.5
108.5,75,267.8,92.2,101,0,33.1,14,42.8,862,0.0,12.960,29,5.4
111.6,75,262.1,92.2,101,0,29.7,14,38.7,814,0.4,12.893,30,4.3
114.7,75,260.0,92.2,101,0,22.0,14,29.0,748,0.4,12.800,30,3.5
117.8,76,254.7,92.2,101,0,30.9,14,40.0,724,0.1,12.914,30,4.1
120.9,76,252.0,92.2,101,0,32.5,14,42.4,788,0.0,12.881,30,5.1
124.0,76,246.3,92.2,101,0,30.6,14,39.6,812,0.3,12.939,30,4.9
127.1,76,244.0,92.2,101,0,30.6,14,39.6,812,0.4,12.911,30,4.7
130.2,76,243.0,92.2,101,2,40.5,14,49.9,1359,5.2,12.908,30,8.7
133.3,76,251.3,91.9,101,12,58.3,14,66.5,1591,8.9,12.960,30,15.4
136.4,76,271.4,91.9,101,19,64.3,14,74.6,1518,11.7,12.960,30,17.1
139.5,77,288.4,92.2,101,24,66.5,14,75.1,1433,10.9,12.960,30,16.6
142.6,78,306.9,92.2,101,29,62.9,14,74.0,1419,10.9,12.960,30,15.7
145.7,78,324.9,91.9,100,32,61.6,14,71.0,1496,10.7,13.024,30,14.9
148.8,78,342.2,91.8,100,36,59.8,14,69.7,1485,10.8,12.880,30,14.5
151.9,79,357.8,92.1,100,38,59.9,14,69.8,1459,9.8,12.885,29,14.1
155.0,80,373.0,92.2,100,40,58.7,14,70.6,1497,4.2,12.960,29,11.0
158.1,81,369.9,92.2,101,38,24.7,14,29.8,1183,0.0,12.960,29,5.5
161.2,81,362.8,92.2,101,36,26.7,14,31.3,1180,0.0,12.960,29,5.5
164.3,81,351.7,92.2,101,33,26.5,14,31.8,1162,0.0,12.960,29,5.5
167.4,81,344.0,92.2,101,29,35.6,14,44.2,1201,2.2,12.960,29,6.3
170.5,81,355.4,92.2,100,30,52.6,14,61.5,1282,5.4,12.834,29,10.9
173.6,81,371.5,92.2,100,31,58.2,14,68.3,1394,7.5,12.960,29,12.8
176.7,81,380.4,92.2,100,33,47.3,14,55.9,1330,5.1,12.960,29,9.8
179.8,81,391.6,92.2,100,34,42.3,14,51.3,1249,4.7,12.797,29,8.9
182.9,81,397.7,92.2,100,35,43.8,13,52.8,1272,4.7,13.023,29,8.8
186.0,81,403.6,92.2,100,35,37.5,13,46.9,1217,2.5,12.960,28,8.8
189.1,81,405.4,92.2,101,35,32.2,13,42.0,1165,0.9,12.960,28,5.5
192.2,81,401.5,92.2,101,32,24.3,13,28.6,1257,0.0,12.960,28,5.5
195.3,81,390.0,92.3,101,28,25.1,13,28.9,1240,0.0,12.855,28,5.5
198.4,81,377.2,92.5,101,24,25.1,13,29.4,1227,0.0,12.960,28,5.5
201.5,81,370.9,92.5,101,21,19.5,13,22.3,1282,0.3,12.960,28,4.9
204.6,81,368.0,92.5,101,14,17.3,13,21.1,1155,0.4,12.891,28,3.9
207.7,81,362.9,92.6,101,6,22.7,13,28.3,905,0.4,12.960,28,3.6
210.8,81,357.1,92.9,101,1,32.6,13,43.3,753,0.4,12.960,28,5.0
213.9,81,350.7,92.9,101,0,30.6,13,39.6,822,0.4,13.018,28,4.9
217.0,81,344.4,92.6,101,0,30.6,13,39.2,812,0.4,12.902,28,4.7
220.1,81,336.6,92.5,101,0,30.6,13,39.2,812,0.4,12.764,29,4.8
223.2,81,328.4,92.5,101,0,30.1,13,39.4,812,0.3,12.800,29,4.7
226.3,81,322.3,92.4,101,0,29.8,13,39.2,812,0.0,12.988,29,4.7
229.4,81,320.0,92.2,101,0,29.8,13,39.2,812,0.0,12.922,29,4.7
232.5,81,314.4,92.2,101,1,33.4,13,40.4,838,3.9,12.932,29,8.3
235.6,81,315.8,92.2,100,9,52.0,13,61.8,1549,7.5,12.960,29,12.2
238.7,81,324.0,91.8,100,15,51.3,13,57.1,1308,1.5,12.960,29,8.4
241.8,81,324.0,91.8,101,13,24.5,13,29.1,1207,0.0,12.960,29,5.5
244.9,82,322.5,92.2,101,8,21.7,13,23.9,1224,0.3,12.960,30,4.9
248.0,82,320.0,92.2,101,4,20.0,13,25.2,992,0.0,12.893,30,3.9
251.1,82,315.7,92.2,101,0,32.0,13,40.9,729,0.2,12.918,30,3.9
254.2,83,309.8,92.2,101,0,33.5,13,44.1,783,0.0,12.804,30,5.0
257.3,83,304.0,92.2,101,0,31.7,13,41.1,837,0.0,12.929,30,5.1
260.4,84,297.8,92.2,101,0,31.2,13,39.9,837,0.0,12.810,30,4.8
263.5,84,292.2,92.2,101,0,30.6,13,39.4,818,0.0,12.850,30,4.7
266.6,84,289.5,92.2,101,0,29.8,13,39.2,823,0.0,12.960,30,4.7
269.7,84,283.8,92.2,101,0,29.8,13,39.2,812,0.0,12.960,30,4.7
272.8,84,278.2,92.2,101,0,29.8,13,38.8,812,0.0,12.901,30,4.7
275.9,84,273.1,91.9,101,0,29.8,13,38.8,812,0.0,12.960,30,4.7
279.0,84,271.4,91.8,101,0,29.8,13,38.8,803,0.0,12.871,32,4.7
282.1,84,265.4,91.8,101,0,30.1,13,38.9,801,0.0,12.877,32,4.7
285.2,84,263.6,91.8,101,0,30.6,13,39.5,804,0.0,12.844,32,4.7
288.3,84,257.6,91.8,101,0,30.3,13,39.5,812,0.0,12.800,32,4.7
291.4,84,252.0,91.4,101,0,29.8,13,39.2,812,0.0,12.917,32,4.7
294.5,85,249.9,91.4,101,0,29.8,13,39.2,801,0.0,12.890,32,4.7
297.6,85,244.0,91.4,101,0,29.8,13,39.0,805,0.0,12.915,32,4.7
300.7,85,241.9,91.4,101,0,29.8,13,38.9,812,0.0,12.960,32,4.7
303.8,85,239.9,91.0,101,0,29.8,13,38.9,812,0.0,12.960,32,4.7
306.9,86,236.0,91.0,101,0,29.8,13,39.2,800,0.0,12.830,32,4.7
310.0,86,232.2,91.0,101,0,29.8,13,39.0,806,0.0,12.902,33,4.7
313.1,86,230.6,91.0,101,0,29.8,13,39.2,800,0.0,12.903,33,4.7
316.2,86,228.0,91.0,101,0,30.2,13,39.2,808,0.0,12.880,33,4.7
319.3,86,224.0,90.6,101,0,30.6,13,39.2,810,0.0,12.880,33,4.7
322.4,86,221.1,90.6,101,0,30.2,13,39.2,812,0.0,12.952,33,4.7
325.5,86,216.0,90.6,101,0,30.5,13,39.2,803,0.0,12.923,33,4.7
328.6,87,213.3,90.6,101,0,29.8,13,39.2,812,0.0,12.959,33,4.7
331.7,87,212.0,90.6,101,0,30.5,13,39.2,804,0.0,12.842,33,4.7
334.8,87,210.2,90.6,101,0,29.8,13,38.8,800,0.0,12.994,34,4.7
337.9,87,208.0,90.3,101,0,29.8,13,39.2,812,0.0,12.880,34,4.7
341.0,87,204.0,90.2,101,0,29.8,13,39.2,812,0.0,12.812,34,4.7
344.1,87,204.0,90.2,101,0,29.8,13,38.4,819,0.3,12.914,34,4.7
347.2,87,201.7,90.2,101,1,44.4,13,49.1,1278,3.3,12.864,34,8.2
350.3,87,207.8,90.2,100,9,50.5,13,59.8,1470,6.2,12.960,34,11.8
353.4,87,223.7,90.2,100,14,55.3,13,65.3,1363,7.0,12.897,34,12.4
356.5,87,235.9,89.8,100,18,37.1,13,46.4,1294,5.6,12.960,35,10.7
359.6,87,240.0,89.8,101,18,17.1,13,21.4,960,0.4,12.884,35,4.1
362.7,87,241.5,90.2,101,15,42.9,13,46.9,1559,5.2,12.917,35,7.0
365.8,87,254.1,90.2,100,18,55.0,13,59.9,1370,7.4,13.098,34,12.2
368.9,87,261.1,90.2,101,21,20.2,13,29.2,1229,0.7,12.960,34,5.1
372.0,87,264.0,90.2,101,18,24.7,13,29.1,1215,0.4,12.960,34,5.4
375.1,87,264.0,90.6,101,10,25.8,13,28.3,1125,0.4,12.960,34,5.4
378.2,87,264.0,90.6,101,4,30.5,13,40.2,802,0.0,12.721,34,5.1
381.3,87,260.1,90.6,101,0,31.6,13,40.4,820,0.0,12.850,34,5.0
384.4,87,254.1,90.6,101,0,30.6,13,40.0,824,0.0,12.997,34,4.7
387.5,87,252.0,90.6,101,0,30.6,13,39.5,812,0.0,12.981,34,4.8
390.6,87,250.1,90.6,101,1,36.1,13,42.8,1149,4.8,12.907,34,8.0
393.7,87,258.2,90.6,100,10,54.9,13,63.9,1517,8.1,12.960,34,13.2
396.8,87,270.0,90.6,100,18,56.1,13,65.9,1425,6.8,12.887,35,12.3
399.9,87,284.0,90.6,100,22,34.9,13,45.4,1223,4.2,12.960,35,8.4
403.0,87,286.4,90.6,101,24,25.9,13,31.7,1164,2.4,12.886,35,5.1
406.1,87,288.0,90.6,101,26,21.7,13,24.1,1213,0.9,12.960,35,5.1
409.2,87,289.7,90.6,101,26,24.9,13,30.1,1269,1.1,12.990,34,5.7
412.3,87,292.0,90.6,101,26,24.1,13,30.6,1201,0.0,13.013,34,5.5
415.4,87,296.0,90.6,101,25,23.0,13,27.4,1298,0.0,12.887,34,5.5
418.5,87,300.0,90.6,100,25,25.5,13,30.3,1287,0.0,12.915,34,5.1
421.6,87,302.0,90.6,100,25,26.9,13,33.7,1101,0.0,12.960,34,5.4
424.7,87,304.0,90.6,100,26,23.9,13,30.1,1320,0.8,12.960,34,5.4
427.8,87,308.0,90.8,100,26,26.3,13,32.3,1142,1.2,12.960,34,4.8
430.9,87,308.6,90.6,100,27,29.8,13,35.5,1075,0.6,13.003,34,5.2
434.0,87,314.6,91.0,100,27,34.7,13,43.2,1140,1.6,12.960,34,6.5
437.1,87,320.0,91.0,100,29,32.2,13,38.7,1132,0.3,12.880,33,5.7
440.2,87,323.0,91.0,101,29,27.7,13,33.9,1194,0.0,12.955,33,5.5
443.3,87,324.0,91.0,101,28,22.7,13,27.5,1277,0.0,12.976,33,5.5
446.4,87,326.9,91.0,101,25,18.9,13,21.4,1283,0.4,12.973,33,4.4
449.5,87,324.0,91.0,101,19,16.5,13,20.3,1127,0.2,13.010,33,4.2
452.6,87,321.4,91.2,101,8,19.8,13,25.4,923,0.4,12.957,33,4.2
455.7,87,315.3,91.4,101,5,30.0,13,38.2,781,0.4,12.965,33,4.7
458.8,87,309.1,91.0,101,1,30.6,13,39.3,789,0.4,12.810,33,5.1
461.9,87,304.0,91.4,101,0,34.5,13,43.1,834,0.4,12.960,33,5.2
465.0,87,301.4,91.4,101,0,31.7,13,42.6,855,0.0,13.269,33,5.4
468.1,87,295.3,91.4,101,0,30.9,13,40.3,859,0.2,13.399,33,5.1
471.2,87,289.7,91.4,101,0,27.7,13,37.2,828,0.4,13.367,33,4.8
474.3,87,287.8,91.0,101,0,14.3,13,19.9,813,0.4,13.141,33,1.9
477.4,87,282.6,91.4,101,0,59.6,13,0.0,45,38.3,12.875,34,3.1
480.5,87,280.0,91.4,101,0,0.0,13,0.0,0,6.4,12.732,34,6.3
483.6,87,280.0,91.4,101,0,0.0,13,0.0,1,1.6,12.720,34,6.3
486.7,86,277.5,91.4,101,0,0.4,13,0.0,0,1.6,12.721,34,6.3
489.8,87,279.2,91.4,101,0,0.2,13,0.3,6,1.6,12.721,34,6.3
492.9,87,280.0,91.4,101,0,0.0,13,0.0,1,1.6,12.720,34,6.3
496.0,87,280.0,91.4,101,0.0,0,1.6,12.720,34,6.3
