BlueDriver Data Log
Jul 30, 2018 5:15:41 PM
Time (s),Engine Coolant Temperature (째C),Catalyst Temperature Bank 1 - Sensor 1 (째C),Fuel Level Input (%),Barometric Pressure (kPa),Vehicle Speed (MPH),Absolute Load Value (%),Ambient Air Temperature (째C),Calculated Engine Load Value (%),Engine RPM (rpm),Relative Throttle Position (%),Control Module Voltage (V),Intake Air Temperature (째C),Absolute Throttle Position (%)
0.0,,,,,,,,,,,,,
3.1,39,0.0,100.0,101,1,44.6,27,48.6,1188,4.8,13.456,27,9.9
6.2,39,0.0,100.0,101,10,57.8,27,65.4,1475,6.6,13.178,27,12.9
9.3,40,0.0,100.0,101,16,60.2,27,69.3,1334,6.3,13.069,27,12.6
12.4,41,0.0,100.0,101,19,47.8,27,56.0,1230,2.9,12.960,27,10.1
15.5,42,0.0,100.0,101,20,29.4,27,36.5,1279,0.2,12.998,27,6.5
18.6,43,0.0,100.0,101,14,27.9,27,33.4,1166,0.4,12.965,27,5.9
21.7,43,0.0,100.0,101,3,36.5,27,44.8,934,0.2,12.910,27,5.9
24.8,44,0.0,100.0,101,2,43.9,27,51.4,1053,5.7,12.962,27,11.0
27.9,44,0.0,100.0,101,12,67.4,27,76.0,1722,13.6,12.960,27,19.7
31.0,45,0.0,100.0,101,20,64.4,27,53.4,1559,2.8,12.960,28,11.7
34.1,46,0.0,100.0,101,21,26.7,27,33.0,1219,0.4,13.040,28,5.9
37.2,47,0.0,100.0,101,20,26.1,27,31.1,1236,0.4,13.040,27,5.9
40.3,48,0.0,100.0,101,17,37.6,27,49.0,1498,3.6,12.880,27,7.1
43.4,49,0.0,100.0,101,17,57.9,27,66.8,1417,7.5,13.020,27,13.2
46.5,49,0.0,100.0,101,20,44.3,27,52.9,1214,3.4,12.960,27,9.1
49.6,50,3.8,100.0,101,19,28.4,27,33.9,1309,0.4,12.960,27,6.3
52.7,51,15.2,100.0,101,16,54.2,27,55.5,1639,4.6,13.027,27,11.6
55.8,52,45.8,100.0,101,19,30.8,27,36.4,1310,1.2,12.960,27,9.9
58.9,52,56.1,100.0,101,19,25.5,27,30.6,1242,0.4,12.960,27,5.6
62.0,53,66.0,100.0,101,17,25.9,27,30.6,1249,0.4,13.031,27,5.6
65.1,53,76.1,100.0,101,12,26.5,27,31.5,1193,0.4,13.040,27,5.9
68.2,54,81.7,100.0,101,7,28.3,27,35.1,1052,0.4,12.974,27,5.7
71.3,54,88.0,100.0,101,3,33.9,27,44.0,899,0.4,13.010,27,5.5
74.4,55,90.4,100.0,101,0,34.5,27,44.1,869,0.4,12.731,27,5.5
77.5,55,92.6,100.0,101,0,33.0,27,42.9,847,0.4,12.878,27,5.4
80.6,56,96.0,100.0,101,0,32.6,27,42.0,842,0.4,12.762,27,5.1
83.7,56,96.0,100.0,101,0,32.1,27,41.2,825,0.4,12.976,28,5.1
86.8,56,96.0,100.0,101,0,30.8,27,39.9,818,0.4,12.910,28,5.0
89.9,57,100.0,100.0,101,0,30.6,27,39.6,812,0.4,12.960,28,4.7
93.0,57,100.0,100.0,101,0,30.6,27,39.6,812,0.4,13.026,28,4.7
96.1,57,100.0,100.0,101,0,30.6,27,39.6,812,0.4,12.984,28,4.7
99.2,58,100.0,100.0,101,0,30.6,27,39.6,812,0.4,12.912,28,4.7
102.3,58,104.0,100.0,101,0,30.6,27,39.5,817,0.4,12.880,28,4.7
105.4,58,104.0,100.0,101,0,30.6,27,39.3,812,0.4,12.949,28,4.7
108.5,59,104.0,100.0,101,0,30.0,27,39.4,812,0.4,12.825,28,4.7
111.6,59,104.0,100.0,101,0,30.6,27,39.5,812,0.4,12.807,28,4.7
114.7,59,104.0,100.0,101,0,30.1,27,39.2,812,0.4,12.759,28,4.7
117.8,59,105.6,100.0,101,0,30.6,27,39.2,812,0.4,12.880,28,4.7
120.9,60,108.0,100.0,101,0,30.3,27,39.1,810,0.4,13.002,28,4.7
124.0,60,108.0,100.0,101,0,29.8,27,38.8,807,0.4,13.033,28,4.7
127.1,60,108.0,100.0,101,0,29.8,27,38.8,812,0.4,12.960,28,4.7
130.2,61,108.0,100.0,101,0,29.8,27,39.2,812,0.4,12.768,28,4.7
133.3,61,108.0,100.0,101,0,29.8,27,39.2,812,0.4,12.995,28,4.7
136.4,61,108.0,100.0,101,0,29.8,27,39.0,812,0.4,12.908,29,4.7
139.5,61,108.0,100.0,101,0,29.8,27,39.2,812,0.4,12.960,29,4.7
142.6,61,111.5,100.0,101,0,26.8,27,33.7,807,0.4,12.942,29,4.7
145.7,61,108.0,100.0,101,0,20.4,27,26.7,739,0.4,12.937,29,3.3
148.8,62,108.0,100.0,101,0,23.7,27,31.6,675,0.4,12.869,29,2.9
151.9,62,108.0,100.0,101,0,28.3,27,37.9,727,0.4,12.810,29,4.4
155.0,62,108.0,100.0,101,0,30.2,27,39.3,790,0.4,12.800,29,4.7
158.1,62,108.0,100.0,101,0,29.8,27,38.9,812,0.4,12.936,29,4.7
161.2,63,111.9,100.0,101,3,39.2,27,46.4,1298,4.3,12.906,29,9.7
164.3,63,128.4,100.0,101,10,55.5,27,65.1,1468,7.5,12.960,29,12.5
167.4,63,147.2,100.0,101,18,60.2,27,70.6,1375,8.0,12.907,29,13.3
170.5,64,165.7,100.0,101,23,60.3,27,71.8,1305,8.2,12.960,29,12.9
173.6,65,186.5,100.0,100,25,54.5,27,66.5,1310,7.1,12.778,29,12.3
176.7,66,205.1,100.0,99,29,50.5,27,60.0,1286,5.2,12.960,28,10.0
179.8,67,233.3,100.0,101,31,60.0,27,69.6,1354,7.7,12.917,28,13.7
182.9,67,247.1,100.0,101,34,61.1,27,71.4,1376,7.6,13.040,28,13.2
186.0,68,273.8,100.0,100,36,60.4,27,71.2,1393,7.1,12.977,28,12.9
189.1,68,292.8,100.0,100,38,59.2,27,71.1,1400,7.1,12.982,28,12.9
192.2,69,303.7,100.0,99,39,48.4,27,59.4,1309,5.7,12.960,28,8.6
195.3,69,313.8,100.0,99,40,38.8,27,52.0,1224,3.5,12.960,28,8.0
198.4,70,316.0,100.0,100,40,31.8,27,36.8,1218,1.5,12.960,28,6.5
201.5,70,322.4,100.0,101,40,42.9,27,50.7,1210,3.1,12.960,28,8.7
204.6,70,328.4,100.0,101,40,36.8,27,44.2,1183,2.5,12.960,28,8.5
207.7,71,334.1,100.0,101,39,40.9,27,49.0,1186,2.7,13.016,27,8.2
210.8,71,340.1,100.0,101,39,38.6,27,45.8,1181,2.7,12.967,27,7.7
213.9,71,344.0,100.0,101,39,30.5,27,31.1,1187,0.7,12.898,27,5.7
217.0,72,347.9,100.0,101,39,33.5,27,41.0,1162,1.5,12.960,27,7.1
220.1,72,349.4,100.0,101,38,34.1,27,42.3,1140,1.3,12.960,27,7.1
223.2,72,355.3,100.0,99,37,42.4,27,50.5,1166,1.5,12.880,27,7.5
226.3,72,360.6,100.0,99,36,41.0,27,50.8,1211,2.6,12.920,27,7.8
229.4,73,366.7,100.0,99,37,47.6,27,56.9,1303,4.7,13.052,27,9.2
232.5,73,377.3,100.0,99,37,46.3,27,53.9,1294,3.6,12.980,27,8.7
235.6,74,384.0,100.0,99,37,38.1,27,46.2,1128,0.4,12.966,27,6.5
238.7,74,388.0,100.0,99,36,36.5,27,46.7,1079,0.1,13.051,27,6.0
241.8,75,390.9,100.0,101,34,21.2,27,24.8,1341,0.4,12.960,27,5.5
244.9,75,392.0,100.0,101,32,20.5,27,22.7,1397,0.7,12.906,27,5.3
248.0,75,395.5,100.0,100,30,29.8,27,36.6,1249,0.8,12.960,27,5.9
251.1,75,397.5,100.0,101,28,26.0,27,31.3,1300,0.3,12.960,27,6.1
254.2,75,400.0,100.0,101,19,24.1,26,28.8,1313,0.4,12.960,27,6.3
257.3,75,396.0,100.0,101,7,22.7,26,29.2,1043,0.4,13.008,26,5.1
260.4,75,389.7,100.0,101,1,30.8,26,42.1,800,0.4,12.926,26,4.7
263.5,75,380.0,100.0,101,0,36.8,26,47.3,789,0.1,12.819,26,5.5
266.6,75,380.0,100.0,101,5,46.5,26,54.1,1521,6.0,12.906,26,10.6
269.7,75,385.2,100.0,101,13,59.7,26,67.9,1440,8.0,12.859,26,13.5
272.8,75,391.7,100.0,101,19,54.0,26,59.1,1342,7.3,13.078,26,13.4
275.9,75,396.0,100.0,101,20,38.0,26,51.8,1054,2.9,13.021,26,6.7
279.0,76,392.7,100.0,101,20,21.0,26,25.9,1128,0.3,12.960,26,3.9
282.1,76,388.0,100.0,101,17,25.2,26,29.5,1231,0.0,12.960,26,5.8
285.2,76,385.2,100.0,101,7,30.3,26,36.6,1082,0.4,12.960,26,5.9
288.3,76,379.1,100.0,101,0,36.0,26,44.9,887,0.4,12.960,26,5.4
291.4,76,372.9,100.0,101,0,26.6,26,34.1,803,0.4,12.889,26,4.3
294.5,76,367.0,100.0,101,0,23.8,26,31.1,708,0.4,12.960,26,4.0
297.6,77,357.0,100.0,101,0,33.0,26,42.2,768,0.1,12.679,26,4.7
300.7,77,350.8,100.0,101,0,31.4,26,40.7,821,0.4,12.931,26,5.1
303.8,77,345.0,100.0,101,0,30.6,26,39.2,812,0.3,12.899,26,4.7
306.9,77,339.1,100.0,101,0,30.6,26,39.5,802,0.0,12.950,27,4.7
310.0,77,332.9,100.0,101,0,31.0,26,43.3,865,0.7,12.813,27,4.7
313.1,77,332.0,100.0,100,5,44.5,26,52.7,1421,5.4,12.960,27,10.1
316.2,77,335.3,100.0,100,12,40.4,26,46.9,1330,4.2,12.960,27,8.2
319.3,77,337.6,100.0,100,17,51.1,26,61.5,1349,7.5,12.960,27,10.7
322.4,77,344.1,100.0,100,20,48.8,26,55.3,1289,5.7,12.890,27,10.2
325.5,77,350.3,100.0,101,20,44.5,26,55.2,1071,5.1,12.968,27,9.8
328.6,78,352.5,100.0,100,21,47.9,26,57.9,1195,3.6,12.960,27,8.8
331.7,78,356.0,100.0,101,22,31.5,26,35.5,1221,0.4,12.960,26,5.9
334.8,78,355.4,100.0,101,20,19.1,26,27.8,1233,0.2,12.960,26,4.6
337.9,78,352.0,100.0,101,15,17.4,26,23.0,1151,0.2,12.960,26,4.2
341.0,78,349.5,100.0,101,11,18.5,26,22.4,989,0.0,12.955,26,4.2
344.1,78,344.1,100.0,101,6,27.5,26,38.0,1148,3.4,12.938,26,5.7
347.2,78,345.8,100.0,100,10,49.5,26,55.9,1900,7.5,12.978,26,12.9
350.3,78,354.3,100.0,100,16,54.8,26,63.9,1368,5.7,13.005,26,11.5
353.4,78,356.0,100.0,101,19,34.7,26,45.1,1122,2.9,12.960,26,6.7
356.5,79,356.0,100.0,101,18,21.5,26,24.9,912,0.0,12.949,26,3.6
359.6,79,351.0,100.0,101,12,23.6,26,28.5,972,0.3,12.932,26,4.1
362.7,80,345.0,100.0,101,5,34.2,26,41.4,967,1.1,13.034,26,6.5
365.8,80,348.7,100.0,99,9,44.7,26,51.4,1656,6.1,13.002,26,11.4
368.9,80,352.0,100.0,100,13,31.5,26,36.2,1163,1.3,12.960,26,7.2
372.0,80,348.0,100.0,101,15,18.7,26,22.9,1106,0.0,12.851,26,4.1
375.1,80,344.5,100.0,101,14,16.2,26,19.2,1098,0.1,12.898,26,3.5
378.2,81,342.1,100.0,101,10,24.0,26,29.9,926,0.0,12.891,26,4.6
381.3,81,336.0,100.0,101,4,27.1,26,33.7,1047,0.4,12.932,26,5.2
384.4,81,333.7,100.0,101,3,28.3,26,34.4,1037,0.0,12.880,26,5.5
387.5,81,328.0,100.0,101,0,27.7,26,34.4,881,0.0,12.880,26,5.2
390.6,81,325.9,100.0,101,0,23.1,26,31.3,860,0.0,13.021,26,4.6
393.7,81,319.6,100.0,101,1,25.0,26,32.9,742,0.0,13.200,26,3.8
396.8,81,313.4,100.0,101,0,31.2,26,44.1,812,0.0,13.200,26,4.8
399.9,81,307.6,100.0,101,0,29.9,26,36.0,868,0.2,13.643,27,4.8
403.0,81,301.3,100.0,101,0,21.6,26,27.7,827,0.0,13.412,27,3.6
406.1,81,299.4,100.0,101,0,66.4,26,81.6,275,1.7,13.057,27,14.7
409.2,81,294.1,100.0,101,0,0.0,11,0.0,0,1.6,12.806,27,21.8
412.3,81,292.0,100.0,101,0,0.0,11,0.0,0,1.6,12.800,27,6.3
415.4,81,292.0,100.0,101,0,0.1,11,0.2,0,1.6,12.800,27,6.3
418.5,81,291.2,100.0,101,0,0.0,11,0.0,0,1.6,12.800,27,6.3
421.6,81,292.0,100.0,101,1.6,27,6.3
