BlueDriver Data Log
Dec 11, 2018 6:57:27 AM
Time (s),Accelerator Pedal Position E (%),Mass Air Flow Rate (g/s),Intake Air Temperature (°C),O2 Bank 1 - Sensor 2 - Oxygen Sensor Voltage (V),Absolute Throttle Position B (%),Fuel Level Input (%),Ambient Air Temperature (°C),Calculated Engine Load Value (%),Absolute Throttle Position (%),Engine Coolant Temperature (°C),Catalyst Temperature Bank 1 - Sensor 1 (°C),Absolute Load Value (%),Long Term Fuel Trim Bank 1 (%),Commanded Throttle Actuator (%),Wide Range O2S: Bank 1 - Sensor 1 - Equivalence Ratio (λ),Short Term Fuel Trim Bank 1 (%),Relative Throttle Position (%),Commanded Evaporative Purge (%),Evap. System Vapor Pressure (Pa),Barometric Pressure (kPa),Vehicle Speed (km/h),Wide Range O2S: Bank 1 - Sensor 1 - Voltage (V),Timing Advance for #1 cylinder (°),Commanded Equivalence Ratio (λ),O2 Bank 1 - Sensor 2 - Short Term Fuel Trim (%),Engine RPM (rpm),Accelerator Pedal Position D (%),Control Module Voltage (V)
0.0,,,,,,,,,,,,,,,,,,,,,,,,,,,,
17.2,0.0,4.03,7,0.285,5.1,78.3,6,37.4,4.7,27,0.0,29.0,-9.4,4.9,1.006,10.3,0.4,0.0,0.0,102,0,2.196,11.5,0.999,99.2,849,0.0,13.680
34.4,0.0,3.92,7,0.289,4.7,78.8,6,36.6,4.7,29,0.0,29.8,-9.4,4.7,0.997,11.4,0.4,0.0,0.0,102,0,2.204,8.2,0.999,99.2,837,0.0,13.760
51.6,0.0,4.40,7,0.280,5.4,78.8,6,36.1,5.6,31,0.0,31.9,-9.4,5.5,0.996,9.9,0.2,0.0,0.0,102,1,2.140,5.1,0.999,99.2,896,0.0,13.459
68.8,1.0,5.56,7,0.285,5.9,78.8,6,42.9,5.6,33,0.0,31.9,-5.9,5.7,1.002,2.5,0.4,0.0,0.0,102,6,2.100,17.4,0.998,99.2,1184,3.1,13.828
86.0,13.0,16.78,6,0.348,14.9,79.2,6,62.7,16.1,38,0.0,63.3,0.3,18.1,0.959,-4.0,13.7,0.0,0.0,102,47,2.169,18.5,0.997,99.2,1933,14.7,13.741
103.2,9.2,11.38,6,0.512,10.5,79.2,6,50.7,9.4,42,32.3,36.9,0.0,8.9,0.997,-4.5,5.3,3.8,6.0,102,46,2.155,28.2,0.996,99.2,1812,11.0,13.760
120.4,9.7,10.37,5,0.744,8.6,79.0,5,49.5,10.0,45,146.5,37.4,0.0,6.6,1.008,13.8,1.1,66.0,57.6,100,50,2.195,24.4,1.010,99.2,1283,9.4,13.760
137.6,14.7,15.51,5,0.725,11.7,79.4,5,60.5,13.4,48,236.1,59.6,0.7,15.8,1.088,-1.5,12.2,51.0,51.3,101,48,3.143,8.9,0.991,99.2,1450,15.1,13.600
154.8,6.0,9.41,5,0.291,5.6,79.8,5,32.1,5.5,51,308.2,22.7,0.0,5.5,1.999,0.0,0.4,0.0,0.0,102,40,3.550,-6.9,0.354,99.2,1264,5.8,13.700
172.0,0.0,4.60,5,0.793,5.3,80.4,5,41.9,5.4,51,282.1,34.0,-9.4,5.5,1.018,-0.7,0.4,0.0,0.0,102,1,2.210,3.5,0.991,99.2,888,0.0,13.702
189.2,18.9,19.46,4,0.792,22.9,80.4,4,82.6,24.1,51,316.1,73.9,1.0,23.3,1.015,3.2,18.7,92.3,16.2,101,44,2.195,7.5,0.989,99.2,1758,19.3,13.822
206.4,0.0,5.11,3,0.457,5.1,80.1,3,25.0,5.1,55,402.5,21.2,0.0,5.1,1.972,-0.1,1.3,10.4,0.0,102,59,3.276,-1.6,0.306,99.2,1325,5.7,14.447
223.6,27.1,27.96,3,0.749,36.5,80.8,3,91.3,36.3,56,438.8,80.0,1.6,35.7,1.000,-0.7,32.1,90.3,0.7,101,58,2.168,8.4,1.005,99.2,2167,27.8,14.393
240.8,23.1,27.35,2,0.768,30.6,80.4,2,86.4,30.8,60,524.5,76.1,1.6,30.6,0.997,0.0,26.2,90.2,1.0,101,81,2.184,11.6,0.996,99.2,2247,23.5,14.441
258.0,22.4,26.05,2,0.742,28.8,80.7,2,84.1,29.1,65,572.8,74.4,1.6,29.0,1.000,0.0,24.7,91.4,3.1,101,86,2.192,12.0,1.001,99.2,2179,22.6,14.448
275.2,26.0,29.57,1,0.742,36.7,80.8,1,89.6,37.1,69,596.9,77.7,1.4,36.7,0.999,-1.6,31.6,89.4,0.2,101,89,2.199,11.6,0.997,99.2,2359,26.3,14.480
292.4,23.8,31.26,1,0.740,28.2,80.9,1,76.6,27.2,73,615.9,68.3,-1.6,25.3,0.993,-0.7,17.8,91.7,4.7,100,102,2.168,14.0,1.005,99.2,2562,25.3,14.441
309.6,25.0,30.50,1,0.711,32.5,80.8,1,87.9,32.5,76,611.1,77.6,-1.6,32.2,1.000,1.6,27.3,88.2,2.4,100,95,2.201,12.7,0.999,99.2,2458,25.1,14.503
326.8,18.4,21.73,1,0.749,20.9,80.4,1,68.4,18.2,77,601.4,47.2,-3.6,16.0,1.000,1.9,14.1,72.3,45.6,101,102,2.186,15.7,0.984,99.2,1939,18.1,14.480
344.0,21.4,27.87,1,0.700,26.0,80.8,1,82.6,25.4,77,584.0,70.8,-1.6,24.6,1.002,0.5,19.9,52.3,0.0,100,120,2.194,13.0,1.000,99.2,2299,21.6,14.469
361.2,18.7,24.05,0,0.706,22.4,80.8,0,78.0,22.4,78,584.0,68.0,-1.6,22.5,1.000,2.3,18.5,91.8,0.0,100,116,2.195,17.5,0.999,99.2,2203,18.8,14.348
378.4,15.0,18.38,0,0.701,13.8,80.4,0,55.6,15.1,79,576.0,55.0,-3.6,16.1,1.001,3.8,11.5,94.9,0.0,99,110,2.186,20.4,1.001,99.2,2119,17.3,14.560
395.6,16.3,19.65,0,0.698,20.1,80.0,0,77.2,21.5,80,568.0,71.3,-1.6,22.2,1.007,1.7,14.5,75.5,10.3,100,105,2.192,23.0,0.994,99.2,1985,15.3,14.480
412.8,1.0,3.63,0,0.234,5.1,79.7,0,18.2,6.3,80,559.6,20.5,-6.1,7.6,0.996,1.5,5.3,67.8,0.0,100,100,2.257,11.7,0.392,99.2,1855,0.0,14.560
430.0,16.3,17.56,0,0.703,17.7,80.0,0,70.3,13.2,81,532.2,49.2,-2.7,14.5,0.984,1.3,13.3,81.8,36.1,100,88,2.118,15.7,1.004,99.2,1736,9.9,14.480
447.2,17.4,19.94,0,0.717,22.3,79.6,0,77.8,19.4,80,542.0,56.8,-1.8,12.3,0.962,1.7,11.7,85.2,27.4,100,89,2.220,17.0,0.995,99.2,1767,15.2,14.480
464.4,21.8,23.02,0,0.752,25.0,79.3,0,74.7,22.3,80,546.6,53.1,-3.6,21.2,0.933,3.1,18.4,92.0,32.5,100,91,2.154,10.9,1.009,99.2,1840,21.6,14.486
481.6,19.6,23.39,0,0.724,16.5,78.8,0,62.9,17.7,81,556.0,69.9,-1.6,22.7,1.005,1.8,18.0,67.3,0.9,100,92,2.158,16.0,1.000,99.2,1898,21.1,14.480
498.8,13.0,13.55,0,0.774,15.7,78.8,0,79.3,24.9,82,563.3,70.1,-2.2,28.6,1.003,3.7,26.7,91.0,3.7,100,92,2.172,9.4,0.998,99.2,1748,4.5,14.480
516.0,22.4,25.45,1,0.735,22.7,79.2,0,71.8,17.4,83,564.0,67.6,-1.6,22.8,1.013,3.5,21.1,92.1,0.0,100,90,2.176,7.8,1.000,99.2,2030,21.3,14.487
533.2,26.7,29.82,1,0.734,34.9,79.2,0,91.3,34.5,83,563.5,79.6,-1.6,32.3,0.993,2.1,28.3,89.4,5.3,100,91,2.185,10.2,1.000,99.2,2272,25.1,14.548
550.4,10.8,10.14,1,0.874,13.0,79.2,0,65.9,16.7,86,576.5,21.9,-5.8,7.1,1.037,9.4,6.0,26.5,0.0,100,83,2.780,-2.1,1.054,99.2,1582,8.9,14.400
567.6,9.6,9.13,2,0.777,4.6,79.6,0,23.5,8.8,86,541.6,35.2,-3.1,10.6,0.990,-1.6,6.6,72.7,59.6,99,88,2.232,4.1,1.058,99.2,1646,9.5,14.425
584.8,18.5,20.07,1,0.727,23.2,79.2,0,82.9,22.3,86,528.0,61.3,-1.8,19.0,0.972,1.5,14.6,93.8,9.6,100,83,2.188,13.8,1.005,99.2,1767,18.1,14.414
602.0,18.1,18.01,1,0.743,21.4,79.2,0,79.3,22.3,86,560.0,69.9,-1.6,23.2,0.998,2.9,20.0,91.7,4.2,100,85,2.189,17.0,0.998,99.2,1720,13.1,14.476
619.2,16.7,18.07,1,0.697,19.2,78.6,0,74.0,19.1,87,556.0,61.3,-2.3,17.7,1.003,2.9,15.5,8.5,1.8,100,86,2.163,15.2,1.002,99.2,1791,17.0,14.500
636.4,8.6,8.12,1,0.122,9.3,78.4,0,48.8,11.9,87,539.1,53.8,-2.3,14.9,1.015,-2.1,12.8,95.0,0.2,99,84,2.202,16.7,0.990,99.2,1603,5.3,14.424
653.6,2.8,4.41,1,0.133,5.4,78.2,0,23.3,7.3,87,521.0,30.0,-2.3,5.0,1.014,0.2,0.8,0.2,0.0,100,85,2.110,-9.8,0.273,99.2,1572,1.7,14.400
670.8,16.7,18.71,1,0.741,18.8,77.9,0,73.2,17.8,86,540.5,62.3,-1.6,18.4,1.000,2.3,15.6,28.8,46.2,100,82,2.174,14.4,1.000,99.2,1896,17.6,14.480
688.0,8.1,10.45,1,0.517,11.8,77.3,0,52.5,14.1,86,530.9,56.4,-2.3,15.5,1.000,2.0,11.2,9.3,0.0,100,87,2.210,11.5,0.995,99.2,1623,5.8,14.480
705.2,15.7,15.42,1,0.806,19.7,77.0,0,82.3,22.1,86,524.0,71.9,-1.6,23.1,1.005,4.1,19.6,93.0,1.4,100,81,2.189,19.4,0.997,99.2,1686,11.2,14.433
722.4,18.7,21.96,1,0.735,23.4,77.3,0,81.7,23.2,87,549.2,70.6,-1.6,22.7,0.999,2.7,17.2,69.6,1.9,99,90,2.176,14.3,1.001,99.2,1934,18.8,14.480
739.6,13.4,12.66,1,0.622,9.2,77.4,0,48.3,16.0,87,532.0,56.9,-2.0,16.3,0.998,0.3,12.8,41.4,11.6,100,87,2.187,19.7,1.006,99.2,1772,14.7,14.480
756.8,16.5,17.67,1,0.714,16.5,77.4,0,57.5,15.5,87,540.0,63.8,-2.1,18.9,1.014,0.3,15.6,0.0,0.0,100,90,2.206,16.5,0.991,99.2,1739,16.5,14.480
774.0,10.8,12.05,1,0.389,15.9,77.6,0,66.5,18.9,87,558.0,60.3,-1.7,13.0,1.002,4.3,1.8,0.6,0.0,100,94,2.074,0.7,0.131,99.2,1789,8.2,14.480
791.2,12.3,12.06,1,0.687,12.5,77.6,0,57.4,14.0,87,548.0,52.6,-3.9,14.4,1.009,2.9,10.6,92.0,0.4,98,96,2.197,22.2,0.996,99.2,1845,14.4,14.443
808.4,21.9,25.24,1,0.668,27.0,77.6,0,85.4,25.8,87,551.9,72.8,-1.6,24.6,1.004,2.5,20.8,91.6,5.0,99,95,2.186,11.1,0.997,99.2,2052,22.1,14.474
825.6,17.9,20.62,1,0.699,21.4,77.3,0,76.6,20.5,87,564.0,64.6,-1.6,20.3,1.002,2.6,16.8,39.1,4.9,100,102,2.216,23.8,1.007,99.2,1938,17.6,14.436
842.8,21.2,26.31,1,0.716,26.0,76.9,0,81.3,25.2,87,579.3,70.9,-1.6,25.4,1.001,3.1,21.5,91.2,4.7,99,108,2.182,14.0,0.998,99.2,2278,21.5,14.480
860.0,20.0,24.52,2,0.722,24.8,76.5,0,81.4,24.7,87,581.5,69.5,-1.6,24.7,0.995,3.9,20.6,91.4,5.0,99,112,2.178,16.0,0.997,99.2,2198,20.4,14.480
877.2,10.1,14.25,2,0.375,14.8,76.7,0,51.6,15.3,87,307.6,42.9,-4.0,13.4,1.490,2.0,9.2,19.6,0.0,99,96,2.872,7.4,0.568,99.2,1828,5.0,14.480
894.4,20.4,21.60,2,0.591,25.0,76.9,0,72.8,21.3,86,511.1,54.0,-1.9,21.3,0.884,0.1,18.1,34.4,0.0,100,73,2.183,10.4,1.007,99.2,1772,21.3,14.405
911.6,13.3,13.18,2,0.702,14.9,76.1,0,73.6,17.3,86,532.0,40.3,-2.3,12.2,0.990,2.5,12.2,56.7,19.0,99,78,2.186,13.2,1.002,99.2,1596,16.4,14.480
928.8,18.2,20.51,2,0.703,21.9,75.3,0,76.3,19.3,87,549.8,68.6,-1.6,22.9,0.994,1.3,20.1,92.4,7.9,99,82,2.203,12.4,0.997,99.2,1948,18.4,14.473
946.0,19.5,21.98,2,0.720,24.2,74.9,0,83.0,24.9,87,568.0,71.9,-1.6,23.8,1.000,2.7,18.7,79.7,13.7,99,88,2.194,15.1,0.996,99.2,1816,18.9,14.409
963.2,20.6,23.38,3,0.712,25.1,74.9,0,82.5,24.1,87,573.3,70.0,-1.6,22.7,1.000,3.6,18.2,81.5,7.2,98,88,2.183,13.6,1.001,99.2,2000,20.8,14.346
980.4,3.9,4.78,3,0.423,5.4,75.3,0,26.1,7.4,87,558.3,34.0,-2.6,10.9,1.028,-1.6,7.7,11.1,14.3,99,90,2.201,21.9,0.986,99.2,1670,2.4,14.480
997.6,17.3,17.44,3,0.791,21.3,75.2,0,78.1,12.7,87,543.9,32.8,-2.2,16.9,0.944,1.7,14.8,36.9,5.4,99,88,2.215,19.5,1.000,99.2,1669,14.8,14.492
1014.8,17.2,19.29,3,0.706,20.8,74.5,0,76.7,21.2,87,551.5,44.3,-2.2,16.7,0.983,2.2,14.2,43.0,0.0,99,88,2.201,17.7,1.001,99.2,1817,16.7,14.507
1032.0,7.1,5.55,3,0.718,6.4,74.5,0,32.0,8.9,87,522.7,37.3,-2.3,11.8,0.993,-1.9,7.6,0.0,0.0,99,88,2.219,32.0,1.003,99.2,1630,7.1,14.424
1049.2,17.5,19.92,3,0.715,15.9,74.5,0,56.7,16.6,87,526.7,64.6,-2.0,17.5,1.015,3.5,9.7,51.5,0.0,98,89,2.142,19.4,0.999,99.2,1881,17.7,14.493
1066.4,16.5,17.26,3,0.606,18.3,74.6,0,73.7,19.0,87,526.1,63.8,-2.0,19.8,1.008,1.4,16.1,42.8,1.3,99,84,2.191,17.8,0.997,99.2,1778,16.3,14.480
1083.6,17.6,19.22,3,0.695,20.0,73.4,0,75.7,20.1,87,545.6,63.7,-2.1,19.4,0.998,2.3,15.8,40.9,1.3,99,88,2.166,14.1,1.011,99.2,1857,18.3,14.340
1100.8,20.4,23.28,5,0.705,25.4,72.9,0,84.3,25.9,87,563.7,73.4,-1.6,25.9,1.008,1.7,21.8,91.3,1.3,98,87,2.181,12.5,0.997,99.2,2072,20.8,14.560
1118.0,21.9,24.73,5,0.701,27.4,73.3,0,85.4,27.1,87,579.4,71.8,-1.6,27.0,0.996,3.7,22.8,91.1,2.7,98,89,2.178,12.2,1.000,99.2,2121,22.0,14.534
1135.2,23.1,27.01,5,0.690,30.8,72.9,0,88.1,30.3,87,594.2,73.3,-1.6,26.0,0.999,1.3,22.8,91.1,0.0,97,89,2.185,12.1,1.001,99.2,2194,21.5,14.560
1152.4,17.1,19.52,5,0.711,14.4,72.9,0,30.6,7.3,87,592.9,38.4,-2.1,13.7,0.974,-1.8,11.4,37.9,17.4,97,90,2.275,11.1,0.995,99.2,1882,15.9,14.498
1169.6,0.0,4.45,6,0.000,5.1,74.1,0,13.3,5.1,86,522.4,11.0,-6.3,5.1,1.999,0.0,0.4,0.0,0.0,98,91,3.584,-10.0,0.000,99.2,2178,0.0,14.545
1186.8,0.0,4.17,6,0.000,5.1,75.6,0,12.9,4.8,84,438.8,11.0,-6.3,5.1,1.999,0.0,0.4,0.0,0.0,99,88,3.701,-10.5,0.000,99.2,2140,0.0,14.480
1204.0,0.0,4.27,6,0.000,5.1,76.5,0,12.6,5.1,84,372.7,11.0,-6.3,5.1,1.999,0.0,0.4,0.0,0.0,99,92,3.737,-10.0,0.000,99.2,2190,0.0,14.485
1221.2,0.0,4.31,7,0.000,5.1,76.5,0,12.5,5.1,83,315.9,11.0,-6.3,5.1,1.999,0.0,0.4,0.0,0.0,99,90,3.626,-10.5,0.000,99.2,2166,0.0,14.480
1238.4,0.0,4.55,7,0.000,5.1,76.9,0,12.6,5.1,83,263.2,11.0,-6.3,5.1,1.999,0.0,0.4,0.0,0.0,100,99,3.606,-9.1,0.000,99.2,2266,0.0,14.480
1255.6,0.9,4.22,7,0.000,4.8,77.3,0,12.5,4.7,82,224.0,11.0,-6.3,5.1,1.999,0.0,0.4,0.0,0.0,100,88,3.758,-10.2,0.000,99.2,2163,1.2,14.406
1272.8,0.0,3.15,7,0.508,3.9,76.9,0,12.2,4.4,81,219.2,16.4,-5.3,5.8,1.694,-1.0,2.8,3.1,8.9,100,91,2.874,11.3,0.583,99.2,1740,0.0,14.486
1290.0,0.0,3.08,7,0.732,4.5,76.9,0,18.9,5.5,81,233.6,25.4,-4.9,8.1,1.591,-0.3,5.9,7.3,343.7,100,86,2.756,10.4,1.028,99.2,1653,7.5,14.495
1307.2,0.0,3.99,7,0.000,4.6,77.2,0,19.3,4.5,81,215.2,15.6,-6.3,4.7,1.999,0.0,0.8,0.5,0.0,101,72,3.132,0.0,0.196,99.2,1366,1.5,14.553
1324.4,11.2,10.87,7,0.711,11.2,76.6,0,51.7,11.1,81,254.2,43.6,-2.3,10.9,1.003,-3.1,7.6,41.6,8.4,99,83,2.222,27.9,0.991,99.2,1609,11.5,14.480
1341.6,15.5,18.12,7,0.755,14.4,76.5,0,60.0,16.9,82,331.1,62.7,-2.2,19.3,1.003,1.4,15.9,58.4,14.2,100,101,2.189,16.3,0.996,99.2,2025,17.3,14.504
1358.8,15.4,17.62,7,0.497,17.4,76.5,0,72.0,18.4,85,346.7,63.7,-3.1,18.5,1.005,1.1,14.6,23.2,109.7,101,96,2.198,17.6,0.932,99.2,1893,13.7,14.480
1376.0,2.6,5.40,7,0.266,6.3,76.9,0,18.7,5.4,87,398.5,13.4,-6.3,4.9,1.205,0.0,0.4,0.0,0.0,101,114,3.442,-11.1,0.081,99.2,2086,2.1,14.545
1393.2,14.6,16.90,7,0.705,15.3,77.6,0,59.5,15.3,86,394.7,51.4,-3.1,14.7,0.993,3.2,11.3,31.7,0.0,101,106,2.194,21.9,1.004,99.2,2012,14.7,14.567
1410.4,7.3,7.92,8,0.719,7.7,78.3,0,23.0,7.0,86,420.6,16.4,-6.0,6.1,1.009,0.9,2.0,8.5,1.3,101,116,2.184,37.6,1.006,99.2,2175,7.6,14.560
1427.6,11.9,13.86,8,0.731,11.7,78.0,0,43.0,13.2,86,444.0,47.3,-3.1,15.5,0.994,2.9,11.3,17.2,1925.1,101,118,2.190,25.8,0.997,99.2,2258,11.1,14.480
1444.8,13.6,16.92,8,0.720,15.3,78.3,0,55.9,16.4,86,464.0,53.3,-3.1,13.6,1.001,4.4,8.9,24.3,0.0,101,119,2.191,29.6,0.998,99.2,2243,13.2,14.521
1462.0,21.0,26.22,9,0.732,27.4,77.6,0,83.2,27.4,86,498.4,73.8,-1.6,27.6,1.000,0.7,22.7,90.1,7.7,101,108,2.198,13.2,1.000,99.2,2294,21.4,14.480
1479.2,22.2,28.46,9,0.700,27.9,77.3,0,84.9,28.1,86,541.5,74.0,-1.6,27.9,1.001,0.8,23.3,90.0,0.4,100,109,2.197,12.0,0.999,99.2,2417,22.6,14.480
1496.4,16.3,20.20,10,0.676,18.9,77.0,0,70.2,19.5,86,552.0,63.8,-2.3,20.5,0.997,1.9,16.6,17.2,0.0,101,112,2.188,18.7,0.998,99.2,2114,15.3,14.480
1513.6,16.5,22.40,11,0.666,10.0,76.6,0,37.7,12.5,86,552.3,50.3,-2.2,18.8,0.996,-0.3,15.0,60.5,5.3,100,126,2.177,21.6,0.995,99.2,2400,15.7,14.480
1530.8,19.5,26.02,11,0.720,24.4,76.5,0,69.8,21.6,86,535.9,62.5,-2.5,25.0,1.018,-0.5,20.6,71.7,46.7,101,118,2.205,12.4,0.992,99.2,2403,23.5,14.480
1548.0,18.6,23.02,11,0.717,22.1,76.1,0,77.5,23.6,86,553.4,69.0,-1.6,23.8,1.006,2.3,19.5,87.3,10.4,100,118,2.188,16.5,0.995,99.2,2268,20.0,14.416
1565.2,15.6,20.05,11,0.471,14.1,76.5,0,50.8,15.7,87,551.4,16.2,-6.1,6.6,1.077,-3.0,4.0,10.9,11.5,101,120,2.147,30.3,0.985,99.2,2250,13.6,14.485
1582.4,13.9,16.55,12,0.703,11.2,76.8,0,35.1,9.3,87,540.0,21.9,-3.1,7.8,0.991,1.0,3.9,20.5,34.7,101,111,2.209,23.0,1.000,99.2,2108,14.7,14.483
1599.6,17.9,22.12,12,0.697,21.1,76.5,0,73.3,20.4,87,540.1,69.0,-1.7,22.5,1.001,0.4,18.5,0.0,0.0,101,110,2.194,16.5,0.993,99.2,2127,18.5,14.443
1616.8,22.6,28.64,12,0.715,27.8,76.5,0,85.2,27.8,87,552.1,74.3,-1.6,27.5,1.000,1.5,22.7,90.2,2.4,101,111,2.180,12.3,0.997,99.2,2366,22.7,14.439
1634.0,21.5,27.24,13,0.724,27.4,76.4,0,84.6,29.6,87,564.0,74.4,-1.6,30.6,1.000,3.2,25.7,88.7,2.7,101,115,2.171,14.0,1.001,99.2,2481,22.5,14.395
1651.2,20.8,26.75,14,0.654,26.9,75.7,0,82.6,27.4,87,571.4,52.5,-2.8,15.8,1.000,3.6,12.3,45.4,0.0,101,121,2.191,19.1,0.999,99.2,2371,19.7,14.451
1668.4,22.1,28.60,14,0.693,27.8,74.9,0,83.0,28.0,87,572.0,73.2,-1.6,27.7,0.995,1.0,22.8,89.6,1.5,101,122,2.192,14.8,0.997,99.2,2437,22.2,14.457
1685.6,21.8,28.17,14,0.685,7.1,74.5,0,18.3,7.3,87,580.0,36.0,-2.7,18.8,0.996,-0.9,11.3,57.2,0.0,101,118,2.195,17.5,0.998,99.2,2355,21.1,14.480
1702.8,23.1,31.02,12,0.704,30.8,74.5,0,82.7,30.2,87,580.0,73.4,-1.6,29.9,0.995,0.8,24.9,44.8,4.5,101,123,2.195,14.8,1.001,99.2,2609,23.1,14.467
1720.0,22.0,27.86,14,0.669,27.3,74.5,0,80.9,27.0,87,586.4,72.2,-1.6,27.3,0.999,0.8,22.3,89.6,2.5,100,121,2.190,14.5,1.001,99.2,2446,21.7,14.480
1737.2,14.3,19.93,14,0.677,20.6,74.5,0,42.8,22.3,87,584.0,65.2,-1.6,17.1,1.012,1.0,13.3,56.2,0.0,100,127,2.163,20.3,0.997,99.2,2426,13.6,14.478
1754.4,3.1,4.70,14,0.079,5.4,74.1,0,14.7,5.1,87,544.9,12.9,-6.3,5.8,1.663,0.6,1.5,3.2,0.3,101,111,3.424,31.7,0.885,99.2,2061,3.2,14.480
1771.6,19.8,24.50,12,0.708,23.9,72.9,0,79.4,23.7,86,541.5,69.0,-1.6,23.5,1.001,2.3,19.7,85.9,0.0,101,109,2.172,15.0,0.999,99.2,2158,19.9,14.480
1788.8,20.4,25.26,12,0.697,25.1,72.4,0,79.2,25.1,87,556.0,69.8,-1.6,25.1,1.000,3.1,20.8,91.4,0.0,101,116,2.189,14.7,1.009,99.2,2241,20.4,14.471
1806.0,18.4,24.04,13,0.707,22.4,72.2,0,74.3,20.3,87,560.0,60.7,-1.9,20.5,1.004,2.0,16.8,65.8,16.1,101,120,2.183,16.8,1.002,99.2,2272,18.4,14.480
1823.2,15.3,18.59,12,0.598,16.3,71.9,0,54.3,14.8,87,551.8,27.5,-3.1,5.8,1.034,0.5,1.7,3.4,0.0,101,118,2.104,32.2,0.991,99.2,2224,15.7,14.406
1840.4,17.3,21.78,13,0.600,14.3,72.5,0,42.7,13.2,87,552.0,40.1,-3.0,8.7,1.089,2.4,10.4,36.6,13.7,101,115,2.197,19.5,0.987,99.2,2193,19.0,14.441
1857.6,21.0,27.41,14,0.683,27.6,72.2,0,81.1,28.5,87,567.3,73.7,-1.6,27.7,0.998,1.0,22.2,0.0,0.0,101,115,2.193,13.6,0.996,99.2,2362,20.7,14.400
1874.8,20.4,25.04,14,0.703,25.2,71.4,0,79.2,25.5,87,564.0,69.5,-1.6,24.9,1.002,3.5,20.5,86.5,6.4,101,116,2.185,15.9,1.004,99.2,2228,20.6,14.480
1892.0,21.2,25.93,15,0.707,26.3,71.8,0,80.8,26.3,87,572.0,71.2,-1.6,26.0,0.999,2.6,21.6,91.0,0.0,100,110,2.188,14.5,0.998,99.2,2279,21.2,14.457
1909.2,10.7,10.94,14,0.177,15.1,70.6,0,60.1,18.8,87,569.9,52.9,-3.1,16.4,1.007,2.9,11.2,33.2,31.5,101,123,2.200,30.4,0.991,99.2,2289,7.9,14.480
1926.4,18.8,24.86,14,0.729,22.5,70.2,0,75.6,22.5,86,558.7,65.0,-2.2,20.8,0.996,3.4,17.3,67.5,19.9,101,121,2.151,18.5,1.009,99.2,2337,19.1,14.340
1943.6,20.8,26.86,14,0.704,25.9,70.6,0,81.8,25.9,86,570.4,71.8,-1.6,25.7,1.001,1.6,21.2,89.8,1.6,101,125,2.193,15.1,0.999,99.2,2368,21.2,14.406
1960.8,20.6,27.72,14,0.700,11.0,71.4,0,59.0,21.2,86,580.0,63.1,-1.6,22.7,1.001,1.2,18.8,48.9,1.0,101,130,2.169,18.5,1.001,99.2,2487,20.5,14.480
1978.0,20.4,25.55,12,0.714,24.5,71.4,0,79.7,24.8,86,572.0,70.2,-1.6,24.6,1.005,2.3,20.2,89.3,1.8,101,120,2.195,16.0,0.996,99.2,2299,20.5,14.480
1995.2,21.6,27.97,14,0.734,26.4,70.3,0,82.3,26.2,86,574.6,71.8,-1.6,26.2,0.994,1.9,21.8,89.8,0.0,101,115,2.184,14.5,1.004,99.2,2398,21.7,14.480
2012.4,20.9,27.45,14,0.705,17.5,69.8,0,62.6,18.8,86,580.0,63.5,-2.5,21.9,0.996,2.6,18.0,66.2,0.0,100,116,2.188,16.6,0.991,99.2,2352,20.9,14.353
2029.6,17.0,22.94,14,0.682,24.0,70.2,0,78.7,24.9,86,580.0,70.3,-1.6,26.0,1.002,1.2,21.6,78.2,0.0,101,120,2.185,26.7,0.989,99.2,2265,14.1,14.480
2046.8,16.6,21.32,14,0.702,20.2,69.8,0,71.7,21.1,86,573.6,60.0,-3.1,17.5,1.001,3.5,12.4,39.5,27.5,101,117,2.194,23.6,0.994,99.2,2219,16.8,14.432
2064.0,18.0,24.06,14,0.733,22.1,69.8,0,75.0,23.1,86,572.0,67.5,-1.6,23.4,0.996,1.0,14.4,60.3,3.0,100,124,2.171,21.3,1.000,99.2,2351,18.1,14.400
2081.2,12.9,15.32,14,0.718,13.8,70.2,0,49.4,14.0,86,564.0,43.7,-3.1,13.9,0.993,4.5,5.5,11.2,0.0,101,122,2.141,33.8,1.003,99.2,2292,11.7,14.399
2098.4,23.1,31.59,12,0.677,33.9,70.2,0,85.1,34.0,86,563.3,71.9,-1.9,31.0,1.001,1.4,24.9,87.4,3.5,101,125,2.195,14.2,1.007,99.2,2547,22.7,14.375
2115.6,20.0,24.33,12,0.676,25.3,70.2,0,81.2,24.8,86,550.8,72.4,-1.6,26.5,1.000,1.3,22.4,90.8,8.0,100,104,2.190,11.7,0.997,99.2,2166,16.5,14.453
2132.8,13.9,15.06,14,0.685,14.1,69.8,0,68.3,20.5,86,556.0,71.5,-1.6,25.9,0.997,0.7,22.1,87.2,7.4,100,100,2.195,16.2,0.996,99.2,1951,18.1,14.480
2150.0,3.7,5.24,14,0.675,4.7,69.4,0,14.0,6.9,86,555.1,32.9,-5.3,8.9,1.016,0.7,3.6,7.4,28.6,101,107,2.606,28.9,0.927,99.2,1997,7.6,14.340
2167.2,16.0,17.82,14,0.683,10.6,70.2,0,44.1,14.5,86,518.5,54.6,-3.4,16.4,0.959,5.1,11.3,34.5,54.0,101,103,2.107,21.9,1.012,99.2,2037,14.9,14.400
2184.4,19.2,23.82,14,0.772,23.6,69.8,0,75.8,22.0,86,526.7,62.0,-2.2,20.0,0.998,3.9,16.1,0.0,4.9,101,112,2.177,19.4,1.001,99.2,2147,18.0,14.480
2201.6,21.7,28.17,12,0.695,27.1,69.4,0,82.8,26.9,86,549.8,72.9,-1.6,26.8,0.998,0.8,22.2,89.8,1.3,100,119,2.198,14.8,0.999,99.2,2419,20.4,14.463
2218.8,13.3,16.05,14,0.675,13.5,69.0,0,32.7,9.6,86,541.1,26.2,-4.2,11.3,1.005,0.9,6.8,18.5,24.5,101,123,2.194,26.2,0.985,99.2,2303,11.4,14.480
2236.0,19.7,25.54,12,0.681,25.3,69.4,0,79.5,24.8,86,543.2,69.2,-1.6,23.0,1.007,0.8,12.8,43.7,0.0,101,119,2.157,20.7,0.994,99.2,2268,18.8,14.499
2253.2,22.1,28.07,11,0.737,27.8,69.4,0,84.1,27.1,86,550.4,73.0,-1.6,27.5,1.002,2.4,22.4,89.6,2.3,101,115,2.175,14.5,0.998,99.2,2394,21.7,14.432
2270.4,22.6,31.22,11,0.710,31.2,69.4,0,82.7,31.8,86,570.4,73.7,-1.6,31.5,0.996,1.3,26.5,87.8,0.3,101,126,2.173,15.9,1.001,99.2,2645,23.2,14.480
2287.6,21.9,29.08,12,0.700,28.1,69.8,0,83.6,29.0,86,578.1,72.9,-1.6,29.8,1.001,0.8,24.9,60.0,0.0,101,128,2.177,15.9,1.000,99.2,2480,22.0,14.399
2304.8,19.2,26.68,11,0.695,24.1,69.8,0,75.4,24.3,86,584.0,68.1,-1.6,25.1,0.994,0.8,20.4,89.5,3.7,100,133,2.190,19.1,1.000,99.2,2520,19.1,14.400
2322.0,20.0,27.22,11,0.695,24.6,69.7,0,79.4,24.7,86,588.0,69.5,-1.6,24.5,1.000,0.4,19.8,85.2,1.0,100,129,2.173,18.5,0.998,99.2,2448,20.4,14.407
2339.2,16.8,23.18,11,0.691,19.4,69.8,0,67.1,19.3,86,584.0,58.4,-1.6,19.4,0.999,0.1,14.5,46.4,55.8,101,131,2.191,23.1,1.003,99.2,2489,16.9,14.480
2356.4,17.6,24.55,9,0.679,21.8,69.7,0,72.7,22.2,86,580.0,66.4,-1.6,23.7,0.996,0.3,18.0,70.9,4.4,101,131,2.202,22.4,0.999,99.2,2473,17.6,14.480
2373.6,19.5,24.25,10,0.702,23.8,69.6,0,78.8,23.7,86,578.4,69.3,-1.6,23.5,1.012,2.0,19.2,82.6,3.1,101,114,2.200,15.1,0.999,99.2,2157,19.6,14.480
2390.8,18.3,22.59,10,0.678,21.2,69.4,0,72.7,20.6,87,572.0,63.3,-2.6,19.9,0.994,2.9,15.8,0.0,0.0,101,112,2.187,17.9,1.013,99.2,2136,18.4,14.480
2408.0,19.6,24.91,10,0.714,23.6,69.5,0,77.8,23.6,87,572.0,69.0,-1.6,23.5,0.999,1.6,19.2,83.6,2.5,101,120,2.191,16.1,0.997,99.2,2266,19.8,14.560
2425.2,21.2,27.68,10,0.695,26.0,69.3,0,81.3,25.9,87,580.0,72.2,-1.6,25.9,0.997,0.1,21.2,89.8,3.0,101,126,2.191,15.2,0.998,99.2,2407,21.2,14.480
2442.4,9.1,10.66,10,0.077,10.9,69.0,0,38.7,13.2,87,573.3,41.0,-1.6,16.2,0.962,2.4,12.3,43.3,0.0,101,129,2.290,6.1,0.000,99.2,2376,0.0,14.458
2459.6,15.0,18.14,10,0.704,16.0,69.8,0,58.5,15.7,86,548.0,51.3,-3.1,15.8,1.002,4.5,11.5,34.1,41.8,101,116,2.187,24.3,0.999,99.2,2192,15.1,14.480
2476.8,2.5,5.40,10,0.167,5.4,69.1,0,18.5,9.0,86,536.9,24.7,-6.3,8.3,0.928,9.9,3.6,9.7,0.0,101,114,2.520,16.9,0.511,99.2,2121,4.0,14.480
2494.0,18.1,23.25,10,0.725,21.4,69.4,0,76.8,23.5,86,527.5,72.8,-1.6,24.7,1.001,1.9,20.1,20.4,0.0,101,109,2.174,15.9,0.999,99.2,2164,18.9,14.560
2511.2,0.0,3.32,10,0.000,3.9,69.8,0,11.8,4.0,86,509.6,11.6,-6.3,4.1,1.704,4.2,0.5,0.0,0.0,102,97,3.109,-13.0,0.000,99.2,1806,0.0,14.507
2528.4,0.0,2.43,10,0.082,3.9,71.3,0,29.6,3.5,86,444.3,20.4,-8.6,3.3,1.465,0.0,0.8,0.0,0.5,102,6,1.966,2.1,0.912,99.2,639,0.0,14.295
2545.6,15.5,15.41,10,0.775,13.5,70.7,0,49.3,12.1,86,408.0,42.6,-6.1,11.1,0.983,2.4,7.0,22.4,0.0,102,11,2.047,5.0,1.012,99.2,1557,16.5,14.338
2562.8,0.0,2.94,10,0.000,3.5,70.1,0,15.1,3.5,86,425.2,12.5,-6.3,3.7,1.999,0.0,0.8,0.0,0.0,102,53,3.585,-12.5,0.000,99.2,1303,0.0,14.406
2580.0,0.5,3.99,10,0.730,5.9,69.9,0,30.6,7.3,86,409.6,33.6,-4.5,8.3,1.495,0.8,4.7,11.9,0.0,101,41,2.637,12.5,0.785,99.2,1258,8.3,14.472
2597.2,9.6,8.62,10,0.652,4.5,70.1,0,25.5,5.5,86,373.8,25.3,-4.3,6.2,0.956,4.7,3.2,7.4,0.0,102,19,2.023,26.2,1.009,99.2,1240,10.1,14.478
2614.4,0.0,2.61,11,0.668,3.3,70.1,0,23.3,3.1,86,341.7,18.8,-10.2,3.0,0.994,5.0,0.5,0.0,0.0,102,0,2.196,0.0,1.009,99.2,695,0.0,14.369
2631.6,0.0,0.78,11,0.780,55.7,70.2,-15,0.0,6.3,87,328.0,0.0,3.9,6.7,1.011,0.0,1.6,0.0,0.0,102,0,2.226,9.0,0.999,99.2,312,0.0,12.960
2648.8,0.0,0.78,11,0.780,55.7,70.2,-15,0.0,6.3,87,328.0,0.0,3.9,6.7,1.011,0.0,1.6,0.0,0.0,102,0,2.226,9.0,0.999,99.2,312,0.0,12.960
