BlueDriver Data Log
Dec 17, 2018 6:39:25 PM
Time (s),Accelerator Pedal Position E (%),Mass Air Flow Rate (g/s),Intake Air Temperature (°C),O2 Bank 1 - Sensor 2 - Oxygen Sensor Voltage (V),Absolute Throttle Position B (%),Fuel Level Input (%),Ambient Air Temperature (°C),Calculated Engine Load Value (%),Absolute Throttle Position (%),Engine Coolant Temperature (°C),Catalyst Temperature Bank 1 - Sensor 1 (°C),Absolute Load Value (%),Long Term Fuel Trim Bank 1 (%),Commanded Throttle Actuator (%),Wide Range O2S: Bank 1 - Sensor 1 - Equivalence Ratio (λ),Short Term Fuel Trim Bank 1 (%),Relative Throttle Position (%),Commanded Evaporative Purge (%),Evap. System Vapor Pressure (Pa),Barometric Pressure (kPa),Vehicle Speed (km/h),Wide Range O2S: Bank 1 - Sensor 1 - Voltage (V),Timing Advance for #1 cylinder (°),Commanded Equivalence Ratio (λ),O2 Bank 1 - Sensor 2 - Short Term Fuel Trim (%),Engine RPM (rpm),Accelerator Pedal Position D (%),Control Module Voltage (V)
0.0,,,,,,,,,,,,,,,,,,,,,,,,,,,,
17.2,0.0,5.59,17,0.276,7.3,49.4,17,35.4,7.1,30,0.0,29.3,-3.1,6.9,1.004,1.8,1.6,0.0,0.0,102,0,2.197,3.6,0.999,99.2,1266,0.0,14.480
34.4,1.5,5.77,17,0.280,6.8,49.4,17,34.4,6.8,34,0.0,30.3,-3.1,7.1,0.999,2.6,1.6,0.0,0.0,102,9,2.177,20.5,0.999,99.2,1545,1.2,13.213
51.6,4.3,7.17,17,0.280,8.7,50.0,17,38.7,8.0,37,0.0,30.8,-3.0,7.3,1.000,3.7,1.7,0.0,0.0,102,7,2.206,7.3,0.997,99.2,1365,4.8,12.960
68.8,0.0,5.62,17,0.283,6.3,50.8,17,41.7,6.3,41,0.0,31.9,-3.3,6.5,0.997,1.8,0.7,0.0,3.9,102,2,2.100,-1.0,0.999,99.2,888,0.0,12.945
86.0,21.6,21.90,16,0.318,25.1,49.5,16,73.3,27.6,44,25.6,76.1,-1.3,27.6,0.998,-0.2,23.6,91.6,0.8,102,44,2.222,9.1,0.996,99.2,1909,23.1,12.956
103.2,13.8,17.46,16,0.824,19.1,48.3,16,60.3,19.1,50,250.9,53.6,-2.3,13.7,1.008,2.6,3.5,3.6,13.8,102,60,2.073,22.4,1.013,99.2,1990,11.0,12.954
120.4,0.0,4.09,16,0.452,5.1,50.0,16,31.9,4.9,54,258.8,26.1,-3.9,5.0,0.912,-4.6,0.8,0.0,0.0,102,1,2.136,0.9,0.885,99.2,888,0.0,12.960
137.6,0.0,3.37,17,0.737,4.1,50.2,16,32.1,4.2,54,238.6,25.0,-3.9,4.3,0.983,-0.7,0.8,0.0,0.0,102,0,2.186,9.4,1.008,99.2,771,0.0,12.826
154.8,0.0,4.20,17,0.724,5.1,49.8,16,41.8,5.4,55,216.3,33.9,-3.9,5.4,1.002,-0.4,0.5,0.0,0.0,102,0,2.208,7.5,0.998,99.2,787,0.0,12.866
172.0,2.9,4.98,17,0.750,4.7,49.8,16,31.0,3.9,55,200.6,23.5,-3.9,3.9,0.997,1.0,0.8,0.0,0.7,102,0,2.235,16.8,1.007,99.2,1047,4.8,12.750
189.2,22.0,23.24,16,0.759,27.1,47.8,16,84.8,27.9,57,318.8,75.6,-0.8,27.4,0.996,2.3,23.3,90.2,4.9,102,60,2.185,6.9,0.997,99.2,1946,21.8,12.936
206.4,15.3,16.18,15,0.812,16.9,47.0,15,76.2,11.0,62,411.5,39.0,-2.4,9.8,0.981,-0.8,7.1,12.1,0.0,102,78,2.383,11.7,1.017,99.2,1468,8.1,12.890
223.6,27.1,31.33,15,0.703,37.8,45.9,15,82.8,37.5,71,561.2,75.0,-0.3,37.0,1.001,0.0,32.1,0.0,0.0,102,111,2.189,14.5,1.001,99.2,2613,27.5,12.882
240.8,26.6,31.47,15,0.714,37.7,46.2,99,16.8,38.0,71,570.1,74.7,0.0,38.0,1.002,-0.6,32.6,0.0,0.0,102,112,2.185,14.7,1.000,99.2,2611,27.0,13.003
258.0,24.3,29.65,15,0.706,32.4,46.7,15,82.3,33.0,75,595.8,72.9,0.0,32.5,1.002,-0.2,27.3,84.3,1.2,102,115,2.179,14.3,0.997,99.2,2461,24.1,12.960
275.2,23.0,28.16,15,0.707,27.6,45.5,15,79.8,26.6,78,608.6,71.0,0.0,25.6,1.006,0.8,24.4,88.8,0.2,101,120,2.190,13.5,0.999,99.2,2420,24.1,12.960
292.4,21.0,26.74,15,0.716,24.7,45.5,15,78.2,24.7,81,624.0,68.3,0.0,24.2,0.995,2.8,22.0,89.3,0.0,101,118,2.180,13.1,1.009,99.2,2300,21.6,12.960
309.6,20.4,25.29,15,0.713,25.1,46.1,15,79.4,25.9,83,627.3,71.8,0.0,25.8,1.001,0.8,21.2,88.3,0.4,101,118,2.174,16.4,0.997,99.2,2261,20.4,12.880
326.8,15.7,19.83,15,0.697,17.8,47.1,15,66.2,17.7,84,616.2,60.5,-1.6,18.4,0.998,-0.2,14.1,23.0,4.8,101,113,2.182,22.1,1.001,99.2,2143,15.7,12.960
344.0,12.4,14.38,15,0.621,12.6,47.1,15,48.6,12.4,85,604.4,44.4,-1.6,13.5,1.009,0.6,9.3,65.3,0.0,100,112,2.182,26.8,0.989,99.2,2123,12.3,12.960
361.2,17.0,22.93,15,0.716,20.1,46.6,15,71.4,20.3,85,596.0,55.6,-1.6,17.1,0.994,-0.6,13.6,92.6,8.3,100,123,2.178,22.1,1.008,99.2,2337,16.9,12.984
378.4,19.2,24.34,15,0.740,22.7,45.9,15,75.4,22.8,85,598.6,67.5,0.0,22.7,1.001,0.8,18.6,90.6,3.0,101,118,2.178,18.5,0.997,99.2,2239,19.2,12.870
395.6,19.3,23.66,15,0.735,23.4,45.9,15,78.3,23.6,86,604.0,69.1,0.0,23.8,0.999,1.1,19.7,90.4,5.3,101,110,2.171,16.0,1.001,99.2,2136,19.2,12.960
412.8,19.5,24.70,15,0.729,23.5,46.3,15,77.0,23.7,87,608.0,69.3,0.0,24.4,1.005,1.5,19.8,90.3,0.0,101,119,2.164,17.0,0.998,99.2,2277,19.6,12.880
430.0,20.1,25.15,15,0.721,23.9,46.3,15,77.6,24.1,87,617.4,68.9,0.0,24.8,1.003,2.2,20.4,89.6,0.2,101,118,2.188,16.0,0.999,99.2,2265,20.5,12.967
447.2,15.5,19.06,15,0.695,18.9,45.5,15,70.0,19.9,87,615.6,58.5,-0.1,18.0,1.004,1.6,14.0,92.7,4.7,100,114,2.170,20.0,1.004,99.2,2138,13.8,12.914
464.4,20.3,25.78,15,0.729,25.3,45.5,15,80.6,26.2,87,616.0,72.2,0.0,25.9,0.997,1.6,21.3,0.0,0.0,102,117,2.184,18.4,0.996,99.2,2264,19.5,12.960
481.6,15.6,19.49,15,0.741,17.3,44.7,15,65.1,17.4,87,612.0,55.6,-1.3,16.7,0.992,0.0,12.4,93.2,13.6,100,115,2.170,23.9,1.000,99.2,2175,14.7,12.960
498.8,14.3,17.84,15,0.706,15.1,43.9,15,43.9,11.3,87,600.8,43.8,-1.6,14.3,0.996,-0.5,10.0,93.5,9.1,100,119,2.187,25.5,0.998,99.2,2254,14.7,12.901
516.0,15.4,18.46,15,0.684,16.7,45.0,15,64.3,17.1,87,600.0,60.2,-1.6,19.5,0.986,1.6,15.2,91.9,5.6,100,110,2.182,22.9,1.002,99.2,2072,15.5,12.960
533.2,21.5,26.67,16,0.725,26.8,45.4,15,82.6,27.2,87,606.4,74.0,0.0,28.9,1.003,2.1,24.1,88.6,0.0,101,107,2.185,13.6,1.001,99.2,2348,22.0,12.953
550.4,22.2,28.32,16,0.724,28.6,45.8,15,82.6,27.8,87,626.2,70.8,0.0,28.5,0.998,0.8,25.0,87.5,9.7,101,121,2.185,15.9,0.998,99.2,2646,22.0,12.960
567.6,21.7,27.75,16,0.696,25.5,46.0,15,78.8,25.7,87,630.1,71.4,0.0,26.6,1.000,1.3,22.5,0.0,0.0,101,120,2.177,16.1,1.010,99.2,2400,22.1,12.960
584.8,13.1,15.99,16,0.605,18.0,46.3,15,72.5,19.0,87,606.2,61.3,-1.0,18.3,1.005,-0.8,8.7,52.1,0.0,100,106,2.239,32.4,1.003,99.2,2000,14.8,12.960
602.0,8.3,7.90,16,0.702,10.6,46.2,15,47.5,14.5,87,588.7,32.3,-2.6,10.3,1.047,-1.7,6.7,25.6,33.1,101,106,2.101,26.1,0.979,99.2,2118,6.1,12.951
619.2,5.4,5.08,16,0.663,7.1,46.6,15,25.7,7.9,86,550.2,28.0,-2.2,9.0,0.998,-7.5,5.0,78.8,19.7,100,106,2.097,32.9,1.012,99.2,2012,1.2,12.960
636.4,11.4,12.70,17,0.840,11.3,47.1,15,38.9,10.9,86,536.0,29.5,-2.4,9.7,0.980,-0.5,4.8,32.7,5.4,101,106,2.167,30.6,0.980,99.2,2015,8.7,12.880
653.6,18.7,21.76,16,0.737,22.1,46.4,15,77.6,22.7,86,550.2,69.2,-0.8,23.0,0.996,0.5,19.0,91.2,0.0,101,100,2.179,15.4,1.002,99.2,2019,18.6,12.960
670.8,26.3,32.78,16,0.700,36.0,45.1,15,85.6,35.3,86,592.8,75.8,0.0,35.5,1.000,0.0,30.1,86.1,6.5,101,113,2.182,13.6,1.004,99.2,2652,26.5,13.015
688.0,18.9,23.50,16,0.718,22.9,44.7,15,77.0,22.8,86,608.0,67.1,0.0,22.2,0.997,0.3,18.3,0.0,0.0,102,114,2.193,17.6,0.998,99.2,2187,18.8,12.880
705.2,15.2,18.98,16,0.692,16.5,44.4,15,61.3,16.0,87,604.0,53.0,-1.6,16.3,0.995,-0.3,11.9,37.6,1653.9,101,112,2.198,22.4,1.002,99.2,2137,15.7,12.886
722.4,16.1,18.89,16,0.693,17.5,43.9,15,67.6,17.8,87,592.0,59.6,-1.6,17.6,1.003,0.0,14.0,93.3,0.0,100,106,2.195,20.0,0.988,99.2,2025,16.1,12.960
739.6,22.3,26.02,16,0.699,27.0,44.3,15,81.7,27.6,87,591.0,72.2,0.0,27.0,1.003,-1.6,23.2,89.2,0.0,101,109,2.212,9.7,0.992,99.2,2186,23.6,12.820
756.8,18.0,23.40,16,0.697,21.7,44.5,15,74.8,25.2,87,609.6,72.8,0.0,27.8,0.996,-1.0,22.7,87.9,0.0,101,124,2.172,13.6,0.999,99.2,2475,22.4,12.890
774.0,23.9,32.37,16,0.713,32.1,44.4,15,81.4,32.2,87,625.6,72.9,0.0,32.3,1.005,0.6,27.1,86.2,4.3,101,130,2.163,15.7,1.002,99.2,2831,24.2,12.960
791.2,24.1,32.49,16,0.724,32.2,44.3,15,81.1,32.0,86,633.8,73.6,0.0,32.2,0.997,0.0,26.6,65.3,1.9,101,130,2.194,16.5,0.999,99.2,2785,24.2,12.807
808.4,23.3,29.90,16,0.732,31.0,42.5,15,82.8,31.8,86,640.0,72.9,0.0,32.3,0.999,0.8,26.8,86.1,5.2,101,130,2.176,20.7,0.997,99.2,2494,22.0,12.960
825.6,18.6,24.88,16,0.699,23.9,43.7,15,78.5,25.1,86,640.0,71.4,0.0,26.5,0.998,-0.5,21.6,88.4,0.6,101,127,2.189,14.9,1.000,99.2,2427,17.7,12.960
842.8,24.5,31.62,16,0.712,33.2,45.1,15,82.5,33.3,86,644.0,74.5,0.0,33.4,0.999,0.2,28.1,86.3,0.0,101,118,2.194,15.0,0.995,99.2,2699,24.6,12.960
860.0,16.8,23.53,16,0.777,22.9,43.6,15,77.5,26.1,86,646.3,65.1,0.0,18.5,1.005,-0.8,11.0,89.8,64.7,100,132,2.163,29.4,1.013,99.2,2503,13.7,12.960
877.2,24.6,33.41,16,0.690,33.8,43.5,15,81.8,30.9,86,648.0,72.0,0.0,31.1,0.996,0.6,26.6,86.5,0.4,101,130,2.185,14.8,1.004,99.2,2693,24.8,12.960
894.4,23.1,31.84,16,0.700,31.2,42.0,15,79.6,31.4,86,648.0,72.7,0.0,31.0,1.013,-0.7,25.6,47.0,0.0,102,136,2.190,17.0,0.997,99.2,2773,23.4,12.895
911.6,23.2,32.14,16,0.720,31.0,42.5,15,80.3,31.5,86,648.0,71.6,0.0,31.3,0.997,-0.7,25.9,85.9,0.0,101,134,2.194,17.6,0.997,99.2,2811,23.4,12.938
928.8,20.2,26.65,16,0.696,24.9,43.1,15,80.0,25.0,86,644.0,69.3,0.0,24.7,1.002,-0.8,20.2,88.7,1.3,101,128,2.184,17.4,1.001,99.2,2434,20.3,12.960
946.0,12.3,14.35,16,0.680,16.5,42.7,15,67.7,20.8,86,640.4,64.2,1.3,22.0,1.002,-3.2,18.0,90.0,0.0,101,127,2.188,19.6,0.992,99.2,2420,19.7,12.913
963.2,18.7,24.42,16,0.677,12.5,43.5,15,45.9,16.0,86,636.0,54.2,-0.8,20.0,0.989,-0.0,16.9,90.3,0.0,101,124,2.189,18.0,1.005,99.2,2358,19.5,12.960
980.4,21.8,28.04,16,0.686,27.5,43.1,15,82.9,27.8,86,640.0,72.7,0.0,27.6,0.996,0.7,22.7,87.6,7.6,101,127,2.182,16.1,1.000,99.2,2464,22.0,12.960
997.6,22.4,29.05,16,0.705,28.6,42.4,15,82.5,28.9,86,644.0,73.7,0.0,28.8,1.004,-0.3,23.7,0.0,0.0,102,118,2.176,13.9,1.000,99.2,2479,22.7,12.884
1014.8,22.5,29.92,16,0.719,29.5,42.7,15,81.4,29.4,86,644.0,72.3,0.0,29.4,0.999,1.0,24.0,87.7,8.4,101,127,2.197,16.5,0.996,99.2,2586,22.7,12.952
1032.0,22.6,29.56,16,0.709,29.6,42.9,15,80.8,29.7,86,648.0,72.2,0.0,29.9,0.998,0.0,25.0,86.9,9.2,101,124,2.200,17.0,0.999,99.2,2688,22.6,12.945
1049.2,22.4,29.54,16,0.697,28.3,42.4,15,80.8,28.2,86,644.0,74.2,0.0,29.0,1.009,0.0,24.7,86.7,0.3,101,130,2.192,15.6,1.000,99.2,2612,22.8,12.960
1066.4,22.0,28.99,16,0.707,28.7,42.5,15,81.1,29.2,86,647.7,55.0,1.6,6.7,1.000,-0.7,14.3,25.7,0.0,101,128,1.850,17.1,1.009,99.2,2508,21.7,12.960
1083.6,17.5,22.55,16,0.689,21.0,42.0,15,72.0,21.5,86,631.7,64.6,-0.0,22.0,0.998,0.6,17.0,91.3,3.4,101,120,2.267,15.9,1.080,99.2,2237,13.6,12.885
1100.8,6.1,7.45,17,0.668,8.2,42.1,15,28.3,9.2,86,596.3,28.1,-1.7,11.5,1.125,-2.0,7.4,0.0,0.0,102,109,2.272,26.0,0.950,99.2,2171,5.2,12.917
1118.0,12.5,16.20,17,0.672,10.9,42.1,15,51.0,15.0,86,588.0,62.7,-1.4,15.4,1.001,-2.6,9.3,62.0,0.0,101,109,2.143,22.6,1.000,99.2,2222,19.7,12.914
1135.2,14.0,14.82,17,0.229,13.3,42.4,15,49.9,11.4,86,568.3,62.3,-0.2,18.5,1.026,-5.9,13.7,65.2,0.0,101,99,2.158,23.7,1.000,99.2,1924,14.1,12.911
1152.4,21.8,25.75,16,0.734,28.8,41.9,15,85.7,30.9,86,584.1,76.9,0.0,33.0,0.998,2.1,27.2,87.6,0.0,101,108,2.180,11.5,1.002,99.2,2439,23.7,12.960
1169.6,16.0,18.60,16,0.730,18.4,40.8,15,56.4,7.5,86,599.9,20.4,-3.1,5.7,0.973,-1.0,2.2,21.9,24.0,102,107,2.105,34.1,1.007,99.2,2066,13.1,12.960
1186.8,24.7,30.77,16,0.705,33.3,40.8,15,85.3,33.0,86,609.9,75.8,0.0,32.8,1.003,0.5,27.1,86.5,8.8,101,108,2.188,14.8,0.998,99.2,2439,24.0,12.940
1204.0,14.2,17.92,16,0.696,14.3,41.2,15,49.0,16.5,86,624.0,49.9,1.0,20.5,0.980,-3.8,20.2,89.0,2.3,101,126,2.209,19.6,0.999,99.2,2687,18.7,12.960
1221.2,25.5,29.36,16,0.700,32.9,40.8,15,84.2,31.5,86,618.9,76.2,0.0,32.3,0.997,-1.1,28.4,46.9,2.1,102,105,2.204,11.3,0.996,99.2,2388,25.3,12.960
1238.4,18.9,24.30,16,0.781,30.2,40.8,15,86.6,33.7,86,634.7,69.6,1.0,18.3,1.000,0.4,15.6,48.0,5.7,101,116,2.176,28.0,1.000,99.2,2207,11.8,12.960
1255.6,13.1,14.63,16,0.789,12.0,40.5,15,45.2,12.9,86,614.9,40.7,-1.6,7.7,1.009,-1.9,0.8,9.7,0.0,101,106,3.003,15.6,0.753,99.2,1979,6.8,12.960
1272.8,14.8,18.07,17,0.674,14.4,39.9,15,52.9,14.1,86,558.4,46.1,-1.6,15.3,0.934,1.1,10.8,93.8,60.5,101,104,2.158,23.7,1.005,99.2,2129,14.7,12.814
1290.0,21.1,25.98,16,0.647,25.3,41.2,15,78.6,24.9,86,570.6,71.7,0.0,24.0,0.998,1.3,17.8,89.9,19.9,101,103,2.213,14.4,0.996,99.2,2205,21.3,12.884
1307.2,12.4,11.60,16,0.712,13.2,39.1,15,51.6,19.3,86,600.0,62.0,-0.7,27.8,0.980,2.0,24.8,87.9,1.8,102,109,2.162,18.9,1.002,99.2,2048,7.0,12.882
1324.4,26.0,29.33,16,0.704,34.0,40.7,15,87.0,33.5,87,608.8,77.7,0.0,33.5,1.005,1.3,29.0,87.4,4.9,101,95,2.181,11.1,1.000,99.2,2364,26.1,12.960
1341.6,28.2,30.79,16,0.710,37.6,40.7,15,88.1,37.6,87,637.9,78.0,0.0,37.4,0.995,0.5,32.6,86.7,2.6,101,98,2.184,12.0,1.003,99.2,2475,28.6,12.884
1358.8,24.9,27.95,16,0.698,33.8,39.1,15,85.1,33.4,87,652.0,72.8,0.0,28.6,0.999,1.4,23.3,87.7,19.8,101,104,2.171,16.0,1.002,99.2,2088,23.8,12.960
1376.0,27.0,30.49,16,0.706,36.8,36.3,15,86.9,36.5,87,653.3,76.3,0.0,37.2,1.001,0.1,33.0,86.3,0.6,101,104,2.194,13.0,0.997,99.2,2535,27.3,12.960
1393.2,6.9,9.16,16,0.317,4.9,39.0,15,13.5,4.4,87,639.0,10.8,-3.1,4.6,1.999,0.0,0.8,0.0,0.0,101,104,3.491,-9.7,0.132,99.2,1925,3.8,12.942
1410.4,0.0,3.00,16,0.000,3.5,41.0,15,16.1,3.8,87,565.1,13.4,-3.1,3.9,1.999,0.0,0.8,0.0,0.2,101,44,3.665,-12.1,0.000,99.2,1250,0.0,12.934
1427.6,14.2,13.29,16,0.828,15.0,41.9,15,62.3,14.9,86,508.3,46.0,-1.6,13.8,1.015,-1.4,9.9,0.0,0.0,101,17,2.062,15.9,0.993,99.2,1328,9.7,13.010
1444.8,24.5,26.78,16,0.741,31.6,39.6,15,87.5,31.4,86,578.0,77.1,0.0,31.7,0.999,1.4,27.6,88.3,99.4,101,71,2.179,9.8,0.997,99.2,2183,24.6,12.880
1462.0,27.0,29.47,15,0.704,35.2,39.2,15,87.1,35.3,86,622.6,78.3,0.0,35.2,1.002,0.0,30.6,87.5,6.3,101,92,2.187,11.3,0.997,99.2,2382,27.5,12.908
1479.2,24.5,25.62,16,0.705,31.6,38.8,15,87.1,31.5,87,624.0,72.0,-0.2,29.5,0.997,2.2,23.8,90.1,0.3,100,95,2.194,10.8,1.007,99.2,2087,24.4,12.973
1496.4,28.6,34.21,15,0.705,41.2,38.4,15,86.6,41.7,87,646.9,77.1,0.0,40.8,0.998,0.0,35.8,85.1,0.9,100,100,2.201,14.1,0.995,99.2,2740,29.0,12.941
1513.6,29.0,34.33,15,0.705,42.7,38.0,15,86.3,42.7,87,666.0,76.3,0.0,42.4,1.014,0.0,37.1,84.7,8.7,100,93,2.191,14.5,0.999,99.2,2791,29.1,12.943
1530.8,29.8,35.15,15,0.714,42.1,37.3,15,86.2,41.8,87,678.7,75.3,0.0,41.5,1.001,0.4,36.5,85.1,3.0,100,90,2.189,15.2,1.000,99.2,2864,30.2,12.960
1548.0,30.2,34.93,14,0.701,40.4,37.6,14,84.5,41.1,87,688.0,74.5,0.0,40.6,1.000,-0.4,34.9,84.7,2.3,99,90,2.196,16.3,0.999,99.2,2922,30.5,12.947
1565.2,34.9,35.65,14,0.728,45.4,36.9,14,86.0,46.0,87,692.0,76.5,0.0,45.0,0.995,-0.5,39.4,43.2,0.0,99,90,2.203,16.5,0.997,99.2,2937,35.1,12.938
1582.4,35.3,36.72,14,0.745,43.5,35.8,14,85.9,43.5,87,696.0,74.5,0.0,43.3,0.999,0.0,37.5,84.2,5.0,98,90,2.198,18.0,0.998,99.2,3050,36.1,12.960
1599.6,34.9,36.21,14,0.721,42.3,36.4,14,86.3,41.8,87,696.0,75.3,0.0,43.7,1.008,0.3,38.2,85.1,0.0,98,95,2.193,16.8,1.001,99.2,2952,35.1,12.960
1616.8,17.7,21.75,14,0.645,12.0,38.3,14,38.9,13.2,87,669.0,43.4,-1.2,15.3,1.338,1.1,12.5,72.6,9.3,98,114,2.153,20.9,0.981,99.2,2211,17.6,12.960
1634.0,6.7,6.71,14,0.688,6.4,40.0,14,21.7,5.7,86,612.0,13.1,-3.1,5.0,1.761,0.0,0.8,0.0,0.0,99,112,3.685,-11.0,1.114,99.2,2086,4.8,12.960
1651.2,6.4,6.83,14,0.596,6.9,40.1,14,21.0,5.2,86,577.3,16.2,-2.7,7.2,0.940,11.8,2.9,37.7,0.0,99,108,1.969,36.5,0.892,99.2,2068,6.5,12.880
1668.4,6.3,10.88,14,0.340,11.5,41.8,14,44.4,13.1,86,573.4,19.3,-3.1,9.9,1.074,-2.8,6.8,62.3,0.0,98,116,2.212,29.3,1.002,99.2,2174,4.3,12.960
1685.6,12.7,14.38,14,0.486,15.5,41.6,14,58.0,11.1,86,544.0,39.4,-1.8,10.0,0.983,10.0,0.8,10.6,0.0,98,106,2.655,23.4,0.907,99.2,2003,12.1,12.960
1702.8,9.2,10.87,14,0.483,5.5,41.2,14,25.3,9.0,86,535.0,49.9,-1.7,10.1,1.014,5.4,1.2,8.3,0.0,99,97,2.474,-1.2,0.310,99.2,1811,6.7,12.960
1720.0,6.7,8.14,14,0.278,7.9,40.8,14,25.4,6.7,86,508.7,23.1,-2.3,12.9,0.897,2.9,10.9,71.0,65.8,99,86,2.458,11.9,0.695,99.2,1708,8.8,12.915
1737.2,2.6,3.87,14,0.104,4.4,41.6,14,14.2,4.3,86,488.1,10.2,-3.1,3.9,1.855,-0.4,0.8,7.6,0.0,100,84,3.110,5.3,1.057,99.2,1576,2.9,12.915
1754.4,11.3,10.99,14,0.717,12.7,40.7,14,73.7,21.7,86,504.2,75.3,-0.8,28.5,1.015,0.7,24.4,91.4,0.0,99,84,2.171,10.3,0.993,99.2,1902,19.2,12.921
1771.6,10.0,7.01,14,0.925,4.6,39.6,14,14.5,3.9,86,496.6,12.4,-3.1,4.6,1.697,0.5,1.9,26.8,12.1,99,86,2.086,37.2,0.954,99.2,1607,8.8,12.855
1788.8,8.1,7.35,14,0.723,7.6,40.4,14,34.2,7.6,86,480.8,27.5,-2.5,7.3,1.004,-5.3,4.1,88.7,6.0,97,89,2.249,27.6,1.001,99.2,1666,6.5,12.960
1806.0,6.5,6.07,14,0.153,7.2,39.6,14,25.9,5.0,86,476.6,11.4,-3.1,4.6,1.715,0.0,1.5,0.0,0.0,100,93,2.830,14.5,0.572,99.2,1757,5.3,12.880
1823.2,0.2,2.99,14,0.823,3.9,40.8,14,12.4,5.1,86,448.0,20.1,-2.6,6.3,1.420,-2.8,2.7,44.8,32.8,99,86,2.100,39.5,0.919,99.2,1630,10.1,12.960
1840.4,16.2,17.39,14,0.281,17.0,40.4,14,63.7,16.6,86,467.4,57.9,-1.0,19.6,1.018,-0.8,16.8,92.4,35.1,99,89,2.214,17.9,0.989,99.2,1829,16.0,12.939
1857.6,27.5,29.80,14,0.716,35.8,38.4,12,84.7,34.0,86,508.6,77.2,-0.3,36.6,0.992,-0.3,31.1,87.6,0.0,100,98,2.199,11.7,0.997,99.2,2401,26.7,12.816
1874.8,23.2,30.33,12,0.708,18.5,38.3,12,59.6,17.3,86,556.8,56.5,-0.4,21.7,0.987,2.2,19.3,65.3,1.2,100,119,2.192,16.9,1.005,99.2,2551,22.7,12.960
1892.0,17.6,23.29,12,0.724,21.1,39.2,12,74.0,21.4,87,572.0,60.2,-0.8,19.8,0.999,0.0,15.0,48.3,10.5,100,123,2.184,22.3,0.994,99.2,2307,16.8,12.891
1909.2,17.5,23.12,12,0.752,20.6,39.3,12,71.9,20.9,87,584.0,47.0,-0.8,15.0,0.997,1.4,9.8,30.3,11.5,100,124,2.163,26.6,0.998,99.2,2326,17.0,12.953
1926.4,18.0,23.70,12,0.661,21.6,38.8,12,72.4,21.4,87,589.6,61.8,-0.8,20.1,0.999,0.6,15.5,0.0,0.8,100,126,2.194,21.0,1.012,99.2,2378,18.0,12.880
1943.6,14.3,17.24,14,0.711,15.6,39.1,12,59.7,16.1,87,586.1,53.8,-0.8,16.8,1.007,1.6,12.6,36.1,16.4,100,114,2.168,22.1,1.000,99.2,2151,13.8,12.960
1960.8,13.4,16.15,12,0.658,16.6,39.2,12,60.3,17.5,87,586.1,59.9,-0.8,19.7,0.996,1.3,15.2,23.8,0.0,100,120,2.142,31.5,0.996,99.2,2237,12.4,12.954
1978.0,10.7,10.96,14,0.581,11.3,38.8,12,39.4,10.4,87,577.5,14.4,-3.1,5.0,1.999,0.0,2.7,2.1,15.0,100,110,1.900,33.9,0.802,99.2,2080,9.8,12.943
1995.2,0.0,2.97,14,0.000,3.9,40.6,12,11.8,3.5,86,515.5,10.2,-3.1,3.9,1.999,0.0,0.8,0.0,0.0,101,86,3.676,-13.0,0.000,99.2,1619,0.0,12.960
2012.4,16.4,16.11,14,0.823,18.1,40.3,12,71.5,16.1,86,504.7,41.4,-2.2,12.0,0.981,-1.5,9.0,20.9,0.0,100,78,2.510,9.8,1.041,99.2,1525,15.6,12.916
2029.6,11.8,15.52,12,0.733,18.4,39.0,12,66.0,18.9,86,551.8,59.6,-0.1,17.2,0.999,-0.6,14.1,44.2,0.0,100,96,2.199,20.1,0.996,99.2,1857,9.3,12.960
2046.8,10.0,7.49,12,0.221,12.2,38.4,12,43.0,10.4,86,536.2,61.8,-0.7,17.9,0.977,-1.4,10.8,13.0,0.0,100,95,2.160,26.6,1.003,99.2,1776,5.3,12.960
2064.0,0.3,3.36,12,0.658,6.3,38.8,12,35.1,12.1,86,541.0,41.6,-1.5,11.5,1.230,0.5,7.5,19.1,0.0,100,92,2.128,20.7,0.991,99.2,1849,15.8,12.941
2081.2,0.3,3.19,12,0.000,3.9,39.7,12,11.4,4.0,86,518.2,10.2,-3.1,3.9,1.999,0.0,0.8,0.0,0.0,101,92,3.697,-13.0,0.731,99.2,1750,0.2,12.960
2098.4,1.6,3.34,14,0.001,3.9,40.0,12,11.5,4.3,86,507.7,10.2,-3.1,3.9,1.998,0.0,0.8,0.0,0.0,101,94,3.628,-13.0,0.000,99.2,1799,1.2,12.962
2115.6,16.7,18.82,14,0.708,18.5,38.8,12,71.0,18.0,85,481.6,62.3,-1.2,18.0,1.017,0.4,14.5,42.1,44.5,100,87,2.187,17.6,0.992,99.2,1852,16.5,12.901
2132.8,16.8,19.11,12,0.715,19.6,37.6,12,72.8,19.6,87,530.0,61.8,-0.8,14.8,1.001,1.6,10.6,27.6,15.3,100,85,2.142,19.3,1.009,99.2,1835,16.8,12.960
2150.0,16.3,19.30,12,0.841,18.7,38.0,12,71.9,18.6,87,524.5,23.2,-1.2,4.9,1.297,0.6,4.0,9.7,4.9,101,103,2.146,31.7,0.935,99.2,1934,15.4,12.960
2167.2,0.1,3.77,14,0.010,4.9,38.4,12,18.1,6.5,86,510.0,14.3,-3.1,5.3,1.289,1.8,3.7,8.4,5.6,101,103,3.088,-3.0,0.208,99.2,1962,0.0,12.960
2184.4,10.5,10.16,14,0.677,6.8,38.7,12,19.0,7.6,86,488.0,30.0,-0.8,10.1,0.987,-1.2,6.2,16.7,15.0,101,98,2.144,23.8,1.002,99.2,1911,13.7,12.960
2201.6,12.3,13.20,14,0.913,12.9,35.7,12,30.7,5.3,86,487.7,11.0,-3.1,4.3,1.941,0.0,0.8,0.0,0.0,101,97,3.116,18.1,0.608,99.2,1831,10.3,12.869
2218.8,15.8,18.37,14,0.701,10.6,37.5,12,60.4,15.6,86,483.6,60.4,-0.8,16.7,1.013,0.1,14.5,46.4,33.4,101,95,2.182,17.2,1.002,99.2,1844,15.6,12.914
2236.0,0.0,3.15,14,0.124,3.9,38.0,12,11.8,5.5,86,489.3,19.1,-3.1,4.2,1.020,10.5,1.6,0.0,0.0,101,92,2.538,10.1,0.532,99.2,1700,0.0,12.908
2253.2,12.2,12.87,14,0.672,12.6,39.2,12,55.7,12.7,86,478.8,47.8,-2.3,12.2,1.001,1.3,9.1,21.5,34.0,101,85,2.190,25.8,0.999,99.2,1635,13.0,12.947
2270.4,12.7,12.34,14,0.862,12.9,38.8,12,60.3,13.2,86,462.9,47.3,-2.6,12.2,1.380,-1.0,8.3,21.1,0.0,102,75,2.035,25.1,0.918,99.2,1558,13.1,12.896
2287.6,19.5,19.67,14,0.746,24.6,36.5,12,76.6,22.7,86,489.8,65.0,-0.7,21.0,0.985,0.1,17.0,59.0,0.4,101,81,2.242,22.9,1.011,99.2,1672,19.0,12.960
2304.8,17.8,20.29,14,0.696,20.8,36.9,12,75.9,13.6,86,528.4,62.6,-0.4,15.8,1.017,1.7,16.0,56.8,0.0,101,101,2.184,14.2,1.002,99.2,1943,17.3,12.960
2322.0,13.4,13.09,14,0.346,12.8,38.2,12,49.6,17.3,86,530.9,63.7,-0.8,10.6,1.034,3.6,3.3,8.6,0.0,101,100,2.129,2.2,0.170,99.2,1849,6.1,12.960
2339.2,6.7,6.70,14,0.536,8.9,38.2,12,34.4,9.7,86,527.4,32.4,-1.1,6.9,1.019,0.0,4.0,10.5,10.5,101,102,2.186,29.5,0.996,99.2,1894,6.3,12.960
2356.4,20.2,21.42,14,0.704,24.6,36.4,12,79.4,23.6,86,529.1,69.4,0.0,22.0,0.999,-0.0,18.3,71.7,6.6,101,88,2.199,12.3,1.001,99.2,1830,20.3,12.960
2373.6,21.7,25.00,14,0.716,28.5,35.3,12,84.4,26.8,86,584.5,75.2,-0.2,31.2,1.002,1.6,27.1,87.8,5.7,101,87,2.209,13.3,1.002,99.2,2001,20.4,12.960
2390.8,16.8,17.61,14,0.594,16.5,35.9,12,53.9,6.0,87,590.9,40.1,-0.8,14.6,0.998,-1.8,15.4,48.5,53.0,101,100,2.204,15.8,0.992,99.2,1909,17.1,12.940
2408.0,14.8,16.51,14,0.795,15.6,36.9,12,61.9,13.0,87,559.3,50.8,-1.1,15.6,1.075,0.8,12.8,36.3,44.9,101,100,2.164,23.2,0.999,99.2,1910,13.0,12.907
2425.2,10.7,10.88,14,0.710,13.0,35.7,12,56.1,15.4,86,535.6,59.7,-0.8,18.4,1.000,2.1,4.4,12.3,6.6,101,94,2.094,31.5,0.998,99.2,1780,8.2,12.976
2442.4,2.8,3.76,14,0.052,4.5,38.1,12,15.5,4.8,86,506.2,13.8,-3.1,3.9,0.920,5.3,0.8,0.0,0.0,102,90,3.052,-13.0,0.000,99.2,1706,1.4,12.960
2459.6,11.0,11.02,14,0.534,12.2,37.1,12,58.4,13.9,86,492.0,58.0,-2.3,15.1,1.010,2.5,9.3,20.2,0.0,102,85,2.169,22.3,0.998,99.2,1588,9.3,12.923
2476.8,0.0,2.96,14,0.000,3.4,39.7,12,16.4,3.5,86,453.6,14.0,-3.1,3.9,1.999,0.0,0.8,0.0,0.0,102,34,3.681,-12.0,0.000,99.2,1245,0.0,12.856
2494.0,0.0,2.14,14,0.752,2.7,40.4,12,27.8,2.7,86,409.2,21.2,-7.0,3.0,0.993,-2.8,0.8,0.0,4.7,102,0,2.198,3.2,1.000,99.2,580,0.0,12.960
2511.2,12.2,11.10,15,0.708,11.4,38.8,12,46.3,10.2,86,376.0,40.8,-3.3,9.7,1.010,0.4,5.9,13.1,0.0,102,15,2.174,28.1,1.001,99.2,1457,11.2,12.960
2528.4,6.6,6.60,15,0.531,4.6,37.3,12,22.6,3.9,86,435.7,18.6,-3.0,5.2,1.821,0.8,2.9,4.2,0.0,102,56,2.092,17.6,0.994,99.2,1307,5.6,12.926
2545.6,0.0,2.78,15,0.012,3.4,40.1,12,18.6,3.5,87,390.4,16.0,-3.1,3.9,1.999,0.0,0.8,0.0,0.0,102,22,3.536,-4.7,0.499,99.2,994,0.0,12.904
2562.8,12.3,9.98,15,0.877,10.1,40.8,12,45.8,10.2,87,356.7,38.1,-4.1,9.6,1.018,-2.0,5.8,14.1,0.0,102,9,2.206,16.6,0.995,99.2,1075,10.6,12.960
2580.0,2.0,3.19,15,0.710,5.9,38.0,12,32.9,9.7,87,414.2,48.2,-2.3,12.0,1.012,1.3,9.6,23.4,19.3,102,54,2.225,15.9,0.999,99.2,1478,5.4,12.963
2597.2,3.9,3.34,15,0.006,4.3,38.0,12,34.2,7.3,87,409.8,36.4,-2.3,8.5,0.976,-2.5,5.8,4.7,9.6,102,52,2.335,14.5,0.994,99.2,1300,2.7,13.044
2614.4,0.0,2.98,15,0.001,3.5,39.5,12,16.1,3.9,87,390.3,13.8,-3.1,3.9,1.999,0.0,0.8,0.0,0.0,102,39,3.611,-11.8,0.000,99.2,1229,0.0,12.960
2631.6,5.0,4.30,16,0.733,5.5,38.8,12,30.6,9.5,86,393.9,46.0,-2.3,11.0,1.020,0.4,5.4,10.5,10.4,102,45,2.224,18.2,0.995,99.2,1323,10.7,12.960
2648.8,6.2,4.57,16,0.053,6.2,38.0,12,33.3,7.1,86,404.0,32.7,-2.8,7.7,0.993,0.4,5.0,1.0,0.0,102,49,2.182,1.3,0.265,99.2,1247,2.7,12.818
2666.0,2.9,3.42,16,0.744,4.3,38.6,12,22.1,4.1,86,368.2,21.1,-10.2,4.7,1.091,2.6,0.8,0.0,3.5,102,12,2.095,20.4,0.897,99.2,983,2.9,12.956
2683.2,0.0,2.30,16,0.771,3.3,38.5,12,28.7,3.2,86,336.4,19.7,-8.1,2.3,1.069,-3.9,0.6,0.0,2.7,102,2,2.293,5.9,1.004,99.2,617,0.0,12.960
2700.4,0.0,0.66,16,0.770,6.3,38.4,-3,0.0,6.3,86,332.0,14.9,-8.6,0.4,1.200,0.0,0.0,0.0,3.5,102,0,2.545,9.0,0.999,99.2,0,0.0,12.560
2717.6,0.0,0.66,16,0.770,6.3,38.4,-3,0.0,6.3,86,332.0,14.9,-8.6,0.4,1.200,0.0,0.0,0.0,3.5,102,0,2.545,9.0,0.999,99.2,0,0.0,12.560
