BlueDriver Data Log
Oct 18, 2018 6:30:49 PM
Time (s),Engine Coolant Temperature (°C),Catalyst Temperature Bank 1 - Sensor 1 (°C),Absolute Throttle Position B (%),Evap. System Vapor Pressure (Pa),Fuel Level Input (%),Barometric Pressure (kPa),Vehicle Speed (km/h),Absolute Load Value (%),Ambient Air Temperature (°C),Long Term Fuel Trim Bank 1 (%),Commanded Throttle Actuator (%),Commanded Equivalence Ratio (λ),Timing Advance for #1 cylinder (°),Accelerator Pedal Position E (%),Short Term Fuel Trim Bank 1 (%),Calculated Engine Load Value (%),Accelerator Pedal Position D (%),Engine RPM (rpm),Mass Air Flow Rate (g/s),Relative Throttle Position (%),Control Module Voltage (V),Intake Air Temperature (°C),Commanded Evaporative Purge (%),Absolute Throttle Position (%)
0.0,,,,,,,,,,,,,,,,,,,,,,,,
3.0,87,432.0,9.8,32.5,92.3,101,76,56.9,12,-1.9,18.3,0.996,12.8,18.0,-0.9,74.1,17.8,1892,19.59,,,,,
6.0,87,442.9,17.5,2.3,92.3,101,74,57.6,12,-1.7,20.3,0.996,5.6,20.7,-1.5,82.9,21.4,1719,19.64,19.4,12.960,27,56.6,21.9
9.0,87,456.3,34.9,0.0,92.5,101,74,76.6,12,1.5,34.7,0.996,11.1,22.5,0.0,83.6,22.4,1992,21.63,20.1,12.960,27,85.3,31.3
12.0,87,474.8,30.1,3.0,92.2,101,75,70.7,12,1.6,26.5,0.996,16.3,19.0,2.6,78.5,18.1,1994,18.63,14.8,12.960,27,71.9,24.8
15.0,87,484.4,22.4,30.1,92.2,101,76,69.7,12,0.0,21.3,0.996,18.4,16.0,4.7,73.2,12.2,1668,10.59,10.5,12.960,27,37.9,13.3
18.0,87,495.0,22.1,32.5,92.2,101,76,72.0,12,-1.8,22.5,0.996,10.5,19.2,4.5,79.0,19.1,1829,19.88,19.5,12.960,27,70.4,19.4
21.0,87,506.8,28.2,3.3,92.2,101,76,74.3,12,1.5,30.2,0.996,9.8,22.4,2.7,82.9,22.0,2012,22.93,23.1,12.960,27,90.6,26.0
24.0,87,521.1,31.2,2.9,92.2,100,77,74.5,12,1.6,31.0,0.996,10.6,24.1,1.6,84.5,24.2,2199,26.03,26.2,12.960,27,87.0,31.3
27.0,87,535.3,30.5,15.6,92.2,100,79,74.2,12,1.6,31.0,0.996,11.9,24.2,1.5,83.5,24.7,2296,26.69,25.4,12.960,27,39.2,20.9
30.0,87,548.2,30.0,23.0,92.2,100,81,67.9,12,1.4,29.4,0.996,11.0,23.0,0.8,82.5,23.7,2261,26.62,26.4,12.960,26,66.9,26.7
33.0,87,556.7,30.2,3.7,92.2,101,84,31.6,11,-2.3,4.5,0.996,7.8,17.4,0.3,67.4,19.7,1844,21.38,22.3,12.960,26,62.6,27.8
36.0,87,558.6,23.4,1.1,92.2,101,84,60.4,11,0.2,19.0,0.996,12.7,13.4,2.5,52.4,14.4,1606,13.08,13.3,12.960,26,12.5,19.7
39.0,87,562.7,22.0,1.6,92.2,101,84,71.4,11,0.0,27.3,0.996,16.5,13.8,5.1,50.3,11.6,1753,6.23,0.8,12.960,27,2.0,16.3
42.0,87,567.5,25.2,2.2,92.2,101,85,72.4,11,-1.5,26.2,0.996,10.0,20.2,3.9,78.8,20.4,1850,20.69,20.1,12.960,27,56.4,25.1
45.0,88,574.3,31.6,1.8,92.2,100,88,75.3,11,1.6,32.4,0.996,10.6,25.7,1.5,82.8,24.3,2139,24.49,27.3,12.960,27,88.8,32.5
48.0,88,583.7,34.8,2.5,92.2,100,88,75.8,11,1.6,34.4,0.996,12.8,22.9,0.4,81.0,23.4,2145,25.01,26.8,12.960,26,85.5,30.2
51.0,88,590.1,12.7,0.6,92.2,101,86,42.9,11,-3.8,21.9,1.046,20.8,18.9,-0.1,76.0,20.2,1914,21.72,22.8,12.960,26,75.6,6.3
54.0,88,589.9,14.2,0.0,92.3,101,83,26.9,11,-7.6,8.0,1.099,31.1,15.6,1.4,71.0,19.6,1651,18.68,23.7,12.960,26,56.1,20.8
57.0,88,590.4,24.5,0.0,92.4,101,83,68.5,11,1.6,23.5,1.001,12.0,19.2,-1.6,76.4,19.3,1923,21.40,23.6,12.961,26,69.3,27.3
60.0,88,596.7,23.6,0.2,92.2,100,86,71.3,11,1.6,26.0,1.002,12.3,21.5,-0.6,81.7,21.5,2109,24.08,24.2,12.894,26,84.9,27.7
63.0,88,603.0,18.4,6.6,92.2,100,90,66.4,11,-0.7,24.9,1.001,12.3,20.9,1.3,81.2,21.8,2083,24.09,24.1,12.839,26,79.7,28.2
66.0,88,606.9,25.0,2.0,92.2,100,93,68.6,11,-0.7,25.5,0.998,12.4,19.7,2.9,77.7,20.1,1939,21.41,21.4,12.981,26,89.3,28.0
69.0,88,610.1,19.7,0.0,92.2,100,94,56.8,11,-0.7,24.7,0.995,14.2,22.1,2.0,82.6,22.7,2249,25.91,23.8,12.960,26,80.5,27.7
72.0,88,610.8,12.3,0.0,92.2,101,94,18.5,11,-7.7,10.2,0.990,21.5,17.3,-4.7,71.8,18.6,1924,14.86,15.2,12.960,26,47.8,22.0
75.0,88,607.9,14.9,0.2,92.2,100,94,38.6,11,-1.6,13.3,0.996,22.5,14.9,-1.5,62.3,13.2,1769,7.99,7.8,12.960,26,14.7,13.6
78.0,88,602.4,10.3,0.0,92.2,100,93,49.2,11,-2.0,15.7,0.993,22.0,13.6,1.3,55.8,10.9,1750,8.42,6.6,12.960,26,22.0,9.4
81.0,88,604.0,12.3,11.7,92.2,100,92,41.3,11,-4.7,13.9,0.986,23.7,12.8,2.4,56.1,14.2,1749,15.15,12.5,12.960,27,62.8,15.3
84.0,88,600.8,10.2,13.6,92.2,100,91,12.0,11,-10.2,5.8,0.953,38.0,5.9,3.1,20.3,7.2,1664,7.69,3.5,12.960,27,28.2,9.9
87.0,88,592.2,4.5,0.0,92.2,101,86,13.3,11,-10.2,4.8,0.006,-1.0,1.4,0.8,17.6,2.4,1575,4.59,0.2,12.960,27,0.0,5.0
90.0,88,575.7,5.5,0.3,92.5,101,74,16.6,11,-10.2,4.7,0.000,-10.4,0.0,0.0,18.0,0.0,1427,3.89,0.4,12.960,27,0.0,5.4
93.0,88,562.2,4.7,0.0,92.5,101,68,17.3,11,-10.2,4.6,0.000,-10.0,0.0,0.0,19.6,0.0,1269,3.73,0.4,12.960,27,0.0,4.3
96.0,88,548.9,4.0,0.0,92.5,101,56,15.9,11,-10.2,4.3,0.000,-11.5,0.0,-0.0,17.2,0.1,1205,3.05,0.8,13.018,27,0.0,3.8
99.0,87,538.2,3.5,0.0,92.5,101,44,13.3,11,-10.2,4.0,0.005,-11.8,0.0,0.0,16.4,0.0,1207,2.87,0.8,12.999,27,0.0,3.5
102.0,87,531.4,3.5,0.1,92.5,101,22,13.3,11,-10.2,3.6,0.000,-12.3,0.0,0.0,16.7,0.0,1157,3.23,1.3,12.960,27,0.0,3.7
105.0,86,515.3,4.8,0.0,92.5,101,18,17.7,11,-10.2,4.1,0.417,-4.3,0.0,7.2,18.4,0.0,1051,3.67,2.1,12.960,27,0.0,4.3
108.0,86,511.6,4.9,0.0,92.5,101,14,22.1,11,-10.2,4.8,0.911,11.5,0.0,17.5,21.7,0.0,951,3.17,0.4,12.960,27,0.0,5.2
111.0,86,504.4,4.8,0.0,92.5,101,11,24.5,11,-10.2,5.1,1.002,31.9,0.1,4.7,32.7,0.1,972,3.86,0.4,12.911,27,0.0,4.9
114.0,86,495.3,4.0,0.0,92.5,101,8,19.9,11,-10.1,4.2,1.004,20.2,0.0,1.9,28.0,0.0,915,3.30,0.6,12.823,27,0.0,4.4
117.0,86,483.7,5.6,6.4,92.5,101,8,22.6,11,-5.8,4.3,1.004,18.0,0.0,0.3,24.0,0.0,880,2.82,0.8,12.748,27,0.0,4.7
120.0,86,478.8,4.3,2.5,92.5,101,9,21.1,11,-4.9,4.2,1.002,18.3,0.0,1.2,23.4,0.0,928,2.92,0.8,12.960,27,0.0,3.5
123.0,86,474.3,7.8,0.0,92.5,101,12,25.5,11,-8.0,5.0,1.000,4.6,0.2,3.1,22.8,0.0,829,4.01,6.1,12.960,27,1.7,10.1
126.0,86,472.8,16.2,0.6,92.5,100,18,52.5,11,-1.6,17.3,0.994,19.0,18.0,0.2,59.0,12.6,1374,12.44,12.9,12.960,27,32.3,17.8
129.0,86,476.0,25.1,5.4,92.5,100,38,66.6,11,-2.1,23.6,0.995,13.5,20.1,1.9,79.4,20.1,1751,19.47,19.3,12.960,28,80.6,24.1
132.0,86,492.7,27.7,6.4,92.3,100,45,73.2,11,-0.8,27.8,0.996,8.9,22.1,3.8,85.8,22.4,1894,22.91,24.1,12.960,27,89.1,28.9
135.0,86,510.1,29.0,9.9,92.2,100,54,74.5,11,1.6,29.0,0.997,8.5,22.4,0.8,85.5,22.7,1950,24.69,30.0,12.960,26,88.9,29.0
138.0,86,527.5,29.0,13.9,92.2,100,62,74.5,11,1.6,28.9,1.000,9.5,22.6,0.2,84.7,23.0,1995,24.23,27.5,12.960,26,89.0,29.0
141.0,86,544.1,29.0,7.1,92.2,100,65,74.5,11,1.6,29.3,1.001,9.5,23.2,0.4,84.7,23.3,2068,24.44,25.4,12.960,26,89.3,29.1
144.0,87,555.4,29.3,4.3,92.2,100,71,74.5,11,1.6,29.4,1.003,10.2,23.3,0.8,85.1,23.5,2140,25.38,25.8,12.952,26,87.5,29.8
147.0,87,566.0,31.0,1.6,92.2,100,77,74.5,11,1.6,30.5,1.003,11.0,23.6,0.8,85.3,23.8,2183,25.63,25.5,12.880,25,89.0,30.1
150.0,87,578.5,32.6,0.0,92.2,100,80,74.6,10,1.6,32.9,1.000,11.0,25.9,0.8,86.3,25.9,2273,27.14,27.8,12.880,25,88.7,31.9
153.0,87,589.9,32.8,0.0,92.2,100,82,75.3,10,1.6,32.8,0.998,11.7,23.0,0.8,82.1,22.6,2139,24.65,25.7,12.916,25,88.8,31.7
156.0,87,599.7,29.8,0.2,92.4,100,83,74.2,10,1.6,31.6,0.998,12.2,22.8,0.8,81.4,21.9,2129,23.89,23.8,12.943,25,89.6,28.6
159.0,87,605.3,32.3,0.0,92.5,100,87,74.7,10,1.6,32.0,0.999,12.2,25.0,0.3,84.7,25.0,2334,27.30,27.1,12.880,25,87.4,33.2
162.0,87,612.6,34.4,1.4,92.4,100,91,76.1,10,1.6,35.0,1.000,11.5,27.5,-1.6,87.0,27.7,2434,29.08,30.8,12.932,25,87.2,34.8
165.0,87,620.7,35.5,4.0,92.2,100,94,76.1,10,1.6,36.0,0.996,11.9,27.7,-0.6,86.9,28.0,2430,29.34,31.3,12.930,25,86.7,36.3
168.0,87,627.4,32.4,0.3,92.2,100,95,75.1,10,1.1,34.4,0.997,12.2,26.8,0.3,86.0,27.4,2433,29.35,31.3,12.880,25,86.8,36.7
171.0,87,630.6,34.0,0.0,92.2,100,97,74.8,10,0.8,33.5,0.999,12.4,25.7,0.8,84.8,26.0,2450,28.89,29.4,12.880,25,87.2,33.6
174.0,87,635.2,35.0,0.0,92.2,100,98,75.3,10,0.8,35.0,1.001,12.0,26.7,0.8,85.9,26.7,2448,29.61,30.0,12.880,25,87.5,34.6
177.0,87,640.6,35.6,0.0,92.2,100,100,75.3,9,0.8,36.0,1.000,12.4,27.0,0.3,85.6,27.2,2486,29.90,31.2,12.880,25,87.2,36.0
180.0,87,643.6,37.5,0.2,92.2,100,102,75.3,9,0.8,36.6,0.997,12.5,25.8,0.0,85.0,26.4,2504,29.87,30.8,12.897,24,84.0,37.1
183.0,87,646.8,31.0,0.0,92.2,100,103,73.2,9,1.1,34.7,0.996,12.2,24.4,0.0,84.4,24.4,2476,29.25,26.3,12.960,24,61.0,28.1
186.0,87,650.0,30.3,0.0,92.2,100,104,71.7,9,1.5,31.2,0.999,11.6,24.8,0.0,84.7,25.1,2324,27.58,26.9,12.960,24,78.9,30.8
189.0,87,652.0,34.0,0.0,92.2,100,104,74.6,9,0.8,34.5,0.996,12.5,26.3,0.8,85.7,26.4,2484,29.39,29.0,12.960,24,87.3,34.2
192.0,87,652.5,36.1,0.3,92.2,100,104,75.3,9,0.8,36.0,1.001,12.5,26.8,0.3,86.1,26.9,2530,30.27,30.6,12.960,24,86.6,36.3
195.0,87,655.3,36.0,4.5,92.2,100,101,75.3,9,0.8,36.6,1.000,11.6,27.9,-0.3,86.6,28.0,2509,30.33,31.8,12.960,24,86.3,35.9
198.0,87,658.6,39.2,4.8,92.3,100,98,75.3,9,0.8,38.6,1.000,11.0,29.1,-0.7,86.9,29.8,2489,30.24,34.9,12.960,24,86.0,40.3
201.0,87,663.4,42.1,4.6,92.5,100,96,75.2,9,0.8,42.1,1.001,13.0,29.8,-0.0,85.1,30.2,2710,33.09,36.8,12.960,24,85.8,42.2
204.0,87,668.7,43.6,3.7,92.5,100,94,74.5,9,0.8,43.4,0.998,14.1,29.8,0.0,85.6,30.2,2764,33.73,38.0,12.887,24,85.5,43.4
207.0,87,671.8,44.2,5.4,92.5,100,93,75.1,9,0.8,43.7,0.997,14.7,30.0,0.0,85.6,30.2,2804,34.50,38.5,12.838,24,85.4,43.2
210.0,87,675.0,44.0,1.7,92.3,99,92,75.3,9,0.8,43.7,0.996,14.9,30.1,0.2,85.3,30.2,2810,35.09,38.8,12.960,24,84.6,43.8
213.0,87,678.1,43.9,0.0,92.2,99,91,75.3,8,0.8,43.4,0.997,14.5,29.8,0.8,86.2,30.2,2799,34.52,38.3,12.961,23,84.7,43.9
216.0,87,681.3,44.0,0.0,92.2,99,90,75.2,8,0.8,43.1,1.004,14.5,29.8,-0.0,84.7,30.1,2772,34.16,38.4,12.960,23,85.1,44.1
219.0,87,684.5,44.3,0.6,92.2,99,90,74.5,8,0.8,44.2,0.999,14.5,30.1,0.0,85.2,30.4,2769,34.15,38.8,12.891,23,85.5,44.4
222.0,87,687.6,43.8,7.2,92.2,99,89,75.0,8,0.8,43.2,0.998,15.0,30.2,0.0,85.2,30.6,2808,34.24,38.5,12.835,23,85.5,44.5
225.0,87,690.8,42.6,9.3,92.2,99,88,74.9,8,0.8,41.9,1.001,15.7,30.3,-0.4,84.7,30.6,2880,34.21,36.5,12.959,23,85.3,42.3
228.0,87,694.1,41.8,6.7,92.2,99,88,74.3,8,0.8,41.2,1.005,16.1,30.6,-1.5,84.6,30.6,2911,35.17,35.6,12.880,23,85.5,41.8
231.0,87,696.0,41.5,1.8,92.2,99,88,73.6,8,0.8,41.2,1.003,17.0,30.6,-0.0,83.1,31.0,2932,34.68,35.4,12.880,23,85.1,41.4
234.0,87,696.7,41.2,0.0,92.2,99,88,72.9,8,0.8,40.3,0.999,17.4,30.6,0.5,83.6,31.0,2937,34.67,35.1,12.915,23,84.7,41.0
237.0,87,699.6,41.1,0.2,92.2,99,88,72.9,8,0.8,40.4,0.997,17.7,30.6,0.8,83.6,31.0,2941,35.01,34.8,12.960,23,84.7,40.5
240.0,87,702.8,41.2,7.7,92.4,99,88,73.3,8,0.8,40.4,0.999,17.7,30.6,0.5,83.4,31.0,2948,35.53,34.5,12.960,23,84.6,41.5
243.0,87,704.0,41.4,7.8,92.4,99,88,73.5,8,0.8,40.4,1.003,17.2,30.6,-0.7,84.7,31.0,2924,35.33,35.6,12.895,23,84.7,41.9
246.0,87,704.0,41.3,1.9,92.2,99,88,72.8,8,0.8,40.4,1.002,19.0,31.0,0.8,83.9,31.0,2964,34.96,35.2,12.880,23,84.7,41.2
249.0,87,704.3,40.4,0.0,92.2,99,88,72.2,8,0.8,40.7,0.999,18.3,31.0,0.8,83.4,31.0,2968,35.08,34.7,12.911,23,84.9,40.6
252.0,87,707.5,41.1,0.2,92.2,99,88,72.7,8,0.8,40.8,0.997,18.0,31.0,0.8,83.1,31.0,2959,35.17,34.7,12.960,23,85.5,41.2
255.0,87,708.0,41.0,0.0,92.2,99,88,72.9,8,0.8,40.8,0.998,18.1,30.9,0.9,83.2,31.0,2950,34.71,35.3,12.960,23,85.3,40.7
258.0,87,708.0,40.9,0.0,92.2,98,88,72.9,8,0.8,40.9,1.000,18.5,30.6,1.6,83.9,31.0,2935,35.48,35.3,12.960,23,61.1,41.2
261.0,87,708.0,41.3,0.0,92.2,99,88,72.9,8,0.8,41.6,0.992,17.3,30.9,0.4,84.8,31.0,2946,35.47,35.5,12.960,23,26.3,41.6
264.0,87,708.2,41.6,0.0,92.5,99,88,74.5,8,0.8,41.6,0.997,17.3,31.0,0.5,84.5,31.0,2938,35.01,35.7,12.960,23,0.0,41.7
267.0,87,711.1,42.6,0.0,92.3,99,88,74.5,8,0.8,42.0,0.997,17.3,31.0,0.5,84.1,31.0,2928,34.66,35.8,12.960,23,0.0,42.0
270.0,87,712.0,42.1,0.0,92.2,99,87,74.2,8,0.8,41.8,0.997,17.3,31.0,0.0,84.6,31.0,2937,34.84,36.5,12.960,23,0.0,42.3
273.0,87,712.0,41.2,0.0,92.2,98,86,73.5,8,0.8,40.4,1.004,19.0,31.0,-0.0,82.7,31.4,2972,34.77,35.1,12.960,23,47.5,41.4
276.0,87,712.0,40.4,0.8,92.2,98,86,72.2,8,0.8,39.9,1.000,19.0,31.0,0.5,83.5,31.4,2982,34.83,34.3,12.960,23,84.7,40.4
279.0,87,711.7,40.4,14.1,92.2,98,87,72.2,8,0.8,40.0,1.001,18.7,31.0,0.4,84.1,31.4,2983,34.95,34.2,12.960,23,84.8,40.4
282.0,87,712.0,40.4,5.4,92.2,98,88,72.5,8,0.8,40.1,1.003,18.8,31.0,0.2,84.2,31.4,2975,35.06,34.5,12.960,23,85.4,40.3
285.0,87,712.0,40.6,1.9,92.2,98,88,72.6,8,0.8,40.4,1.007,19.5,31.0,0.8,83.5,31.4,2973,34.90,34.5,12.960,23,85.0,40.6
288.0,87,712.0,40.9,4.7,92.2,98,88,71.4,8,0.8,40.8,1.003,19.5,31.0,0.8,84.1,31.4,2967,34.83,34.7,12.960,23,84.7,40.8
291.0,87,712.0,41.2,0.9,92.2,98,88,72.6,8,0.8,41.6,1.000,18.9,31.0,0.8,84.1,31.4,2951,34.70,35.1,12.938,23,84.7,40.9
294.0,87,711.1,41.5,5.7,92.2,98,87,72.9,8,0.8,41.8,1.000,18.7,31.0,0.8,84.0,31.4,2940,34.68,35.7,12.880,23,84.7,41.6
297.0,87,712.0,43.5,7.0,92.2,98,87,73.4,7,0.8,42.3,1.001,18.6,31.0,0.8,84.3,31.4,2950,35.02,36.0,12.880,23,84.7,43.2
300.0,87,712.0,45.5,4.8,92.2,98,90,74.4,6,0.8,44.3,0.998,16.0,31.0,-0.0,85.5,31.4,2869,34.33,38.0,12.880,22,84.5,44.9
303.0,87,711.9,45.5,0.1,92.2,98,94,72.9,6,0.8,38.3,0.995,17.2,25.2,1.2,80.4,26.4,2531,29.62,34.5,12.903,21,85.3,43.7
306.0,87,712.0,34.4,6.4,92.2,97,96,71.7,6,1.1,33.0,0.998,16.8,21.2,1.5,77.0,21.3,2194,23.79,25.1,12.960,21,89.3,29.8
309.0,87,708.1,29.8,7.2,92.2,97,101,70.8,6,1.4,29.3,1.005,14.0,23.0,-0.8,82.7,23.5,2411,27.13,24.6,12.960,22,88.6,29.8
312.0,87,703.1,26.8,3.5,92.2,97,106,69.9,6,0.8,29.0,1.001,13.5,20.4,-1.6,78.4,21.2,2223,24.49,22.4,12.960,23,87.9,26.5
315.0,87,699.8,14.9,0.1,92.5,98,112,41.7,6,-0.9,18.4,0.996,21.2,16.6,0.3,64.8,17.6,2117,20.32,17.3,12.960,23,76.8,19.8
318.0,87,691.0,11.2,0.0,92.5,98,113,38.1,6,-1.6,13.5,0.994,26.5,13.3,2.2,51.2,14.3,2134,16.24,9.8,12.961,23,0.0,5.9
321.0,87,683.0,11.6,22.6,92.5,98,115,37.3,6,-1.6,14.6,0.994,25.0,13.3,1.6,52.3,13.3,2186,15.43,9.4,13.000,23,11.2,10.3
324.0,87,675.9,14.5,63.2,92.5,98,118,43.1,6,-1.6,14.5,0.650,25.9,13.5,2.8,52.0,13.5,2219,15.61,9.6,12.989,23,23.7,14.2
327.0,87,671.3,15.7,19.1,92.5,98,119,46.2,6,-1.6,15.1,0.995,26.1,14.1,3.2,53.3,14.0,2270,16.19,10.3,12.957,23,39.2,14.9
330.0,87,667.6,15.0,32.4,92.5,98,121,46.6,6,-1.6,15.3,1.000,25.8,14.7,1.6,56.7,14.8,2301,17.63,11.0,12.880,23,52.4,14.9
333.0,87,662.5,14.2,44.9,92.5,97,123,43.4,6,-1.6,14.1,1.002,27.5,13.3,1.6,51.0,13.7,2336,16.67,9.8,12.934,23,76.7,14.9
336.0,87,659.3,14.1,1.1,92.5,96,126,44.7,6,-1.6,14.5,1.012,27.1,13.9,-0.6,52.5,13.7,2375,16.63,9.4,12.960,23,93.3,14.6
339.0,87,655.9,11.4,9.6,92.5,96,126,40.7,6,-1.6,13.5,1.006,28.7,13.2,-1.2,50.1,13.2,2390,16.14,8.9,12.960,23,91.3,14.0
342.0,86,650.2,13.0,3.1,92.5,97,127,39.2,6,-1.6,13.2,0.998,29.8,12.6,0.1,46.3,12.6,2377,15.04,7.9,12.955,23,82.7,13.3
345.0,86,645.9,13.5,0.0,92.4,97,128,39.7,6,-1.6,13.6,0.995,29.5,12.9,2.5,46.3,12.9,2387,15.59,8.6,12.880,23,90.6,13.3
348.0,86,642.6,14.1,0.0,92.3,96,128,41.9,6,-1.7,13.3,1.004,29.5,12.9,5.5,47.8,12.9,2426,15.78,8.3,12.880,23,93.3,13.7
351.0,86,639.3,15.8,0.3,92.5,97,130,50.2,6,-3.9,16.5,0.998,26.9,14.3,6.0,54.0,14.2,2452,17.47,9.6,12.917,23,92.9,14.9
354.0,86,635.8,16.1,2.6,92.5,97,130,48.0,6,-3.9,16.0,0.999,26.5,14.9,4.4,56.2,14.9,2481,18.79,10.9,12.960,23,92.2,16.4
357.0,86,636.0,10.1,1.0,92.5,97,130,32.0,6,-5.1,12.1,0.674,17.3,11.2,1.8,46.8,12.4,2495,17.81,10.6,12.960,23,92.0,15.7
360.0,86,627.6,6.2,0.0,92.5,98,129,11.7,6,-7.1,5.5,0.000,-8.0,0.0,-0.0,13.4,0.0,2374,4.83,2.9,12.902,23,33.5,9.6
363.0,86,611.5,5.4,0.0,92.5,99,124,11.0,6,-7.8,5.5,0.002,-9.4,0.0,0.0,13.3,0.0,2299,4.64,0.6,12.920,23,0.0,5.4
366.0,86,591.9,5.1,0.1,92.9,99,118,11.1,6,-7.8,5.2,0.000,-10.1,0.0,0.0,13.1,0.0,2209,4.48,0.7,12.938,23,0.0,5.1
369.0,86,579.6,5.1,0.0,92.9,99,114,11.4,6,-7.8,5.3,0.000,-10.8,0.0,0.0,13.2,0.0,2129,4.31,0.4,12.888,23,0.0,5.1
372.0,86,564.7,4.9,0.0,92.9,99,111,15.3,6,-6.5,6.2,0.139,-6.1,0.8,0.2,14.7,0.1,2050,3.90,0.8,13.020,23,0.0,4.8
375.0,86,553.7,6.0,4.4,92.9,99,108,23.4,6,-1.6,9.0,0.884,37.5,9.8,3.9,35.4,11.0,2050,8.90,4.2,12.987,23,42.6,7.4
378.0,86,547.9,9.8,20.1,92.9,97,106,21.3,6,-1.6,7.5,0.957,38.9,8.6,-1.6,31.1,9.6,2015,10.31,5.8,12.955,23,94.3,10.6
381.0,86,548.0,8.7,6.9,92.9,96,105,23.9,6,-1.6,7.6,0.997,37.8,8.5,-5.6,29.9,8.4,1966,8.01,3.5,12.942,23,95.2,7.8
384.0,86,545.9,9.2,1.2,92.9,96,104,34.6,6,-1.6,10.5,0.985,31.2,11.5,-0.8,44.7,11.4,1987,10.73,5.1,12.957,23,83.1,6.8
387.0,86,545.3,12.8,2.0,92.9,97,104,54.0,6,-1.6,16.1,0.979,22.5,14.1,1.6,34.1,3.6,1969,7.20,6.4,12.960,23,68.6,10.5
390.0,86,548.4,19.0,0.8,92.9,98,106,61.2,6,-1.6,20.0,0.988,18.9,15.8,2.5,51.3,8.3,2036,11.38,9.7,12.960,23,69.2,15.7
393.0,86,551.7,20.8,0.2,92.6,98,106,63.0,6,0.1,18.6,0.997,23.9,15.3,2.1,62.2,14.7,2082,17.54,13.5,12.954,23,92.2,18.4
396.0,86,554.3,19.5,0.0,92.5,98,105,63.0,6,0.7,17.6,1.003,32.8,12.7,0.1,50.0,14.2,1987,16.86,12.5,12.880,23,92.2,18.7
399.0,86,557.4,15.8,4.3,92.5,98,104,58.4,6,-1.6,18.2,1.000,20.0,16.5,1.6,70.6,15.7,2012,9.22,5.4,12.880,23,52.2,13.2
402.0,86,559.2,9.9,17.6,92.5,97,102,41.6,6,-1.6,12.5,0.998,28.9,6.4,3.4,40.2,8.2,1981,5.15,1.8,12.908,23,15.5,7.1
405.0,86,551.7,12.2,135.0,92.5,98,99,48.7,6,-1.6,15.2,1.006,28.3,5.3,2.5,30.0,4.0,1959,4.48,2.0,12.960,23,14.9,5.9
408.0,86,554.3,8.7,102.0,92.4,98,98,41.0,6,-3.4,15.2,1.011,22.6,14.5,-2.4,62.3,10.6,1987,7.29,1.6,12.960,23,46.2,5.6
411.0,86,554.7,7.7,50.2,92.2,98,98,22.9,6,-7.7,8.6,1.006,34.5,11.4,-3.9,44.4,11.0,1987,7.48,3.3,12.912,23,76.0,7.6
414.0,86,551.7,12.8,3.6,92.2,97,98,44.7,6,-1.6,8.3,0.992,22.8,7.6,-1.6,31.1,8.9,1904,7.06,3.8,12.909,23,78.2,9.4
417.0,86,547.8,10.6,95.8,92.2,97,98,52.7,6,-1.6,12.9,0.997,18.7,9.5,-0.6,36.0,9.5,1878,7.77,3.2,12.947,23,36.6,8.2
420.0,86,550.3,8.9,85.9,92.2,97,99,40.7,6,-3.5,13.7,0.750,14.7,13.6,-1.4,63.5,14.7,2023,11.81,3.5,12.880,23,57.5,7.5
423.0,86,547.7,7.9,61.8,92.3,97,100,15.4,6,-7.4,4.9,0.008,-13.0,0.0,-0.0,11.9,0.0,1862,5.48,1.7,12.827,23,25.7,5.8
426.0,86,539.4,8.8,23.1,92.5,99,98,36.1,6,-1.6,10.6,1.013,23.7,3.7,0.6,18.3,4.3,1862,5.02,2.6,12.834,23,33.6,5.1
429.0,86,536.0,10.6,1.9,92.5,97,98,31.4,6,-1.6,6.6,1.005,18.4,3.0,0.4,17.2,5.7,1867,5.61,4.3,12.880,23,86.7,7.0
432.0,86,536.0,10.3,65.4,92.5,97,98,37.7,6,-1.6,8.1,0.998,8.8,4.1,-0.2,21.0,6.1,1890,5.68,3.5,12.882,23,34.9,9.4
435.0,86,536.0,8.7,108.4,92.5,97,97,45.3,6,-1.6,13.9,0.995,25.0,13.7,-0.8,56.9,14.1,1975,15.56,11.0,12.960,23,31.6,7.4
438.0,86,536.0,8.0,112.9,92.5,98,96,44.7,6,-1.6,12.5,1.013,25.0,13.1,-2.5,57.2,13.8,1877,15.43,11.7,12.920,23,54.1,9.9
441.0,86,536.0,15.3,23.6,92.5,98,95,43.6,6,-1.6,12.5,1.001,22.6,14.7,-2.1,66.0,16.3,1834,17.36,15.3,12.900,23,92.9,17.4
444.0,86,541.3,18.5,25.6,92.5,98,94,49.2,6,-1.6,14.0,0.993,20.1,16.7,-0.3,77.0,19.7,1850,20.84,22.7,12.960,23,89.7,27.5
447.0,86,547.6,19.0,16.7,92.4,98,94,57.2,6,-1.1,16.6,0.994,19.0,17.3,2.3,73.3,17.6,1850,18.73,18.9,12.960,22,91.1,23.4
450.0,86,552.0,17.0,0.9,92.2,98,94,59.6,6,1.6,17.3,0.999,19.5,16.1,-0.2,71.2,16.8,1885,18.49,10.6,12.960,21,82.3,16.8
453.0,86,552.4,16.6,4.0,92.2,98,98,59.6,6,-1.0,17.3,0.995,19.2,15.1,0.7,60.7,14.3,1887,16.14,7.2,12.983,21,58.0,9.7
456.0,86,555.8,6.3,0.1,92.2,99,99,27.5,6,-5.1,10.5,0.499,4.6,8.4,1.0,38.1,9.1,1863,11.28,7.9,13.011,21,26.0,4.9
459.0,86,551.3,8.7,48.4,92.2,99,99,20.4,6,-5.9,5.8,0.243,-4.3,0.0,-0.1,12.5,2.9,1837,4.41,2.7,12.960,21,27.4,8.6
462.0,86,546.6,11.1,81.3,92.2,98,98,37.6,6,-1.6,10.0,1.013,34.0,0.0,-0.8,21.7,5.5,1837,5.66,6.4,12.909,21,43.3,10.7
465.0,86,544.0,11.6,53.6,92.2,97,100,47.8,6,-1.6,13.7,0.996,27.6,8.9,0.2,42.2,10.0,1891,10.17,5.6,12.913,21,55.7,10.7
468.0,86,543.9,5.5,0.1,92.2,98,101,26.9,6,-5.2,9.3,0.994,30.8,10.1,1.4,42.9,9.0,1923,11.26,2.1,12.946,21,53.6,6.3
471.0,86,538.8,6.0,10.3,92.2,99,101,18.8,6,-7.8,6.7,0.992,37.2,6.7,1.6,21.8,1.0,1888,3.49,0.8,12.880,21,0.0,4.3
474.0,86,536.0,7.6,14.3,92.2,99,100,27.2,6,-7.3,8.7,0.979,38.0,9.8,-1.6,34.6,10.2,1900,9.69,3.6,12.880,21,52.2,6.8
477.0,86,535.6,9.9,5.0,92.2,97,102,40.8,6,-1.6,12.2,0.984,30.7,11.4,2.9,43.3,11.5,1967,11.76,4.1,12.849,21,95.3,9.2
480.0,86,531.9,5.1,0.1,92.2,99,103,24.2,6,-5.4,9.9,0.982,33.7,11.1,4.8,43.7,12.1,2002,13.62,4.0,12.815,21,95.2,10.1
483.0,86,532.0,11.1,0.0,92.2,98,104,34.1,6,-5.2,10.8,0.990,35.3,11.1,3.9,40.6,11.9,1962,12.54,8.5,12.880,21,94.0,13.3
486.0,86,533.9,11.0,0.0,92.2,98,105,49.5,6,-1.6,14.8,1.007,24.6,14.0,3.9,60.5,14.1,2062,7.35,3.5,12.817,21,95.0,11.5
489.0,86,535.0,7.6,0.0,92.2,99,108,41.4,6,-1.6,14.1,0.979,25.5,7.1,3.9,22.5,3.9,2036,5.09,1.9,12.892,21,50.6,8.5
492.0,86,531.9,9.4,0.0,92.2,99,108,18.1,6,-6.1,7.5,0.319,2.7,3.2,1.8,17.4,0.0,2030,3.89,0.7,12.934,21,0.0,6.2
495.0,86,527.8,10.6,0.0,92.4,99,106,29.9,6,-4.9,8.5,0.416,4.3,0.8,0.6,13.7,0.7,2032,3.88,0.4,12.884,21,0.0,7.8
498.0,86,526.0,9.5,44.5,92.5,99,104,39.5,6,-1.6,13.1,1.009,35.1,2.1,2.3,18.4,3.1,2012,3.86,0.8,12.960,21,1.7,6.8
501.0,86,524.0,8.4,96.2,92.5,98,104,36.2,6,-1.6,12.2,0.987,29.0,12.9,4.7,42.4,10.6,2169,11.75,3.8,13.006,21,38.4,6.3
504.0,86,524.0,9.0,44.8,92.5,97,104,38.4,6,-1.6,12.4,1.002,26.8,13.6,3.8,53.1,13.1,2160,11.95,4.2,12.961,21,63.2,6.1
507.0,86,523.8,10.2,76.0,92.5,98,104,39.7,6,-1.6,10.2,0.995,18.5,11.6,2.2,48.0,12.3,2073,8.25,2.0,12.807,21,12.9,5.1
510.0,86,524.0,7.2,83.3,92.5,98,103,36.1,6,-1.6,8.9,0.979,8.4,7.0,0.2,21.2,9.0,2012,8.59,2.4,12.960,21,40.6,5.1
513.0,86,525.3,4.7,58.6,92.5,98,102,26.5,6,-1.6,12.2,0.979,25.0,12.9,2.3,49.4,13.3,2140,14.00,7.4,12.911,21,71.5,8.6
516.0,86,528.0,4.7,0.0,92.5,100,102,32.9,6,-1.6,11.8,1.000,26.9,12.7,3.2,49.8,13.1,2175,15.90,9.9,12.910,21,75.2,10.8
519.0,86,527.9,4.7,0.0,92.5,100,99,29.2,6,-1.6,11.0,0.947,26.1,12.8,6.7,52.9,14.0,2076,16.71,10.7,12.960,21,21.4,5.9
522.0,86,530.4,15.0,2.9,92.5,100,98,41.5,6,-0.6,13.9,0.915,22.3,14.3,10.0,60.7,16.6,1849,20.48,16.5,12.960,21,90.8,18.0
525.0,86,536.4,22.3,3.6,92.5,99,98,66.9,6,1.6,23.1,1.006,17.5,19.2,-0.0,77.3,18.4,2175,22.03,14.3,12.907,20,92.2,21.2
528.0,86,544.6,22.8,0.0,92.5,99,100,68.2,5,1.6,23.5,1.009,17.5,16.2,0.0,64.3,15.1,2014,20.08,14.2,12.915,20,92.7,21.8
531.0,86,548.0,28.6,0.0,92.5,99,100,73.4,5,1.6,28.5,0.999,13.9,20.2,0.4,71.0,18.4,2082,21.79,18.7,12.960,20,90.6,26.8
534.0,86,557.6,32.2,0.0,92.3,99,104,75.3,5,1.2,32.5,0.996,11.7,25.1,0.5,86.5,25.6,2434,29.02,27.6,12.960,20,86.7,32.5
537.0,86,567.4,33.8,2.8,92.2,99,108,74.7,5,0.8,31.6,0.999,14.0,24.3,0.1,84.7,25.7,2587,31.13,28.6,12.960,20,86.4,33.7
540.0,86,573.7,32.2,3.5,92.3,99,111,73.8,5,0.8,26.7,0.997,18.5,20.0,0.8,81.2,21.6,2162,26.54,25.3,12.960,20,87.6,30.6
543.0,86,578.2,29.7,0.1,92.5,99,114,74.5,4,0.8,30.6,1.003,15.2,22.7,0.3,83.2,23.3,2426,28.15,25.7,12.960,20,87.8,29.6
546.0,86,587.9,33.3,0.9,92.5,99,117,73.4,4,0.8,31.7,1.000,16.4,22.5,0.7,82.3,23.6,2503,29.26,26.8,12.945,19,86.5,33.0
549.0,86,593.2,32.4,0.3,92.5,99,119,73.3,4,0.8,32.5,0.999,18.3,21.4,1.3,79.6,22.5,2275,26.32,24.3,12.880,19,88.1,29.8
552.0,86,597.6,30.3,0.0,92.5,99,120,73.7,4,0.9,32.4,1.006,15.5,24.7,-0.8,83.1,24.7,2602,29.86,26.9,12.880,19,87.1,29.1
555.0,86,601.3,27.3,0.0,92.5,99,122,73.7,4,1.6,31.8,1.013,14.0,24.4,-1.4,84.1,24.7,2658,30.84,27.9,12.932,19,88.1,26.1
558.0,86,607.9,26.3,0.1,92.5,99,122,73.1,4,1.6,30.1,1.008,13.8,23.7,-1.6,84.4,24.2,2586,30.17,27.1,12.992,19,90.9,21.9
561.0,86,610.6,21.1,49.1,92.5,99,123,71.1,4,1.6,28.4,1.006,14.1,23.1,-1.6,84.0,23.4,2504,29.33,25.9,12.960,19,87.4,31.4
564.0,86,613.6,19.2,54.8,92.4,99,124,68.0,4,1.6,26.9,1.012,14.5,23.1,-1.6,84.3,23.1,2449,28.98,15.8,12.960,19,90.3,25.1
567.0,86,615.3,20.2,10.2,92.2,98,126,64.3,4,1.6,24.3,1.013,17.9,20.8,-1.6,80.8,20.3,2410,26.49,13.8,12.960,19,59.0,17.0
570.0,86,611.9,14.1,78.0,92.2,98,126,56.3,4,-0.4,21.2,1.006,20.6,18.7,-0.1,75.3,18.3,2382,24.06,16.4,12.960,19,14.1,11.7
573.0,86,614.7,21.6,30.5,92.2,99,126,62.3,4,-0.4,17.6,1.002,19.7,13.1,1.9,60.2,14.7,2365,21.49,16.1,12.960,19,90.9,22.4
576.0,86,610.6,17.7,0.0,92.2,99,124,63.0,4,1.1,14.6,0.993,13.8,0.2,3.1,15.7,0.0,2300,4.78,4.2,12.960,19,31.8,11.6
579.0,86,604.0,10.8,0.7,92.2,100,120,37.5,4,-1.6,15.3,0.884,21.5,18.4,5.5,59.5,13.5,2300,17.11,10.6,12.918,19,39.7,13.5
582.0,86,604.0,26.7,3.5,92.5,99,122,72.2,4,0.8,18.3,0.962,21.5,16.6,2.9,60.6,12.7,2284,18.77,14.8,12.880,20,90.7,22.3
585.0,86,603.7,10.8,1.0,92.5,100,121,36.9,4,-3.3,13.1,0.951,10.0,10.3,0.0,38.1,4.5,2251,9.03,6.1,12.881,19,93.7,9.0
588.0,86,592.1,4.9,0.0,92.4,100,117,11.0,4,-7.8,5.0,0.728,-10.7,0.0,0.0,12.5,0.0,2175,4.31,0.4,13.040,20,30.1,6.3
591.0,86,577.0,4.7,0.0,92.2,100,112,11.0,4,-7.8,4.7,0.001,-12.0,0.0,-0.0,12.6,0.0,2091,4.10,0.4,12.995,20,0.0,4.7
594.0,86,566.9,4.7,0.0,92.2,100,108,11.0,4,-7.8,4.7,0.000,-12.3,0.0,0.0,12.3,0.0,2017,3.88,0.4,12.935,20,0.0,4.6
597.0,86,547.8,4.3,0.0,92.2,100,103,10.5,4,-7.8,4.5,0.000,-12.7,0.0,0.0,12.0,0.0,1946,3.65,0.4,12.885,20,0.0,4.3
600.0,86,539.8,4.1,0.0,92.3,100,98,12.8,4,-8.3,4.8,0.107,-9.9,0.4,0.0,11.4,0.0,1837,3.38,0.4,12.960,20,0.0,4.0
603.0,86,529.9,5.3,0.0,92.5,100,94,19.6,4,-10.2,7.5,0.884,39.0,11.0,8.6,27.8,6.1,1781,6.40,2.8,12.960,20,43.9,6.3
606.0,85,524.0,10.5,0.0,92.2,98,92,41.3,4,-3.7,11.3,0.962,30.4,12.1,4.4,44.9,10.8,1766,10.38,3.1,12.960,20,77.1,9.3
609.0,85,523.7,3.9,0.0,92.4,99,90,29.8,4,-5.3,9.7,0.961,28.6,11.5,5.6,45.6,12.1,1761,12.52,0.5,12.960,20,11.4,8.2
612.0,85,522.7,6.9,1.1,92.5,100,88,15.1,4,-9.9,4.8,0.884,38.0,7.8,19.5,13.8,9.0,1650,7.58,4.7,12.960,20,47.4,8.2
615.0,85,520.4,14.9,5.2,92.2,98,88,62.7,4,-1.6,18.8,0.965,25.8,13.1,8.6,46.0,13.1,1781,12.90,9.3,12.960,20,59.2,11.0
618.0,85,527.9,12.9,21.8,92.2,99,89,61.0,4,-1.9,17.5,1.000,18.9,15.6,1.6,69.3,15.2,1894,18.17,16.0,12.960,20,91.8,20.8
621.0,85,530.2,8.3,14.4,92.2,99,89,45.2,4,-4.4,14.2,0.991,22.5,12.7,5.0,54.6,7.6,1687,6.59,5.9,12.960,20,94.7,13.3
624.0,85,530.9,6.5,0.0,92.2,99,88,22.3,4,-9.8,9.0,0.989,35.5,10.6,-0.8,42.5,10.6,1653,8.74,6.6,12.960,20,95.5,11.1
627.0,86,528.0,14.1,0.0,92.2,98,88,55.7,4,-2.3,12.9,0.991,26.8,12.8,0.8,42.2,5.8,1653,7.31,5.0,12.960,20,76.0,11.9
630.0,86,531.9,11.8,83.9,92.2,99,89,50.4,4,-2.3,13.6,0.987,22.2,14.0,2.7,45.3,2.8,1691,4.86,1.5,12.955,20,0.0,10.2
633.0,86,532.0,10.0,61.6,92.2,99,92,43.3,4,-2.3,12.3,0.984,24.7,12.9,3.5,55.7,12.9,1762,13.09,9.4,12.880,20,65.8,12.0
636.0,86,530.9,8.4,16.0,92.2,98,96,37.1,4,-2.3,11.4,1.009,26.0,12.9,-2.3,54.5,12.9,1834,12.20,4.4,12.929,20,52.5,9.0
639.0,86,528.0,6.3,77.2,92.5,100,96,22.0,4,-6.5,9.3,0.995,28.8,12.9,-2.3,53.4,12.9,1904,13.02,4.5,12.960,20,6.7,5.2
642.0,86,527.9,10.2,23.4,92.3,99,96,35.1,4,-4.4,6.6,0.991,29.5,10.9,-0.6,43.5,11.8,1921,13.12,8.8,12.960,20,0.0,8.2
645.0,86,528.0,8.9,1.8,92.3,99,96,38.8,4,-1.6,5.8,0.999,29.5,6.7,2.7,20.8,8.6,1825,7.90,7.5,12.960,20,71.6,11.3
648.0,86,526.6,7.3,8.8,92.4,98,96,28.1,4,-2.1,8.5,1.013,38.0,3.5,-3.1,19.7,5.9,1796,6.32,3.9,12.960,20,70.4,8.9
651.0,86,522.7,6.4,38.4,92.2,98,94,14.9,4,-10.2,3.9,0.996,1.8,2.5,-1.1,14.5,4.2,1766,4.38,1.6,12.960,20,35.1,5.5
654.0,86,516.0,7.5,93.0,92.5,99,92,41.9,4,-4.7,11.2,1.004,4.7,8.3,-1.8,33.8,7.8,1804,7.48,4.0,12.960,20,21.1,6.6
657.0,86,518.9,13.0,29.7,92.3,98,93,54.1,4,-1.6,15.5,1.006,21.8,14.5,-2.3,62.4,14.7,1895,16.32,11.3,12.958,20,93.6,15.3
660.0,86,523.9,16.3,0.0,92.2,98,95,57.8,4,-0.9,14.9,0.998,24.1,13.2,2.3,56.9,13.7,1862,14.91,10.2,12.880,20,94.0,14.6
663.0,86,528.0,15.7,0.0,92.2,99,96,65.5,4,1.6,12.9,1.009,35.0,1.2,2.9,26.8,4.4,1813,7.77,5.3,12.949,20,57.7,11.6
666.0,86,528.0,7.1,0.0,92.2,100,94,24.3,4,-7.0,9.1,0.989,37.3,5.6,2.4,23.5,4.3,1762,5.18,2.2,13.003,20,14.5,7.6
669.0,86,524.8,13.1,0.0,92.2,99,93,44.1,4,-5.9,12.1,0.987,31.3,11.6,0.7,43.0,11.1,1753,9.13,5.0,12.951,20,95.7,11.0
672.0,86,526.2,13.3,5.5,92.2,98,91,55.4,4,-1.8,16.3,0.997,19.1,15.8,-1.2,69.0,16.1,1887,14.12,4.3,12.800,20,95.4,12.7
675.0,86,529.1,9.9,8.8,92.2,98,90,47.2,4,-2.3,12.9,1.000,22.5,13.3,2.3,59.2,14.5,1768,14.94,8.8,12.892,20,60.0,9.2
678.0,86,532.0,3.9,0.0,92.2,100,88,10.3,4,-7.7,7.3,0.927,29.3,8.1,8.4,38.7,10.1,1678,10.96,8.5,12.937,20,20.2,4.4
681.0,86,523.8,4.4,0.5,92.4,100,87,12.3,4,-10.2,4.4,0.928,35.2,3.9,12.1,14.2,4.1,1626,3.46,1.2,12.880,20,12.2,4.7
684.0,86,522.2,5.3,12.3,92.5,100,87,17.2,4,-9.1,5.0,1.013,37.0,5.1,2.3,18.4,5.1,1637,4.52,1.6,12.880,20,41.6,5.2
687.0,86,518.3,5.9,26.6,92.5,98,90,27.5,4,-2.3,7.5,1.013,38.5,6.6,-3.2,24.6,6.6,1705,5.70,1.0,12.880,20,47.3,4.7
690.0,86,512.0,3.9,0.0,92.5,100,92,15.0,4,-7.6,6.2,0.992,37.9,7.1,0.1,24.7,8.0,1735,7.31,2.5,12.900,20,41.5,4.9
693.0,86,512.0,10.9,0.0,92.3,99,93,34.3,4,-6.3,9.8,0.988,31.6,9.5,3.3,32.6,9.4,1733,9.22,8.2,12.960,20,94.9,14.1
696.0,86,514.1,14.7,0.0,92.2,98,94,58.4,4,-1.6,16.4,1.001,20.6,15.0,-2.3,64.4,12.2,1825,13.03,8.6,12.960,20,94.9,13.8
699.0,86,519.6,15.9,3.5,92.2,99,94,62.7,4,-1.6,19.6,0.997,16.5,17.3,-1.6,75.7,16.3,1906,18.01,13.8,12.960,20,93.4,17.1
702.0,86,528.2,16.5,17.5,92.2,99,96,62.7,4,-1.6,20.2,0.996,16.2,17.5,-2.0,75.5,17.6,1931,20.11,13.1,12.960,20,79.8,18.3
705.0,86,531.9,11.8,61.2,92.2,99,95,34.9,4,-6.6,11.6,0.991,11.4,10.3,-1.4,52.7,13.6,1857,15.81,6.3,12.945,20,46.4,8.8
708.0,86,526.5,13.9,67.4,92.4,99,92,36.9,4,-7.1,8.1,0.993,12.9,2.6,0.4,16.4,6.5,1698,5.15,5.2,12.880,20,51.8,12.2
711.0,86,528.3,9.7,34.3,92.5,99,89,54.1,4,-2.3,14.6,1.006,30.1,10.5,2.2,45.1,13.7,1675,13.71,11.0,12.945,20,82.1,14.3
714.0,86,532.0,7.6,0.0,92.5,99,88,37.1,4,-2.7,13.2,1.006,21.5,14.9,-1.6,62.8,14.7,1675,6.78,6.1,12.960,20,76.2,12.3
717.0,86,531.6,13.5,2.0,92.5,99,88,20.4,4,-10.2,8.6,0.990,34.1,13.2,-1.6,56.5,11.8,1668,6.48,4.6,12.960,20,62.8,9.2
720.0,86,528.0,10.6,58.0,92.5,98,90,36.4,4,-4.9,10.1,0.997,32.8,10.7,-1.9,43.0,8.6,1682,7.71,5.0,12.941,20,60.5,8.0
723.0,86,528.0,5.7,17.7,92.5,99,91,25.8,4,-5.8,8.3,0.998,30.2,8.2,-1.0,29.7,6.4,1707,5.31,2.2,12.885,20,29.4,3.5
726.0,86,525.9,6.8,0.0,92.5,100,92,20.2,4,-8.7,6.1,0.991,35.0,6.2,2.2,19.2,3.9,1687,3.10,0.4,12.960,20,8.3,5.2
729.0,86,523.0,10.3,0.0,92.5,100,92,45.4,4,-2.3,13.3,1.007,29.5,3.9,-0.0,22.1,7.0,1721,5.83,3.8,12.960,20,0.0,8.2
732.0,86,520.2,11.6,0.0,92.5,100,92,43.9,4,-1.8,13.0,1.011,26.6,9.3,-1.3,39.2,10.8,1790,10.46,8.0,12.933,20,0.0,11.1
735.0,86,523.9,6.3,0.1,92.3,100,92,30.6,4,-2.0,11.6,1.004,27.4,12.5,-2.1,51.9,13.0,1831,14.30,10.6,12.890,20,2.3,11.4
738.0,86,524.0,10.2,0.0,92.2,99,91,27.0,4,-2.3,10.7,0.992,29.8,12.1,-1.5,47.1,12.2,1775,12.90,8.6,12.960,20,95.1,13.0
741.0,86,524.9,15.9,0.0,92.2,98,90,40.8,4,-2.3,12.5,0.994,22.0,15.3,0.8,69.0,14.5,1798,15.41,11.6,12.877,20,94.3,15.9
744.0,86,528.0,23.1,0.0,92.2,99,90,63.8,4,0.4,20.3,1.001,16.9,17.7,0.0,74.7,17.6,1911,19.36,16.2,12.840,20,92.6,20.1
747.0,86,537.2,24.6,0.0,92.2,99,92,71.8,4,1.6,23.6,1.004,15.6,18.1,-0.2,76.6,19.1,2083,22.33,20.3,12.955,19,90.2,25.1
750.0,86,544.4,20.4,0.0,92.2,99,94,54.2,4,-1.2,19.1,1.001,22.7,13.0,1.6,57.3,13.7,2125,14.52,10.6,12.880,19,93.6,17.6
753.0,86,546.8,15.2,5.6,92.2,99,94,12.4,4,-10.2,5.1,0.999,34.5,9.0,1.6,26.0,10.2,1851,9.94,7.6,12.880,19,95.1,13.1
756.0,86,544.3,13.0,21.6,92.2,98,94,50.2,4,-4.2,11.9,0.996,26.2,12.6,1.2,45.8,11.9,1767,11.41,8.4,12.909,19,94.9,12.7
759.0,86,547.9,16.1,0.1,92.2,99,94,54.7,4,-2.3,15.4,0.997,21.0,15.1,1.1,64.0,13.5,1796,14.48,12.3,12.960,19,93.8,16.0
762.0,86,548.0,11.3,0.0,92.2,98,95,48.2,4,-2.3,14.7,1.003,21.3,15.0,0.6,63.7,10.8,1793,10.60,12.5,12.960,19,94.9,12.9
765.0,86,548.0,11.9,0.0,92.2,98,96,42.8,4,-2.2,13.2,1.009,23.3,14.1,-3.1,61.2,14.1,1837,15.31,11.4,12.960,19,94.1,15.2
768.0,86,549.6,17.2,0.2,92.2,99,96,58.0,4,-1.6,17.6,0.996,18.0,16.5,-0.2,69.7,16.5,1910,18.38,13.6,12.960,19,92.9,18.0
771.0,86,556.0,20.4,1.8,92.2,99,100,65.1,4,0.7,19.2,0.999,17.7,15.7,0.0,66.8,15.7,1935,18.10,12.5,12.960,19,75.3,18.4
774.0,86,555.8,12.7,19.6,92.2,99,100,52.5,4,0.1,16.9,1.005,19.8,14.6,-1.0,58.9,13.3,1910,14.47,6.8,12.960,19,1.2,7.5
777.0,86,556.0,7.0,16.5,92.2,99,100,31.9,4,-2.9,11.6,1.008,25.2,13.3,-1.6,57.6,13.3,1900,13.73,8.2,12.960,19,66.3,10.6
780.0,86,554.9,4.3,0.0,92.2,100,100,10.7,4,-7.8,5.5,0.979,34.5,2.4,1.6,24.0,10.4,1873,9.52,6.6,12.916,19,70.9,9.1
783.0,86,552.0,4.3,0.0,92.2,100,96,17.3,4,-7.8,7.4,0.914,36.7,7.8,4.7,30.4,10.4,1837,9.36,6.1,12.908,19,46.7,4.9
786.0,86,548.6,4.3,29.8,92.4,99,96,18.2,4,-7.8,7.2,0.946,38.9,9.1,3.9,35.6,8.0,1819,9.40,5.8,12.960,19,58.1,3.9
789.0,86,540.0,4.3,16.3,92.5,99,97,15.2,4,-7.8,5.6,0.707,27.4,4.5,-1.4,17.5,0.0,1839,3.41,0.4,12.960,19,0.0,4.3
792.0,86,532.5,4.3,0.0,92.5,100,98,10.2,4,-7.8,4.3,0.000,-13.0,0.0,-0.0,11.4,0.0,1862,3.32,1.3,12.960,19,0.0,4.3
795.0,86,524.7,4.2,0.0,92.5,100,98,10.2,4,-7.8,4.3,0.001,-13.0,0.0,0.0,11.4,0.0,1854,3.35,1.2,12.960,19,0.0,4.3
798.0,86,512.0,3.9,0.0,92.5,101,93,9.6,4,-9.5,4.0,0.000,-1.9,2.7,0.0,12.5,2.6,1793,4.03,1.4,12.941,19,6.0,4.7
801.0,86,506.1,7.8,65.9,92.5,100,91,26.1,4,-6.7,7.0,0.398,13.3,7.2,-1.5,23.0,7.3,1724,6.33,3.6,12.884,20,40.8,7.8
804.0,86,505.9,10.8,58.0,92.5,99,89,43.6,4,-2.3,11.6,1.011,26.4,12.2,-5.5,51.4,12.2,1775,12.45,8.2,12.960,20,77.5,10.7
807.0,86,508.9,13.0,0.0,92.5,99,88,49.4,4,-2.3,12.9,0.993,22.5,13.7,0.4,58.2,13.5,1741,13.71,9.7,12.980,20,94.9,13.0
810.0,86,512.3,15.3,0.0,92.5,99,88,58.0,4,-2.3,15.7,1.001,19.4,15.6,1.5,67.6,15.7,1757,16.11,13.0,12.965,20,94.3,15.3
813.0,86,523.9,19.1,5.5,92.5,100,86,62.2,4,-0.5,18.7,1.004,16.7,17.4,-0.1,75.0,17.6,1817,18.90,17.3,12.888,19,92.2,20.4
816.0,86,528.6,20.4,3.9,92.5,100,83,66.2,4,1.6,20.5,1.002,15.8,17.6,-2.3,75.5,17.6,1887,19.88,17.3,13.000,19,92.2,20.7
819.0,86,536.5,20.5,0.5,92.4,99,82,66.7,4,1.6,20.8,1.001,15.0,18.0,-2.3,78.0,18.0,1900,20.10,17.3,12.974,19,92.2,20.8
822.0,86,545.0,20.8,2.0,92.2,99,82,66.7,4,1.6,20.8,1.004,15.4,18.0,-2.3,77.1,18.0,1900,20.17,17.3,12.984,19,92.1,20.8
825.0,87,551.9,20.4,8.9,92.4,99,85,65.2,4,1.6,18.5,1.001,17.3,16.2,-1.0,70.0,15.7,1816,17.85,15.7,13.011,19,91.9,20.7
828.0,87,552.0,12.5,3.7,92.5,99,88,48.5,4,0.1,13.4,0.998,24.4,12.8,1.6,55.4,11.3,1647,11.29,7.8,12.960,19,95.6,9.4
831.0,87,552.0,8.8,0.0,92.5,98,91,27.6,4,-3.8,7.1,0.997,38.8,9.7,4.7,36.5,10.6,1725,9.84,6.6,12.960,19,95.4,9.9
834.0,87,549.7,8.9,0.0,92.5,98,94,25.3,4,-10.2,5.1,0.999,34.0,2.0,6.5,18.8,4.1,1777,5.52,3.0,12.960,19,50.6,7.4
837.0,87,542.3,3.9,0.0,92.5,100,96,9.4,4,-10.2,4.2,0.284,4.9,0.8,3.2,12.1,0.8,1805,3.25,0.8,12.960,19,0.0,3.9
840.0,87,527.9,3.9,0.1,92.3,101,96,9.8,4,-10.2,3.9,0.000,-13.0,3.4,0.0,13.4,2.3,1805,4.86,2.1,12.960,19,0.0,3.9
843.0,86,525.8,9.9,44.5,92.2,100,96,24.0,4,-8.4,6.2,0.157,-11.1,11.0,-0.0,20.0,11.0,1775,13.93,13.7,12.960,19,0.3,16.0
846.0,86,524.0,14.9,94.6,92.2,99,96,58.2,4,-1.6,16.1,0.994,21.5,9.0,4.2,19.7,3.5,1783,7.20,7.5,12.916,19,19.1,16.9
849.0,86,524.0,10.6,74.5,92.5,99,96,37.6,4,-1.6,12.0,1.002,26.7,11.4,1.9,37.3,6.3,1833,8.49,6.5,12.904,19,52.8,10.5
852.0,86,527.1,15.0,22.0,92.5,99,97,49.1,4,-1.6,13.1,1.000,26.9,10.0,0.3,50.2,13.1,1893,15.60,12.8,12.960,19,93.3,16.9
855.0,86,528.0,14.2,52.5,92.5,99,99,54.3,4,-1.6,13.4,0.990,16.8,2.3,4.8,26.4,7.5,1862,9.08,7.1,12.960,19,66.4,12.6
858.0,86,524.6,10.5,62.5,92.5,100,100,52.3,4,-1.2,6.8,0.982,2.2,0.0,-0.0,12.5,0.0,1925,4.55,2.3,13.019,19,22.6,7.1
861.0,86,520.9,7.8,19.4,92.5,101,100,65.9,4,1.6,20.0,1.013,18.0,12.5,-0.6,51.9,9.0,1957,7.66,1.3,12.955,19,4.2,6.1
864.0,86,524.0,9.0,130.0,92.5,100,102,35.9,4,-0.6,12.0,1.004,29.3,12.7,-0.0,48.8,7.5,1949,7.74,1.1,12.858,19,8.5,8.4
867.0,86,515.9,6.1,64.9,92.3,101,101,18.4,4,-4.5,6.1,0.991,27.5,6.5,0.6,22.5,0.0,1908,3.86,0.1,12.807,19,0.0,4.3
870.0,86,511.9,4.7,23.7,92.2,101,99,11.3,4,-7.8,4.0,0.789,0.0,0.0,0.0,11.4,0.0,1887,3.47,0.8,13.000,19,0.0,4.3
873.0,86,504.8,5.0,5.0,92.2,101,96,10.3,4,-7.8,4.3,0.000,-13.0,0.0,-0.0,11.4,0.0,1826,3.34,0.8,12.977,19,8.6,6.3
876.0,86,496.0,7.5,0.0,92.2,100,94,22.7,4,-3.1,7.2,0.695,17.0,6.2,0.0,27.0,5.0,1818,4.81,1.5,12.960,19,36.1,9.2
879.0,86,495.9,12.9,0.0,92.2,99,94,37.8,4,-1.6,10.6,1.003,31.2,11.5,0.0,45.7,10.8,1843,8.36,3.6,12.953,19,95.7,10.2
882.0,86,498.2,13.3,2.0,92.2,99,95,47.6,4,-1.6,11.6,0.989,21.3,12.4,0.0,56.4,13.2,1862,14.30,9.8,12.880,19,94.8,12.5
885.0,86,500.0,12.3,23.0,92.2,99,98,43.4,4,-1.6,4.3,0.986,0.0,3.5,-0.0,11.9,3.5,1816,6.61,4.9,12.928,19,62.0,9.8
888.0,86,500.4,8.6,85.2,92.2,99,96,39.2,4,-1.6,10.4,1.004,15.9,9.9,-1.3,40.2,9.8,1857,10.23,6.0,12.960,19,43.7,7.6
891.0,86,507.9,12.9,37.0,92.2,99,98,51.2,4,-1.6,15.1,1.009,22.7,14.1,-1.0,51.7,11.2,1897,15.02,10.9,12.960,19,74.9,11.8
894.0,86,505.8,8.4,10.7,92.2,100,99,46.4,4,-3.0,17.3,0.983,18.7,14.2,1.7,25.5,0.0,1850,3.67,0.8,12.960,19,0.0,6.7
897.0,86,504.0,6.7,5.5,92.2,101,98,10.4,4,-7.8,16.1,0.884,16.5,15.3,3.1,65.1,8.3,1867,9.64,4.9,12.916,19,41.5,7.2
900.0,86,504.0,13.7,24.5,92.2,99,100,58.0,4,-3.3,16.9,0.959,18.8,12.4,3.1,53.6,11.6,1880,12.48,7.7,12.902,19,95.2,11.6
903.0,86,511.9,14.6,7.7,92.2,99,100,60.9,4,-1.6,18.0,0.997,19.9,11.7,2.5,47.2,12.3,1899,12.88,7.8,12.960,19,94.9,12.5
906.0,86,513.9,12.5,33.0,92.2,99,100,50.9,4,-2.8,16.3,0.851,17.1,16.3,0.8,72.5,16.5,1962,19.19,11.0,12.960,19,71.8,10.6
909.0,86,514.3,9.0,66.8,92.2,99,100,12.5,4,-7.8,4.3,0.001,-13.0,0.0,0.2,28.3,5.1,1889,9.39,5.3,12.960,19,36.1,8.0
912.0,86,508.0,7.1,0.0,92.2,101,98,13.1,4,-7.8,5.1,0.618,14.6,2.1,4.4,13.7,1.9,1825,3.76,1.3,12.937,19,16.7,5.8
915.0,86,508.0,9.7,33.2,92.2,100,97,32.0,4,-5.0,9.2,1.013,31.7,7.3,5.4,28.0,6.7,1800,6.12,3.2,12.883,19,71.0,7.1
918.0,86,512.6,15.1,22.2,92.2,99,97,37.9,4,-3.3,12.5,1.007,25.3,14.4,-2.6,62.3,15.9,1875,18.02,14.1,12.960,19,88.5,15.7
921.0,86,516.0,13.9,0.0,92.2,100,98,20.2,4,-7.8,7.5,0.990,39.5,11.0,3.1,37.3,10.6,1835,12.45,9.3,12.856,19,94.4,14.4
924.0,86,515.4,5.1,0.0,92.2,100,96,18.8,4,-7.8,7.1,0.987,39.9,9.8,4.2,33.6,9.8,1810,9.65,6.3,12.897,19,95.3,11.0
927.0,86,512.0,12.2,0.0,92.2,99,96,38.0,4,-3.7,10.4,0.993,31.7,11.0,3.2,40.0,7.6,1800,7.46,4.1,13.006,19,84.1,10.4
930.0,86,512.0,6.3,0.0,92.2,100,95,28.6,4,-5.6,9.4,0.950,29.6,10.3,7.3,42.8,4.4,1783,4.73,0.9,12.960,19,0.0,3.9
933.0,86,510.0,4.8,4.7,92.3,101,93,16.2,4,-8.3,6.6,0.908,37.9,6.0,21.3,18.5,1.7,1700,3.05,2.0,12.960,19,0.0,5.0
936.0,86,508.0,6.8,8.6,92.5,101,90,24.1,4,-2.3,9.4,1.013,33.0,11.0,-1.6,43.5,11.0,1752,8.37,4.9,12.918,19,42.8,7.5
939.0,86,508.0,10.2,0.0,92.2,99,90,49.4,4,-2.3,14.0,1.004,25.1,13.7,-1.2,56.2,13.5,1812,14.07,9.3,12.901,19,94.9,11.3
942.0,86,513.9,6.9,0.0,92.4,100,91,29.2,4,-5.7,11.5,0.640,17.8,14.6,0.5,61.9,15.7,1836,18.03,14.7,12.960,19,93.3,17.3
945.0,86,514.2,9.0,8.7,92.4,100,92,21.3,4,-8.9,5.6,0.095,15.0,10.2,4.7,31.8,12.2,1700,12.06,8.6,12.960,19,94.3,14.7
948.0,86,513.2,14.0,20.2,92.2,99,92,59.6,4,-1.6,17.3,0.995,19.5,13.7,3.3,52.6,13.7,1784,14.31,10.2,12.960,19,94.6,14.0
951.0,86,519.9,16.5,5.3,92.2,100,93,50.1,4,-1.6,15.4,1.004,22.5,14.8,1.0,63.8,10.9,1841,13.98,10.6,12.960,19,93.7,16.9
954.0,86,520.0,9.5,2.5,92.2,100,93,32.0,4,-4.2,11.7,1.005,29.1,13.0,-1.2,52.1,0.5,1775,4.39,0.8,12.960,19,22.9,7.4
957.0,86,518.5,5.2,21.0,92.3,101,92,15.6,4,-9.6,6.9,0.980,40.0,10.6,2.3,35.3,11.4,1712,9.86,5.0,12.960,19,36.8,5.5
960.0,86,516.6,8.4,70.2,92.5,99,90,51.0,4,-2.3,17.3,1.012,24.8,13.7,-2.2,49.2,12.0,1740,12.75,8.8,12.960,19,47.2,9.3
963.0,86,519.9,14.1,0.1,92.3,100,90,56.9,4,-2.3,17.3,1.009,18.2,15.6,-2.9,62.1,13.7,1774,14.91,11.9,12.929,19,0.0,14.9
966.0,86,524.7,15.2,3.7,92.2,101,90,60.4,4,-2.3,16.6,1.004,18.9,16.0,0.3,69.1,16.1,1796,17.64,15.3,12.800,19,0.0,12.9
969.0,86,529.4,17.2,5.0,92.2,101,90,60.9,4,-2.3,14.9,0.997,20.5,15.3,2.3,66.7,15.7,1725,16.16,14.2,12.853,19,0.0,15.6
972.0,86,532.8,19.5,0.0,92.2,101,92,63.5,4,-2.3,16.5,1.001,21.8,14.0,0.9,60.9,14.1,1732,15.01,11.9,12.914,19,28.7,17.5
975.0,86,539.9,18.0,0.1,92.2,100,93,64.0,4,-2.3,18.8,0.999,21.4,13.1,2.0,56.8,13.6,1755,14.64,10.4,12.960,19,94.1,16.1
978.0,86,542.5,16.9,0.0,92.2,100,96,56.6,4,-2.1,19.7,1.000,19.6,13.4,4.7,57.7,15.3,1802,16.61,12.9,12.960,19,93.6,15.3
981.0,86,544.0,12.4,0.0,92.2,100,98,43.1,4,-1.6,16.9,1.013,18.0,16.5,-1.6,70.2,14.9,1875,11.60,8.4,12.908,19,52.9,9.7
984.0,86,544.0,6.6,1.0,92.2,101,98,36.9,4,-1.6,5.1,0.987,30.2,13.0,-1.6,61.5,15.6,1875,14.99,9.8,12.913,19,42.0,7.9
987.0,86,544.0,17.6,16.5,92.2,100,100,54.9,4,-1.6,13.1,0.986,26.7,9.4,0.6,43.6,12.8,1870,15.45,11.3,12.960,19,80.1,16.1
990.0,86,541.0,9.2,6.8,92.2,101,99,38.1,4,-4.6,12.9,0.946,27.4,8.0,6.3,28.4,5.9,1852,8.14,2.9,12.960,19,0.8,4.3
993.0,86,535.8,4.7,1.4,92.2,101,96,16.6,4,-8.4,6.7,0.884,39.3,8.6,13.0,27.2,0.0,1812,3.53,0.4,12.960,19,0.2,4.6
996.0,86,529.7,3.5,0.0,92.2,101,92,10.2,4,-10.2,5.1,0.884,35.0,5.5,10.2,16.5,0.0,1712,3.21,0.7,12.911,19,0.0,4.2
999.0,86,523.3,3.6,0.0,92.2,101,88,10.2,4,-10.2,4.2,0.251,4.8,2.3,4.5,14.0,0.0,1660,3.02,0.8,12.908,19,0.0,3.6
1002.0,86,512.0,6.3,0.1,92.2,101,85,34.0,4,-6.0,9.2,0.475,0.1,5.0,-0.7,24.7,2.9,1600,4.81,2.0,12.960,19,2.2,3.9
1005.0,86,514.3,10.3,0.0,92.3,101,84,39.6,4,-4.4,12.1,1.006,17.9,12.7,-2.1,59.0,12.2,1600,13.27,10.2,12.960,19,94.8,10.7
1008.0,86,513.8,12.4,0.0,92.5,101,84,18.6,4,-10.2,3.9,0.979,3.5,0.0,-0.0,21.6,2.8,1582,6.77,5.9,12.960,19,56.0,11.3
1011.0,86,507.9,8.6,0.0,92.2,100,84,34.5,4,-4.4,3.6,0.998,2.5,0.0,0.0,16.5,0.0,1593,3.29,2.3,12.960,19,11.7,7.2
1014.0,86,500.0,4.6,0.0,92.2,101,80,20.1,4,-6.6,3.7,0.523,-4.3,0.0,0.0,12.6,0.0,1571,2.97,0.8,12.960,19,0.0,3.5
1017.0,86,492.6,4.4,0.0,92.3,101,76,19.0,4,-7.6,7.0,0.242,-6.9,2.8,0.0,20.5,1.6,1472,3.28,0.8,12.960,19,0.0,3.5
1020.0,86,490.9,9.0,0.0,92.4,101,75,37.5,4,-2.0,14.5,0.885,15.5,14.9,-0.0,70.2,14.9,1587,15.13,8.4,12.960,19,52.5,10.8
1023.0,86,497.4,17.5,0.0,92.2,100,80,71.4,4,1.6,23.5,1.008,12.0,18.3,-2.0,78.3,18.1,1823,19.35,16.2,12.960,19,81.6,16.3
1026.0,86,511.9,20.4,0.1,92.2,100,84,68.4,4,-0.6,21.5,1.003,13.2,17.5,-1.6,78.6,19.1,1933,22.28,20.3,12.960,19,57.0,13.8
1029.0,86,517.3,12.8,0.0,92.2,101,88,49.4,4,-5.2,14.3,0.992,12.4,11.2,0.7,62.7,15.0,1698,17.68,14.5,12.960,19,89.4,16.1
1032.0,86,514.3,6.2,0.0,92.2,101,89,22.4,4,-10.2,3.9,0.964,0.5,0.1,0.0,11.8,0.0,1662,3.03,3.1,12.896,19,30.1,8.1
1035.0,86,508.0,5.8,5.9,92.2,101,86,11.4,4,-10.2,3.9,0.884,22.0,3.1,-0.0,12.1,0.8,1612,3.06,3.6,12.880,19,24.1,6.7
1038.0,86,508.0,14.9,34.2,92.2,100,84,58.8,4,-4.5,13.3,0.970,18.8,10.8,-0.4,42.4,8.7,1678,9.03,9.2,12.902,19,62.8,12.8
1041.0,86,515.9,13.3,7.9,92.2,100,85,35.8,4,-2.3,11.8,1.002,24.0,15.2,-0.5,70.1,17.3,1758,18.21,16.7,12.960,19,91.8,20.4
1044.0,86,518.7,8.2,0.0,92.2,100,85,43.0,4,-2.3,12.9,0.994,28.3,14.0,0.3,63.8,17.1,1643,16.86,15.7,12.960,19,93.3,21.1
1047.0,86,523.4,10.0,6.5,92.2,101,84,76.2,4,-2.3,26.7,0.998,6.5,22.4,1.6,86.3,22.4,1850,22.13,12.5,12.906,19,82.8,14.7
1050.0,86,528.5,16.4,20.4,92.2,100,82,76.9,4,-2.3,26.3,1.000,10.3,7.9,6.9,48.2,12.1,1650,12.79,8.2,12.880,19,61.8,9.3
1053.0,86,532.0,5.9,0.0,92.2,101,77,60.1,4,-2.3,22.9,0.989,8.4,8.8,5.7,43.9,9.6,1521,7.80,8.1,12.894,19,30.6,9.3
1056.0,86,537.2,21.8,4.2,92.2,101,73,62.2,4,-0.9,22.9,0.989,5.3,21.9,-2.2,88.3,22.4,1650,19.85,27.1,12.960,19,90.9,30.2
1059.0,86,545.3,31.1,4.3,92.2,101,72,77.8,4,1.6,28.3,1.010,9.9,21.2,-1.6,85.1,22.0,2000,23.96,24.6,12.901,19,78.2,22.3
1062.0,86,556.1,31.5,0.0,92.2,101,72,78.4,4,1.6,31.8,1.011,8.0,25.1,-2.1,87.1,24.7,2049,25.26,26.8,12.923,19,78.8,24.2
1065.0,87,569.0,34.5,0.0,92.2,101,72,77.6,4,1.6,33.7,1.004,9.3,26.3,-1.9,87.8,26.7,2176,27.05,29.6,12.960,19,88.1,33.7
1068.0,87,583.9,35.3,4.3,92.2,100,76,77.2,3,1.6,34.5,1.000,10.2,27.1,-1.6,87.7,27.1,2291,28.16,30.0,12.953,19,87.8,35.3
1071.0,87,591.0,31.2,12.8,92.2,100,80,73.2,3,1.6,32.4,1.001,10.3,26.1,-1.6,87.1,25.7,2289,27.40,25.9,12.880,18,88.5,30.2
1074.0,87,597.4,23.1,14.5,92.2,100,82,57.0,3,0.7,25.4,1.000,9.5,20.4,-1.6,82.7,16.5,1937,15.71,12.9,12.932,18,92.4,20.5
1077.0,87,598.6,13.6,4.9,92.2,100,84,12.5,3,-10.2,3.9,0.001,-6.1,6.8,-0.6,39.0,7.7,1718,7.41,6.0,12.960,18,76.8,12.9
1080.0,87,587.9,12.9,83.2,92.2,100,84,37.8,3,-5.6,8.8,0.493,1.9,6.1,-1.2,32.2,6.0,1569,6.34,6.1,12.949,19,41.8,11.2
1083.0,87,588.0,15.2,33.1,92.2,100,85,54.9,3,-2.3,14.9,1.007,20.2,14.5,-1.8,66.9,14.3,1614,14.69,12.5,12.880,19,94.0,16.1
1086.0,87,586.3,15.4,0.0,92.2,100,86,60.8,3,-2.3,18.6,0.995,17.0,12.5,6.2,59.6,8.2,1650,6.54,4.2,12.934,19,41.8,12.4
1089.0,87,584.6,12.6,0.0,92.2,100,88,58.8,3,-2.3,17.3,1.003,17.0,15.7,2.8,68.5,13.7,1726,12.76,8.5,12.985,19,28.8,12.0
1092.0,87,587.9,4.3,0.1,92.2,101,91,32.6,3,-6.8,13.1,0.997,22.5,15.3,-0.6,66.0,16.1,1780,17.08,16.0,13.011,19,87.2,18.2
1095.0,87,585.7,10.1,0.0,92.2,100,93,30.5,3,-8.1,11.0,0.990,28.7,12.2,-2.4,49.4,12.6,1762,13.61,9.4,12.960,19,94.8,12.9
1098.0,87,582.9,12.7,0.0,92.2,99,96,55.9,3,-2.3,16.5,0.988,20.0,11.8,5.5,27.1,0.4,1788,7.11,5.7,12.960,19,54.3,10.9
1101.0,87,580.0,4.3,0.0,92.2,100,96,10.2,3,-7.8,8.0,1.073,27.7,7.5,5.5,19.9,2.2,1789,3.74,2.4,12.982,19,6.4,7.6
1104.0,87,570.5,4.0,0.0,92.2,101,95,9.8,3,-10.2,3.9,0.654,16.3,2.9,3.8,12.4,3.2,1762,3.80,0.8,13.033,19,0.8,3.9
1107.0,87,558.9,3.7,0.0,92.3,101,93,9.4,3,-10.2,3.9,0.000,-13.0,0.0,0.0,11.0,0.0,1712,3.05,0.8,12.960,19,0.0,3.9
1110.0,87,548.2,4.8,1.7,92.5,101,90,10.5,3,-10.2,3.9,0.000,-13.0,0.0,-0.0,11.4,0.0,1650,3.02,0.8,12.960,19,0.0,5.1
1113.0,86,540.0,8.8,6.9,92.5,101,88,38.4,3,-4.1,9.8,0.730,12.1,8.3,-0.5,36.5,6.9,1705,7.95,2.1,12.960,19,25.7,8.8
1116.0,86,539.9,23.9,0.0,92.5,100,89,60.3,3,-0.1,18.1,1.003,18.5,14.8,-1.4,50.6,9.8,1751,13.46,5.9,12.960,19,90.0,17.2
1119.0,86,540.0,20.5,39.2,92.3,101,92,66.8,3,0.2,17.9,0.993,12.3,14.6,-1.9,39.2,4.4,1727,11.67,13.7,12.960,19,11.4,5.1
1122.0,86,540.0,13.9,54.3,92.3,101,94,52.3,3,-3.2,5.7,0.984,14.9,4.7,-0.0,20.0,8.2,1750,7.12,4.0,12.851,19,5.3,4.4
1125.0,86,539.2,5.5,27.0,92.5,101,92,16.5,3,-10.2,3.9,0.884,0.0,1.6,0.0,17.0,3.6,1717,5.07,0.3,12.832,19,0.6,3.8
1128.0,86,523.9,3.5,7.3,92.5,101,90,12.8,3,-10.2,3.9,0.488,-5.1,0.0,0.0,13.9,0.0,1671,2.94,0.8,12.887,19,0.0,3.5
1131.0,86,519.5,3.5,0.0,92.5,101,87,10.2,3,-10.2,3.9,0.000,-13.0,0.0,0.0,11.8,0.0,1624,2.92,0.8,12.960,19,0.0,3.5
1134.0,86,510.5,3.5,0.0,92.5,101,86,10.2,3,-10.2,3.9,0.000,-13.0,0.0,-0.0,11.8,0.0,1587,2.91,0.8,12.999,19,0.0,3.5
1137.0,86,498.5,3.5,0.0,92.5,101,84,10.2,3,-10.2,3.9,0.001,-13.0,0.0,0.0,12.1,0.0,1573,2.93,0.8,12.995,19,0.0,3.5
1140.0,86,488.0,3.5,0.0,92.5,101,83,10.2,3,-10.2,3.9,0.000,-13.0,0.0,0.0,12.2,0.0,1558,2.95,0.8,12.960,19,0.0,3.5
1143.0,86,478.9,3.5,0.0,92.5,101,80,10.6,3,-10.2,3.9,0.000,-13.0,0.0,0.0,12.4,0.0,1532,2.94,0.8,12.955,19,0.0,3.5
1146.0,86,469.6,3.5,0.0,92.5,101,77,11.2,3,-10.2,4.0,0.149,-7.5,0.6,0.6,13.6,0.0,1425,2.97,0.8,12.800,19,0.0,3.5
1149.0,86,464.0,6.1,0.6,92.5,101,76,17.1,3,-9.9,4.4,0.884,36.0,7.1,10.2,21.6,7.8,1406,5.22,4.7,12.896,19,0.2,8.0
1152.0,86,465.0,12.2,2.4,92.5,101,78,59.6,3,-2.3,15.3,0.979,22.8,12.6,3.1,52.2,12.2,1567,11.17,9.3,12.960,19,28.8,13.0
1155.0,85,472.0,3.9,0.0,92.3,100,81,28.9,3,-6.8,9.1,1.065,25.1,10.1,-0.2,49.7,10.0,1640,12.06,9.4,12.928,19,87.0,12.7
1158.0,85,469.4,3.6,0.0,92.2,101,80,11.8,3,-10.2,3.9,0.810,24.7,2.5,0.7,13.3,0.0,1504,3.04,0.8,12.800,19,0.0,3.5
1161.0,85,462.2,3.5,0.0,92.2,101,75,11.6,3,-10.2,3.9,0.000,-12.5,0.0,0.0,13.7,0.0,1387,2.91,0.8,12.922,19,0.0,3.5
1164.0,85,452.5,3.5,0.0,92.2,101,66,13.3,3,-10.2,3.9,0.000,-12.0,0.0,-0.0,16.1,0.0,1309,2.95,0.8,12.960,19,0.0,3.5
1167.0,85,443.7,3.5,0.0,92.2,101,64,14.1,3,-10.2,3.9,0.632,0.9,1.8,0.0,16.3,1.7,1234,3.09,1.0,12.902,19,4.5,3.7
1170.0,85,440.0,4.3,87.5,92.2,101,64,17.9,3,-10.2,3.7,0.948,6.4,2.0,0.0,16.2,2.6,1222,3.17,1.1,12.821,19,18.1,4.3
1173.0,85,435.2,3.8,52.2,92.2,101,62,17.6,3,-10.2,3.6,0.753,-0.3,0.0,0.0,15.3,0.0,1337,2.96,0.8,12.960,19,0.0,3.7
1176.0,85,427.5,3.5,0.0,92.2,101,59,12.6,3,-10.2,3.9,0.000,-12.5,0.0,-0.0,15.3,0.0,1308,2.95,0.8,12.960,19,0.0,3.5
1179.0,85,418.7,3.5,0.0,92.2,101,54,13.3,3,-10.2,3.9,0.001,-12.1,0.0,0.0,16.1,0.0,1264,2.96,0.8,12.960,19,0.0,3.5
1182.0,85,412.0,3.5,0.8,92.4,101,37,13.9,3,-10.2,3.9,0.000,-11.7,0.0,0.0,16.7,0.0,1219,2.95,0.8,12.960,19,0.0,3.5
1185.0,85,403.0,3.5,0.2,92.5,101,20,16.2,3,-9.8,3.5,0.378,-6.8,0.0,0.5,18.8,0.0,1086,2.81,0.8,12.950,19,0.0,3.5
1188.0,85,395.4,3.3,28.5,92.5,101,7,19.7,3,-9.6,3.1,0.914,1.7,0.0,1.1,24.7,0.0,684,2.24,0.8,12.720,19,0.0,3.2
1191.0,85,388.8,3.1,56.0,92.5,101,0,22.8,3,-10.2,3.3,1.013,0.0,0.0,-3.1,29.0,0.0,588,2.26,0.8,12.926,20,0.0,3.1
1194.0,85,383.3,4.0,56.0,92.5,101,0,23.5,3,-10.2,5.9,1.004,18.0,7.4,-2.2,37.8,6.5,1055,5.98,3.4,12.943,20,0.0,5.4
1197.0,85,380.0,10.6,56.0,92.3,101,11,22.0,3,-5.6,6.1,0.995,32.3,9.7,0.2,38.5,9.9,1446,8.73,6.1,12.834,20,0.0,10.5
1200.0,85,380.0,11.7,65.4,92.4,101,20,35.6,3,-2.3,8.8,0.992,34.2,8.7,2.3,34.7,7.7,1454,6.43,3.1,13.040,20,0.0,6.3
1203.0,85,385.3,15.3,85.2,92.4,101,27,58.4,3,-1.8,14.7,1.007,13.5,15.7,-1.6,72.5,15.7,1637,16.46,11.9,12.981,19,0.0,13.3
1206.0,85,396.9,19.5,91.7,92.2,101,36,69.8,3,1.6,22.4,1.013,12.7,17.5,-3.2,76.5,16.9,1816,18.98,15.2,12.960,19,34.4,18.7
1209.0,85,416.0,18.8,2.5,92.2,100,48,67.0,3,-0.9,20.4,1.000,14.1,17.7,-1.1,77.1,17.5,1884,20.02,15.8,12.923,19,93.0,19.2
1212.0,86,433.5,16.2,34.3,92.2,100,52,48.7,3,-2.3,15.8,0.994,18.9,15.9,1.7,71.0,16.5,1778,18.37,16.1,12.800,19,93.2,19.2
1215.0,86,445.2,11.6,45.1,92.2,100,58,23.4,3,-2.3,7.5,1.003,33.5,9.0,-1.6,40.0,9.0,1313,7.88,8.9,12.800,19,94.5,11.0
1218.0,86,448.0,3.5,0.0,92.2,101,58,14.9,3,-10.2,5.2,1.081,34.7,9.2,3.0,41.0,9.2,1246,7.93,4.8,12.846,19,91.1,3.8
1221.0,87,448.0,7.3,47.8,92.2,100,59,31.5,3,-6.3,6.9,1.072,31.0,6.5,5.0,39.5,7.3,1185,7.18,5.4,12.960,19,73.3,8.6
1224.0,87,446.0,6.2,39.4,92.3,100,59,36.8,3,-4.1,8.6,0.834,19.3,0.0,0.0,32.2,0.0,1275,3.21,0.8,12.960,19,24.3,5.3
1227.0,87,441.4,3.9,0.0,92.5,101,58,14.3,3,-10.2,3.9,0.000,-11.5,0.0,-0.0,20.7,0.0,1223,3.04,0.8,12.960,19,0.0,3.5
1230.0,87,432.0,5.9,0.0,92.5,101,50,47.8,3,-4.6,4.4,0.576,-6.9,0.0,0.0,17.2,0.0,1211,2.96,0.8,12.960,19,0.0,3.5
1233.0,87,429.0,4.2,0.0,92.5,101,48,30.7,3,-5.9,4.4,0.537,-6.2,0.0,0.0,17.4,0.9,1225,3.12,1.0,12.960,19,0.0,3.5
1236.0,87,424.0,4.6,11.4,92.4,101,46,15.1,3,-10.2,4.0,0.129,-8.7,0.2,-0.0,16.9,4.3,1225,4.05,5.1,12.960,19,0.3,7.9
1239.0,87,421.0,6.2,26.2,92.2,101,46,18.8,3,-10.2,4.7,0.996,38.5,5.5,4.7,23.1,5.7,1175,4.96,4.2,12.960,19,24.4,8.6
1242.0,87,424.4,7.5,26.2,92.2,100,46,44.7,3,-4.4,8.5,1.007,27.7,9.0,0.2,42.5,8.8,1257,7.86,5.2,12.960,19,62.6,7.3
1245.0,87,436.0,10.6,17.5,92.4,100,49,31.1,3,-6.1,7.5,1.001,21.2,7.4,-1.7,46.0,8.4,1352,9.88,8.3,12.960,19,95.7,12.2
1248.0,87,433.9,7.1,7.5,92.5,100,51,18.0,3,-10.2,4.3,0.988,23.2,0.3,4.8,16.5,0.0,1225,2.90,0.8,12.960,20,25.2,6.3
1251.0,87,429.7,3.6,0.0,92.5,101,49,14.0,3,-10.2,4.3,0.999,36.5,3.5,7.8,19.4,2.4,1130,3.03,0.8,12.960,20,3.9,3.7
1254.0,87,423.4,3.9,0.0,92.5,101,46,13.3,3,-10.2,4.0,0.270,3.7,1.2,2.9,17.7,1.3,1179,3.01,0.8,12.960,20,5.3,3.5
1257.0,87,416.0,3.5,0.0,92.5,101,42,16.3,3,-10.2,4.3,0.440,9.7,2.1,5.2,19.7,1.8,1223,3.34,1.1,12.960,20,4.2,3.7
1260.0,86,413.6,5.8,45.6,92.4,101,41,25.8,3,-7.9,5.1,0.916,36.8,4.3,12.8,26.5,5.8,1150,4.74,2.4,12.960,20,55.7,7.1
1263.0,86,412.0,7.6,101.0,92.2,100,42,39.7,3,-2.3,6.3,1.013,31.5,0.0,1.6,23.9,0.0,1197,3.51,1.0,12.908,20,26.1,6.3
1266.0,86,412.6,7.4,128.0,92.2,101,42,46.3,3,-2.3,10.3,1.013,21.4,8.5,-1.7,48.9,7.4,1309,4.60,0.8,12.916,20,0.0,5.3
1269.0,86,416.0,5.1,0.0,92.2,101,43,34.1,3,-2.3,8.7,1.003,24.6,10.7,-2.1,54.5,10.9,1338,6.62,2.4,12.960,20,9.6,4.9
1272.0,86,418.7,7.3,6.1,92.2,100,46,33.5,3,-2.3,7.7,0.996,29.5,9.5,-0.6,45.5,9.5,1278,8.18,5.5,12.960,20,96.5,8.6
1275.0,86,423.2,6.8,7.2,92.2,99,48,36.0,3,-3.1,8.7,0.996,24.0,10.2,0.8,51.8,10.6,1325,9.24,6.0,12.960,20,95.6,6.0
1278.0,86,427.1,3.6,3.0,92.2,101,50,14.1,3,-10.2,3.9,0.001,-0.8,5.1,0.3,30.9,6.3,1271,6.19,4.2,12.960,20,68.7,4.0
1281.0,86,420.0,4.7,83.2,92.2,101,49,18.8,3,-10.2,4.4,0.454,-2.2,1.4,6.0,17.4,2.1,1225,3.00,1.1,12.960,20,8.3,4.3
1284.0,86,414.8,4.0,36.5,92.2,101,44,18.2,3,-10.2,4.5,0.661,5.8,0.0,13.4,18.2,0.0,1223,2.99,0.8,12.960,20,0.0,3.5
1287.0,86,408.8,3.5,0.0,92.3,102,36,14.2,3,-10.2,3.9,0.000,-12.0,0.0,-0.0,16.5,0.0,1187,2.98,0.8,12.960,20,0.0,3.5
1290.0,86,402.8,3.5,0.0,92.5,102,22,14.9,3,-10.2,3.9,0.001,-12.7,0.0,0.0,18.5,0.0,1064,2.94,0.6,12.856,20,0.0,3.4
1293.0,86,396.0,3.1,0.0,92.5,102,11,19.2,3,-10.2,3.4,0.484,-5.9,0.0,0.3,23.6,0.0,843,2.68,0.5,12.735,20,0.0,3.1
1296.0,86,388.0,3.1,0.0,92.5,102,3,21.9,3,-10.2,3.1,0.927,2.6,0.0,0.2,29.7,0.0,586,2.18,0.8,12.800,20,0.0,3.1
1299.0,86,380.4,2.9,0.0,92.5,102,0,22.5,3,-10.2,3.0,1.011,4.5,0.0,-2.3,29.4,0.0,575,2.13,0.8,12.861,20,2.7,2.9
1302.0,86,374.3,2.8,0.3,92.5,101,0,22.0,3,-10.2,2.7,1.002,2.5,0.0,3.1,29.1,0.0,583,2.18,0.8,12.880,20,3.6,2.7
1305.0,86,368.0,3.1,2.5,92.5,102,0,22.0,3,-10.2,3.0,1.001,3.1,0.0,2.7,29.6,0.0,673,2.50,0.7,12.925,20,2.3,2.8
1308.0,86,362.7,3.3,1.0,92.5,102,0,22.0,3,-10.2,3.4,0.999,8.8,2.3,2.6,29.7,1.5,854,3.38,0.5,13.040,20,0.0,3.5
1311.0,86,358.2,5.7,47.4,92.5,101,3,24.6,3,-8.9,4.3,0.995,22.7,8.6,8.6,27.8,9.0,1275,7.00,4.7,12.916,20,9.6,7.1
1314.0,86,356.0,9.4,111.7,92.5,100,13,34.3,3,-2.3,6.7,0.986,38.5,9.4,5.0,35.4,9.9,1309,8.26,5.4,12.903,20,37.0,9.5
1317.0,86,356.0,11.0,43.0,92.2,100,24,54.1,3,-2.3,10.4,0.994,25.6,12.0,1.4,53.5,12.5,1359,10.79,7.3,12.886,20,70.4,10.4
1320.0,86,362.2,5.7,11.9,92.2,101,30,33.0,3,-6.3,10.6,0.991,18.3,13.2,-2.0,65.7,14.1,1379,13.09,10.0,12.810,20,94.1,11.4
1323.0,86,368.4,8.6,0.0,92.3,101,36,32.0,3,-8.0,8.1,0.985,24.0,10.9,-4.3,56.4,11.7,1300,10.83,8.2,12.960,20,95.3,12.0
1326.0,86,374.7,12.4,25.6,92.4,100,41,55.8,3,-2.3,6.3,1.008,39.5,7.5,-0.0,31.0,7.5,1275,6.97,5.3,12.960,20,42.1,10.7
1329.0,86,381.1,11.1,93.4,92.2,101,44,51.0,3,-2.3,6.7,0.998,38.0,7.5,4.3,32.0,8.9,1267,7.47,5.9,12.960,20,21.3,10.3
1332.0,86,388.0,8.2,85.2,92.2,100,47,40.7,3,-2.3,5.9,0.991,30.2,3.7,5.5,27.7,6.6,1232,6.74,6.7,12.960,20,52.5,11.5
1335.0,86,390.8,6.6,29.4,92.2,101,47,32.4,3,-5.7,5.8,0.985,27.9,1.8,6.7,24.5,2.6,1185,3.04,1.9,12.960,20,0.0,5.9
1338.0,86,392.0,5.5,0.0,92.2,102,46,26.4,3,-10.2,6.2,0.979,36.6,6.3,12.5,32.5,3.5,1175,3.47,0.8,12.960,20,0.0,5.1
1341.0,86,393.2,5.7,0.0,92.2,102,46,22.7,3,-10.2,5.5,0.979,38.0,5.5,12.5,28.6,5.9,1166,4.71,2.2,12.960,20,0.0,5.6
1344.0,86,396.4,7.3,0.0,92.2,102,48,32.9,3,-10.2,7.2,0.979,34.6,7.8,11.2,33.8,8.3,1217,6.57,3.7,12.960,20,0.3,6.0
1347.0,86,400.0,3.9,0.0,92.2,102,48,21.1,3,-10.2,5.7,0.498,14.2,5.9,6.8,32.2,7.1,1265,6.95,4.0,12.949,20,1.2,3.9
1350.0,86,392.4,3.7,0.0,92.2,102,46,14.1,3,-10.2,3.9,0.000,-12.0,0.0,0.0,16.5,0.0,1236,2.90,0.8,12.880,20,0.0,3.5
1353.0,86,385.2,3.6,0.0,92.2,102,39,14.4,3,-10.2,3.9,0.000,-12.0,0.0,-0.0,16.5,0.0,1225,2.95,0.8,12.934,20,0.0,3.5
1356.0,86,379.4,3.9,0.0,92.2,102,22,16.5,3,-10.2,4.3,0.001,-10.7,0.0,0.0,17.6,0.0,1156,2.88,0.6,12.960,20,0.0,3.8
1359.0,86,368.0,5.1,0.0,92.2,101,18,21.1,3,-10.2,4.5,0.403,8.6,1.8,6.3,20.7,0.0,1093,2.86,0.4,12.942,21,0.2,4.7
1362.0,86,365.8,4.3,0.0,92.3,101,15,21.6,3,-10.2,4.4,0.907,36.5,4.9,17.5,25.9,0.1,1110,3.04,0.4,12.800,21,5.9,3.5
1365.0,86,361.9,3.3,1.4,92.5,101,12,15.7,3,-10.2,3.5,0.998,26.5,3.1,3.1,26.3,1.6,838,2.87,0.4,12.890,21,6.1,3.7
1368.0,86,356.0,2.7,7.8,92.5,101,0,21.3,3,-30.1,2.5,0.998,21.6,2.3,2.3,43.7,1.2,718,2.41,0.4,12.922,21,6.0,4.0
1371.0,86,350.8,3.6,7.8,92.5,101,0,21.2,3,-66.3,0.4,0.999,8.5,0.0,-0.0,99.9,0.0,266,0.80,0.4,12.641,21,0.0,6.3
1374.0,86,336.3,6.3,8.0,92.5,101,0,21.4,3,-66.4,0.4,0.999,8.5,0.0,-0.0,100.0,0.0,263,0.76,0.4,12.640,21,0.0,6.3
1377.0,86,336.1,6.3,7.9,92.5,101,0,21.3,3,-66.2,0.5,0.999,8.5,0.0,0.0,100.0,0.0,262,0.75,0.4,12.640,21,0.0,6.3
1380.0,86,336.0,6.3,7.8,92.5,101,0,21.2,3,-66.4,0.4,0.999,8.5,0.0,-0.0,99.9,0.0,267,0.81,0.4,12.641,21,0.0,6.3
1383.0,86,337.6,6.4,8.2,92.5,101,0,21.2,3,-66.4,0.4,0.999,8.5,0.0,0.0,100.0,0.0,263,0.77,0.4,12.641,21,0.0,6.3
1386.0,86,337.4,6.3,8.1,92.5,101,2,21.5,3,-65.9,0.6,0.999,8.6,100.0,0.0,262,0.75,0.4,12.640,21,0.0,6.3
1389.0,86,337.3,6.3,8.0,92.5,101,1,21.4,3,-66.0,0.5,0.999,8.5,99.7,0.2,279,0.95,12.640,21,0.0,6.3
1392.0,86,337.1,6.3,7.8,92.5,101,1,21.3,3,-66.1,0.5,0.999,8.5,99.8,0.1,275,0.91,12.643,21,0.0,6.3
1395.0,86,336.9,6.3,7.8,92.5,101,1,21.3,3,-66.3,0.4,0.999,8.5,99.8,0.1,272,0.87,12.643,21,0.0,6.3
1398.0,86,336.7,6.4,92.5,101,1,21.2,3,-66.4,0.4,0.999,8.5,99.9,0.1,268,0.83,12.642,21,0.0,6.3
1401.0,86,336.5,6.4,92.5,101,1,0.999,8.5,100.0,0.0,265,0.79,12.641,21,0.0,6.3
1404.0,86,336.3,6.3,92.5,101,1,100.0,0.0,262,0.75,12.641,21,0.0,6.3
1407.0,86,336.1,6.3,92.5,101,0,12.640,21,0.0,6.3
1410.0,86,336.0,6.3,92.5,101,0,21,0.0,6.3
