BlueDriver Data Log
Jul 10, 2018 9:22:58 AM
Time (s),Calculated Engine Load Value (%),Vehicle Speed (MPH),Engine RPM (rpm),Absolute Throttle Position (%)
0.0,,,,
0.8,,0,825,4.7
1.6,38.4,0,825,4.7
2.4,38.7,0,825,4.7
3.2,38.8,0,825,4.7
4.0,38.3,0,828,4.7
4.8,42.1,0,842,4.7
5.6,46.1,0,861,5.5
6.4,45.5,0,835,5.5
7.2,45.8,0,833,5.7
8.0,49.0,0,831,5.8
8.8,49.0,0,837,5.5
9.6,48.1,0,873,5.9
10.4,48.1,0,825,5.9
11.2,50.4,0,892,6.8
12.0,41.6,1,1025,7.3
12.8,40.5,1,979,6.0
13.6,43.7,1,863,5.6
14.4,43.6,1,946,6.1
15.2,46.6,2,1124,7.2
16.0,47.1,2,1250,7.7
16.8,35.3,3,1355,7.2
17.6,31.3,4,1406,6.7
18.4,31.5,5,1371,6.5
19.2,31.3,5,1296,5.9
20.0,30.8,5,1268,5.5
20.8,42.4,5,1512,11.9
21.6,57.9,6,1996,13.4
22.4,59.5,9,1817,13.7
23.2,67.1,12,1522,14.0
24.0,71.5,14,1444,14.1
24.8,69.2,16,1331,12.2
25.6,63.0,18,1198,10.2
26.4,56.4,19,1110,8.7
27.2,55.3,19,1095,8.2
28.0,56.8,19,1100,8.5
28.8,57.2,19,1124,8.8
29.6,53.9,20,1146,8.1
30.4,41.2,20,1235,7.1
31.2,35.7,20,1336,7.1
32.0,36.2,20,1250,7.1
32.8,35.9,20,1250,6.4
33.6,32.2,20,1260,5.9
34.4,31.8,20,1248,5.9
35.2,31.8,20,1283,5.7
36.0,27.3,20,1342,5.8
36.8,31.0,20,1381,6.5
37.6,33.1,20,1381,7.0
38.4,30.7,20,1412,6.5
39.2,29.3,20,1362,6.3
40.0,30.8,20,1264,6.3
40.8,31.6,20,1275,5.9
41.6,31.4,20,1277,5.9
42.4,33.0,19,1298,6.7
43.2,37.3,18,1288,7.1
44.0,37.3,17,1237,7.1
44.8,38.1,15,1235,7.1
45.6,40.7,12,1182,6.6
46.4,43.0,10,985,6.8
47.2,59.6,6,904,6.9
48.0,57.4,4,842,6.7
48.8,55.1,3,803,6.5
49.6,52.8,3,1025,7.1
50.4,47.8,4,1403,9.6
51.2,58.6,6,1827,14.9
52.0,66.8,8,2138,16.6
52.8,66.8,10,2199,17.2
53.6,69.1,13,2067,17.3
54.4,74.1,14,1717,17.5
55.2,80.4,17,1621,18.1
56.0,81.8,19,1611,18.4
56.8,80.8,21,1595,18.2
57.6,80.6,22,1587,18.1
58.4,80.5,23,1593,18.4
59.2,80.4,24,1573,17.4
60.0,73.5,25,1533,14.8
60.8,70.2,26,1530,14.1
61.6,70.4,26,1542,14.1
62.4,68.9,27,1448,12.5
63.2,63.1,27,1422,11.6
64.0,60.5,29,1389,10.4
64.8,54.1,28,1330,9.8
65.6,54.9,29,1288,9.7
66.4,55.6,30,1281,9.2
67.2,53.3,30,1250,8.6
68.0,49.5,30,1196,8.5
68.8,43.1,30,1269,7.5
69.6,33.0,30,1437,6.3
70.4,25.7,29,1386,5.5
71.2,24.2,27,1315,5.2
72.0,23.1,25,1295,4.7
72.8,23.1,24,1261,4.7
73.6,23.3,22,1227,4.7
74.4,24.1,20,1222,4.7
75.2,24.7,18,1202,4.7
76.0,25.1,17,1212,4.7
76.8,24.9,14,1195,4.7
77.6,25.1,13,1172,4.7
78.4,25.7,11,1150,4.7
79.2,27.0,10,1139,4.7
80.0,32.2,8,1126,5.5
80.8,38.7,6,994,5.6
81.6,42.3,4,912,5.5
82.4,45.9,2,869,5.7
83.2,50.2,0,854,5.9
84.0,48.1,0,850,5.7
84.8,47.1,0,842,5.5
85.6,45.9,0,843,5.5
86.4,45.2,0,850,5.5
87.2,44.1,0,850,5.0
88.0,35.7,0,843,4.3
88.8,34.6,0,832,4.3
89.6,34.1,0,825,4.3
90.4,34.1,0,825,4.3
91.2,34.1,0,825,4.3
92.0,33.8,0,814,4.2
92.8,33.1,0,795,3.9
93.6,32.9,0,787,3.9
94.4,33.2,0,791,4.2
95.2,43.2,1,1014,7.2
96.0,50.6,3,1530,10.6
96.8,50.7,6,1806,11.7
97.6,54.6,8,1822,12.2
98.4,64.5,10,1462,12.9
99.2,71.8,11,1414,13.8
100.0,73.1,14,1422,14.6
100.8,77.3,15,1432,15.6
101.6,78.9,16,1462,16.5
102.4,80.0,17,1502,16.7
103.2,82.0,19,1539,17.4
104.0,82.1,21,1573,18.3
104.8,80.5,21,1587,17.9
105.6,79.4,23,1572,16.9
106.4,76.7,24,1482,15.5
107.2,77.1,25,1406,15.0
108.0,77.9,25,1457,15.3
108.8,75.0,26,1444,14.8
109.6,72.5,26,1346,12.9
110.4,72.2,27,1325,12.8
111.2,68.9,28,1318,12.1
112.0,60.1,29,1281,9.0
112.8,52.3,29,1185,8.4
113.6,50.6,29,1131,6.7
114.4,49.6,29,1164,7.1
115.2,49.2,29,1175,7.0
116.0,45.5,29,1176,6.3
116.8,37.6,29,1199,5.6
117.6,27.2,29,1220,5.1
118.4,25.8,28,1295,5.1
119.2,27.1,27,1279,5.7
120.0,30.7,27,1296,6.2
120.8,31.1,26,1310,6.3
121.6,31.4,24,1305,6.1
122.4,30.6,22,1292,5.7
123.2,27.1,20,1287,5.5
124.0,27.4,19,1300,5.5
124.8,34.0,19,1431,7.0
125.6,63.2,19,1775,13.2
126.4,68.7,20,2049,16.5
127.2,67.0,22,1867,16.3
128.0,69.4,23,1582,14.1
128.8,65.5,25,1422,13.6
129.6,63.3,27,1308,11.0
130.4,62.3,27,1283,10.6
131.2,60.1,28,1279,10.5
132.0,58.2,29,1285,10.2
132.8,52.3,30,1251,8.6
133.6,40.2,31,1178,7.0
134.4,31.6,31,1150,4.7
135.2,29.4,31,1175,4.4
136.0,30.1,31,1196,5.6
136.8,36.3,31,1087,6.2
137.6,40.9,31,1099,6.6
138.4,44.6,31,1159,7.7
139.2,48.0,31,1201,8.2
140.0,47.3,31,1212,8.2
140.8,46.7,31,1212,8.2
141.6,50.8,31,1212,7.9
142.4,57.4,32,1249,10.1
143.2,58.2,32,1279,10.2
144.0,55.9,32,1300,9.9
144.8,54.5,34,1300,9.5
145.6,54.0,34,1300,9.4
146.4,53.7,35,1290,8.9
147.2,53.7,35,1287,8.3
148.0,50.3,35,1262,7.5
148.8,43.6,36,1203,6.4
149.6,42.0,36,1155,5.9
150.4,42.9,36,1137,5.9
151.2,44.6,36,1137,6.2
152.0,47.0,36,1168,6.8
152.8,47.7,36,1204,7.1
153.6,45.4,36,1223,6.9
154.4,44.1,36,1224,6.4
155.2,46.6,36,1197,7.1
156.0,49.9,36,1185,7.2
156.8,52.2,36,1175,7.8
157.6,53.5,36,1200,7.8
158.4,52.0,36,1200,7.6
159.2,39.7,36,1200,5.5
160.0,33.3,36,1202,5.9
160.8,31.4,35,1209,5.8
161.6,28.4,34,1200,5.1
162.4,26.8,33,1202,5.1
163.2,25.8,32,1212,5.0
164.0,24.9,32,1212,4.7
164.8,24.4,31,1217,4.7
165.6,23.7,30,1221,4.7
166.4,22.6,30,1218,4.3
167.2,22.1,28,1225,4.3
168.0,21.8,26,1225,4.3
168.8,21.6,24,1224,4.3
169.6,21.8,23,1209,4.3
170.4,22.1,21,1187,4.3
171.2,22.5,20,1174,4.3
172.0,23.0,18,1150,4.3
172.8,23.6,17,1126,4.3
173.6,24.0,16,1103,4.3
174.4,27.2,15,1064,5.6
175.2,38.3,14,1449,9.9
176.0,62.3,14,1758,13.4
176.8,61.5,15,1767,14.5
177.6,75.2,16,1576,14.7
178.4,76.1,18,1437,15.3
179.2,76.8,19,1437,15.3
180.0,77.5,20,1440,15.3
180.8,77.2,21,1450,14.9
181.6,75.4,23,1450,14.6
182.4,72.5,24,1415,13.3
183.2,67.5,25,1306,11.4
184.0,64.2,26,1239,10.0
184.8,63.8,26,1248,9.8
185.6,63.9,27,1259,10.0
186.4,65.8,27,1283,10.7
187.2,67.3,29,1318,11.0
188.0,65.5,29,1325,11.0
188.8,65.9,30,1332,11.0
189.6,65.3,30,1337,11.0
190.4,63.1,31,1330,10.8
191.2,64.5,31,1318,10.6
192.0,63.6,31,1305,10.4
192.8,58.8,32,1281,9.8
193.6,56.6,32,1252,8.9
194.4,51.1,32,1215,8.0
195.2,48.3,32,1134,6.3
196.0,49.9,32,1066,6.3
196.8,50.6,32,1102,6.5
197.6,52.4,32,1139,7.0
198.4,52.3,32,1178,7.6
199.2,52.2,32,1206,7.6
200.0,41.1,32,1187,6.4
200.8,36.8,32,1207,5.3
201.6,28.7,32,1292,4.7
202.4,23.3,32,1393,5.1
203.2,22.6,31,1312,4.7
204.0,21.9,31,1300,4.4
204.8,20.8,30,1236,4.3
205.6,20.8,29,1225,4.3
206.4,20.8,27,1235,4.3
207.2,20.8,26,1249,4.3
208.0,20.8,25,1260,4.3
208.8,20.8,25,1242,4.3
209.6,20.8,24,1247,4.3
210.4,20.9,22,1241,4.3
211.2,21.2,21,1245,4.3
212.0,21.5,20,1217,4.3
212.8,20.4,20,1311,5.2
213.6,44.7,19,1554,7.6
214.4,27.8,19,1604,8.5
215.2,22.6,20,1335,4.6
216.0,31.9,19,1320,6.4
216.8,43.8,19,1550,9.0
217.6,47.6,20,1610,9.1
218.4,38.6,20,1559,5.1
219.2,30.3,20,1331,5.9
220.0,30.8,20,1304,5.6
220.8,32.9,19,1341,6.1
221.6,41.1,19,1406,7.1
222.4,47.3,19,1638,9.5
223.2,52.0,20,1530,9.6
224.0,48.3,20,1282,5.9
224.8,50.6,20,1220,8.9
225.6,63.7,21,1278,10.5
226.4,62.6,22,1287,9.8
227.2,55.0,22,1284,9.4
228.0,43.5,22,1238,6.4
228.8,29.8,22,1184,3.9
229.6,22.6,22,1174,4.3
230.4,22.5,20,1162,4.3
231.2,22.8,17,1153,4.3
232.0,23.5,15,1125,4.3
232.8,25.1,15,1151,5.1
233.6,32.2,14,1116,6.1
234.4,30.6,14,1123,4.9
235.2,26.1,14,1131,4.9
236.0,29.4,13,1225,5.4
236.8,32.2,12,1212,6.1
237.6,47.5,11,1200,11.6
238.4,66.6,12,1836,15.4
239.2,73.0,14,1799,16.8
240.0,76.1,15,1648,17.3
240.8,80.0,17,1538,17.1
241.6,74.9,18,1490,15.9
242.4,69.6,20,1410,13.3
243.2,57.5,21,1289,10.4
244.0,42.8,22,1175,7.5
244.8,29.3,22,1125,4.6
245.6,23.9,22,1135,4.3
246.4,23.5,20,1138,4.3
247.2,23.8,19,1107,4.3
248.0,24.2,16,1071,4.3
248.8,24.9,13,1052,4.3
249.6,26.2,11,1022,4.3
250.4,27.6,9,954,4.4
251.2,26.7,7,937,5.0
252.0,27.7,7,988,4.3
252.8,31.1,6,862,4.3
253.6,32.7,3,795,4.3
254.4,37.3,2,684,4.3
255.2,40.4,1,674,3.9
256.0,40.2,1,662,4.0
256.8,42.9,0,662,5.1
257.6,49.0,0,662,5.1
258.4,50.0,0,674,4.7
259.2,49.2,0,679,5.8
260.0,49.6,0,887,6.2
260.8,49.4,1,887,6.0
261.6,44.5,2,1040,6.2
262.4,39.4,3,1079,6.0
263.2,40.8,4,1162,7.1
264.0,51.8,4,1568,11.0
264.8,51.5,6,1974,12.1
265.6,50.2,9,1882,12.2
266.4,58.5,10,1515,12.2
267.2,65.6,13,1459,12.7
268.0,65.9,15,1367,9.8
268.8,42.8,16,1347,8.6
269.6,53.7,17,1380,10.3
270.4,58.0,18,1434,11.0
271.2,53.3,20,1427,10.2
272.0,45.3,21,1358,8.8
272.8,44.5,22,1216,7.9
273.6,44.9,22,1270,7.6
274.4,39.1,24,1247,7.0
275.2,37.6,24,1229,6.5
276.0,37.3,24,1212,6.2
276.8,37.8,25,1190,5.3
277.6,28.1,25,1163,3.5
278.4,24.0,26,1118,3.9
279.2,29.0,26,1081,4.4
280.0,37.1,26,1074,5.5
280.8,41.8,26,1112,5.9
281.6,44.6,26,1120,6.3
282.4,45.7,26,1134,6.3
283.2,45.5,26,1126,5.9
284.0,44.5,26,1140,5.9
284.8,35.1,26,1181,4.9
285.6,21.4,26,1350,4.4
286.4,20.3,26,1286,4.3
287.2,22.6,26,1315,4.5
288.0,27.8,26,1349,5.1
288.8,30.6,26,1388,5.5
289.6,31.1,26,1440,5.5
290.4,34.1,26,1312,6.2
291.2,39.4,26,1211,7.3
292.0,45.3,27,1230,7.8
292.8,47.0,27,1244,7.8
293.6,47.7,27,1262,7.5
294.4,48.4,28,1262,7.5
295.2,48.1,29,1260,7.5
296.0,47.6,29,1248,7.5
296.8,41.4,30,1225,6.5
297.6,33.4,30,1118,5.3
298.4,34.8,30,1073,5.9
299.2,41.7,30,1097,7.1
300.0,45.0,30,1128,7.5
300.8,44.7,30,1144,7.5
301.6,44.7,30,1150,7.6
302.4,47.8,30,1150,7.8
303.2,47.8,31,1150,7.8
304.0,46.3,31,1146,7.4
304.8,36.0,31,1174,5.5
305.6,28.9,31,1229,5.3
306.4,24.8,30,1212,4.3
307.2,22.4,30,1212,4.3
308.0,21.8,29,1207,4.3
308.8,21.3,29,1162,4.0
309.6,20.3,29,1226,3.9
310.4,19.3,28,1214,3.9
311.2,18.4,27,1222,3.9
312.0,18.4,27,1225,3.9
312.8,18.3,26,1225,3.9
313.6,18.0,25,1225,3.7
314.4,18.3,25,1232,3.6
315.2,18.0,25,1223,3.9
316.0,18.4,23,1206,3.8
316.8,18.7,22,1194,3.6
317.6,18.8,21,1187,3.8
318.4,19.1,20,1176,3.6
319.2,21.5,19,1129,3.9
320.0,29.6,19,1159,4.2
320.8,28.5,19,1281,5.2
321.6,29.4,18,1258,5.7
322.4,32.7,16,1265,6.3
323.2,33.3,14,1241,6.2
324.0,33.3,11,1210,5.9
324.8,34.2,8,1113,5.5
325.6,35.8,7,1055,5.5
326.4,35.4,6,1000,4.9
327.2,32.7,5,963,4.7
328.0,35.2,2,876,4.7
328.8,37.8,1,812,4.4
329.6,37.1,1,781,4.3
330.4,36.2,0,752,4.0
331.2,35.0,0,783,3.7
332.0,27.5,0,831,3.3
332.8,22.8,0,884,3.1
333.6,19.4,0,541,2.1
334.4,21.1,0,225,0.0
335.2,4.7,0,132,3.2
336.0,0.0,0,0,10.4
336.8,0.0,0,0,6.3
337.6,0.0,0,0,6.3
338.4,0.0,0,0,6.3
339.2,0.0,0,0,6.3
340.0,0.0,0,2,6.3
340.8,0.0,0,0,6.3
341.6,0.0,0,2,6.3
342.4,0.0,0,0,6.3
343.2,0.0,0,6.3
344.0,0.0,0
