BlueDriver Data Log
Dec 19, 2018 7:06:55 AM
Time (s),Accelerator Pedal Position E (%),Mass Air Flow Rate (g/s),Intake Air Temperature (°C),O2 Bank 1 - Sensor 2 - Oxygen Sensor Voltage (V),Absolute Throttle Position B (%),Fuel Level Input (%),Ambient Air Temperature (°C),Calculated Engine Load Value (%),Absolute Throttle Position (%),Engine Coolant Temperature (°C),Catalyst Temperature Bank 1 - Sensor 1 (°C),Absolute Load Value (%),Long Term Fuel Trim Bank 1 (%),Commanded Throttle Actuator (%),Wide Range O2S: Bank 1 - Sensor 1 - Equivalence Ratio (λ),Short Term Fuel Trim Bank 1 (%),Relative Throttle Position (%),Commanded Evaporative Purge (%),Evap. System Vapor Pressure (Pa),Barometric Pressure (kPa),Vehicle Speed (km/h),Wide Range O2S: Bank 1 - Sensor 1 - Voltage (V),Timing Advance for #1 cylinder (°),Commanded Equivalence Ratio (λ),O2 Bank 1 - Sensor 2 - Short Term Fuel Trim (%),Engine RPM (rpm),Accelerator Pedal Position D (%),Control Module Voltage (V)
0.0,,,,,,,,,,,,,,,,,,,,,,,,,,,,
17.2,0.0,4.53,8,0.278,5.3,81.6,8,42.0,5.7,17,0.0,34.0,-8.6,5.8,0.994,9.9,0.4,0.0,0.0,102,2,2.206,7.4,0.999,99.2,840,0.0,14.387
34.4,1.9,6.14,8,0.277,6.7,81.8,8,31.2,6.1,20,0.0,27.8,-3.8,6.3,1.008,-0.7,0.7,0.0,0.0,102,9,2.209,15.5,0.998,99.2,1217,0.8,13.710
51.6,15.5,20.56,7,0.312,18.4,81.6,7,73.3,19.2,25,0.0,65.8,0.8,19.4,0.997,0.7,11.8,0.0,0.0,102,47,2.181,21.6,0.996,99.2,1933,15.3,13.760
68.8,0.0,6.06,7,0.310,6.6,81.6,6,31.1,6.5,32,0.0,27.2,-1.6,6.3,0.993,1.6,0.4,0.0,0.3,102,47,2.187,14.6,0.996,99.2,1287,0.0,13.030
86.0,12.3,14.61,7,0.489,14.1,82.0,6,60.4,7.9,38,113.7,35.6,-1.6,7.9,0.994,2.5,2.5,9.3,17.8,102,18,2.203,21.8,1.001,99.2,1652,12.2,12.974
103.2,9.7,9.89,6,0.841,10.7,82.3,6,59.3,10.7,43,268.5,51.8,-1.6,11.6,0.992,-0.3,6.5,31.3,50.4,102,60,2.196,20.5,1.009,99.2,1334,9.2,12.960
120.4,2.0,5.85,6,0.720,5.8,82.2,6,29.9,5.9,45,309.4,28.0,-1.6,5.5,1.003,3.8,0.4,0.0,0.0,102,53,2.193,17.6,0.992,99.2,1324,0.7,12.970
137.6,0.0,4.82,6,0.736,5.3,83.5,6,42.6,5.5,47,302.9,33.5,-8.6,5.5,1.021,7.5,0.4,0.0,0.0,102,2,2.197,3.1,0.997,99.2,849,0.0,13.009
154.8,10.1,13.16,6,0.770,17.4,82.7,6,74.2,20.5,49,337.0,71.5,-0.8,21.1,1.000,5.4,16.3,93.8,5.7,101,44,2.187,8.6,0.994,99.2,1626,16.2,13.003
172.0,5.6,8.47,6,0.440,9.3,82.4,6,51.5,6.0,54,422.0,24.1,-1.6,5.5,0.995,0.0,1.0,0.0,0.0,102,62,3.009,1.2,0.275,99.2,1266,4.4,13.057
189.2,24.0,26.14,6,0.735,31.4,82.4,6,88.7,32.6,55,445.9,79.9,0.8,34.1,0.996,-0.7,28.8,90.3,9.3,101,56,2.181,8.4,0.991,99.2,2112,23.6,13.794
206.4,24.3,28.05,6,0.757,32.9,82.8,6,87.1,33.3,60,534.3,77.5,0.8,32.9,1.001,0.2,28.6,89.7,1.1,101,81,2.175,10.6,1.000,99.2,2286,24.5,13.760
223.6,24.5,28.74,6,0.703,34.2,83.1,6,87.2,34.1,65,583.6,77.6,0.8,34.1,0.998,-0.2,29.7,89.4,1.2,101,86,2.169,11.5,1.008,99.2,2344,24.9,13.646
240.8,25.9,29.67,3,0.705,36.6,83.1,3,88.7,36.9,70,607.7,79.0,0.8,36.8,1.002,-2.6,32.1,22.5,0.5,101,91,2.195,11.7,0.999,99.2,2381,25.9,14.480
258.0,23.1,30.15,3,0.756,29.5,83.1,3,79.0,29.8,74,620.0,71.0,-0.8,30.8,1.000,0.4,25.6,88.9,1.8,101,101,2.182,20.9,1.001,99.2,2757,24.0,14.480
275.2,19.8,24.94,2,0.713,20.1,83.1,2,76.7,22.6,77,617.0,71.1,-0.8,24.3,0.998,-0.2,20.8,91.0,0.8,100,102,2.207,13.6,0.993,99.2,2293,21.6,14.480
292.4,4.9,5.28,3,0.684,9.1,83.1,2,43.2,11.6,78,598.6,41.2,-2.3,11.9,1.007,1.6,7.8,96.4,1.4,99,104,2.193,28.6,0.996,99.2,1954,11.7,14.492
309.6,23.0,31.14,2,0.704,29.9,83.1,2,84.4,30.3,78,586.1,74.9,-0.8,30.2,1.001,0.8,24.4,87.8,1.8,101,122,2.194,14.6,1.012,99.2,2659,23.5,14.480
326.8,16.1,20.48,2,0.564,17.7,83.1,2,65.4,9.7,79,581.9,30.7,-3.4,13.8,0.970,0.8,13.2,93.8,16.7,100,112,2.196,20.0,0.999,99.2,2124,16.5,14.480
344.0,23.3,30.65,2,0.712,29.5,82.4,2,85.5,27.8,81,586.0,75.8,-0.8,28.4,1.010,1.4,24.3,88.7,2.3,101,111,2.175,13.3,0.998,99.2,2604,23.9,14.321
361.2,20.2,25.61,2,0.717,25.8,81.8,2,82.7,26.1,82,594.4,74.9,-0.8,26.7,0.996,1.2,22.2,0.0,0.5,101,112,2.196,14.4,0.993,99.2,2148,19.4,14.480
378.4,20.1,25.29,2,0.706,24.7,82.2,2,80.5,22.8,84,594.6,68.7,-0.8,23.3,0.994,2.3,19.4,91.5,0.0,101,112,2.186,14.0,1.000,99.2,2190,20.2,14.480
395.6,19.4,23.96,2,0.703,23.4,81.6,2,79.0,23.3,85,588.0,70.3,-0.8,23.3,1.001,2.3,19.4,91.7,0.5,100,110,2.194,14.0,1.001,99.2,2088,19.5,14.480
412.8,15.0,18.62,2,0.689,16.2,81.6,2,72.7,19.3,86,580.2,62.8,-2.2,18.9,0.999,3.8,14.8,93.6,0.0,100,108,2.156,18.5,1.002,99.2,2040,16.8,14.494
430.0,21.6,27.53,2,0.712,26.3,81.6,2,86.6,29.9,85,576.1,76.3,-0.9,29.9,0.999,0.1,24.7,86.8,0.0,101,99,2.198,12.5,0.999,99.2,2388,22.7,14.349
447.2,21.0,26.33,2,0.703,26.7,81.6,2,84.1,28.1,86,596.0,74.0,-0.8,28.5,1.000,1.1,24.1,88.8,3.6,100,104,2.190,14.5,0.998,99.2,2174,20.7,14.480
464.4,19.1,21.82,3,0.689,23.2,81.6,2,80.6,23.3,87,585.9,69.3,-0.8,22.9,0.997,3.1,19.9,91.6,0.4,100,96,2.192,10.5,0.999,99.2,1997,20.3,14.486
481.6,22.9,28.09,3,0.685,29.0,81.6,2,86.9,29.2,87,594.9,76.1,-0.8,28.9,0.998,1.0,24.2,15.1,5.1,101,96,2.205,11.3,1.005,99.2,2334,23.0,14.550
498.8,8.6,7.12,3,0.769,8.0,81.4,2,31.6,6.7,87,582.6,25.3,-2.4,7.9,0.959,-4.7,2.6,80.9,11.1,98,77,2.082,38.7,1.013,99.2,1521,6.6,14.449
516.0,12.1,11.86,3,0.788,12.1,81.4,2,55.3,12.1,87,554.7,51.4,-3.2,14.4,1.006,0.8,9.7,78.9,32.2,99,87,2.193,35.9,0.998,99.2,1618,10.4,14.480
533.2,18.2,19.70,3,0.743,21.6,81.2,2,79.4,22.2,86,540.8,57.3,-3.0,13.5,1.008,3.9,9.0,96.4,31.6,99,80,2.183,19.8,0.999,99.2,1733,17.8,14.480
550.4,15.5,17.02,3,0.743,17.7,81.4,2,72.1,18.5,86,568.0,65.3,-1.0,19.8,0.999,2.3,17.3,93.3,2.0,100,80,2.184,15.4,1.002,99.2,1936,15.5,14.433
567.6,16.0,16.83,3,0.539,17.6,81.4,2,72.9,18.1,87,568.0,63.1,-3.0,18.5,1.000,4.6,14.9,94.1,10.9,100,84,2.167,17.6,0.996,99.2,1737,15.8,14.480
584.8,16.1,17.17,3,0.699,17.5,81.2,2,71.3,17.8,87,564.0,60.4,-3.1,17.8,0.997,3.8,14.4,94.2,0.7,99,88,2.188,16.9,1.000,99.2,1771,16.2,14.517
602.0,12.6,12.66,3,0.638,11.8,81.2,2,36.0,6.3,87,544.9,26.9,-3.1,9.4,0.978,0.7,6.2,47.4,11.7,100,89,2.214,26.3,0.998,99.2,1709,13.2,14.480
619.2,6.8,5.79,3,0.690,7.2,80.8,2,35.8,11.1,87,564.0,43.6,-2.3,14.7,1.011,0.2,12.7,42.8,5.6,100,89,2.210,19.6,0.996,99.2,1825,12.9,14.369
636.4,12.2,12.80,3,0.274,12.2,80.8,2,49.8,12.4,87,552.9,49.8,-2.5,14.6,1.007,1.6,9.2,11.4,37.5,100,95,2.233,22.5,0.983,99.2,1818,11.3,14.442
653.6,20.0,24.42,3,0.701,24.9,80.8,2,83.1,25.9,87,558.3,72.5,-0.8,22.8,0.998,2.5,16.4,52.4,0.0,100,89,2.187,14.6,1.007,99.2,1997,19.2,14.422
670.8,13.3,13.77,3,0.864,8.9,80.8,2,31.9,6.7,87,554.0,36.2,-3.0,11.2,0.969,1.3,5.8,81.5,62.3,99,93,2.070,38.2,1.011,99.2,1722,5.0,14.462
688.0,0.8,3.35,3,0.057,5.2,81.2,2,24.2,6.7,87,518.5,34.3,-3.4,8.1,1.370,0.9,4.0,47.1,40.2,100,76,3.054,-1.8,0.265,99.2,1440,3.0,14.442
705.2,17.3,18.58,2,0.763,21.6,80.4,2,78.6,22.2,86,552.6,69.4,-0.8,23.0,0.999,3.2,19.7,64.6,2.4,100,85,2.189,12.4,1.000,99.2,2144,18.9,14.480
722.4,9.6,8.97,2,0.705,10.0,80.3,2,53.4,13.6,87,553.9,53.3,-1.9,15.8,1.007,0.4,11.3,88.6,14.5,99,89,2.209,23.9,0.993,99.2,1669,9.5,14.404
739.6,14.9,15.09,2,0.506,15.4,80.4,2,53.6,14.4,87,537.6,51.1,-2.3,15.6,1.009,1.5,11.7,28.1,0.7,100,86,2.201,19.1,1.006,99.2,1699,15.5,14.331
756.8,18.9,22.42,2,0.712,23.0,80.6,2,79.7,22.3,87,544.0,66.1,-0.8,25.7,1.005,1.7,21.6,52.0,2.4,99,94,2.182,14.1,1.004,99.2,2341,23.1,14.441
774.0,21.8,25.79,2,0.715,27.5,80.8,2,84.8,26.8,87,580.0,69.5,-0.8,22.6,1.003,1.9,16.5,41.8,39.6,100,105,2.192,14.6,1.005,99.2,2024,21.8,14.480
791.2,22.0,29.17,2,0.722,26.9,80.4,2,77.9,26.1,87,576.6,75.9,-0.8,32.4,0.999,0.3,28.4,89.7,10.3,100,101,2.185,13.7,0.997,91.8,2549,25.4,14.480
808.4,21.4,26.97,3,0.704,26.2,79.6,2,84.4,26.5,87,588.7,72.7,-0.8,26.6,0.992,0.9,22.0,89.8,0.1,99,110,2.201,13.5,1.000,99.2,2362,21.7,14.400
825.6,18.8,22.88,3,0.702,23.5,79.6,2,79.9,23.5,87,591.4,68.9,-0.8,23.5,0.981,2.3,19.3,91.7,0.9,99,110,2.193,16.2,0.999,99.2,2171,19.0,14.480
842.8,13.6,16.01,3,0.695,14.6,79.6,2,57.1,15.2,87,579.7,54.1,-2.3,18.0,0.995,1.7,14.0,20.6,309.6,100,109,2.222,26.7,0.993,99.2,2066,13.4,14.394
860.0,20.4,25.04,3,0.722,25.5,79.2,2,82.6,25.5,87,576.1,71.4,-0.8,25.4,1.006,2.9,21.2,91.3,0.0,99,100,2.172,14.0,0.996,99.2,2192,20.8,14.480
877.2,21.7,26.47,3,0.697,27.2,78.8,2,84.2,27.6,87,588.0,73.1,-0.8,27.5,1.001,1.4,22.9,90.3,1.9,99,97,2.195,12.4,1.000,99.2,2236,21.9,14.339
894.4,23.1,28.07,3,0.697,29.5,78.4,2,87.0,29.5,87,606.4,75.0,-0.8,29.2,1.001,2.0,24.7,89.4,9.1,99,98,2.167,11.5,1.001,99.2,2386,23.5,14.556
911.6,20.0,23.85,3,0.710,24.7,78.8,2,81.9,25.9,87,613.3,70.9,-0.8,27.4,1.001,2.8,23.2,89.9,2.4,99,108,2.173,15.8,1.001,99.2,2083,19.7,14.492
928.8,21.2,26.41,2,0.703,26.0,78.4,2,83.6,26.3,87,604.0,71.4,-0.8,26.3,1.000,2.6,21.6,90.4,1.6,99,110,2.183,13.7,1.012,99.2,2287,21.6,14.482
946.0,16.5,19.60,3,0.708,18.3,78.0,2,70.4,18.2,87,590.4,60.0,-2.3,18.3,0.998,2.3,14.0,94.6,4.3,98,106,2.185,19.4,0.998,99.2,2012,16.8,14.560
963.2,17.3,20.63,3,0.688,19.9,78.0,2,76.3,20.5,87,578.1,61.2,-1.7,18.0,1.005,2.4,13.8,93.6,13.7,98,108,2.167,18.9,0.998,99.2,2027,16.9,14.560
980.4,19.2,22.74,3,0.704,23.1,77.6,2,79.5,23.1,87,576.0,68.5,-0.8,23.1,1.002,2.1,19.2,91.8,0.0,98,104,2.169,15.5,1.000,99.2,2076,19.2,14.551
997.6,22.3,26.56,3,0.712,27.3,77.6,2,85.2,28.4,87,581.4,72.5,-0.8,27.3,0.996,2.3,22.4,77.7,3.8,98,100,2.179,13.5,0.998,99.2,2230,22.4,14.560
1014.8,25.4,29.70,3,0.706,33.1,77.3,2,86.9,33.3,87,601.2,75.3,-0.8,32.9,1.000,1.6,27.9,88.2,0.3,98,98,2.177,12.0,0.999,99.2,2475,25.9,14.486
1032.0,21.6,23.90,5,0.697,25.7,77.3,2,80.1,24.0,87,612.0,72.0,-0.8,26.0,1.001,1.0,24.0,90.6,0.7,98,96,2.190,9.7,1.000,99.2,2232,23.1,14.480
1049.2,21.8,23.76,6,0.707,27.9,77.4,2,84.7,28.9,87,615.3,66.5,-0.8,21.1,0.986,2.3,18.0,93.3,0.2,98,90,2.204,14.8,1.002,99.2,1990,20.5,14.424
1066.4,1.7,3.49,6,0.051,4.1,77.7,2,14.0,4.4,87,586.0,12.0,-4.7,4.3,1.998,-0.0,0.5,0.3,0.0,98,88,3.336,-1.4,1.077,99.2,1634,2.1,14.387
1083.6,0.0,4.22,7,0.000,4.7,78.9,2,12.9,5.1,86,511.0,11.0,-4.7,5.1,1.999,0.0,0.4,0.0,0.0,99,96,3.617,-11.0,0.000,99.2,2150,0.0,14.480
1100.8,0.0,4.47,7,0.000,5.1,79.6,2,12.9,5.1,84,432.4,11.0,-4.7,5.1,1.999,0.0,0.4,0.0,0.0,99,99,3.756,-10.2,0.000,99.2,2213,0.0,14.400
1118.0,0.0,4.35,7,0.000,4.8,79.6,2,12.6,5.1,84,364.9,11.0,-4.7,5.1,1.999,0.0,0.4,0.0,0.0,100,95,3.767,-9.9,0.000,99.2,2189,0.0,14.400
1135.2,0.0,4.37,8,0.000,5.1,80.0,2,12.9,4.7,84,310.9,11.0,-4.7,4.8,1.999,0.0,0.4,0.0,0.0,100,91,3.598,-10.2,0.000,99.2,2200,0.0,14.360
1152.4,0.0,4.22,7,0.000,4.7,80.0,2,12.5,4.7,83,263.3,11.0,-4.7,5.1,1.999,0.0,0.4,0.0,0.0,100,92,3.576,-10.5,0.000,99.2,2150,0.0,14.416
1169.6,0.1,3.42,7,0.010,3.9,80.8,2,12.0,4.3,83,235.3,10.2,-4.3,4.3,1.999,0.0,0.4,0.0,0.0,101,92,3.664,-12.5,0.000,99.2,1806,0.1,14.480
1186.8,7.8,5.90,7,0.716,7.8,80.7,2,33.9,9.8,83,261.0,39.0,-3.1,10.6,1.004,-0.8,7.4,17.9,25.5,101,90,2.187,31.0,0.992,99.2,1677,6.2,14.480
1204.0,4.8,4.50,6,0.070,5.4,80.8,2,19.9,5.8,84,278.0,18.1,-3.9,4.9,1.585,1.7,1.1,2.0,0.0,101,86,3.333,-4.0,1.112,99.2,1612,3.8,14.480
1221.2,1.0,3.29,6,0.223,3.9,80.9,2,12.4,3.9,84,292.3,11.0,-3.9,4.1,1.344,2.1,0.7,0.0,0.0,101,91,2.453,-7.9,0.040,99.2,1687,0.8,14.400
1238.4,20.1,24.82,6,0.752,24.9,80.8,2,82.9,25.0,85,348.0,73.0,-0.8,24.7,1.000,2.1,20.4,91.3,0.0,100,101,2.185,12.6,0.998,99.2,2166,20.4,14.480
1255.6,19.0,25.47,6,0.720,22.8,80.4,2,78.5,23.4,86,439.7,68.3,-0.8,23.6,1.002,3.7,19.7,90.1,3.6,100,118,2.153,16.1,1.011,99.2,2287,20.7,14.341
1272.8,0.5,4.56,6,0.398,5.1,80.8,2,16.2,5.0,86,459.7,11.0,-4.7,5.0,1.999,0.0,0.4,0.0,0.0,101,120,3.598,-5.6,0.192,99.2,2208,2.6,14.456
1290.0,11.0,12.80,6,0.718,12.3,81.2,2,48.0,11.3,86,451.7,22.4,-2.3,6.3,1.017,1.1,2.7,10.2,0.0,101,112,2.172,35.7,1.006,99.2,2085,10.0,14.347
1307.2,12.9,15.79,6,0.789,14.2,80.8,2,50.7,13.6,86,444.0,42.2,-2.5,13.4,1.020,2.6,8.5,26.2,29.4,101,117,2.068,28.2,0.946,99.2,2256,11.0,14.480
1324.4,18.3,25.46,7,0.706,22.0,80.8,2,76.0,21.8,86,475.3,69.0,-0.7,22.6,1.003,-1.7,17.3,48.7,14.5,101,123,2.214,26.1,0.991,99.2,2368,18.2,14.351
1341.6,4.0,8.00,7,0.101,6.5,80.8,2,14.5,8.8,86,459.3,39.3,-2.8,13.4,1.219,3.3,8.8,27.1,36.5,101,112,2.883,5.3,0.458,99.2,2169,6.2,14.480
1358.8,26.0,32.00,8,0.719,34.5,80.8,2,87.6,34.8,86,511.5,77.6,-0.8,34.7,0.997,1.0,29.9,88.2,0.0,101,104,2.176,12.7,1.000,99.2,2575,26.4,14.400
1376.0,23.2,29.13,8,0.701,29.4,81.2,2,87.0,32.1,86,554.9,73.4,-0.8,31.4,1.000,0.9,24.4,81.5,3.1,101,114,2.206,14.3,0.997,99.2,2342,23.1,14.402
1393.2,20.5,26.83,10,0.688,26.4,80.5,2,82.9,28.4,86,578.2,68.9,-0.8,24.3,0.992,0.0,20.0,80.1,18.4,101,123,2.196,19.1,0.999,99.2,2331,20.3,14.400
1410.4,8.2,6.53,10,0.061,8.5,80.8,2,27.6,9.0,86,531.4,35.5,-3.6,11.7,1.581,0.3,6.5,23.5,0.0,102,114,3.287,-6.1,0.136,99.2,2120,1.0,14.402
1427.6,26.2,34.43,10,0.704,37.5,80.4,2,86.2,38.0,86,556.4,76.1,-0.8,34.7,0.995,0.2,28.8,88.2,7.2,101,121,2.198,13.7,0.995,99.2,2730,26.0,14.400
1444.8,22.4,29.50,11,0.710,26.8,80.4,2,82.8,27.3,86,577.9,73.0,-0.8,28.6,0.997,0.8,24.2,89.4,0.0,101,124,2.190,14.7,1.000,99.2,2659,23.1,14.400
1462.0,22.1,30.24,12,0.698,28.5,80.4,2,80.1,27.6,86,585.2,59.7,-0.6,23.3,0.997,0.9,20.4,80.7,0.0,101,132,2.184,13.1,1.000,99.2,2624,23.2,14.335
1479.2,13.3,16.67,12,0.682,15.3,80.4,2,46.5,13.8,86,580.0,60.5,-2.3,21.0,0.982,-0.8,17.5,65.1,40.1,101,124,2.188,20.2,1.007,99.2,2366,17.7,14.400
1496.4,21.6,27.85,12,0.691,26.6,80.8,2,83.8,26.7,86,579.6,72.7,-0.8,26.6,1.002,0.8,21.8,89.6,9.4,101,120,2.186,13.8,0.999,99.2,2380,21.8,14.430
1513.6,19.9,25.48,14,0.705,25.8,80.4,2,81.0,25.8,86,580.0,70.0,-0.8,24.2,1.004,1.5,19.1,30.2,11.7,102,118,2.193,19.5,0.996,99.2,2235,18.1,14.468
1530.8,19.6,24.54,14,0.761,23.1,80.8,2,76.8,23.0,86,573.3,66.2,-1.4,21.9,0.997,3.5,16.8,54.1,17.8,101,118,2.159,14.2,0.995,99.2,2222,17.7,14.400
1548.0,20.7,26.37,14,0.683,25.9,80.1,2,72.9,18.0,86,578.7,60.4,-1.7,21.9,0.995,2.8,19.8,80.1,0.0,101,120,2.182,15.8,1.003,99.2,2327,20.2,14.400
1565.2,18.2,23.01,14,0.685,21.6,79.2,2,60.5,15.9,86,576.0,65.6,-0.8,22.9,1.007,1.4,14.8,58.9,4.0,101,117,2.184,17.5,0.998,99.2,2228,18.6,14.335
1582.4,15.0,17.21,14,0.723,13.0,78.8,2,30.2,7.3,86,552.0,43.2,-2.3,13.5,1.007,1.5,9.8,27.0,28.9,101,105,2.171,20.7,1.001,99.2,2064,15.2,14.333
1599.6,24.3,30.83,14,0.696,32.4,78.8,2,85.3,32.1,86,561.7,74.7,-0.8,28.8,0.999,1.9,24.5,88.8,6.6,101,107,2.158,12.5,1.001,99.2,2536,24.6,14.333
1616.8,22.3,29.17,14,0.705,28.5,78.4,2,83.6,28.5,86,581.9,73.7,-0.8,28.0,1.003,1.1,23.3,65.5,0.0,101,117,2.201,13.0,1.000,99.2,2500,22.7,14.400
1634.0,7.5,15.28,14,0.713,19.1,78.2,2,71.8,25.6,86,592.0,72.1,-0.8,27.3,1.002,1.5,22.4,88.7,1.8,101,132,2.182,16.4,0.997,99.2,2541,22.1,14.400
1651.2,22.2,28.42,14,0.729,28.6,77.6,2,82.7,30.4,86,588.5,76.9,-0.8,34.3,1.000,1.6,30.1,83.4,0.0,101,124,2.172,16.9,0.997,99.2,2666,22.8,14.400
1668.4,22.5,29.64,14,0.707,29.3,77.3,2,82.3,29.0,86,600.0,72.9,-0.8,28.3,0.999,1.6,23.8,88.4,0.0,101,130,2.189,15.3,0.998,99.2,2699,23.5,14.400
1685.6,21.0,28.46,14,0.704,26.6,77.3,2,79.1,26.6,86,604.0,70.7,-0.8,26.7,1.007,1.6,21.5,89.2,4.7,101,134,2.175,19.0,0.999,99.2,2550,21.0,14.400
1702.8,24.4,32.53,13,0.709,32.9,77.6,2,82.6,33.0,86,604.0,72.7,-0.8,31.6,0.995,0.0,26.0,88.0,0.0,101,137,2.171,18.5,0.998,99.2,2810,24.5,14.326
1720.0,23.9,33.65,12,0.719,31.4,77.6,2,78.8,31.9,86,608.0,71.5,-0.8,31.9,1.002,0.8,26.4,0.0,0.0,102,133,2.180,17.7,1.001,99.2,2896,24.4,14.400
1737.2,25.0,34.01,12,0.715,32.9,77.3,2,80.8,32.4,86,610.8,72.2,-0.8,32.3,1.003,1.9,27.1,87.2,7.7,101,130,2.173,17.0,1.004,99.2,2881,24.9,14.334
1754.4,26.3,34.46,14,0.710,35.2,76.8,2,83.7,35.5,86,612.0,73.8,-0.8,35.1,1.004,2.3,29.9,86.3,0.0,101,129,2.196,16.6,1.000,99.2,2891,26.7,14.254
1771.6,15.7,20.26,14,0.794,12.9,76.9,2,37.5,16.6,86,606.1,45.1,-2.5,22.7,1.378,1.0,20.1,61.4,3.1,101,121,2.134,16.8,0.984,99.2,2553,0.7,14.399
1788.8,15.6,20.32,14,0.875,12.6,75.8,2,41.1,20.4,86,576.3,65.8,-1.7,17.9,1.074,3.5,9.8,24.0,0.0,102,120,3.156,-6.3,0.065,99.2,2200,11.9,14.400
1806.0,26.1,33.66,14,0.593,33.9,74.9,2,61.2,23.0,86,569.1,70.4,-1.1,31.9,1.003,1.9,29.3,86.7,1.5,101,118,2.184,14.7,0.997,99.2,2715,26.3,14.400
1823.2,21.3,30.00,14,0.706,31.2,74.9,2,84.3,33.8,86,584.0,65.1,-0.8,22.9,0.985,1.6,20.3,0.0,0.0,102,128,2.203,12.4,0.999,99.2,2534,18.7,14.400
1840.4,16.4,20.32,13,0.708,22.0,74.9,2,73.4,25.6,86,580.0,76.0,-0.8,34.9,1.004,1.3,30.5,86.0,8.8,102,124,2.181,16.2,1.002,99.2,2406,11.8,14.317
1857.6,20.4,25.57,12,0.695,23.9,74.5,2,80.4,24.8,86,568.0,68.1,-0.9,23.6,0.997,4.1,19.0,76.0,3.0,101,112,2.171,14.3,1.009,99.2,2235,21.5,14.333
1874.8,23.2,27.42,12,0.611,30.1,73.3,2,86.7,30.7,86,572.6,73.0,-1.1,26.5,1.015,0.6,19.4,56.8,0.0,101,110,2.157,21.1,0.987,99.2,2293,22.0,14.291
1892.0,21.5,27.66,14,0.708,26.9,72.8,2,82.4,25.9,86,587.6,65.0,-0.8,22.6,0.992,1.4,19.2,69.5,0.0,101,114,2.178,15.2,0.998,99.2,2352,21.1,14.351
1909.2,15.9,19.99,12,0.758,25.8,72.9,2,82.4,27.9,86,581.2,68.7,-1.1,22.7,1.001,1.3,16.0,59.8,2.7,101,117,2.131,25.2,1.008,99.2,2288,14.6,14.480
1926.4,7.6,7.66,14,0.691,12.2,72.5,2,56.7,20.7,86,577.3,59.9,-2.3,12.2,1.023,4.0,9.1,26.6,12.0,102,116,2.179,31.9,0.997,99.2,2169,12.5,14.455
1943.6,21.3,26.06,14,0.744,27.8,72.5,2,74.6,19.6,86,564.0,64.2,-1.3,22.3,1.001,3.6,18.9,63.9,11.7,101,114,2.166,22.6,1.008,99.2,2172,19.7,14.480
1960.8,19.8,24.18,12,0.697,24.5,72.5,2,74.3,22.1,86,560.0,73.9,-0.8,27.3,1.000,1.5,22.1,86.0,0.0,101,115,2.170,11.7,1.002,99.2,2182,16.8,14.454
1978.0,9.5,12.57,12,0.133,11.1,72.2,2,44.9,28.1,86,560.3,77.5,-0.8,31.6,0.993,1.0,26.7,88.3,4.6,101,122,2.194,13.5,0.998,99.2,2504,13.7,14.480
1995.2,25.2,29.85,11,0.724,35.6,71.8,2,70.0,18.4,86,583.3,73.9,-0.8,23.5,0.997,2.3,15.3,54.3,10.0,101,117,2.195,21.7,0.994,99.2,2246,24.2,14.480
2012.4,25.8,30.84,12,0.696,34.9,71.0,2,85.5,35.9,87,590.7,75.0,-0.8,32.7,0.993,2.3,27.0,88.1,0.0,101,115,2.182,12.5,1.001,99.2,2515,25.8,14.346
2029.6,21.4,26.64,14,0.710,25.1,71.0,2,68.6,23.9,87,592.0,59.5,-1.5,25.0,1.005,0.8,20.4,71.2,0.0,101,121,2.176,15.3,0.995,99.2,2348,22.5,14.477
2046.8,21.8,30.58,12,0.712,26.5,71.0,2,80.6,24.7,87,592.0,71.7,-0.8,29.3,1.010,0.3,26.8,87.7,1.2,101,130,2.178,14.3,0.995,99.2,2816,25.9,14.322
2064.0,17.8,24.15,11,0.688,20.9,70.6,2,67.3,20.5,87,597.7,52.9,-0.4,20.7,0.998,0.0,18.1,70.8,0.0,101,130,2.186,17.1,0.998,99.2,2433,16.0,14.480
2081.2,0.1,5.46,12,0.626,5.1,70.6,2,13.8,6.2,87,574.6,35.8,-3.2,13.1,1.283,3.2,9.3,24.9,37.7,101,121,2.416,4.7,1.005,99.2,2250,6.8,14.480
2098.4,19.3,25.08,11,0.717,24.2,71.0,2,80.0,24.2,86,542.0,71.1,-0.8,25.9,0.996,0.4,21.8,88.4,2.6,101,116,2.178,13.4,0.994,99.2,2450,21.1,14.480
2115.6,25.7,33.70,11,0.705,34.1,71.4,2,84.1,31.8,86,566.1,74.9,-0.8,32.4,0.999,1.6,27.0,87.5,1.3,101,117,2.179,14.0,1.000,99.2,2746,26.1,14.477
2132.8,17.5,23.16,11,0.703,20.1,71.4,2,68.5,18.6,86,576.0,54.9,-2.3,14.1,0.999,3.9,6.6,14.7,1.3,101,122,2.158,30.8,1.009,99.2,2289,17.4,14.339
2150.0,16.9,21.75,11,0.729,16.9,71.8,2,67.9,22.7,86,572.0,66.1,-1.2,24.1,1.005,1.8,20.7,81.4,62.5,101,120,2.163,12.3,1.004,99.2,2430,20.3,14.480
2167.2,7.0,8.51,11,0.512,7.3,72.4,2,16.2,7.7,86,560.0,13.7,-4.7,5.7,1.792,0.2,1.3,3.0,0.0,102,118,3.349,28.9,0.822,99.2,2187,10.3,14.545
2184.4,11.3,12.32,11,0.726,14.0,71.8,2,46.9,13.7,86,552.0,38.5,-2.0,15.9,0.998,2.2,12.2,35.8,27.7,101,120,2.193,24.0,1.000,99.2,2302,14.4,14.480
2201.6,25.9,34.50,10,0.702,36.3,71.0,2,85.3,36.2,86,576.7,75.4,-0.8,34.5,0.999,0.8,29.2,86.7,2.6,101,123,2.195,14.5,1.003,99.2,2783,26.2,14.530
2218.8,19.5,27.11,10,0.705,24.8,71.0,2,75.7,25.1,86,588.0,67.5,-0.8,25.1,1.001,0.8,20.0,86.1,0.0,101,135,2.179,19.8,1.002,99.2,2578,20.4,14.560
2236.0,22.4,30.13,9,0.710,29.5,71.0,2,81.7,29.5,86,592.0,72.9,-0.8,28.9,1.001,0.9,23.8,88.6,0.2,101,131,2.168,15.4,1.000,99.2,2622,22.7,14.480
2253.2,20.2,25.93,10,0.692,25.6,70.6,2,81.6,27.9,86,603.6,74.1,-0.8,29.2,1.001,1.7,24.9,61.3,0.0,101,120,2.185,14.0,0.998,99.2,2568,20.8,14.480
2270.4,19.4,24.97,10,0.701,23.2,70.6,2,79.6,24.2,86,596.0,68.9,-0.8,23.6,1.005,1.8,18.9,80.9,4.1,101,122,2.176,17.8,0.999,99.2,2326,19.6,14.480
2287.6,18.8,25.97,10,0.700,22.9,70.2,2,76.5,23.2,86,596.0,67.6,-0.8,22.4,1.001,0.8,17.5,66.5,0.0,101,127,2.183,20.0,1.000,99.2,2414,18.4,14.480
2304.8,18.8,25.75,10,0.670,22.6,70.2,2,75.4,22.7,86,584.0,67.7,-0.8,22.8,1.006,0.1,17.8,69.8,13.9,101,127,2.198,18.6,0.995,99.2,2414,19.2,14.480
2322.0,13.0,16.56,10,0.682,14.9,70.5,2,52.5,18.5,86,586.3,45.0,-2.3,14.9,0.999,0.2,10.7,35.7,18.1,101,127,2.210,31.4,0.996,99.2,2402,12.6,14.480
2339.2,12.3,14.06,10,0.626,12.8,70.2,2,47.3,12.7,86,537.7,39.2,-2.3,12.0,0.974,1.9,8.3,21.6,12.9,102,106,2.207,28.6,1.006,99.2,1992,12.5,14.400
2356.4,17.7,23.02,9,0.699,20.9,69.8,2,74.2,20.7,86,541.5,65.9,-0.8,21.0,1.000,1.9,17.0,63.4,5.7,101,112,2.180,17.1,1.003,99.2,2127,17.7,14.400
2373.6,15.0,18.42,9,0.687,16.4,69.8,2,62.6,16.6,86,544.0,57.8,-2.3,17.4,1.005,3.8,12.2,35.1,0.0,102,112,2.197,23.6,0.998,99.2,2114,15.1,14.560
2390.8,0.0,3.01,9,0.000,3.5,70.3,2,13.3,3.5,86,503.4,12.5,-3.9,3.5,1.999,0.0,0.4,0.0,0.0,102,64,3.728,-12.3,0.000,99.2,1404,0.0,14.523
2408.0,16.8,16.69,9,0.521,19.2,70.2,2,76.7,20.0,86,473.6,67.1,-2.4,20.9,0.994,3.1,18.5,38.5,0.0,102,39,2.178,14.6,1.002,99.2,1616,16.4,14.480
2425.2,0.0,2.99,9,0.000,3.5,70.2,2,13.7,3.5,87,471.2,12.0,-3.9,3.9,1.999,0.0,0.4,0.0,0.0,102,66,3.701,-12.1,0.000,99.2,1373,0.0,14.446
2442.4,4.8,4.62,10,0.519,5.1,69.6,2,26.1,4.9,87,421.5,20.3,-3.7,5.5,1.793,-0.1,2.2,3.5,51.0,102,16,1.966,32.0,0.821,99.2,1143,5.8,14.417
2459.6,0.0,1.17,10,0.783,1.1,69.4,-7,13.3,5.0,87,379.0,14.3,-4.6,4.6,1.181,1.7,1.0,0.0,1.4,102,0,2.373,9.0,0.999,99.2,279,0.0,13.179
2476.8,0.0,0.66,10,0.780,0.0,69.4,-13,0.0,6.3,87,372.0,0.0,5.5,6.7,1.488,0.0,1.6,0.0,7.0,102,0,2.594,9.0,0.999,99.2,0,0.0,12.720
2494.0,0.0,0.66,10,0.780,0.0,69.4,-13,0.0,6.3,87,372.0,0.0,5.5,6.7,1.488,0.0,1.6,0.0,7.0,102,0,2.594,9.0,0.999,99.2,0,0.0,12.720
