BlueDriver Data Log
Jul 27, 2018 4:51:17 PM
Time (s),Engine Coolant Temperature (째C),Catalyst Temperature Bank 1 - Sensor 1 (째C),Fuel Level Input (%),Barometric Pressure (kPa),Vehicle Speed (MPH),Absolute Load Value (%),Ambient Air Temperature (째C),Engine RPM (rpm),Relative Throttle Position (%),Control Module Voltage (V),Intake Air Temperature (째C),Absolute Throttle Position (%)
0.0,,,,,,,,,,,,
2.7,,28.0,91.4,101,2,32.9,28,973,0.9,14.283,43,6.3
5.4,71,28.0,91.4,101,2,31.6,27,912,0.4,14.237,42,5.8
8.1,71,28.0,91.4,101,0,32.1,27,852,0.4,14.268,42,5.5
10.8,71,28.0,91.4,101,0,32.1,27,851,0.4,14.167,42,5.5
13.5,72,28.0,91.4,101,1,33.2,27,849,0.4,14.240,42,5.5
16.2,72,28.0,91.4,101,0,31.4,27,831,0.4,14.262,42,5.1
18.9,72,28.0,91.4,101,0,33.4,27,824,0.4,14.305,42,5.2
21.6,73,28.0,91.6,101,2,38.1,27,1091,1.8,14.248,42,7.7
24.3,73,28.0,91.8,101,6,41.6,26,1453,4.7,14.261,41,9.8
27.0,74,28.0,91.8,101,11,26.5,26,1375,1.9,14.277,41,8.2
29.7,75,28.0,92.0,101,8,25.9,26,1123,0.0,14.240,41,5.5
32.4,75,28.0,92.2,101,5,37.3,26,1417,2.6,13.741,41,9.0
35.1,75,29.2,92.2,101,10,62.2,24,1720,11.6,13.595,40,16.2
37.8,76,48.1,92.2,101,16,65.5,24,1661,14.8,13.381,39,20.0
40.5,77,84.1,92.2,101,23,65.5,24,1587,14.2,13.174,38,20.0
43.2,77,103.6,92.2,101,26,64.3,23,1436,10.9,13.000,38,15.1
45.9,78,124.1,92.3,101,27,22.9,22,1266,1.1,12.967,37,7.1
48.6,78,131.3,92.5,101,27,18.9,22,1159,0.4,12.960,37,3.9
51.3,78,132.5,92.5,101,26,21.5,22,1265,0.4,12.960,37,4.8
54.0,79,137.3,92.5,101,24,24.1,22,1325,0.4,12.960,37,5.5
56.7,79,142.8,92.8,101,21,23.0,22,1251,0.4,13.032,37,5.6
59.4,79,148.0,92.9,101,15,24.3,22,1185,0.4,13.007,37,5.5
62.1,79,150.6,92.9,101,6,26.2,22,1025,0.4,13.112,37,5.2
64.8,79,151.6,92.9,101,1,30.6,22,825,0.4,13.004,37,5.1
67.5,80,148.0,93.3,101,0,30.6,22,825,0.4,13.026,37,5.1
70.2,80,152.4,92.9,101,3,40.3,22,1358,3.3,13.002,37,9.2
72.9,80,161.9,92.9,101,10,43.2,22,1444,5.7,12.968,37,11.0
75.6,80,174.6,92.9,101,15,51.4,22,1358,7.4,12.848,37,11.8
78.3,81,192.0,92.9,101,19,54.6,21,1357,8.8,12.960,36,12.8
81.0,81,201.2,92.9,100,22,57.9,21,1421,10.4,12.960,36,13.7
83.7,81,219.1,92.9,100,25,59.9,21,1396,10.6,12.824,36,13.7
86.4,81,239.4,92.9,100,27,54.4,20,1312,7.8,12.960,35,11.4
89.1,82,254.7,92.9,100,29,51.8,20,1309,6.2,12.843,35,10.8
91.8,82,265.8,92.9,101,29,40.9,20,1185,4.6,12.880,35,10.5
94.5,83,272.2,92.9,100,29,27.6,19,1202,0.5,12.921,34,6.1
97.2,83,276.0,92.9,101,26,22.3,19,1262,0.3,13.026,34,5.5
99.9,84,278.9,92.9,101,22,23.9,19,1308,0.7,12.960,34,5.5
102.6,84,280.7,92.9,100,22,27.3,19,1500,3.1,12.916,34,6.3
105.3,84,284.0,92.9,100,25,22.2,19,1262,0.0,12.957,34,4.6
108.0,84,280.0,92.9,101,24,13.2,19,1247,0.4,12.960,34,3.7
110.7,84,278.4,92.9,101,19,23.2,19,1095,0.4,12.960,34,4.3
113.4,84,276.0,92.9,101,13,25.0,19,1002,0.4,12.960,34,5.0
116.1,84,276.0,92.9,101,7,24.8,19,860,0.4,12.960,34,4.7
118.8,84,274.1,93.1,101,1,30.4,19,815,0.4,13.032,34,5.0
121.5,84,269.1,93.0,101,1,30.2,19,923,1.2,13.022,34,5.9
124.2,84,272.0,92.9,101,6,39.0,19,1492,5.2,12.923,34,11.7
126.9,84,276.8,92.9,101,13,59.0,19,1525,9.5,12.960,34,14.5
129.6,84,289.2,92.9,101,19,62.2,19,1532,12.5,12.972,34,16.5
132.3,84,305.4,92.9,101,24,61.7,19,1426,11.9,12.945,34,15.7
135.0,85,321.3,92.9,100,28,59.1,19,1437,10.9,12.960,34,14.9
137.7,85,334.5,92.9,100,31,56.6,18,1437,10.3,12.960,33,13.4
140.4,86,348.5,92.9,100,34,56.3,18,1372,8.2,12.960,33,12.1
143.1,86,358.9,92.9,100,37,53.1,18,1330,7.1,12.960,33,11.4
145.8,87,365.2,92.9,100,37,44.1,18,1245,4.8,12.960,33,10.3
148.5,87,370.7,92.9,101,37,33.9,18,1256,3.9,12.942,33,5.4
151.2,88,367.0,93.0,101,36,17.3,17,1198,0.4,12.957,33,4.1
153.9,88,361.5,93.3,101,34,16.5,17,1209,0.4,13.058,33,3.9
156.6,88,353.7,93.3,101,31,20.5,17,1211,0.0,12.960,33,4.7
159.3,88,347.9,93.3,101,29,24.0,17,1217,0.2,12.960,33,5.5
162.0,88,337.8,93.3,101,24,23.7,17,1190,0.4,12.960,32,5.5
164.7,88,336.0,93.3,101,17,23.7,17,1131,0.6,12.960,32,5.3
167.4,87,334.0,93.3,101,10,18.2,17,1146,0.4,12.960,32,3.9
170.1,87,335.8,93.3,100,9,41.2,17,1566,9.1,12.976,32,15.6
172.8,86,340.0,93.3,100,16,60.2,17,1706,11.8,12.962,32,15.0
175.5,86,350.7,93.4,100,21,64.3,17,1525,12.8,12.991,32,17.3
178.2,86,364.7,93.7,100,25,66.3,17,1421,11.8,12.974,32,16.2
180.9,86,377.3,93.7,100,27,61.2,15,1375,8.9,12.919,31,14.3
183.6,86,391.6,93.3,100,30,50.4,15,1305,7.1,12.945,30,11.4
186.3,86,399.4,93.3,99,31,46.0,15,1256,5.9,13.024,30,9.8
189.0,86,408.0,93.3,99,32,42.9,15,1262,4.3,12.960,30,8.3
191.7,86,408.0,93.3,100,32,30.6,15,1119,1.3,13.038,30,5.7
194.4,87,408.0,93.3,101,31,23.6,15,1163,0.2,12.989,30,4.8
197.1,87,408.0,93.3,101,31,22.2,15,1230,0.0,12.960,30,5.4
199.8,87,408.0,93.3,101,27,22.7,15,1269,0.0,12.848,30,5.5
202.5,87,408.0,93.4,101,25,17.8,15,1285,0.0,12.960,30,4.1
205.2,87,405.2,93.7,101,22,16.2,15,1181,0.3,13.035,30,3.9
207.9,87,403.6,93.7,101,18,16.3,15,1038,0.0,12.960,30,3.8
210.6,87,398.2,93.7,101,10,24.3,15,1003,0.4,12.960,30,4.2
213.3,87,392.4,93.7,101,4,29.1,15,849,0.3,12.917,30,4.7
216.0,87,387.2,93.7,101,0,30.6,15,795,0.0,12.995,30,4.7
218.7,87,381.0,93.7,101,0,29.6,15,825,0.0,12.894,30,4.7
221.4,87,373.4,93.7,101,0,29.0,15,812,0.5,12.960,30,4.7
224.1,87,368.0,93.7,100,2,42.0,15,1270,3.7,12.979,30,8.6
226.8,87,369.9,93.7,99,9,44.9,15,1512,5.2,13.033,31,10.2
229.5,87,372.0,93.7,100,13,23.6,15,1245,0.5,12.960,32,3.9
232.2,87,372.0,93.7,100,13,33.0,15,1218,1.1,12.960,32,6.3
234.9,87,370.1,93.7,100,13,23.0,15,1137,0.1,12.960,32,4.0
237.6,87,368.0,93.7,101,12,19.3,15,1150,0.4,12.960,32,4.7
240.3,87,364.0,93.7,101,12,23.3,15,1140,0.1,12.960,32,5.0
243.0,87,364.0,93.7,101,10,25.1,15,1126,0.0,12.960,32,5.5
245.7,87,364.0,93.7,101,9,25.1,15,1137,0.0,12.960,32,5.5
248.4,87,360.0,93.7,101,9,25.1,15,1170,0.2,12.960,32,5.9
251.1,87,360.0,93.7,100,9,27.6,15,1353,0.4,12.960,32,6.0
253.8,87,360.0,93.7,101,9,21.3,15,1296,0.0,12.960,32,3.9
256.5,87,355.5,93.7,101,10,16.4,15,1085,0.2,12.917,32,3.8
259.2,87,352.0,93.7,101,10,20.3,15,1254,0.4,12.952,32,4.2
261.9,87,348.9,93.7,101,10,23.5,15,1130,0.0,12.893,32,4.7
264.6,87,348.0,93.7,101,9,24.2,15,1192,0.5,12.917,32,5.5
267.3,87,348.0,93.7,101,10,28.2,15,1395,1.5,12.960,32,6.9
270.0,87,344.0,93.7,101,12,19.5,15,1280,0.4,12.917,32,5.2
272.7,87,342.2,93.7,101,12,17.2,15,1182,0.4,12.960,32,4.0
275.4,87,340.0,93.7,101,11,16.5,15,1070,0.1,12.960,32,3.5
278.1,87,336.0,93.7,101,9,20.8,15,1009,0.4,12.856,32,4.0
280.8,87,334.1,93.7,101,7,24.3,15,1012,0.0,12.935,32,5.2
283.5,87,332.0,93.7,100,6,30.1,15,1400,2.0,12.960,32,6.7
286.2,87,330.9,93.7,101,6,24.3,15,1194,0.1,12.960,32,5.5
288.9,87,328.0,93.5,101,4,26.2,15,1084,0.1,12.943,32,5.5
291.6,87,328.0,93.6,101,5,20.0,15,1346,1.9,13.026,32,5.5
294.3,87,327.6,93.7,101,7,15.9,15,1237,0.4,12.998,32,3.9
297.0,87,322.2,93.7,101,7,16.9,15,1238,0.0,12.904,32,3.6
299.7,87,320.0,93.4,101,7,20.1,15,1167,1.0,12.960,33,5.6
302.4,87,320.0,93.7,101,5,35.5,15,1523,2.9,12.960,33,7.1
305.1,87,322.1,93.7,100,9,34.2,15,1506,2.8,12.889,33,7.9
307.8,87,324.0,93.7,101,12,24.6,15,1221,1.0,12.960,33,6.7
310.5,87,320.0,93.3,101,12,18.4,15,1243,0.4,12.960,33,4.2
313.2,87,318.8,93.4,101,13,16.5,15,1134,0.4,12.960,33,3.7
315.9,87,316.0,93.7,101,10,18.6,15,999,0.4,12.960,33,3.5
318.6,87,312.3,93.7,101,9,23.0,15,1062,0.2,12.960,33,4.8
321.3,87,312.0,93.7,101,7,26.6,15,1158,0.3,12.960,33,5.3
324.0,87,312.0,93.7,101,8,27.6,15,1390,2.4,12.960,33,7.0
326.7,87,312.0,93.7,101,10,29.8,15,1277,1.8,12.960,33,7.3
329.4,87,312.0,93.7,101,11,22.7,15,1126,0.5,12.960,33,5.1
332.1,87,312.0,93.4,101,12,16.9,15,1171,0.1,12.945,33,3.9
334.8,87,307.6,93.3,101,11,16.5,15,1013,0.4,12.880,33,3.5
337.5,87,304.0,93.3,101,10,22.7,15,1079,0.4,12.880,33,4.2
340.2,87,304.0,93.3,101,9,23.6,15,1133,0.4,12.960,33,5.4
342.9,87,304.0,93.6,101,7,26.2,15,1061,0.0,12.960,33,5.5
345.6,87,298.8,93.7,101,0,32.9,15,878,0.0,12.960,33,4.9
348.3,87,296.0,93.7,101,2,26.7,15,1118,2.6,12.960,33,8.0
351.0,87,296.0,93.7,101,6,21.5,15,1424,1.4,12.960,33,5.6
353.7,87,296.0,93.7,101,7,15.7,15,1142,0.4,12.960,33,4.1
356.4,87,293.5,93.7,101,6,23.2,15,1177,0.4,12.960,33,5.4
359.1,87,292.0,93.7,101,6,24.9,15,1169,0.2,13.012,33,5.5
361.8,87,292.0,93.7,101,6,24.3,15,1189,0.3,12.960,33,5.5
364.5,87,292.0,93.7,101,2,26.6,15,972,0.0,12.882,33,4.5
367.2,87,288.6,93.7,101,0,18.5,15,843,0.4,12.880,33,2.7
369.9,87,283.7,93.7,101,0,59.8,15,518,0.2,12.802,33,14.9
372.6,87,278.8,93.7,101,0,4.0,15,81,1.0,12.720,33,34.6
375.3,87,276.0,93.7,101,0,0.0,15,0,1.6,12.720,33,6.3
378.0,87,274.8,93.7,101,0,0.0,15,0,1.6,12.739,33,6.3
380.7,87,276.0,93.7,101,0,0.0,15,2,1.6,12.728,33,6.3
