BlueDriver Data Log
Aug 2, 2018 8:15:01 AM
Time (s),Engine Coolant Temperature (째C),Catalyst Temperature Bank 1 - Sensor 1 (째C),Fuel Level Input (%),Barometric Pressure (kPa),Vehicle Speed (MPH),Absolute Load Value (%),Ambient Air Temperature (째C),Calculated Engine Load Value (%),Engine RPM (rpm),Relative Throttle Position (%),Control Module Voltage (V),Intake Air Temperature (째C),Absolute Throttle Position (%)
0.0,,,,,,,,,,,,,
3.1,31,33.7,90.6,101,20,30.7,18,30.7,1423,0.6,13.005,19,6.5
6.2,32,48.4,90.6,101,20,33.8,18,38.5,1436,1.2,12.960,19,7.4
9.3,32,62.2,90.6,101,21,25.8,18,32.7,1392,1.2,12.859,19,6.3
12.4,34,73.7,90.6,101,20,26.7,18,31.5,1290,1.2,12.960,19,6.3
15.5,34,84.9,90.6,101,20,26.7,18,31.4,1300,1.2,13.009,19,6.3
18.6,35,93.6,90.6,101,19,27.1,18,31.8,1280,1.2,12.812,19,6.3
21.7,35,101.3,91.0,101,13,27.6,18,32.5,1240,1.5,12.960,19,5.9
24.8,37,107.2,91.0,101,5,39.4,18,49.9,1090,3.1,13.040,19,6.1
27.9,37,128.2,91.0,101,10,59.3,18,65.7,2166,10.9,12.918,19,16.9
31.0,38,154.6,91.0,101,18,69.8,18,80.8,1593,13.1,13.013,19,17.6
34.1,40,182.1,91.0,101,23,62.3,18,72.6,1401,9.4,12.960,19,14.9
37.2,41,197.0,91.0,101,26,51.1,18,60.2,1312,3.5,13.040,19,9.6
40.3,42,210.5,91.0,101,26,21.3,18,25.3,1454,0.4,13.040,19,5.7
43.4,42,216.0,91.0,101,26,19.6,18,23.0,1315,0.4,12.991,19,4.9
46.5,43,219.3,91.0,101,25,19.6,18,23.3,1285,0.4,13.027,19,5.1
49.6,43,224.0,91.0,101,22,19.8,18,23.6,1262,0.4,12.960,19,5.1
52.7,44,224.0,91.0,101,17,21.0,18,24.5,1230,0.4,13.040,19,5.1
55.8,44,225.8,91.0,101,10,22.3,18,26.4,1129,0.1,13.040,19,4.9
58.9,45,224.4,91.0,101,2,28.8,18,36.2,882,0.4,12.985,19,5.1
62.0,45,222.2,91.0,101,0,28.2,18,36.5,837,0.4,12.971,19,4.7
65.1,46,220.0,91.0,101,0,27.2,18,35.5,844,0.4,12.905,19,4.3
68.2,46,218.3,91.0,101,0,25.9,18,34.0,825,0.4,12.892,19,4.3
71.3,46,215.7,91.0,101,0,25.9,18,33.3,818,0.4,12.912,19,4.3
74.4,47,212.0,91.0,101,0,25.1,18,32.9,823,0.4,12.881,19,4.3
77.5,47,208.0,91.0,101,0,25.1,18,33.2,821,0.4,12.762,19,4.3
80.6,48,205.5,90.8,101,0,25.1,18,32.5,812,0.4,12.955,19,4.3
83.7,48,204.0,90.6,101,0,25.1,18,32.8,804,0.4,12.920,19,4.3
86.8,48,201.0,90.6,101,0,25.1,18,32.5,812,0.4,12.964,19,4.3
89.9,48,199.1,90.6,101,0,25.1,18,32.5,812,0.4,12.928,19,4.3
93.0,49,196.0,90.6,101,0,25.1,18,32.7,821,0.4,12.890,19,3.9
96.1,49,194.7,90.6,101,0,25.1,18,32.5,812,0.4,12.907,19,3.9
99.2,49,192.0,90.6,101,0,36.4,18,43.0,1138,2.2,12.900,19,4.5
102.3,50,201.7,90.6,101,9,47.5,18,54.6,1641,6.6,13.026,19,11.9
105.4,50,212.1,91.0,101,15,60.0,18,70.1,1399,7.9,12.960,19,13.2
108.5,50,232.7,91.0,101,20,63.0,18,72.9,1401,8.7,12.960,19,14.1
111.6,51,250.7,91.0,100,23,61.9,18,74.9,1337,8.9,12.914,19,13.6
114.7,52,271.0,91.0,100,26,58.7,18,71.6,1337,5.9,12.923,19,10.9
117.8,53,279.9,91.0,99,28,45.7,18,54.9,1198,2.6,12.982,19,7.5
120.9,54,290.4,91.0,100,28,29.8,18,34.7,1192,0.0,12.882,19,5.9
124.0,54,283.3,91.0,101,25,20.1,18,24.3,1203,0.4,12.960,19,4.7
127.1,55,276.9,91.0,101,20,20.4,18,24.5,1165,0.4,12.944,19,4.7
130.2,55,275.1,91.0,101,19,41.7,18,53.3,1232,4.3,12.941,19,9.2
133.3,55,280.0,91.0,101,21,22.1,18,26.0,1246,0.4,12.960,19,4.7
136.4,55,271.8,91.0,101,21,20.4,18,24.3,1186,0.4,12.960,19,4.7
139.5,55,263.8,91.0,101,20,20.4,18,24.6,1168,0.4,12.960,19,4.7
142.6,55,261.5,91.0,101,20,22.5,18,24.7,1162,0.4,12.960,19,5.6
145.7,55,267.9,91.0,101,21,43.4,18,51.7,1225,4.5,12.880,19,8.9
148.8,55,273.7,90.6,101,23,43.1,18,51.4,1212,4.3,12.880,19,8.4
151.9,56,283.5,90.6,101,26,45.2,18,53.0,1237,4.7,12.960,19,9.0
155.0,56,296.1,90.6,101,28,47.7,18,56.2,1278,5.5,12.890,19,9.4
158.1,56,308.6,90.6,101,31,50.1,18,58.5,1290,5.9,12.847,19,10.5
161.2,57,318.9,90.6,101,33,47.5,18,55.6,1284,5.7,12.960,19,9.8
164.3,57,330.9,90.6,100,35,50.1,18,59.2,1325,5.6,13.003,19,9.8
167.4,58,342.7,90.6,99,36,49.4,18,59.0,1320,5.1,12.940,19,9.4
170.5,59,349.7,90.6,100,36,39.5,18,48.2,1189,0.9,12.945,19,5.4
173.6,59,343.9,90.6,101,34,19.8,18,23.9,1164,0.4,13.040,19,4.6
176.7,59,335.1,90.6,101,31,19.3,18,22.7,1190,0.4,12.815,19,4.6
179.8,59,328.1,90.6,101,28,18.8,18,22.5,1206,0.4,12.992,19,4.3
182.9,59,318.5,91.0,101,23,18.8,18,22.4,1201,0.4,12.938,19,4.5
186.0,59,312.3,91.0,101,16,20.6,18,25.0,1101,0.4,12.960,19,4.3
189.1,59,308.0,91.0,101,11,36.9,18,48.0,1194,7.1,12.819,19,10.3
192.2,59,316.7,91.0,101,17,63.1,18,72.4,1423,9.6,12.960,19,14.4
195.3,59,328.9,91.0,100,22,62.6,18,73.4,1435,9.7,13.038,19,13.8
198.4,59,341.9,91.0,100,26,58.9,18,70.6,1336,7.7,12.992,19,12.0
201.5,60,354.5,91.0,99,28,52.4,18,62.6,1291,5.3,13.040,19,9.8
204.6,61,362.6,91.0,99,30,43.6,18,53.5,1233,4.1,12.927,19,8.0
207.7,61,371.5,91.0,99,31,40.5,18,48.6,1179,2.7,12.925,19,7.1
210.8,62,377.4,90.6,99,31,40.6,18,50.0,1210,3.0,12.984,19,7.3
213.9,62,383.1,90.6,100,31,34.7,18,43.7,1163,0.4,12.880,19,5.1
217.0,62,384.0,90.6,99,31,31.7,18,40.8,1179,0.5,12.932,19,5.0
220.1,63,380.7,90.6,101,28,18.0,18,21.4,1225,0.4,12.924,19,4.3
223.2,63,372.0,91.0,101,23,18.0,18,21.7,1221,0.4,12.946,19,4.3
226.3,63,360.1,91.0,101,18,19.2,18,23.1,1146,0.4,12.894,19,4.3
229.4,63,354.4,91.0,101,12,20.7,18,25.4,1056,0.4,12.960,19,4.3
232.5,63,346.7,91.0,101,6,23.1,18,26.7,905,0.4,12.960,19,4.7
235.6,63,340.3,91.0,101,1,30.6,18,40.0,690,0.4,12.857,19,4.3
238.7,63,332.5,91.0,101,0,31.2,18,39.4,674,0.4,12.937,19,3.9
241.8,63,332.3,91.0,101,5,46.2,18,54.6,1583,7.4,12.846,19,11.4
244.9,63,338.6,91.0,101,14,58.6,18,68.0,1469,9.0,12.959,19,13.2
248.0,63,345.7,90.6,101,20,60.0,18,67.4,1364,8.9,12.960,19,11.9
251.1,65,352.0,90.6,101,22,31.5,18,36.1,1195,0.4,12.960,19,5.0
254.2,65,342.8,90.7,101,18,18.9,18,22.7,1127,0.4,13.017,19,4.3
257.3,65,337.1,91.0,101,13,20.0,18,24.4,1077,0.4,12.950,19,4.3
260.4,65,328.0,91.0,101,6,21.2,18,27.6,875,0.4,12.729,19,5.4
263.5,65,324.5,91.0,101,1,30.0,18,39.0,658,0.4,12.880,19,3.9
266.6,65,314.0,91.0,101,0,28.8,18,37.8,615,0.4,12.880,19,3.6
269.7,66,308.0,91.0,101,0,27.2,18,35.1,643,0.4,12.800,19,3.5
272.8,66,301.8,91.0,101,0,24.8,18,33.0,635,0.4,12.800,19,3.2
275.9,66,296.0,91.0,101,0,23.6,18,30.8,615,0.4,12.892,19,3.1
279.0,66,293.0,91.0,101,0,23.1,18,30.3,612,0.4,12.750,19,2.7
282.1,67,288.0,90.6,101,0,22.6,18,29.0,600,0.4,12.895,19,2.7
285.2,67,283.7,90.6,101,0,22.0,18,28.7,600,0.4,12.810,19,2.7
288.3,67,277.3,90.6,101,0,21.7,18,28.2,597,0.4,12.960,19,2.7
291.4,67,274.7,90.6,101,0,21.2,18,28.2,598,0.4,12.908,19,2.6
294.5,67,269.1,90.6,101,0,21.2,18,27.6,591,0.4,13.033,20,2.7
297.6,67,264.0,90.5,101,0,21.2,18,27.8,600,0.4,12.845,20,2.7
300.7,67,260.7,90.2,101,0,21.2,18,27.8,600,0.4,12.880,20,2.7
303.8,67,256.0,90.2,101,0,21.2,18,27.8,588,0.4,12.880,20,2.7
306.9,67,252.1,89.8,101,0,21.2,18,27.8,606,0.4,12.857,20,2.7
310.0,68,250.2,89.8,101,0,21.2,18,27.8,600,0.4,12.861,20,2.4
313.1,68,244.2,89.8,101,0,21.2,18,27.5,592,0.4,12.880,20,2.4
316.2,68,242.3,89.4,101,0,21.2,18,27.5,587,0.4,12.818,20,2.4
319.3,68,236.4,89.4,101,0,21.2,18,27.5,593,0.4,12.837,20,2.4
322.4,68,233.9,89.4,101,0,21.2,18,27.8,587,0.4,12.890,20,2.4
325.5,68,231.4,89.4,101,0,21.2,18,27.5,587,0.4,12.913,20,2.4
328.6,68,228.0,89.1,101,0,21.2,18,27.7,631,0.3,12.880,20,2.4
331.7,68,225.4,89.0,101,2,39.6,18,47.2,1373,4.2,12.880,20,7.8
334.8,68,235.4,89.0,99,10,39.8,18,47.1,1407,5.0,12.960,20,9.4
337.9,68,241.9,89.0,99,13,49.5,18,64.3,1255,5.7,12.818,20,8.7
341.0,69,252.3,89.0,99,17,51.6,18,60.1,1360,6.1,12.927,20,9.8
344.1,69,258.8,89.0,99,20,35.8,18,43.2,1112,2.2,12.960,20,6.3
347.2,70,264.0,89.0,101,21,25.4,18,32.2,1057,0.9,12.960,20,4.2
350.3,70,261.1,89.0,101,19,19.8,18,25.3,1167,0.9,12.964,20,4.0
353.4,70,260.6,89.0,101,19,33.1,18,38.8,1176,3.5,12.953,20,7.2
356.5,70,266.7,89.0,101,21,37.9,18,44.8,1200,4.3,12.966,20,7.7
359.6,70,272.8,89.0,101,24,37.7,18,44.3,1209,3.8,12.958,20,7.4
362.7,71,278.1,89.0,101,27,31.4,18,37.1,1129,2.4,12.805,20,5.9
365.8,71,280.3,89.0,101,27,29.0,18,33.1,1075,1.2,12.913,20,5.3
368.9,71,284.0,88.6,101,27,21.4,18,22.8,1183,0.4,12.960,20,4.1
372.0,72,284.0,88.6,101,26,16.8,18,21.8,1154,1.4,12.977,20,4.0
375.1,72,284.0,88.6,101,26,27.0,18,35.2,1110,3.1,12.883,20,6.4
378.2,72,292.1,88.6,101,27,37.8,18,44.3,1215,3.9,12.912,20,7.8
381.3,72,298.4,88.6,100,29,40.8,18,47.7,1246,3.8,12.882,20,7.6
384.4,72,308.3,88.6,99,30,37.9,18,46.2,1196,2.7,12.960,20,6.6
387.5,73,314.4,88.6,99,31,33.4,18,42.0,1181,2.6,12.958,20,6.3
390.6,73,316.0,88.6,100,31,27.0,18,34.4,1061,0.9,12.880,20,4.3
393.7,74,313.0,88.7,101,30,16.1,18,19.5,1216,0.4,13.025,20,3.9
396.8,74,307.1,88.6,101,29,16.4,18,19.2,1225,0.4,12.931,20,3.9
399.9,74,300.9,88.6,101,27,15.7,18,19.0,1225,0.4,12.960,20,3.9
403.0,74,294.8,89.0,101,23,16.5,18,19.6,1202,0.4,13.017,20,3.9
406.1,74,288.5,89.0,101,15,17.4,18,21.4,1081,0.4,12.819,20,3.9
409.2,74,282.5,89.0,101,6,20.8,18,27.2,847,0.4,12.880,20,3.9
412.3,74,280.0,89.0,101,0,27.9,18,33.7,739,0.4,12.852,20,3.8
415.4,74,273.9,89.0,101,0,51.1,14,78.5,283,0.0,12.813,20,1.4
418.5,74,268.0,89.0,101,0,0.0,3,0.0,0,1.2,12.605,20,6.3
421.6,74,268.0,89.0,101,0,0.0,3,0.0,0,1.2,12.560,20,6.3
424.7,74,267.7,89.0,101,0,0.0,3,0.0,0,1.2,12.560,20,6.3
427.8,74,268.0,89.0,101,0,0.0,3,0.0,0,1.2,12.560,20,6.3
430.9,73,263.0,89.0,101,0,0.4,3,0.5,21,1.2,12.560,20,6.3
434.0,73,264.8,89.0,101,0,0.2,3,0.2,10,1.2,12.564,20,6.3
437.1,74,266.6,89.0,101,0,0.0,3,0.0,0,1.2,12.561,20,6.3
440.2,74,268.0,89.0,101,0,1.2,12.560,20,6.3
