BlueDriver Data Log
Sep 11, 2018 7:01:49 AM
Time (s),Engine Coolant Temperature (째C),Catalyst Temperature Bank 1 - Sensor 1 (째C),Fuel Level Input (%),Barometric Pressure (kPa),Vehicle Speed (MPH),Absolute Load Value (%),Ambient Air Temperature (째C),Calculated Engine Load Value (%),Engine RPM (rpm),Relative Throttle Position (%),Control Module Voltage (V),Intake Air Temperature (째C),Absolute Throttle Position (%)
0.0,,,,,,,,,,,,,
3.1,,514.7,100.0,100,44,74.1,14,84.9,2092,22.5,13.040,14,26.5
6.2,70,523.6,100.0,101,47,60.3,14,69.1,1635,13.4,13.061,14,19.5
9.3,71,529.3,100.0,101,47,70.0,14,82.5,1523,21.8,13.061,14,23.5
12.4,72,538.2,100.0,101,49,79.3,14,87.7,2292,36.5,13.040,14,43.7
15.5,72,548.0,100.0,101,51,54.9,14,52.3,1839,17.5,13.088,14,15.2
18.6,73,550.9,100.0,100,49,63.8,14,75.5,1538,13.0,12.967,14,15.6
21.7,74,552.9,100.0,100,48,65.2,14,75.6,1679,9.8,12.991,14,17.3
24.8,75,556.0,100.0,99,48,64.9,14,77.5,1489,12.8,12.960,14,11.0
27.9,75,561.3,100.0,100,47,68.8,14,79.7,1709,17.2,12.960,14,21.2
31.0,76,564.0,100.0,100,48,69.1,14,75.8,1681,16.8,12.972,14,22.1
34.1,76,573.6,100.0,100,48,75.9,14,86.6,1990,23.6,13.040,14,27.3
37.2,77,580.0,100.0,100,49,74.5,14,85.4,2043,22.4,12.963,14,26.6
40.3,77,588.0,100.0,100,50,68.0,14,79.3,1945,13.9,13.086,14,24.0
43.4,78,585.2,100.0,99,48,55.6,14,65.3,1528,9.3,13.040,14,16.5
46.5,78,588.8,100.0,100,48,70.0,14,81.1,1798,18.2,13.040,14,21.7
49.6,78,594.3,100.0,100,50,72.7,14,83.9,2005,20.9,13.040,14,25.6
52.7,78,599.7,100.0,100,52,74.3,14,85.1,2080,22.0,13.011,14,25.9
55.8,78,603.9,100.0,100,53,76.3,14,87.5,2158,25.2,13.004,14,28.7
58.9,79,602.3,100.0,100,55,77.6,12,87.9,2351,26.8,13.040,13,31.7
62.0,80,609.7,100.0,100,57,77.5,12,88.6,2387,27.1,12.972,12,31.7
65.1,63,614.6,100.0,100,59,68.0,12,82.3,2321,21.6,13.044,12,28.0
68.2,32,619.0,100.0,99,59,41.4,12,56.7,1845,13.6,13.115,12,18.3
71.3,82,616.0,100.0,99,60,44.8,12,56.4,1819,16.2,13.081,12,19.2
74.4,82,614.1,100.0,99,58,54.8,12,31.1,1751,7.0,13.074,12,16.9
77.5,83,608.0,100.0,99,55,69.8,12,65.2,1773,12.6,13.070,13,10.9
80.6,83,608.9,100.0,100,56,61.3,12,73.9,1751,21.7,13.040,14,25.3
83.7,83,612.0,100.0,100,56,80.7,12,87.9,2195,29.5,13.040,14,37.3
86.8,84,616.9,100.0,99,58,70.9,12,88.1,2972,30.5,13.040,13,33.8
89.9,84,621.9,100.0,99,60,62.4,12,65.5,1900,22.9,13.117,12,33.2
93.0,84,624.0,100.0,100,61,78.0,12,88.9,2456,32.9,13.040,12,39.1
96.1,85,627.3,100.0,100,63,26.9,12,39.7,2091,18.7,13.040,12,26.6
99.2,86,621.1,100.0,100,61,43.3,12,52.9,1916,0.7,13.150,12,6.9
102.3,86,606.9,100.0,100,60,13.2,12,15.2,1773,1.4,13.040,12,5.7
105.4,86,597.3,100.0,100,59,21.2,12,29.6,1800,0.4,13.039,14,4.3
108.5,86,585.9,100.0,100,58,13.3,12,14.9,1790,0.4,13.006,14,4.7
111.6,86,570.7,100.0,100,56,13.3,12,15.2,1715,0.4,13.040,14,4.7
114.7,86,553.3,100.0,100,56,13.3,12,15.3,1748,0.4,13.040,14,4.7
117.8,86,540.7,100.0,100,53,35.4,12,42.9,1735,4.6,13.089,14,7.7
120.9,86,545.2,100.0,100,57,72.5,12,85.7,1918,23.9,13.058,14,28.5
124.0,85,554.6,100.0,100,60,48.8,12,87.3,2176,29.7,13.040,12,34.9
127.1,85,559.8,100.0,100,63,82.0,12,94.1,2498,37.7,13.040,12,42.4
130.2,85,568.4,100.0,100,66,73.3,12,82.7,2868,26.1,13.002,12,31.4
133.3,85,575.2,100.0,100,67,72.3,12,81.4,3013,23.4,12.971,12,31.3
136.4,85,583.5,100.0,100,69,77.4,12,87.9,3364,28.1,13.040,12,34.8
139.5,85,591.2,100.0,100,70,76.9,12,84.6,3532,26.3,13.040,12,33.4
142.6,85,596.0,100.0,100,73,68.4,12,71.3,3061,21.5,13.052,12,32.8
145.7,85,599.4,100.0,100,73,78.4,12,88.4,2773,35.5,13.040,12,42.7
148.8,85,605.7,100.0,100,75,76.5,12,86.4,3101,31.0,13.040,12,37.3
151.9,85,611.6,100.0,100,75,79.5,12,88.3,3199,30.5,13.067,12,36.9
155.0,85,613.6,100.0,100,77,79.2,12,87.2,3361,30.2,13.040,12,37.1
158.1,85,619.4,100.0,100,79,79.2,12,87.3,3506,30.0,13.040,12,36.9
161.2,85,621.8,100.0,100,80,81.9,12,88.9,3672,29.0,13.040,12,36.5
164.3,85,624.0,100.0,100,82,76.4,12,86.5,3087,26.8,13.040,12,31.0
167.4,85,616.0,100.0,100,76,12.7,12,14.0,2306,0.4,13.040,12,10.6
170.5,85,596.5,100.0,100,68,11.0,12,12.9,2027,0.4,13.040,12,4.7
173.6,85,582.2,100.0,100,60,22.0,12,16.7,1796,1.3,12.898,12,4.7
176.7,85,575.0,100.0,99,57,34.5,12,40.9,1731,3.4,13.040,12,6.2
179.8,85,568.6,100.0,99,55,41.0,12,40.5,1655,1.4,13.040,12,5.5
182.9,85,563.8,100.0,100,54,15.5,12,17.5,1620,0.4,13.040,12,4.8
186.0,85,548.0,100.0,100,52,25.2,12,33.0,1587,3.4,13.040,12,5.3
189.1,85,545.3,100.0,100,52,23.5,12,29.8,1562,1.4,13.105,12,6.4
192.2,85,540.0,100.0,98,51,37.4,12,37.4,1613,4.1,12.979,12,8.3
195.3,85,540.0,100.0,99,52,65.3,12,75.1,1787,15.0,13.040,12,18.7
198.4,85,547.1,100.0,100,53,18.1,12,23.8,1667,9.2,13.040,12,10.4
201.5,85,547.3,100.0,99,52,62.4,12,72.7,1705,12.9,13.040,14,16.5
204.6,85,549.8,100.0,100,54,63.9,12,74.0,1898,11.3,13.040,14,16.6
207.7,85,552.0,100.0,98,55,46.6,12,55.1,1650,7.7,12.996,14,11.4
210.8,86,552.0,100.0,99,55,49.2,12,63.8,1710,11.2,12.969,14,11.8
213.9,86,552.0,100.0,99,55,61.4,12,67.0,1766,14.8,13.040,14,19.5
217.0,86,556.9,100.0,100,55,69.7,12,83.6,2015,22.0,13.040,12,19.3
220.1,86,560.0,100.0,100,56,65.8,12,71.9,1762,15.0,13.040,12,20.2
223.2,87,562.9,100.0,99,57,64.6,12,72.4,1847,14.2,12.897,12,19.0
226.3,87,565.2,100.0,99,57,64.2,12,73.3,1865,14.9,13.040,12,19.2
229.4,87,568.0,100.0,99,58,63.5,12,72.9,1848,13.6,13.040,12,10.5
232.5,87,568.0,100.0,99,59,58.7,12,72.6,1886,14.9,12.975,12,19.2
235.6,87,564.0,100.0,98,59,35.0,12,37.0,1772,3.4,13.040,12,8.4
238.7,87,561.0,100.0,98,58,42.8,12,49.4,1750,7.0,13.126,12,11.6
241.8,87,560.0,100.0,99,57,51.7,12,59.2,1750,9.2,13.092,12,13.1
244.9,87,560.0,100.0,98,57,47.2,12,56.7,1725,3.8,12.979,12,7.8
248.0,87,560.0,100.0,99,57,64.6,12,75.1,1791,14.7,13.040,12,18.6
251.1,87,563.5,100.0,99,58,67.5,12,76.6,1900,16.9,13.040,12,21.2
254.2,87,568.0,100.0,99,59,65.9,12,75.7,1914,16.1,13.040,12,20.3
257.3,87,568.0,100.0,99,60,54.4,12,67.0,1847,13.6,12.940,12,15.3
260.4,87,570.1,100.0,99,58,62.0,12,70.8,1790,13.3,13.040,12,17.6
263.5,87,572.0,100.0,99,58,66.8,12,76.2,1849,16.5,13.040,12,20.4
266.6,87,574.6,100.0,99,58,66.4,12,76.8,1930,13.4,13.040,12,18.1
269.7,87,576.0,100.0,99,57,65.8,12,74.9,1854,15.6,13.040,12,19.6
272.8,87,579.0,100.0,99,57,65.5,12,76.0,1900,15.7,13.040,12,19.7
275.9,87,580.0,100.0,99,57,65.8,12,75.3,1912,15.7,13.040,12,19.8
279.0,87,584.0,100.0,99,58,65.1,12,74.9,1912,15.7,12.994,12,20.0
282.1,87,584.0,100.0,99,58,61.3,12,72.3,1839,15.3,13.040,12,20.0
285.2,87,584.0,100.0,99,58,64.5,12,74.0,1880,13.7,13.040,12,18.1
288.3,87,584.0,100.0,99,58,58.2,12,68.0,1775,12.6,12.963,12,16.4
291.4,87,584.8,100.0,99,58,61.9,12,72.1,1824,13.8,13.001,12,18.3
294.5,87,588.0,100.0,99,58,67.9,12,79.3,1927,18.8,13.040,12,23.2
297.6,87,588.3,100.0,99,58,70.4,12,80.6,2025,19.2,13.040,12,24.1
300.7,87,592.0,100.0,100,58,62.4,12,71.2,1774,13.8,13.040,12,18.9
303.8,87,592.0,100.0,100,57,65.6,12,75.0,1840,14.5,13.108,12,22.0
306.9,87,596.1,100.0,100,57,77.0,12,87.8,2177,26.5,13.075,12,30.8
310.0,87,602.5,100.0,100,59,76.6,12,87.6,2389,25.4,13.040,12,30.2
313.1,87,609.0,100.0,99,61,76.1,12,87.8,2409,24.7,13.088,12,29.8
316.2,87,612.0,100.0,99,62,67.1,12,81.5,2277,22.6,13.040,12,30.2
319.3,87,612.0,100.0,99,62,74.2,12,86.7,1943,21.1,13.040,12,23.0
322.4,87,612.0,100.0,99,60,74.6,12,84.4,2163,20.5,12.979,12,24.6
325.5,87,616.0,100.0,99,58,73.1,12,84.0,2226,23.9,13.040,12,28.1
328.6,87,620.0,100.0,99,57,74.4,12,86.3,2303,25.1,13.061,12,30.2
331.7,87,620.0,100.0,98,57,48.6,12,52.8,1725,9.8,13.076,12,16.3
334.8,87,618.9,100.0,99,56,32.9,12,47.0,1704,8.9,12.936,12,9.6
337.9,87,609.3,100.0,100,56,28.5,12,27.0,1705,0.8,13.040,12,5.5
341.0,87,599.5,100.0,100,57,14.1,12,15.7,1712,0.6,12.975,12,4.7
344.1,87,579.8,100.0,100,56,14.1,12,16.0,1697,0.4,13.040,12,4.9
347.2,87,572.0,100.0,99,56,37.2,12,52.8,1738,9.0,13.040,12,12.6
350.3,87,572.0,100.0,99,58,34.2,12,39.1,1764,7.7,13.096,12,13.0
353.4,87,572.0,100.0,99,59,65.8,12,75.5,1946,15.8,13.058,12,21.9
356.5,86,572.0,100.0,98,60,47.6,12,48.8,1812,2.7,13.050,12,12.2
359.6,86,567.2,100.0,98,58,39.9,12,48.3,1790,6.2,12.991,12,5.8
362.7,86,564.0,100.0,99,55,41.7,12,40.6,1694,4.8,13.040,12,11.1
365.8,86,565.6,100.0,99,52,61.2,12,69.8,1820,12.7,13.040,12,17.5
368.9,86,571.8,100.0,99,51,71.9,12,84.1,1977,21.4,13.062,12,25.6
372.0,86,576.0,100.0,99,49,63.2,12,77.6,1699,2.0,13.044,12,14.6
375.1,86,576.0,100.0,98,48,43.4,12,57.0,1630,7.5,13.031,12,11.6
378.2,86,576.0,100.0,98,49,62.7,12,73.5,1817,14.5,13.040,12,18.4
381.3,86,580.0,100.0,98,51,61.4,12,69.8,1863,13.9,12.949,12,18.4
384.4,86,580.0,100.0,98,52,60.7,12,70.5,1869,13.3,13.040,12,17.5
387.5,86,584.0,100.0,98,53,60.5,12,70.8,1904,13.7,13.005,12,17.6
390.6,87,584.0,100.0,98,54,61.2,12,71.3,1909,13.7,13.040,12,17.6
393.7,87,588.0,100.0,98,55,62.7,12,72.3,1869,14.4,13.073,12,18.8
396.8,87,585.1,100.0,98,55,39.3,12,43.1,1666,5.0,13.040,12,8.5
399.9,87,584.0,100.0,98,55,54.9,12,64.0,1675,10.2,13.040,12,15.2
403.0,87,584.0,100.0,98,55,62.4,12,72.4,1718,14.1,12.896,12,18.1
406.1,87,584.0,100.0,98,56,61.3,12,71.9,1767,13.9,13.040,12,18.0
409.2,87,584.0,100.0,98,57,52.7,12,55.9,1737,6.9,13.040,12,13.8
412.3,87,584.0,100.0,98,57,56.3,12,66.3,1744,11.3,13.040,12,15.2
415.4,87,584.0,100.0,99,58,65.9,12,75.3,1862,16.7,13.040,12,20.4
418.5,87,585.4,100.0,99,60,70.3,12,81.6,2058,19.2,13.040,12,23.1
421.6,87,588.0,100.0,98,63,66.0,12,78.3,2008,17.8,13.083,12,19.0
424.7,87,588.0,100.0,98,65,47.3,12,55.3,1963,13.9,13.297,12,19.8
427.8,87,584.1,100.0,98,65,46.2,12,54.2,1965,6.5,13.417,12,7.5
430.9,87,581.7,100.0,98,63,20.1,12,27.5,1888,3.0,13.753,12,4.7
434.0,87,570.7,100.0,100,58,13.3,12,15.5,1751,1.3,13.799,12,5.2
437.1,87,564.0,100.0,98,54,36.5,12,41.0,1653,5.5,13.760,12,11.4
440.2,87,564.0,100.0,98,52,51.0,12,66.1,1611,11.8,13.713,12,14.2
443.3,87,564.0,100.0,98,52,54.7,12,65.9,1600,9.4,13.760,12,11.8
446.4,87,564.8,100.0,99,52,70.4,12,83.1,1761,17.9,13.760,12,22.5
449.5,87,571.2,100.0,99,54,74.5,12,86.0,2093,21.5,13.840,12,27.5
452.6,87,578.0,100.0,99,57,73.0,12,84.8,2243,22.0,13.791,12,27.9
455.7,87,584.0,100.0,98,60,66.6,12,79.7,2151,18.9,13.760,12,18.0
458.8,87,584.0,100.0,98,62,64.2,12,73.4,1915,14.6,13.760,12,19.2
461.9,87,584.0,100.0,98,64,63.6,12,72.7,1964,14.7,13.773,12,19.2
465.0,87,585.6,100.0,98,65,66.4,12,77.9,2010,16.2,13.782,12,20.9
468.1,87,587.9,100.0,99,66,69.8,12,82.1,2119,19.8,13.812,12,23.6
471.2,87,586.0,100.0,99,64,68.9,11,75.1,1963,16.6,13.834,11,22.4
474.3,87,588.0,100.0,99,62,51.3,11,62.0,1901,13.3,13.691,11,19.4
477.4,87,585.5,100.0,99,60,44.2,11,47.2,1808,7.2,13.758,12,12.2
480.5,87,584.0,100.0,99,58,56.2,11,64.4,1797,12.0,13.806,12,16.2
483.6,87,584.0,100.0,98,60,58.8,11,68.7,1822,12.5,13.760,12,16.6
486.7,87,584.0,100.0,98,61,64.4,11,74.7,1913,14.9,13.760,12,19.6
489.8,87,584.0,100.0,98,63,66.4,11,77.1,1980,16.5,13.580,12,20.9
492.9,87,585.6,100.0,98,65,69.8,11,80.4,2060,18.1,13.399,12,23.0
496.0,87,588.0,100.0,98,65,59.0,11,68.5,1969,17.6,13.142,11,15.4
499.1,87,586.5,100.0,99,64,57.4,11,72.6,1989,17.5,13.040,11,16.3
502.2,87,582.2,100.0,99,63,23.4,11,26.1,1900,7.1,13.040,12,11.0
505.3,87,580.0,100.0,98,62,47.1,11,55.3,1900,9.1,13.098,12,13.7
508.4,87,576.0,100.0,98,62,48.4,11,56.8,1886,9.0,13.040,12,13.4
511.5,87,576.0,100.0,98,62,60.6,11,68.4,1908,11.8,12.960,12,16.5
514.6,87,576.0,100.0,98,62,64.3,11,75.2,1965,14.1,12.892,12,14.8
517.7,87,576.0,100.0,98,62,62.6,11,75.0,1909,13.1,13.040,12,17.7
520.8,87,579.2,100.0,99,61,71.8,11,82.9,2125,20.7,13.090,11,25.0
523.9,87,581.4,100.0,98,61,61.6,11,76.2,1846,17.3,13.040,11,17.2
527.0,87,580.5,100.0,98,60,51.0,11,56.5,1800,7.9,12.985,11,18.8
530.1,87,580.0,100.0,98,59,48.2,11,59.9,1793,12.4,13.040,11,16.2
533.2,87,580.0,100.0,99,61,69.5,11,81.4,1943,19.6,13.040,11,24.3
536.3,87,584.0,100.0,98,62,59.9,11,65.7,1923,13.0,12.925,11,21.9
539.4,87,580.4,100.0,98,63,55.7,11,55.2,1948,11.6,12.986,11,19.5
542.5,87,584.0,100.0,99,64,69.0,11,81.2,2285,15.5,13.040,11,19.3
545.6,87,580.0,100.0,97,65,47.3,11,49.4,1945,6.0,13.040,11,9.9
548.7,87,574.9,100.0,98,64,33.9,11,37.8,1927,0.6,13.119,11,6.5
551.8,87,572.0,100.0,98,62,62.5,11,70.7,1913,15.0,12.998,11,21.0
554.9,87,575.1,100.0,99,63,76.1,11,89.1,2288,25.7,13.040,11,30.0
558.0,87,581.8,100.0,99,63,70.8,11,77.9,2109,20.0,13.040,11,26.7
561.1,87,584.0,100.0,98,63,68.3,11,74.2,1980,14.5,13.040,11,13.9
564.2,87,584.0,100.0,98,63,70.3,11,81.9,1989,19.9,12.969,11,23.7
567.3,87,584.3,100.0,98,63,70.0,11,81.8,2124,20.6,13.040,11,24.9
570.4,87,590.6,100.0,99,65,76.5,11,91.1,2306,35.6,13.040,11,38.2
573.5,87,596.8,100.0,99,66,79.4,11,91.0,3048,39.5,12.960,11,44.8
576.6,87,596.6,100.0,99,69,80.4,11,91.7,3391,32.2,13.040,10,39.1
579.7,87,601.6,100.0,99,71,74.1,10,85.8,3451,27.5,13.040,10,31.7
582.8,86,604.0,100.0,98,73,72.9,10,84.3,2873,21.1,13.040,10,20.0
585.9,86,608.0,100.0,99,73,76.9,10,89.0,2651,34.3,13.040,10,38.9
589.0,86,611.5,100.0,99,73,76.9,10,88.5,2775,36.5,13.040,10,42.0
592.1,86,614.3,100.0,99,73,75.4,10,86.2,2741,29.9,13.057,10,35.7
595.2,87,616.0,100.0,99,73,76.1,10,85.6,2697,29.0,13.040,10,35.6
598.3,87,616.0,100.0,99,74,72.0,10,84.7,2320,19.0,13.116,10,27.5
601.4,87,620.0,100.0,99,75,76.1,10,87.7,2552,30.8,12.989,10,35.9
604.5,87,620.0,100.0,99,75,73.7,10,86.2,2674,31.2,13.030,10,36.9
607.6,87,624.0,100.0,98,76,73.8,10,84.7,2719,28.4,13.021,10,33.6
610.7,87,624.0,100.0,98,76,70.8,10,76.7,2530,26.4,13.040,10,33.7
613.8,87,624.0,100.0,98,75,74.3,10,86.1,2550,26.9,13.040,10,31.5
616.9,87,624.0,100.0,98,75,72.9,10,83.7,2698,23.9,13.040,10,30.4
620.0,87,624.0,100.0,98,75,72.4,10,83.9,2362,22.0,13.008,10,27.2
623.1,87,624.0,100.0,98,75,72.9,10,83.9,2488,23.3,13.053,10,28.3
626.2,87,624.0,100.0,98,75,63.6,10,76.5,2350,20.1,13.040,10,23.2
629.3,87,621.3,100.0,98,75,62.1,10,72.9,2277,15.1,13.040,10,20.9
632.4,87,620.0,100.0,98,75,65.1,10,76.3,2276,14.5,13.095,10,20.8
635.5,87,616.1,100.0,98,76,60.1,10,71.6,2287,16.5,13.038,10,19.2
638.6,87,616.0,100.0,98,75,66.6,10,78.0,2296,18.6,13.031,10,23.6
641.7,87,616.0,100.0,98,75,70.5,10,82.0,2265,21.3,12.972,10,25.8
644.8,87,616.0,100.0,98,73,68.5,10,80.5,2241,19.2,13.052,10,24.0
647.9,87,612.0,100.0,98,72,67.5,10,78.8,2210,19.2,12.965,10,23.9
651.0,87,612.0,100.0,98,72,54.2,10,67.2,2172,16.5,12.955,10,22.6
654.1,87,609.2,100.0,98,71,67.2,10,78.1,2147,18.7,13.040,10,22.7
657.2,87,608.0,100.0,98,70,66.7,10,72.7,2129,15.3,12.997,10,22.3
660.3,87,608.0,100.0,98,69,71.4,10,84.0,2167,20.8,13.053,10,24.7
663.4,87,608.0,100.0,98,68,72.8,10,85.9,2312,22.8,12.914,10,28.0
666.5,87,611.4,100.0,98,67,74.5,10,86.7,2442,25.6,13.024,10,30.6
669.6,87,612.0,100.0,98,67,73.7,10,85.1,2549,26.2,13.017,10,31.4
672.7,87,615.7,100.0,98,67,73.7,10,85.7,2568,26.6,13.040,10,32.2
675.8,87,617.8,100.0,98,67,73.7,10,85.9,2563,27.5,13.040,10,32.8
678.9,87,620.0,100.0,98,67,74.3,10,86.3,2594,28.2,12.943,10,33.7
682.0,87,622.6,100.0,98,67,73.0,10,84.9,2496,27.8,13.040,10,33.4
685.1,87,620.0,100.0,98,67,74.9,10,86.7,2175,23.3,12.915,10,27.9
688.2,87,622.6,100.0,98,66,73.4,10,86.0,2345,24.5,13.040,10,28.8
691.3,87,624.0,100.0,98,65,74.0,10,85.8,2331,23.2,13.040,10,28.2
694.4,87,624.0,100.0,98,65,69.9,10,83.0,2284,20.7,13.040,10,21.5
697.5,87,620.4,100.0,97,64,64.8,10,76.0,1988,16.8,12.985,10,20.0
700.6,87,620.0,100.0,98,65,71.2,10,83.8,2178,21.5,13.040,10,26.3
703.7,87,620.0,100.0,98,67,69.9,10,79.8,2153,15.0,12.999,10,22.3
706.8,87,616.9,100.0,98,68,58.3,10,53.6,2062,8.1,13.040,10,19.3
709.9,87,607.6,100.0,98,67,12.4,10,16.2,2018,1.5,13.040,10,7.5
713.0,87,600.0,100.0,98,66,49.9,10,56.6,2012,9.4,13.040,10,11.9
716.1,87,596.0,100.0,97,65,47.4,10,56.2,1963,10.9,13.040,10,14.7
719.2,87,596.0,100.0,98,65,65.1,10,77.3,2024,18.1,12.969,10,21.4
722.3,87,596.0,100.0,98,63,67.8,10,80.2,2095,18.1,13.038,10,22.5
725.4,87,596.0,100.0,98,63,69.5,10,81.0,2136,19.7,13.010,10,24.1
728.5,87,596.0,100.0,98,63,54.8,10,65.9,1942,15.2,13.040,10,20.8
731.6,87,594.3,100.0,98,62,53.4,10,59.2,1899,9.7,13.055,10,12.4
734.7,87,592.0,100.0,98,61,56.9,10,69.5,1863,13.2,13.056,10,11.1
737.8,87,585.8,100.0,98,60,32.4,10,37.3,1799,4.4,13.045,10,10.4
740.9,87,584.0,100.0,98,58,49.2,10,60.8,1796,10.2,13.040,10,14.3
744.0,87,584.0,100.0,98,60,53.8,10,67.1,1817,12.5,13.040,10,9.5
747.1,87,578.7,100.0,98,60,30.9,10,38.2,1802,5.4,13.040,10,8.3
750.2,87,572.9,100.0,98,59,32.7,10,34.4,1776,2.6,13.053,10,9.9
753.3,87,572.0,100.0,98,60,70.1,10,80.0,1933,13.5,13.063,10,16.8
756.4,87,572.0,100.0,98,60,49.8,10,50.9,1832,8.7,13.023,10,15.7
759.5,87,566.5,100.0,98,58,23.6,10,30.4,1747,3.7,13.018,10,9.1
762.6,87,567.1,100.0,98,57,64.0,10,74.1,1829,15.9,13.029,10,25.1
765.7,87,569.4,100.0,98,58,69.8,10,79.7,2006,21.0,13.017,10,23.5
768.8,87,572.0,100.0,98,58,43.6,10,36.8,1753,3.0,13.040,10,10.0
771.9,87,566.4,100.0,98,56,63.4,10,75.1,1712,5.2,13.040,10,15.3
775.0,87,567.8,100.0,98,57,71.4,10,79.7,1917,18.7,12.904,10,23.9
778.1,87,568.0,100.0,98,57,41.1,10,57.1,1712,12.6,13.039,10,16.3
781.2,87,568.0,100.0,98,56,62.6,10,73.0,1722,7.2,13.009,10,15.1
784.3,87,568.0,100.0,98,55,60.5,10,70.3,1724,14.1,13.040,10,18.5
787.4,87,569.2,100.0,98,55,72.7,10,84.1,1936,19.8,13.066,10,23.4
790.5,87,572.0,100.0,98,55,64.5,10,78.9,1742,17.7,13.040,10,23.9
793.6,87,576.0,100.0,97,55,71.2,10,82.7,1971,18.6,13.040,10,24.2
796.7,87,580.0,100.0,97,56,70.6,10,82.1,1995,19.6,13.040,10,24.2
799.8,87,582.3,100.0,97,56,71.7,10,83.5,2016,21.3,13.040,10,25.3
802.9,87,587.9,100.0,98,56,73.4,10,86.7,2195,25.4,13.119,10,30.1
806.0,87,594.2,100.0,98,57,76.1,10,89.0,2378,27.5,13.043,10,32.0
809.1,87,600.5,100.0,97,57,76.1,10,88.7,2408,27.3,13.040,10,32.2
812.2,87,607.2,100.0,97,58,74.9,10,87.7,2401,27.2,13.051,10,31.8
815.3,87,613.1,100.0,97,58,74.5,10,87.8,2394,25.6,13.070,10,30.8
818.4,87,616.0,100.0,97,58,74.5,10,88.0,2405,25.5,13.040,10,30.4
821.5,87,620.0,100.0,97,58,72.6,10,86.6,2165,24.4,13.040,10,28.4
824.6,87,620.0,100.0,97,57,65.4,10,77.3,1972,13.3,13.040,10,10.1
827.7,87,618.1,100.0,97,57,78.5,10,83.4,2337,36.2,13.040,11,36.0
830.8,87,623.9,100.0,97,58,82.9,10,94.7,3168,42.7,13.040,11,48.2
833.9,87,630.1,100.0,97,60,85.6,10,96.7,3484,42.6,12.970,11,49.6
837.0,86,632.8,100.0,98,63,91.0,10,97.3,3876,51.3,13.040,11,57.5
840.1,85,636.0,100.0,98,67,91.6,10,97.3,4266,55.4,13.040,11,67.0
843.2,85,637.5,100.0,97,70,89.9,10,95.7,4330,44.4,13.040,11,48.9
846.3,85,640.0,100.0,97,71,83.4,10,93.8,3562,37.2,13.040,11,43.9
849.4,85,640.0,100.0,97,72,87.6,10,97.0,3699,42.0,12.966,11,49.0
852.5,85,640.0,100.0,97,73,86.1,10,96.1,3727,36.2,13.040,11,44.2
855.6,85,640.0,100.0,97,73,75.7,10,85.6,3237,23.6,13.040,11,33.4
858.7,85,640.0,100.0,97,75,71.8,10,84.7,2708,28.8,13.092,11,34.6
861.8,85,636.8,100.0,97,75,67.1,10,80.3,2313,20.5,12.976,11,25.9
864.9,86,636.0,100.0,97,77,58.3,10,72.4,2337,17.6,13.040,12,21.4
868.0,86,627.5,100.0,97,78,15.9,10,17.6,2340,0.4,13.040,12,5.5
871.1,87,604.6,100.0,97,78,11.8,10,14.1,2325,0.4,13.040,12,5.5
874.2,87,591.0,100.0,97,78,14.1,10,15.9,2345,1.0,12.989,12,5.9
877.3,87,585.1,100.0,98,79,13.3,10,15.7,2366,0.8,13.038,14,5.9
880.4,86,572.4,100.0,98,79,12.6,10,15.0,2354,0.5,12.960,14,5.9
883.5,86,556.2,100.0,98,78,13.9,10,15.9,2343,0.6,12.960,14,6.0
886.6,85,541.4,100.0,98,79,13.8,10,16.3,2370,0.8,12.882,14,5.6
889.7,85,537.1,100.0,98,80,13.1,10,16.5,2400,1.1,12.960,14,5.7
892.8,85,520.9,100.0,98,80,11.8,10,14.1,2450,0.4,13.014,14,5.5
895.9,85,502.9,100.0,98,80,11.8,10,14.1,2426,0.4,13.025,14,5.5
899.0,85,491.8,100.0,98,80,11.8,10,14.1,2443,0.4,12.932,14,5.5
902.1,85,472.8,100.0,98,80,11.8,10,14.1,2426,0.4,13.040,14,5.5
905.2,85,456.9,100.0,98,80,11.8,10,14.1,2418,0.4,12.826,14,5.5
908.3,85,443.4,100.0,99,80,11.8,10,14.1,2425,0.4,13.015,14,5.5
911.4,85,428.5,100.0,99,80,11.8,10,14.1,2431,0.4,13.040,14,5.5
914.5,85,414.9,100.0,99,80,11.8,10,14.1,2426,0.4,12.926,14,5.5
917.6,85,400.5,100.0,99,80,11.8,10,14.1,2418,0.4,12.931,14,5.5
920.7,85,387.7,100.0,99,80,11.8,10,14.0,2412,0.4,13.029,14,5.5
923.8,85,378.6,100.0,99,78,11.8,10,13.7,2404,0.4,12.878,13,5.5
926.9,84,363.4,100.0,99,78,11.8,10,13.7,2410,0.4,12.960,12,5.5
930.0,84,352.0,100.0,99,78,11.8,10,13.7,2392,0.4,12.994,12,5.5
933.1,84,346.5,100.0,99,78,11.8,10,13.7,2391,0.4,12.955,12,5.5
936.2,84,333.3,100.0,99,78,11.8,10,13.7,2400,0.4,12.936,12,5.5
939.3,84,324.3,100.0,100,76,11.8,10,13.5,2380,0.4,12.982,12,5.5
942.4,84,311.6,100.0,100,72,12.3,10,13.6,2145,0.4,12.963,12,5.2
945.5,84,303.3,100.0,100,69,11.8,10,13.6,2078,0.4,12.920,12,5.1
948.6,84,300.0,100.0,100,66,12.5,10,15.1,2021,0.9,12.814,12,5.1
951.7,84,294.7,100.0,100,66,14.0,10,14.7,1976,0.6,12.960,12,5.3
954.8,84,295.2,100.0,100,64,19.1,10,21.5,1920,1.7,12.960,12,6.3
957.9,84,297.5,100.0,100,63,14.4,10,15.8,1925,0.8,12.960,12,5.1
961.0,84,300.0,100.0,100,62,23.6,10,26.2,1897,2.9,13.020,12,7.6
964.1,84,307.4,100.0,100,61,31.4,10,41.0,1992,7.3,12.960,12,10.8
967.2,84,315.5,100.0,100,61,28.6,10,31.5,1850,4.1,12.985,12,8.7
970.3,84,321.9,100.0,100,61,27.2,10,30.1,1837,4.1,13.040,12,8.7
973.4,84,324.0,100.0,100,61,16.6,10,20.8,1830,0.6,13.013,12,5.1
976.5,84,315.2,100.0,100,60,14.1,10,15.7,1823,0.4,12.960,12,5.1
979.6,84,307.1,100.0,100,60,14.1,10,15.7,1804,0.4,13.004,12,5.1
982.7,84,297.8,100.0,100,59,14.1,10,16.4,1789,0.5,13.037,12,5.1
985.8,84,292.1,100.0,100,57,36.2,10,40.4,1842,5.1,12.930,12,8.7
988.9,84,307.2,100.0,100,58,47.8,10,60.4,1825,11.6,12.957,12,15.6
992.0,84,312.7,100.0,100,57,26.0,10,34.1,1750,3.7,12.960,12,7.4
995.1,84,316.0,100.0,100,58,18.4,10,21.9,1737,1.1,13.037,12,5.2
998.2,84,321.1,100.0,100,57,41.9,10,42.5,1853,6.4,12.960,12,11.7
1001.3,85,331.5,100.0,100,60,63.5,10,72.8,1943,14.2,12.882,12,17.9
1004.4,85,349.7,100.0,100,62,67.0,10,77.1,2002,15.6,12.996,12,19.6
1007.5,85,365.0,100.0,100,63,63.0,10,71.9,2005,15.0,13.032,11,19.7
1010.6,86,380.2,100.0,100,65,57.1,10,65.4,1975,12.1,13.018,11,16.5
1013.7,86,391.6,100.0,100,66,51.4,10,60.0,2005,11.0,12.918,11,14.9
1016.8,86,401.8,100.0,100,66,45.6,10,54.4,2011,5.5,13.006,11,11.3
1019.9,86,408.0,100.0,100,66,25.3,10,30.7,1979,5.2,12.960,11,9.7
1023.0,86,411.4,100.0,100,65,41.1,10,47.0,2005,8.5,12.975,11,12.9
1026.1,86,417.5,100.0,100,65,42.7,10,45.6,1990,8.2,12.980,11,12.7
1029.2,86,426.7,100.0,100,65,45.7,10,41.2,2001,8.2,12.960,11,14.3
1032.3,86,432.0,100.0,100,66,20.7,10,18.8,1978,2.0,12.960,11,11.9
1035.4,86,435.9,100.0,100,68,25.9,10,35.7,2071,7.8,13.017,11,14.3
1038.5,86,428.6,100.0,100,68,12.5,10,14.1,2026,0.4,13.008,12,5.1
1041.6,86,416.2,100.0,100,64,12.5,10,14.1,2006,0.4,12.880,12,5.0
1044.7,86,403.8,100.0,100,57,13.5,10,15.9,1803,0.4,12.947,12,5.0
1047.8,86,400.0,100.0,100,54,25.2,10,27.6,1644,2.9,12.921,12,7.7
1050.9,86,402.5,100.0,100,54,36.3,10,47.7,1659,5.2,13.036,12,9.1
1054.0,86,412.5,100.0,100,56,56.9,10,63.9,1792,10.7,12.960,12,16.4
1057.1,86,418.9,100.0,100,59,35.4,10,34.3,1775,3.4,12.960,12,8.8
1060.2,86,412.2,100.0,100,58,14.1,10,16.6,1753,0.5,12.960,12,5.1
1063.3,86,401.0,100.0,100,58,23.2,10,25.0,1696,1.1,12.960,12,6.7
1066.4,86,400.0,100.0,100,57,21.5,10,20.6,1744,1.8,12.960,12,6.9
1069.5,86,396.7,100.0,101,57,16.9,10,18.1,1773,1.8,13.022,12,5.9
1072.6,86,396.0,100.0,101,58,15.9,10,18.0,1756,0.4,12.960,12,5.2
1075.7,86,391.3,100.0,101,58,26.5,10,21.2,1797,0.6,12.960,12,5.9
1078.8,86,382.2,100.0,101,59,16.1,10,18.0,1850,0.8,12.968,12,5.1
1081.9,86,383.2,100.0,101,60,13.8,10,15.1,1927,1.9,12.993,12,7.5
1085.0,86,382.8,100.0,101,61,40.0,10,40.0,1882,5.3,12.960,12,11.4
1088.1,86,388.8,100.0,101,63,35.2,10,40.8,1910,7.1,12.960,12,10.8
1091.2,86,397.1,100.0,101,65,34.9,10,36.0,1941,6.5,12.960,12,12.9
1094.3,86,405.2,100.0,101,66,48.3,10,54.4,2027,8.9,13.000,12,13.7
1097.4,86,414.5,100.0,100,67,39.3,10,37.8,2010,5.2,12.960,12,12.5
1100.5,86,420.0,100.0,101,66,22.1,10,25.9,1994,3.8,13.006,12,9.5
1103.6,86,420.0,100.0,101,65,27.3,10,32.1,1957,5.0,12.962,12,8.3
1106.7,86,424.5,100.0,101,66,54.7,10,57.1,2050,11.0,12.880,12,15.5
1109.8,86,433.4,100.0,100,68,42.8,10,52.2,2076,11.6,12.960,12,16.6
1112.9,86,436.0,100.0,101,67,21.6,10,24.8,2007,3.7,12.960,12,7.7
1116.0,86,439.0,100.0,101,67,48.1,10,53.6,2067,9.6,12.901,12,14.0
1119.1,86,447.5,100.0,101,68,51.5,10,57.3,2098,10.5,12.918,13,15.6
1122.2,86,456.1,100.0,100,68,62.4,10,70.4,2120,14.8,12.960,14,19.2
1125.3,86,465.5,100.0,100,70,68.5,10,78.0,2137,18.6,12.960,14,23.1
1128.4,86,473.2,100.0,101,68,62.9,10,73.2,2097,18.5,12.960,14,18.3
1131.5,86,482.3,100.0,100,66,72.9,10,83.6,2222,22.2,12.896,14,26.5
1134.6,86,495.0,100.0,100,64,72.4,10,83.5,2275,21.9,13.020,14,26.5
1137.7,86,507.8,100.0,100,62,75.4,10,85.9,2329,24.4,12.960,14,29.7
1140.8,86,519.2,100.0,100,62,77.6,10,89.4,2469,28.5,13.023,14,33.4
1143.9,86,532.7,100.0,100,62,77.6,10,89.0,2527,30.0,12.969,14,34.7
1147.0,86,542.9,100.0,100,63,77.3,10,88.0,2546,30.8,12.960,14,35.7
1150.1,86,550.7,100.0,100,65,76.9,10,88.0,2557,31.8,12.960,14,36.9
1153.2,86,562.4,100.0,100,66,76.9,10,87.3,2569,31.4,12.960,14,36.6
1156.3,86,568.0,100.0,100,68,69.0,10,81.4,2263,25.2,13.005,14,29.3
1159.4,86,570.2,100.0,100,70,70.7,10,80.9,2238,21.6,13.046,15,26.5
1162.5,86,576.0,100.0,101,72,66.5,10,78.6,2272,21.5,12.997,15,25.5
1165.6,86,578.8,100.0,101,72,71.1,10,80.7,2321,22.9,12.884,15,27.8
1168.7,86,580.0,100.0,101,72,69.7,10,77.8,2200,19.1,12.996,15,24.1
1171.8,86,582.5,100.0,100,72,70.3,10,80.2,2242,20.4,12.961,16,25.4
1174.9,86,583.3,100.0,100,72,29.6,10,44.6,2181,11.2,12.995,16,21.5
1178.0,86,580.0,100.0,100,73,65.9,10,76.2,2230,17.8,12.960,16,22.3
1181.1,86,584.0,100.0,100,75,63.2,10,75.5,2313,17.4,12.960,16,18.7
1184.2,86,584.0,100.0,100,78,60.4,10,67.7,2365,14.9,13.011,16,19.1
1187.3,86,584.0,100.0,100,80,67.2,10,75.7,2441,17.9,13.035,16,22.9
1190.4,86,581.9,100.0,101,81,12.9,10,18.3,2409,3.1,12.960,16,5.9
1193.5,86,576.0,100.0,100,80,51.8,10,51.8,2417,11.8,12.841,16,21.9
1196.6,86,569.2,100.0,101,79,12.0,10,18.2,2352,3.2,13.040,17,9.8
1199.7,86,559.7,100.0,101,76,13.2,10,14.6,2288,0.6,12.911,17,5.1
1202.8,86,548.0,100.0,100,74,45.7,10,63.8,2289,12.3,12.960,17,16.3
1205.9,86,552.0,100.0,100,73,62.6,10,71.8,2343,15.5,12.960,17,20.8
1209.0,86,555.2,100.0,100,72,61.5,10,52.7,2193,10.7,12.976,17,18.8
1212.1,86,557.7,100.0,100,71,67.3,10,76.8,2201,17.6,12.914,17,21.4
1215.2,86,560.2,100.0,100,71,72.9,10,83.2,2340,22.0,12.927,17,26.9
1218.3,86,566.5,100.0,100,71,69.9,10,82.1,2442,22.4,12.954,17,27.5
1221.4,86,568.8,100.0,100,72,70.4,10,80.2,2250,20.1,12.912,17,24.6
1224.5,86,572.0,100.0,100,74,60.8,10,69.5,2262,17.8,12.892,17,21.3
1227.6,87,572.0,100.0,100,74,36.5,10,42.9,2240,10.0,13.020,17,10.4
1230.7,87,572.0,100.0,100,72,57.1,10,65.7,2219,14.8,12.960,17,18.3
1233.8,87,572.0,100.0,100,72,63.3,10,73.9,2214,17.6,12.889,18,18.4
1236.9,87,572.0,100.0,100,73,40.6,10,55.0,2215,11.3,12.960,18,16.3
1240.0,87,569.3,100.0,101,74,36.9,10,48.6,2237,10.0,12.960,18,13.1
1243.1,87,568.0,100.0,101,75,29.3,10,45.9,2258,9.9,12.910,18,11.9
1246.2,87,568.0,100.0,101,76,47.2,10,58.7,2293,13.2,12.960,18,6.7
1249.3,87,565.8,100.0,101,74,31.4,10,41.2,2236,8.3,13.037,18,11.9
1252.4,87,564.0,100.0,100,72,51.0,10,59.5,2210,11.8,12.960,18,17.2
1255.5,86,566.7,100.0,100,72,63.0,10,72.6,2200,16.0,13.036,18,20.1
1258.6,86,568.0,100.0,100,72,56.9,10,65.6,2200,13.5,12.961,18,17.3
1261.7,86,568.0,100.0,101,71,27.1,10,32.8,2170,4.1,12.960,18,5.9
1264.8,86,558.4,100.0,101,70,25.0,10,24.8,2101,7.1,12.960,18,12.2
1267.9,86,559.9,100.0,101,71,63.7,10,71.0,2161,15.0,12.960,18,20.8
1271.0,86,557.9,100.0,101,69,15.6,10,17.4,2093,6.2,12.960,18,9.4
1274.1,86,551.8,100.0,101,67,35.2,10,37.5,2037,4.8,13.008,18,7.2
1277.2,86,548.0,100.0,101,66,45.1,10,56.1,2021,5.8,13.031,18,10.6
1280.3,86,548.6,100.0,100,65,68.1,10,76.4,2109,17.6,13.002,18,23.4
1283.4,86,554.7,100.0,100,66,71.8,10,82.9,2210,21.6,12.959,18,26.5
1286.5,86,561.1,100.0,100,67,72.9,10,84.3,2358,22.3,12.987,18,26.9
1289.6,86,567.6,100.0,100,68,73.7,10,83.9,2407,22.3,12.960,18,27.1
1292.7,86,572.0,100.0,100,69,72.5,10,83.6,2387,22.0,12.829,18,27.0
1295.8,86,579.7,100.0,100,71,74.8,10,85.2,2488,23.9,12.960,18,29.8
1298.9,86,580.0,100.0,100,71,72.0,10,81.4,2248,18.9,12.960,18,25.0
1302.0,86,584.0,100.0,100,71,71.2,10,81.7,2271,21.4,12.960,18,25.9
1305.1,86,584.0,100.0,100,72,50.8,10,57.6,2173,9.9,13.038,18,16.9
1308.2,86,584.0,100.0,100,71,49.8,10,57.4,2155,12.2,12.994,18,16.9
1311.3,86,584.0,100.0,100,71,62.9,10,72.4,2178,17.3,12.959,19,21.2
1314.4,86,584.0,100.0,100,72,60.3,10,69.1,2196,15.1,12.922,19,19.5
1317.5,86,584.0,100.0,100,73,61.2,10,69.2,2227,15.3,12.962,19,19.7
1320.6,86,584.0,100.0,100,73,61.2,10,69.5,2246,15.3,12.996,19,19.6
1323.7,86,584.0,100.0,100,73,63.4,10,69.0,2247,17.6,12.963,19,23.1
1326.8,86,584.0,100.0,100,73,65.1,10,73.3,2237,16.4,12.992,19,21.0
1329.9,86,584.0,100.0,100,73,65.6,10,75.5,2232,18.0,13.020,19,22.4
1333.0,86,585.9,100.0,100,73,52.8,10,61.3,2212,14.7,12.960,19,20.4
1336.1,86,584.0,100.0,100,72,54.0,10,62.8,2212,12.2,12.960,19,16.0
1339.2,86,584.0,100.0,100,72,41.9,10,49.6,2183,4.9,12.960,19,12.9
1342.3,86,576.2,100.0,101,71,15.0,10,15.5,2101,0.4,12.992,19,5.1
1345.4,86,564.0,100.0,100,68,22.3,10,38.5,2052,9.1,12.961,19,13.1
1348.5,86,560.9,100.0,100,66,67.7,10,71.7,2136,14.0,13.015,19,14.4
1351.6,86,564.0,100.0,100,67,69.6,10,79.8,2097,18.7,12.981,19,21.8
1354.7,86,570.3,100.0,100,68,75.3,10,87.0,2454,26.6,12.827,19,30.8
1357.8,86,576.3,100.0,100,68,75.3,10,85.4,2598,26.3,12.924,19,31.3
1360.9,86,582.3,100.0,100,70,71.1,10,82.1,2602,26.9,12.954,19,31.3
1364.0,86,584.0,100.0,100,70,65.8,10,48.7,2111,13.1,12.960,19,17.3
1367.1,86,582.0,100.0,100,68,40.5,10,48.7,2075,9.1,12.887,19,14.9
1370.2,86,580.0,100.0,100,68,58.2,10,65.1,2091,12.2,13.040,19,16.8
1373.3,86,580.0,100.0,100,70,63.9,10,72.3,2132,15.8,13.040,19,19.3
1376.4,86,580.0,100.0,100,72,71.2,10,80.9,2201,19.2,12.991,19,21.8
1379.5,86,580.0,100.0,101,73,61.5,10,66.1,2225,14.7,13.040,19,21.5
1382.6,86,581.8,100.0,101,72,72.7,10,83.0,2209,25.1,13.005,19,26.0
1385.7,86,584.0,100.0,101,71,77.3,10,86.2,2602,30.4,13.014,19,35.9
1388.8,86,590.2,100.0,101,71,77.4,10,85.3,2690,32.4,13.032,18,37.5
1391.9,86,596.5,100.0,100,71,77.5,10,87.2,2791,35.1,12.960,18,40.5
1395.0,86,600.0,100.0,100,73,74.9,10,84.8,3056,31.0,12.960,18,37.2
1398.1,86,605.7,100.0,100,75,76.9,10,86.2,3327,29.5,13.022,18,36.3
1401.2,86,608.0,100.0,100,78,70.1,10,74.5,3295,22.8,13.006,18,32.0
1404.3,86,610.2,100.0,100,78,70.2,10,81.3,2401,20.5,13.037,18,24.3
1407.4,86,612.0,100.0,100,78,72.1,10,83.0,2543,24.3,13.003,18,29.2
1410.5,86,612.0,100.0,100,80,69.9,10,79.3,2609,23.8,13.036,18,28.0
1413.6,86,612.0,100.0,100,80,66.7,10,76.7,2454,18.2,12.890,18,23.4
1416.7,87,612.0,100.0,100,81,47.9,10,59.5,2482,14.5,13.029,18,20.1
1419.8,87,612.0,100.0,100,83,65.2,10,74.4,2533,12.4,12.960,18,19.9
1422.9,87,608.6,100.0,100,82,54.7,10,60.9,2504,12.6,12.979,18,18.8
1426.0,87,608.0,100.0,100,80,49.7,10,56.6,2449,10.9,13.040,19,16.0
1429.1,87,604.0,100.0,100,80,61.6,10,70.1,2417,15.6,13.238,19,19.2
1432.2,87,604.0,100.0,100,78,53.5,10,61.0,2385,13.3,13.435,19,19.2
1435.3,87,603.2,100.0,100,77,30.0,10,52.8,2345,13.6,13.594,19,19.0
1438.4,87,600.0,100.0,100,76,53.2,10,59.9,2312,14.1,13.677,19,20.5
1441.5,87,600.0,100.0,100,75,69.0,10,79.7,2293,20.0,13.712,19,24.6
1444.6,87,600.0,100.0,100,75,71.5,10,82.5,2370,21.8,13.763,18,25.9
1447.7,87,604.0,100.0,100,75,74.4,10,84.6,2603,25.8,13.763,18,31.0
1450.8,87,608.0,100.0,100,76,73.7,10,83.1,2745,26.9,13.732,18,32.8
1453.9,87,610.8,100.0,100,77,72.6,10,83.6,2555,24.3,13.838,18,30.0
1457.0,87,612.0,100.0,100,77,73.6,10,82.5,2585,24.2,13.760,18,29.6
1460.1,87,615.4,100.0,100,77,72.5,10,82.9,2605,24.5,13.743,18,29.8
1463.2,87,616.0,100.0,100,77,71.7,10,81.5,2588,18.6,13.744,18,25.6
1466.3,87,616.0,100.0,100,77,69.5,10,80.2,2350,20.5,13.740,18,25.2
1469.4,87,616.0,100.0,100,77,71.8,10,83.1,2350,21.1,13.680,18,25.6
1472.5,87,616.0,100.0,100,77,70.4,10,80.1,2345,20.6,13.760,18,24.9
1475.6,87,616.0,100.0,100,77,67.7,10,79.3,2350,19.6,13.760,18,22.1
1478.7,87,616.0,100.0,100,77,68.3,10,79.1,2350,19.4,13.760,18,24.0
1481.8,87,616.0,100.0,100,77,61.9,10,67.0,2321,9.6,13.838,18,18.0
1484.9,87,612.0,100.0,101,76,54.9,10,62.0,2291,12.9,13.760,18,18.0
1488.0,87,609.4,100.0,101,75,59.7,10,67.8,2306,15.7,13.682,18,20.0
1491.1,87,608.0,100.0,101,77,49.6,10,57.0,2345,12.7,13.608,18,18.8
1494.2,87,605.2,100.0,100,77,46.4,10,53.3,2347,9.9,13.358,18,14.5
1497.3,87,604.0,100.0,100,76,66.9,10,76.2,2328,17.6,13.196,18,22.8
1500.4,87,604.0,100.0,100,76,70.7,10,81.3,2330,21.8,13.035,18,26.1
1503.5,87,608.0,100.0,100,75,74.4,10,84.2,2505,23.8,13.007,18,29.0
1506.6,87,608.0,100.0,100,75,72.9,10,83.5,2537,23.9,13.015,18,29.0
1509.7,87,612.0,100.0,100,75,72.9,10,83.1,2536,23.9,13.021,18,28.5
1512.8,87,612.0,100.0,100,75,72.5,10,82.7,2432,21.2,12.980,18,25.9
1515.9,87,612.0,100.0,100,76,71.5,10,81.4,2336,21.6,13.040,18,25.9
1519.0,87,612.3,100.0,100,75,71.3,10,81.6,2334,21.8,12.994,18,26.3
1522.1,87,616.0,100.0,100,73,72.0,10,83.1,2392,22.4,13.040,18,26.5
1525.2,87,616.0,100.0,100,73,72.2,10,83.1,2346,21.6,13.040,18,26.3
1528.3,87,616.0,100.0,100,73,71.8,10,82.4,2374,21.7,13.040,18,26.7
1531.4,87,616.0,100.0,100,73,71.4,10,83.5,2413,21.7,12.980,18,26.0
1534.5,87,616.0,100.0,100,72,69.9,10,79.7,2264,21.0,13.040,18,25.4
1537.6,87,616.0,100.0,100,73,71.9,10,82.3,2346,21.6,13.040,18,26.3
1540.7,87,616.0,100.0,100,73,69.9,10,77.8,2255,19.4,13.040,18,25.0
1543.8,87,616.0,100.0,100,73,70.7,10,80.5,2269,21.7,13.057,18,25.8
1546.9,87,616.0,100.0,100,72,75.0,10,85.9,2499,25.0,13.242,18,29.7
1550.0,87,620.0,100.0,100,71,73.1,10,83.4,2575,25.5,13.469,18,30.7
1553.1,87,620.0,100.0,100,70,74.0,10,84.6,2610,29.4,13.668,18,34.3
1556.2,87,624.0,100.0,100,70,75.2,10,85.2,2650,31.0,13.760,18,36.5
1559.3,87,624.0,100.0,100,68,73.7,10,83.0,2541,24.2,13.689,18,30.9
1562.4,87,624.0,100.0,100,68,73.7,10,83.5,2561,25.9,13.760,18,30.8
1565.5,87,624.0,100.0,100,69,73.7,10,83.6,2568,26.4,13.760,18,31.5
1568.6,87,628.0,100.0,100,71,73.6,10,82.7,2637,26.7,13.760,18,31.5
1571.7,87,628.0,100.0,100,73,72.9,10,82.6,2634,26.1,13.840,18,31.4
1574.8,87,628.0,100.0,100,76,72.9,10,81.4,2714,26.3,13.716,18,31.8
1577.9,87,628.0,100.0,100,78,61.6,10,75.4,2591,22.9,13.760,18,22.4
1581.0,87,626.8,100.0,100,80,58.2,10,66.4,2422,16.8,13.815,18,22.7
1584.1,87,627.5,100.0,100,80,74.1,10,83.5,2591,26.6,13.760,18,31.5
1587.2,87,628.0,100.0,100,82,74.3,10,82.9,2939,30.8,13.690,18,37.4
1590.3,87,628.3,100.0,101,82,74.4,10,82.3,2979,30.4,13.722,18,36.5
1593.4,87,632.0,100.0,101,83,72.5,10,81.8,2963,28.2,13.754,18,35.0
1596.5,87,632.0,100.0,101,83,72.2,10,80.8,2611,21.0,13.760,18,26.2
1599.6,86,629.1,100.0,100,82,64.8,10,63.8,2491,15.3,13.763,18,15.8
1602.7,86,628.0,100.0,100,81,69.8,10,80.0,2489,20.9,13.793,18,25.9
1605.8,86,628.0,100.0,100,81,69.8,10,79.6,2470,20.2,13.760,18,25.0
1608.9,86,628.0,100.0,100,80,67.5,10,76.7,2450,18.5,13.760,18,23.3
1612.0,86,624.3,100.0,100,80,43.5,10,59.8,2419,14.5,13.813,18,19.2
1615.1,86,624.0,100.0,100,79,65.6,10,76.6,2412,17.7,13.699,18,22.0
1618.2,86,620.1,100.0,100,80,68.2,10,78.6,2430,15.9,13.717,18,22.9
1621.3,86,620.0,100.0,100,80,56.9,10,77.4,2438,17.8,13.809,18,21.1
1624.4,86,620.0,100.0,100,81,71.7,10,82.4,2469,21.6,13.760,18,26.7
1627.5,86,620.0,100.0,100,81,69.2,10,79.3,2471,19.8,13.758,18,25.5
1630.6,86,620.0,100.0,100,80,65.1,10,74.2,2441,17.6,13.556,18,22.4
1633.7,86,620.0,100.0,100,79,65.5,10,76.0,2408,17.5,13.267,18,22.4
1636.8,86,620.0,100.0,100,78,67.6,10,77.3,2388,17.9,13.021,18,23.0
1639.9,86,616.0,100.0,100,77,67.7,10,77.9,2368,19.1,13.040,18,23.9
1643.0,86,618.0,100.0,100,77,73.3,10,84.7,2379,22.8,13.056,18,27.6
1646.1,86,620.0,100.0,100,77,73.1,10,83.9,2558,24.7,13.040,18,29.5
1649.2,86,620.0,100.0,100,76,72.9,10,83.2,2619,25.2,13.040,18,30.2
1652.3,86,621.2,100.0,100,76,73.7,10,83.1,2705,26.8,13.040,18,32.3
1655.4,86,624.0,100.0,100,77,73.2,10,82.2,2684,25.8,13.040,18,31.6
1658.5,86,624.0,100.0,100,77,73.4,10,82.9,2604,25.1,12.966,18,30.7
1661.6,86,628.0,100.0,100,77,73.7,10,83.3,2760,28.2,13.062,18,33.7
1664.7,86,628.0,100.0,100,77,75.0,10,84.5,2798,30.5,13.003,18,35.9
1667.8,86,630.1,100.0,100,77,75.9,10,84.6,2824,31.5,12.950,18,37.7
1670.9,86,632.0,100.0,100,77,75.3,10,83.4,2786,29.2,13.040,18,35.2
1674.0,86,632.0,100.0,100,76,72.8,10,84.0,2442,23.9,13.040,18,29.7
1677.1,86,632.0,100.0,100,76,73.7,10,83.9,2685,28.5,12.986,18,33.9
1680.2,86,632.0,100.0,100,76,71.9,10,82.6,2430,23.5,12.960,18,28.4
1683.3,86,632.0,100.0,100,76,71.0,10,82.4,2622,19.7,12.960,18,26.1
1686.4,86,632.0,100.0,100,76,68.0,10,79.4,2312,18.6,13.019,18,19.1
1689.5,86,628.0,100.0,100,76,71.4,10,81.2,2334,22.2,13.060,18,26.5
1692.6,86,628.0,100.0,101,76,71.0,10,81.8,2406,21.8,13.030,18,24.4
1695.7,86,628.0,100.0,101,77,71.7,10,82.5,2411,22.4,13.011,18,27.0
1698.8,86,628.0,100.0,101,77,68.3,10,77.3,2342,20.1,12.980,18,24.3
1701.9,86,626.4,100.0,100,77,68.9,10,80.0,2338,19.7,13.040,18,24.5
1705.0,86,624.0,100.0,100,76,68.7,10,76.1,2307,16.0,13.040,18,23.5
1708.1,86,624.0,100.0,100,74,57.3,10,66.7,2273,14.7,13.040,18,14.5
1711.2,86,620.0,100.0,100,73,57.7,10,65.0,2250,14.1,13.040,18,19.0
1714.3,86,617.0,100.0,100,73,50.2,10,50.7,2233,11.8,13.033,18,17.7
1717.4,86,615.0,100.0,100,75,62.0,10,70.9,2260,16.1,13.012,18,20.4
1720.5,86,612.0,100.0,100,75,61.2,10,69.5,2262,15.1,12.980,18,19.5
1723.6,86,610.4,100.0,100,75,58.0,10,66.0,2262,14.2,13.040,18,18.6
1726.7,86,608.0,100.0,100,75,58.0,10,66.2,2255,14.1,13.008,19,18.4
1729.8,86,605.6,100.0,100,75,59.3,10,67.8,2252,14.5,13.037,19,18.7
1732.9,86,604.0,100.0,100,75,61.9,10,71.3,2262,15.7,13.040,18,20.2
1736.0,86,604.0,100.0,100,75,55.8,10,63.6,2262,12.5,13.047,18,17.4
1739.1,86,604.0,100.0,100,75,59.9,10,69.3,2275,15.2,13.047,18,19.4
1742.2,86,600.1,100.0,100,75,58.6,10,67.8,2269,15.2,12.971,19,18.9
1745.3,86,600.0,100.0,100,75,65.1,10,74.4,2282,17.6,12.967,18,22.3
1748.4,86,600.0,100.0,100,76,63.4,10,74.2,2312,17.0,13.104,18,18.0
1751.5,86,600.0,100.0,100,76,59.9,10,67.8,2317,14.9,13.040,18,20.1
1754.6,86,600.0,100.0,100,77,56.0,10,57.4,2325,12.5,12.906,18,19.5
1757.7,86,596.0,100.0,100,77,57.4,10,64.0,2379,11.1,12.991,18,16.3
1760.8,86,596.0,100.0,101,77,57.5,10,68.0,2408,15.0,13.040,18,9.2
1763.9,86,597.1,100.0,100,77,75.3,10,84.4,2598,25.0,13.040,18,29.6
1767.0,86,600.0,100.0,100,76,73.9,10,83.0,2810,28.2,13.056,18,33.6
1770.1,86,604.0,100.0,100,76,74.5,10,85.7,2503,26.4,13.185,18,31.2
1773.2,86,603.8,100.0,100,75,34.1,10,41.7,2388,6.9,13.338,18,11.2
1776.3,86,595.4,100.0,101,71,25.5,10,23.4,2129,4.0,13.595,18,9.2
1779.4,86,592.0,100.0,100,68,61.7,10,63.3,2068,5.5,13.807,18,15.2
1782.5,86,592.0,100.0,100,67,68.4,10,78.5,2137,24.4,13.840,19,27.5
1785.6,86,593.1,100.0,100,67,72.5,10,84.1,2345,22.8,13.840,19,27.3
1788.7,86,592.7,100.0,100,66,65.2,10,77.9,2207,20.0,13.778,19,10.1
1791.8,86,596.9,100.0,100,66,76.9,10,87.7,2535,30.2,13.840,19,35.1
1794.9,86,600.0,100.0,100,67,71.7,10,82.3,2358,20.6,13.840,18,10.6
1798.0,86,600.0,100.0,100,66,73.6,10,86.2,2132,29.9,13.840,18,30.6
1801.1,86,600.9,100.0,100,68,79.1,10,88.4,2849,36.5,13.840,19,44.3
1804.2,86,607.1,100.0,100,70,72.1,10,80.1,3056,26.8,13.879,18,33.0
1807.3,86,608.0,100.0,100,72,69.0,10,77.9,3136,21.3,13.808,18,25.8
1810.4,86,608.0,100.0,100,73,69.4,10,80.2,2309,21.4,13.808,18,26.0
1813.5,86,608.0,100.0,100,75,72.4,10,82.3,2453,21.9,13.760,18,27.5
1816.6,86,611.5,100.0,100,76,65.0,10,74.2,2333,15.8,13.801,18,18.8
1819.7,86,608.0,100.0,100,75,35.0,10,43.3,2282,1.4,13.765,18,8.5
1822.8,87,602.9,100.0,101,75,20.0,10,49.0,2250,9.4,13.815,18,11.5
1825.9,87,600.0,100.0,100,75,54.6,10,54.3,2262,11.8,13.742,19,17.0
1829.0,87,591.6,100.0,100,74,13.4,10,13.7,2228,2.1,13.804,19,8.8
1832.1,87,580.3,100.0,101,72,21.8,10,29.3,2182,5.3,13.760,19,6.0
1835.2,86,576.5,100.0,100,72,31.7,10,25.4,2229,1.4,13.630,19,8.2
1838.3,86,568.0,100.0,100,70,42.8,10,50.4,2271,12.0,13.382,19,15.2
1841.4,86,572.0,100.0,100,71,68.1,10,75.2,2256,17.4,13.206,19,24.0
1844.5,86,576.0,100.0,100,72,67.0,10,67.5,2298,20.7,13.120,19,18.7
1847.6,86,576.0,100.0,100,72,72.6,10,82.4,2356,21.7,13.032,19,27.7
1850.7,86,580.6,100.0,100,73,76.0,10,86.3,2720,31.1,13.007,19,36.8
1853.8,86,586.6,100.0,100,74,75.2,10,83.0,2751,27.8,12.962,18,32.8
1856.9,86,592.0,100.0,100,75,75.2,10,84.3,2478,22.6,13.079,18,28.0
1860.0,86,594.6,100.0,100,76,69.0,10,77.2,2613,25.2,13.045,18,32.1
1863.1,86,596.0,100.0,100,77,68.7,10,77.7,2357,19.2,13.120,18,24.5
1866.2,86,596.0,100.0,100,78,57.2,10,64.1,2371,12.7,13.050,18,20.1
1869.3,86,596.0,100.0,100,78,56.2,10,66.9,2397,15.2,13.120,18,16.4
1872.4,86,596.0,100.0,100,79,57.7,10,64.7,2412,13.2,13.044,18,18.4
1875.5,86,592.0,100.0,100,80,31.9,10,38.6,2392,7.1,13.096,18,9.9
1878.6,86,592.0,100.0,100,80,50.0,10,62.2,2418,17.4,13.120,18,23.6
1881.7,86,593.9,100.0,100,81,70.1,10,79.8,2487,21.2,13.054,18,26.0
1884.8,86,596.0,100.0,100,82,63.3,10,68.6,2522,14.5,13.120,18,20.2
1887.9,86,596.0,100.0,100,83,71.0,10,81.2,2537,22.1,13.040,18,27.5
1891.0,86,600.0,100.0,100,82,72.2,10,81.7,2537,23.3,13.040,18,28.4
1894.1,86,600.0,100.0,100,81,71.0,10,81.9,2556,22.9,13.120,18,27.8
1897.2,86,604.0,100.0,100,79,71.4,10,81.3,2531,22.7,13.120,18,27.8
1900.3,86,608.0,100.0,100,78,69.5,10,78.8,2416,20.4,13.120,18,26.8
1903.4,86,608.0,100.0,101,77,67.5,10,76.9,2359,18.9,13.120,18,24.0
1906.5,86,606.8,100.0,101,76,43.0,10,49.7,2307,10.4,13.068,18,14.9
1909.6,86,604.0,100.0,101,75,64.5,10,74.1,2300,18.3,13.073,18,22.9
1912.7,86,604.0,100.0,101,76,64.7,10,75.0,2312,17.7,13.403,18,22.2
1915.8,86,604.0,100.0,100,76,59.6,10,65.3,2317,12.5,13.660,18,19.4
1918.9,86,601.7,100.0,100,76,57.1,10,63.8,2300,13.1,13.686,18,17.8
1922.0,86,599.4,100.0,101,75,16.8,10,26.6,2246,6.8,13.840,18,9.1
1925.1,86,593.3,100.0,100,73,43.4,10,53.7,2240,11.4,13.840,18,18.0
1928.2,86,591.2,100.0,100,73,30.5,10,27.7,2200,6.1,13.840,18,13.8
1931.3,86,588.0,100.0,101,72,35.4,10,44.9,2182,7.0,13.775,18,7.2
1934.4,86,582.4,100.0,100,71,40.4,10,47.8,2138,7.5,13.778,18,11.8
1937.5,86,580.0,100.0,101,70,28.7,10,42.8,2166,2.5,13.840,18,5.3
1940.6,86,576.0,100.0,100,69,50.2,10,66.0,2239,16.8,13.840,18,19.7
1943.7,86,568.0,100.0,101,68,39.9,10,50.5,2189,1.6,13.840,18,10.4
1946.8,86,570.6,100.0,100,68,63.0,10,68.5,2155,16.6,13.840,18,21.4
1949.9,86,572.0,100.0,100,70,59.8,10,73.8,2180,15.9,13.840,18,19.7
1953.0,86,572.0,100.0,100,70,53.5,10,45.5,2115,9.3,13.809,18,18.2
1956.1,86,570.2,100.0,101,69,38.6,10,30.0,2217,6.5,13.805,18,8.2
1959.2,86,568.0,100.0,100,69,47.2,10,65.4,2161,13.2,13.840,18,18.9
1962.3,86,568.0,100.0,100,70,63.4,10,73.7,2192,15.6,13.761,18,19.5
1965.4,86,573.1,100.0,100,72,71.1,10,81.8,2340,20.5,13.840,18,25.7
1968.5,86,576.0,100.0,100,74,70.1,10,80.2,2303,19.9,13.840,18,24.4
1971.6,86,577.9,100.0,100,75,71.4,10,81.3,2361,20.8,13.840,18,25.9
1974.7,86,580.6,100.0,100,76,72.1,10,82.8,2367,21.2,13.750,18,26.5
1977.8,86,587.0,100.0,100,76,74.5,10,83.9,2566,24.9,13.693,18,30.0
1980.9,86,592.0,100.0,100,75,73.6,10,83.2,2704,26.0,13.729,18,31.6
1984.0,86,592.0,100.0,100,75,70.2,10,78.9,2319,20.2,13.784,18,23.2
1987.1,86,596.0,100.0,100,75,73.5,10,83.9,2416,22.7,13.840,18,27.7
1990.2,86,600.0,100.0,100,75,72.3,10,83.6,2471,22.5,13.800,18,27.7
1993.3,86,602.6,100.0,100,76,72.5,10,83.1,2492,22.8,13.839,18,27.8
1996.4,86,604.0,100.0,100,77,72.2,10,82.5,2555,23.8,13.788,18,28.8
1999.5,86,607.5,100.0,100,78,72.2,10,82.3,2512,22.7,13.680,18,27.8
2002.6,86,608.0,100.0,100,80,71.6,10,81.0,2527,22.7,13.840,18,27.8
2005.7,86,608.0,100.0,100,82,67.6,10,77.1,2509,19.0,13.840,18,24.6
2008.8,86,611.9,100.0,100,84,71.4,10,80.6,2568,22.8,13.816,18,27.9
2011.9,86,612.0,100.0,101,85,64.7,10,73.4,2599,18.9,13.833,18,26.1
2015.0,86,612.0,100.0,101,85,64.6,10,74.7,2579,16.6,13.840,18,19.4
2018.1,86,612.0,100.0,101,83,72.7,10,82.1,2552,23.5,13.840,18,28.4
2021.2,86,612.9,100.0,100,83,71.4,10,81.4,2535,22.2,13.745,18,27.5
2024.3,86,616.0,100.0,100,81,67.4,10,76.4,2489,19.2,13.840,18,23.1
2027.4,86,616.0,100.0,100,79,72.2,10,83.3,2453,21.7,13.840,18,26.8
2030.5,86,616.0,100.0,100,78,73.3,10,83.1,2608,24.4,13.840,18,30.1
2033.6,86,617.3,100.0,100,76,72.8,10,82.7,2613,24.8,13.840,18,30.0
2036.7,86,620.0,100.0,100,75,66.2,10,75.0,2407,19.7,13.840,18,26.4
2039.8,86,616.0,100.0,100,72,47.7,10,56.3,2203,10.8,13.782,18,13.2
2042.9,86,612.3,100.0,100,71,58.2,10,65.5,2168,13.2,13.780,18,19.5
2046.0,86,612.0,100.0,100,71,62.9,10,72.6,2187,16.7,13.770,18,21.5
2049.1,86,608.0,100.0,100,72,64.2,10,72.7,2187,16.5,13.886,18,21.2
2052.2,86,608.0,100.0,100,72,63.5,10,72.3,2188,16.9,13.840,18,20.9
2055.3,86,608.0,100.0,100,72,63.5,10,73.2,2207,16.7,13.840,18,20.7
2058.4,86,604.0,100.0,100,72,64.4,10,74.9,2225,17.9,13.840,18,22.4
2061.5,86,604.0,100.0,100,73,61.2,10,69.8,2243,15.2,13.840,18,19.6
2064.6,86,604.0,100.0,100,75,61.0,10,71.0,2261,15.4,13.840,18,20.2
2067.7,86,600.1,100.0,100,75,46.9,10,69.5,2248,13.5,13.789,18,19.4
2070.8,86,600.0,100.0,100,73,59.0,10,67.2,2251,12.5,13.877,18,18.3
2073.9,86,600.0,100.0,100,74,67.2,10,76.6,2269,17.8,13.786,18,23.8
2077.0,86,600.0,100.0,100,75,66.3,10,76.2,2275,16.9,13.686,18,21.1
2080.1,86,600.0,100.0,100,75,66.3,10,75.1,2283,16.3,13.800,18,22.3
2083.2,86,600.0,100.0,100,75,58.5,10,68.8,2300,14.7,13.840,18,20.4
2086.3,86,598.5,100.0,100,76,51.3,10,58.6,2287,12.0,13.840,18,15.6
2089.4,86,596.0,100.0,100,75,44.5,10,50.4,2268,9.7,13.815,18,14.2
2092.5,86,592.0,100.0,100,75,48.6,10,56.1,2262,10.8,13.826,18,15.6
2095.6,86,592.0,100.0,100,75,48.0,10,55.2,2269,10.8,13.788,18,14.5
2098.7,86,588.0,100.0,100,75,42.0,10,47.9,2275,9.5,13.840,18,13.8
2101.8,86,588.0,100.0,100,75,52.1,10,58.2,2293,12.3,13.798,18,16.6
2104.9,86,588.0,100.0,100,76,59.0,10,64.9,2308,15.6,13.763,18,21.0
2108.0,86,587.0,100.0,100,76,46.1,10,53.3,2289,8.7,13.840,18,12.6
2111.1,86,584.0,100.0,101,74,32.8,10,39.4,2229,7.6,13.840,18,12.8
2114.2,86,580.0,100.0,101,72,41.2,10,46.3,2178,8.5,13.780,18,12.9
2117.3,86,580.0,100.0,101,71,30.0,10,33.2,2139,6.2,13.785,18,13.9
2120.4,86,574.8,100.0,101,68,31.8,10,34.3,2071,5.7,13.840,18,11.8
2123.5,86,572.0,100.0,101,68,36.6,10,43.9,2096,8.1,13.818,18,9.5
2126.6,86,568.0,100.0,101,68,49.5,10,56.1,2186,9.7,13.825,18,14.0
2129.7,86,568.0,100.0,101,68,49.0,10,55.7,2118,9.5,13.840,19,13.8
2132.8,86,568.0,100.0,101,68,47.8,10,53.7,2088,9.8,13.840,19,14.1
2135.9,86,564.0,100.0,101,68,40.0,10,45.9,2079,5.5,13.738,19,10.7
2139.0,86,561.8,100.0,101,68,39.4,10,46.3,2067,8.2,13.840,19,12.1
2142.1,86,560.5,100.0,101,68,49.6,10,60.3,2147,12.5,13.764,19,16.4
2145.2,86,564.0,100.0,100,69,64.5,10,72.9,2172,16.1,13.685,19,21.1
2148.3,86,565.2,100.0,100,71,68.9,10,78.2,2254,19.4,13.840,18,24.3
2151.4,86,568.0,100.0,100,72,66.4,10,76.0,2179,17.5,13.772,18,22.1
2154.5,86,570.4,100.0,101,72,17.3,10,17.8,2124,3.8,13.840,18,13.5
2157.6,86,564.7,100.0,101,69,46.7,10,48.0,2122,5.4,13.827,18,13.6
2160.7,86,564.0,100.0,100,69,63.5,10,71.4,2164,14.1,13.760,18,19.2
2163.8,86,564.0,100.0,100,70,63.5,10,68.4,2145,12.4,13.840,18,19.1
2166.9,86,564.0,100.0,101,68,35.1,10,40.2,2083,6.3,13.877,18,9.9
2170.0,86,559.3,100.0,101,66,17.6,10,20.2,2008,1.5,13.818,18,5.7
2173.1,86,544.0,100.0,101,63,12.5,10,14.5,1886,0.8,13.840,18,4.7
2176.2,86,526.5,100.0,101,60,12.5,10,14.8,1800,0.4,13.840,18,4.7
2179.3,86,510.0,100.0,101,54,14.2,10,16.2,1639,0.4,13.840,18,4.7
2182.4,86,497.2,100.0,101,47,16.1,10,19.1,1401,0.4,13.840,18,4.7
2185.5,86,487.1,100.0,101,38,19.1,10,22.8,1237,0.4,13.912,19,4.7
2188.6,86,474.4,100.0,101,26,19.6,10,22.8,1237,0.6,13.840,19,4.7
2191.7,86,461.2,100.0,101,18,34.5,10,35.1,1297,2.8,13.840,19,9.7
2194.8,86,460.9,100.0,101,20,57.3,10,67.8,1357,9.4,13.840,19,13.4
2197.9,86,466.8,100.0,101,24,63.4,10,72.3,1496,12.5,13.763,19,16.3
2201.0,86,477.2,100.0,101,30,64.6,10,73.4,1514,11.3,13.840,19,13.5
2204.1,86,480.0,100.0,101,34,29.6,10,33.0,1300,0.7,13.834,19,5.1
2207.2,86,472.0,100.0,101,36,22.7,10,27.4,1351,2.1,13.760,19,5.9
2210.3,86,468.3,100.0,101,39,23.8,10,34.6,1231,2.4,13.840,19,5.1
2213.4,86,465.9,100.0,101,41,23.0,10,26.2,1285,1.1,13.840,19,5.8
2216.5,87,456.2,100.0,101,39,18.8,10,22.6,1276,0.4,13.840,19,4.7
2219.6,87,443.8,100.0,101,31,18.8,10,22.4,1276,0.4,13.698,19,4.7
2222.7,87,431.6,100.0,101,24,18.8,10,22.6,1238,0.6,13.840,19,4.7
2225.8,87,421.8,100.0,101,15,22.7,10,29.1,1125,1.0,13.840,19,5.1
2228.9,87,416.0,100.0,101,15,36.7,10,36.2,1207,1.1,13.840,19,6.4
2232.0,87,412.1,100.0,101,12,21.6,10,26.3,1090,0.4,13.786,19,4.7
2235.1,87,405.4,100.0,101,9,26.6,10,33.2,1131,2.4,13.840,19,6.7
2238.2,87,402.8,100.0,101,13,30.2,10,35.1,1189,1.3,13.840,19,5.9
2241.3,87,400.0,100.0,101,12,21.4,10,25.5,1119,0.4,13.760,19,4.7
2244.4,87,394.0,100.0,101,8,23.1,10,30.1,1072,0.8,13.624,19,4.8
2247.5,87,388.4,100.0,101,7,18.3,10,29.8,922,2.6,13.733,19,3.9
2250.6,87,384.0,100.0,101,8,26.9,10,28.6,1542,0.5,13.813,19,5.8
2253.7,87,379.9,100.0,101,9,17.0,10,22.2,1000,0.4,13.809,19,3.7
2256.8,87,373.5,100.0,101,7,20.1,10,21.2,1095,1.2,13.835,19,4.9
2259.9,87,371.3,100.0,101,7,17.8,10,21.1,1018,0.5,13.760,19,3.8
2263.0,87,364.4,100.0,101,2,23.6,10,29.8,789,1.6,13.616,19,3.5
2266.1,87,358.0,100.0,101,0,13.5,8,24.7,359,0.1,13.053,19,1.2
2269.2,87,352.0,100.0,101,0,0.0,-5,0.0,0,13.5,12.843,19,6.3
2272.3,87,352.0,100.0,101,0,0.0,-5,0.0,0,1.6,12.800,19,6.3
2275.4,87,352.1,100.0,101,0,0.0,-5,0.0,0,1.6,12.800,19,6.3
2278.5,87,352.0,100.0,101,0,0.0,-5,6.3
