BlueDriver Data Log
Oct 11, 2018 6:09:37 AM
Time (s),Engine Coolant Temperature (°C),Catalyst Temperature Bank 1 - Sensor 1 (°C),Absolute Throttle Position B (%),Evap. System Vapor Pressure (Pa),Fuel Level Input (%),Barometric Pressure (kPa),Vehicle Speed (km/h),Absolute Load Value (%),Ambient Air Temperature (°C),Long Term Fuel Trim Bank 1 (%),Commanded Throttle Actuator (%),Commanded Equivalence Ratio (λ),Timing Advance for #1 cylinder (°),Accelerator Pedal Position E (%),Short Term Fuel Trim Bank 1 (%),Calculated Engine Load Value (%),Accelerator Pedal Position D (%),Engine RPM (rpm),Mass Air Flow Rate (g/s),Relative Throttle Position (%),Control Module Voltage (V),Intake Air Temperature (°C),Commanded Evaporative Purge (%),Absolute Throttle Position (%)
0.0,,,,,,,,,,,,,,,,,,,,,,,,
3.0,,,,,,,,,,,,,,,,,,,,,,,,
6.0,,,,,,,,,,,,,,,,,,,,,,,,
9.0,51,,,,,,,,,,,,,,,,,,,,,,,
12.0,51,,,,,,,,,,,,,,,,,,,,,,,
15.0,53,,,,3.5,99,,,,,,,,,,,,,,,,,,
18.0,54,,,,16.7,99,54,,,,,,,,,,,,,,,,,
21.0,54,,,,29.8,99,55,,,-2.3,8.5,0.997,17.7,,,,,,,,,,,
24.0,55,,,,43.0,99,55,,,-1.1,8.2,0.997,19.3,9.4,4.9,54.5,9.2,1234,8.97,3.7,13.019,,,
27.0,56,,,,56.2,99,56,,,-1.8,8.0,0.998,20.8,9.4,5.2,55.6,9.5,1230,9.16,4.1,12.964,17,,
30.0,56,301.7,9.8,0.0,63.5,99,56,41.9,17,-2.3,8.0,0.999,22.4,9.4,5.5,56.7,9.7,1226,9.35,4.5,12.909,17,,
33.0,56,309.8,10.1,0.9,62.9,99,58,49.6,17,-2.2,10.1,0.999,19.4,9.4,4.0,56.4,9.6,1252,9.39,4.7,12.942,17,96.5,9.9
36.0,57,322.6,9.4,13.7,63.5,98,58,48.5,17,-2.3,9.7,0.997,18.9,9.6,3.7,54.8,9.3,1271,9.25,4.5,13.025,17,96.5,9.0
39.0,58,329.1,6.8,6.3,63.5,98,59,36.5,17,-2.3,8.5,1.000,23.9,9.2,3.5,51.3,8.9,1253,8.85,3.9,12.962,17,96.9,8.8
42.0,58,335.3,6.5,20.6,63.5,99,60,27.4,17,-2.3,6.9,1.007,36.0,7.1,-3.0,42.6,7.5,1128,7.48,3.9,13.018,17,77.2,8.4
45.0,58,341.7,8.4,51.3,63.5,99,58,48.3,17,-2.3,9.4,0.997,21.9,9.2,-0.2,52.8,9.1,1216,8.66,4.3,13.040,17,78.8,8.4
48.0,59,348.0,5.5,0.0,62.7,99,58,22.7,17,-2.3,6.3,0.304,2.5,3.9,0.4,41.0,5.8,1227,7.19,3.4,13.040,17,79.5,8.1
51.0,59,342.2,7.8,27.4,63.8,100,56,39.1,17,-2.3,7.5,0.458,1.7,4.3,-0.8,37.7,4.6,1218,6.10,2.0,13.040,17,0.4,5.6
54.0,60,352.6,10.6,25.2,64.1,100,55,54.3,17,-2.3,10.8,1.008,14.3,11.6,-1.9,64.7,12.5,1314,12.61,8.1,13.040,17,70.2,10.4
57.0,60,365.0,12.8,7.8,64.2,99,57,58.2,16,-2.3,12.9,0.986,13.0,12.9,1.6,70.3,12.8,1470,13.76,9.0,13.040,16,95.1,13.1
60.0,60,377.4,13.3,1.2,63.8,99,60,59.4,16,-2.3,13.6,0.992,15.5,13.2,2.6,70.3,13.1,1489,14.01,8.0,13.040,16,93.6,12.1
63.0,61,387.6,9.0,26.6,63.6,99,61,49.7,16,-2.3,10.5,0.998,19.9,11.8,2.4,65.8,12.3,1433,12.79,6.2,13.040,16,91.7,8.7
66.0,61,396.3,6.4,9.9,63.5,100,62,33.8,16,-2.3,7.2,0.639,13.6,8.0,1.2,52.4,9.2,1296,9.75,5.6,13.040,16,96.5,9.8
69.0,62,396.2,5.3,12.1,63.5,100,61,22.2,16,-2.3,5.2,0.107,-4.2,2.5,0.0,24.8,2.4,1200,4.25,0.8,13.040,16,32.1,7.1
72.0,62,392.0,5.5,41.8,63.6,100,58,29.0,16,-2.3,5.5,0.885,36.3,4.4,3.0,31.8,4.1,1131,4.85,0.8,12.947,16,28.3,5.3
75.0,62,392.2,5.5,87.8,63.7,99,56,47.0,16,-2.3,7.2,0.970,32.1,4.1,0.4,34.5,2.3,1124,4.80,0.8,12.937,16,47.3,5.1
78.0,62,394.9,5.2,19.2,63.9,100,53,29.4,16,-2.3,6.3,0.504,14.2,2.4,-1.5,31.2,0.0,1178,4.30,0.8,13.040,16,0.0,5.1
81.0,63,385.5,5.9,0.0,63.9,101,47,35.3,16,-2.0,10.0,0.287,-4.2,3.9,-0.9,33.6,2.5,1277,5.23,1.1,13.040,16,1.1,5.4
84.0,63,390.7,16.3,7.4,63.8,101,43,60.3,16,-1.5,20.5,0.895,3.6,19.6,-5.5,90.8,20.7,1547,19.15,23.2,13.054,16,0.2,20.2
87.0,63,411.1,29.5,18.7,63.5,100,48,76.8,16,-0.8,30.9,0.987,10.6,22.8,-0.0,88.4,22.8,1895,22.89,25.0,13.049,16,35.7,29.5
90.0,63,436.4,24.3,15.8,62.8,100,56,74.3,16,-0.8,27.8,0.992,11.4,22.4,1.9,85.6,22.9,2065,24.78,25.2,13.040,16,89.7,27.8
93.0,64,458.1,25.5,9.6,62.8,100,63,73.7,16,-0.8,25.9,0.998,12.0,21.1,1.4,83.6,21.5,2000,23.60,22.6,13.037,16,91.0,25.8
96.0,65,472.0,23.7,12.2,62.4,100,68,73.3,16,-0.8,25.3,1.000,12.0,20.8,0.8,82.6,21.2,1995,23.04,21.7,12.961,16,91.0,25.1
99.0,65,487.4,21.9,17.3,62.0,100,72,72.2,16,-0.8,24.6,0.998,12.1,20.3,0.2,83.3,20.9,1967,22.81,21.6,12.999,16,91.0,24.8
102.0,67,500.5,25.1,6.0,61.3,100,76,71.6,16,-0.8,24.7,0.999,12.8,20.6,0.4,83.3,21.1,1979,22.78,21.5,13.019,16,90.8,25.3
105.0,68,513.1,26.0,4.3,61.3,100,78,72.2,16,-0.8,25.3,1.000,13.4,20.9,0.8,83.2,21.6,2032,23.23,22.4,12.960,16,89.8,26.2
108.0,69,524.3,25.5,1.9,61.0,100,81,72.4,16,-0.8,26.0,0.999,13.2,21.1,0.7,83.4,21.6,2086,24.11,21.1,12.960,16,90.9,23.8
111.0,69,535.9,24.5,0.0,60.8,100,82,72.7,16,-0.8,24.7,0.997,15.0,19.9,0.0,81.0,20.3,2039,23.41,20.7,12.960,16,91.4,22.9
114.0,69,545.6,24.1,0.0,60.7,100,84,71.2,16,-0.8,24.5,0.999,13.3,20.3,-1.0,81.7,20.4,2038,23.37,20.7,12.960,16,65.0,23.6
117.0,70,554.4,26.2,0.0,61.1,100,84,71.9,16,-0.8,25.6,0.995,12.7,20.9,-0.7,82.4,20.9,2071,23.92,21.6,12.974,16,0.0,25.1
120.0,71,561.3,27.5,0.0,61.2,100,85,72.8,16,-0.5,26.9,0.994,13.0,21.7,0.8,83.1,22.0,2127,24.92,23.1,13.040,16,0.6,27.6
123.0,71,569.4,28.4,21.4,61.1,100,86,73.6,16,0.0,28.2,0.998,13.0,22.0,0.8,82.6,21.9,2156,25.64,24.0,13.054,16,0.0,28.2
126.0,72,577.8,28.2,44.9,60.8,100,88,72.9,16,0.0,28.5,0.996,15.5,21.4,1.9,81.4,21.0,2092,24.08,21.8,13.049,16,39.3,27.0
129.0,73,584.1,26.7,0.0,60.2,100,88,72.9,16,0.0,28.9,0.994,14.6,22.1,1.9,81.8,21.7,2109,23.85,21.5,13.016,16,90.7,26.0
132.0,75,590.1,28.5,5.7,60.1,100,88,71.1,16,0.0,27.8,0.998,14.2,22.2,1.1,82.7,22.9,2182,25.28,25.5,12.960,16,89.8,29.8
135.0,76,596.3,30.2,8.6,60.0,100,88,71.8,16,0.0,27.1,1.006,14.3,21.4,0.0,82.8,22.4,2158,25.20,25.7,12.961,16,89.8,30.9
138.0,76,602.8,31.2,8.3,60.0,100,88,76.1,16,0.0,31.3,1.005,12.5,24.6,0.0,87.2,23.9,2318,27.53,26.1,13.001,16,88.8,31.2
141.0,77,611.3,30.5,2.5,59.5,100,92,76.4,16,0.0,31.2,1.004,12.5,24.5,-0.4,87.6,24.7,2412,29.10,26.4,13.021,16,87.5,31.0
144.0,78,617.2,29.6,10.4,60.0,100,94,72.8,16,0.0,27.7,1.001,11.4,24.1,-1.1,87.9,24.6,2398,29.10,26.7,12.960,16,87.9,31.2
147.0,78,620.0,29.5,10.1,59.9,100,96,67.2,16,0.0,21.0,0.998,8.0,23.1,-2.3,88.1,23.8,2058,25.19,26.4,13.018,16,88.3,30.7
150.0,78,620.0,27.2,8.2,59.6,100,98,69.7,15,0.0,23.4,1.012,13.8,20.2,-1.2,84.0,22.2,2047,24.41,24.2,13.000,16,89.6,27.3
153.0,79,619.9,14.5,50.7,59.8,99,96,56.6,15,-0.6,19.6,1.003,17.5,17.7,0.0,77.2,19.3,1954,21.65,20.1,12.983,16,91.2,22.4
156.0,79,620.0,21.0,15.1,60.0,99,96,65.3,15,-0.4,22.5,0.996,15.4,18.9,0.8,76.8,18.7,1924,19.93,16.6,13.040,16,92.2,22.4
159.0,80,620.0,26.7,4.1,60.0,99,97,73.2,15,0.0,27.3,0.995,10.2,22.6,0.7,87.0,23.3,2199,26.06,25.8,13.040,16,89.3,28.1
162.0,80,621.7,28.9,5.0,60.0,100,98,70.5,15,0.0,25.4,1.003,13.6,20.0,0.0,82.0,20.8,2110,25.24,23.1,13.040,15,89.4,28.2
165.0,80,624.9,26.4,5.8,60.0,100,98,72.7,15,0.0,27.5,1.008,15.5,19.5,0.6,78.2,19.2,2015,22.78,20.4,13.040,15,90.6,25.1
168.0,81,627.8,18.4,37.7,59.7,99,96,56.4,15,-0.5,21.4,1.002,16.0,18.8,0.4,76.5,18.4,1929,21.17,18.9,13.040,15,91.7,22.2
171.0,81,625.4,24.3,15.4,60.2,99,96,61.7,15,-0.6,20.6,0.999,15.9,18.7,0.0,77.6,18.8,1908,20.82,19.2,13.040,15,91.4,23.4
174.0,81,624.9,27.2,0.4,60.3,100,96,72.7,15,0.0,28.4,1.000,13.1,22.5,0.1,85.4,22.5,2317,26.88,20.9,13.040,15,90.7,24.9
177.0,82,623.9,24.9,1.8,58.7,100,97,71.6,15,0.0,26.7,1.002,13.6,22.1,0.0,85.3,22.5,2322,27.20,23.0,13.040,15,89.5,27.4
180.0,82,629.0,24.7,3.8,59.6,99,98,69.8,15,0.0,22.4,1.007,16.0,19.2,0.0,79.8,19.5,2043,22.85,21.0,12.995,15,90.2,25.9
183.0,83,630.5,23.0,12.1,59.2,99,100,68.7,15,0.0,20.3,1.004,20.3,14.9,0.4,65.0,17.6,1991,20.80,17.2,12.980,15,91.5,22.9
186.0,84,629.9,19.5,6.7,59.8,99,100,64.8,15,-0.2,17.9,1.003,24.5,10.0,0.7,44.5,14.5,1887,16.52,11.0,13.040,15,94.1,15.7
189.0,84,627.1,16.2,0.0,60.0,99,100,55.7,15,-0.8,14.5,1.011,24.5,8.2,0.0,42.1,13.7,1881,16.60,12.3,13.040,15,93.7,16.6
192.0,84,623.9,18.0,0.0,59.9,99,102,58.2,15,-0.8,15.8,1.000,22.2,12.1,0.8,54.1,14.6,1912,17.15,13.2,13.018,15,93.2,17.8
195.0,84,620.8,17.2,5.1,59.7,99,104,54.9,15,-0.8,15.4,0.995,22.1,14.9,1.4,65.1,15.3,1974,17.82,12.7,12.960,15,92.9,16.9
198.0,84,617.8,14.1,3.7,59.8,99,108,48.0,15,-0.8,13.9,0.997,25.2,14.0,0.9,57.3,14.1,2075,16.47,10.2,12.960,15,42.4,8.8
201.0,84,613.7,9.8,0.0,60.0,100,112,38.3,15,-0.8,12.9,0.993,27.0,12.9,1.6,49.4,12.9,2136,15.70,9.3,13.004,15,57.8,8.9
204.0,84,608.0,5.1,0.0,59.9,100,116,18.9,15,-6.1,11.5,0.983,28.2,12.7,0.7,47.8,12.7,2208,15.00,7.7,12.988,15,94.3,12.6
207.0,84,603.2,11.1,9.0,60.3,99,117,33.6,15,-3.8,14.0,0.995,26.8,13.6,-0.9,52.2,13.3,2259,15.77,7.1,12.880,15,94.8,11.7
210.0,84,604.0,17.9,4.1,60.9,99,118,53.2,15,-0.5,18.3,1.007,22.7,16.0,-1.8,65.3,15.5,2249,19.75,12.5,12.880,15,92.9,18.4
213.0,84,604.0,18.7,5.1,61.5,99,118,59.7,15,-0.2,20.0,1.000,20.0,17.8,0.0,72.4,16.5,2236,21.06,13.7,12.944,15,92.4,18.1
216.0,84,604.0,17.0,8.4,62.1,99,118,49.2,15,-0.8,14.9,0.996,25.0,14.9,0.8,61.6,15.6,2218,19.89,12.7,13.008,15,92.8,17.8
219.0,85,603.4,17.8,0.7,62.4,99,116,59.6,15,-0.8,17.9,0.997,22.2,15.7,0.3,65.2,14.8,2184,17.38,10.3,13.040,15,93.4,17.1
222.0,85,599.8,16.1,0.0,61.8,99,113,56.2,15,-0.8,16.9,1.001,21.5,15.5,0.0,65.9,14.7,2141,16.38,9.1,13.021,15,93.7,15.8
225.0,85,600.0,16.1,5.0,62.0,99,111,53.4,15,-0.8,15.6,1.001,22.6,14.8,0.3,63.0,14.8,2096,18.08,11.8,12.960,15,93.3,16.5
228.0,85,598.1,16.1,5.0,62.0,99,109,52.6,15,-0.8,15.3,0.999,23.9,14.5,1.6,60.8,14.5,2060,17.17,11.4,12.960,15,93.6,16.0
231.0,85,596.0,16.5,1.0,62.0,99,108,55.1,15,-0.8,17.3,1.001,20.5,15.5,-0.9,66.8,15.4,2054,18.48,12.4,13.001,15,93.5,16.5
234.0,85,596.0,18.0,1.8,61.4,99,106,59.5,15,-0.8,18.1,0.998,19.9,15.9,0.2,69.7,15.9,2027,19.30,13.2,13.040,15,93.4,17.2
237.0,85,596.0,17.5,0.6,61.4,100,105,58.7,15,-0.8,18.0,0.998,19.5,16.0,1.1,69.8,16.0,1998,19.36,13.0,13.040,15,93.7,15.3
240.0,86,596.0,18.4,0.0,61.1,100,105,59.5,15,-0.8,17.8,0.999,19.5,15.7,0.0,67.5,15.7,1986,18.82,13.7,13.040,15,27.5,17.4
243.0,86,596.0,18.8,0.0,60.8,100,106,63.5,15,-0.8,18.8,1.001,20.0,15.7,0.0,67.2,15.7,1987,18.71,13.7,12.997,15,0.0,16.9
246.0,86,595.8,15.7,0.0,60.2,100,104,60.3,15,-0.8,18.6,1.001,19.7,15.7,0.0,67.3,15.7,1987,18.75,13.6,12.978,15,10.5,14.7
249.0,86,596.0,17.1,0.5,60.2,100,104,60.4,15,-0.8,18.3,1.001,19.4,15.8,0.0,68.0,15.8,1988,19.02,13.3,13.040,15,93.3,17.3
252.0,86,596.0,18.7,2.2,60.1,99,104,60.6,15,-0.8,18.0,1.000,19.0,16.5,0.0,71.8,16.9,1997,20.64,15.0,12.985,15,92.4,18.8
255.0,86,596.0,19.9,4.6,60.4,99,104,62.0,15,0.0,16.9,0.994,19.3,16.5,0.5,72.2,16.9,1993,20.41,15.4,12.960,15,91.9,19.9
258.0,86,594.4,19.5,0.0,60.0,99,104,62.8,15,0.0,18.4,1.001,18.7,16.8,0.3,73.0,17.0,1993,20.15,14.8,12.960,15,92.2,19.6
261.0,86,596.0,19.6,0.0,60.4,99,103,63.7,15,0.0,20.1,1.011,17.4,17.3,-0.9,74.1,17.3,2011,20.26,14.1,13.040,15,93.3,16.9
264.0,86,596.0,18.3,8.6,60.3,99,102,64.0,15,-0.0,20.4,1.006,16.0,17.3,-2.3,73.6,17.3,1994,20.50,15.4,13.040,15,92.9,15.3
267.0,86,596.0,16.2,32.0,60.0,99,102,61.2,15,-0.8,19.2,0.998,16.7,17.3,-0.4,74.9,17.5,1987,20.89,17.0,12.973,15,91.8,17.2
270.0,86,595.6,24.7,0.0,59.4,99,103,67.1,15,-0.3,22.2,0.993,16.5,18.5,1.4,77.5,18.6,2048,22.06,18.6,12.913,15,91.0,23.1
273.0,86,598.7,22.2,0.0,60.0,99,105,69.3,15,0.0,23.8,0.993,16.8,18.9,1.8,77.9,19.9,2161,24.16,20.4,13.040,15,91.0,23.1
276.0,86,600.0,19.5,0.0,60.5,99,106,65.9,15,0.0,21.5,1.001,19.0,15.3,0.0,65.5,16.9,2011,21.67,14.6,13.040,15,91.5,20.1
279.0,86,600.0,17.7,0.0,60.9,99,106,60.4,15,0.0,18.0,1.000,19.5,16.1,-0.6,69.1,16.4,2012,20.29,10.4,13.040,15,93.1,16.6
282.0,86,600.0,18.0,0.0,61.5,99,106,62.8,15,0.0,23.5,1.006,13.5,18.9,-1.2,77.8,18.5,2062,21.59,13.3,13.017,15,92.5,15.8
285.0,86,599.0,21.0,1.8,61.9,99,106,61.7,15,0.0,22.5,1.011,12.8,19.7,-1.3,82.2,20.6,2116,24.74,22.8,12.964,15,83.9,21.2
288.0,86,600.0,18.3,13.7,62.0,99,106,57.6,15,-0.3,17.4,1.008,19.6,16.5,-0.8,71.1,17.1,2023,20.67,14.5,13.040,15,91.9,16.6
291.0,86,600.0,15.2,15.9,62.0,99,106,54.5,15,-0.8,15.7,0.997,22.0,14.9,-0.8,63.1,14.9,1998,18.55,14.2,13.040,15,93.5,18.0
294.0,86,600.0,15.0,2.7,62.0,99,106,59.6,15,-0.8,19.2,1.003,19.0,16.6,-0.8,69.5,16.4,2007,19.44,14.7,13.067,15,93.2,19.6
297.0,86,599.5,15.3,31.4,61.0,99,106,53.1,15,-0.8,16.5,1.004,20.5,15.8,-0.8,68.2,16.1,1999,18.87,14.0,13.085,15,93.0,18.6
300.0,86,597.5,15.8,13.2,61.0,99,105,52.7,15,-0.8,15.5,1.002,22.4,14.4,-0.6,62.0,14.3,1974,16.37,10.2,13.040,15,93.7,15.3
303.0,86,596.0,13.8,0.0,60.7,99,104,55.5,15,-0.8,16.6,0.997,20.5,15.3,0.0,66.3,15.3,1961,17.88,12.2,13.040,15,93.4,16.5
306.0,86,596.0,10.8,11.0,60.4,99,102,54.9,15,-0.8,18.0,1.010,19.4,16.1,0.0,70.3,16.5,1955,19.01,7.3,13.040,15,62.1,13.1
309.0,86,595.5,14.5,98.9,60.2,99,100,53.2,15,-0.8,15.8,1.003,20.4,15.4,-0.3,68.8,16.3,1933,18.84,2.6,13.040,15,17.2,5.6
312.0,86,593.5,11.1,65.6,60.4,99,99,54.1,15,-0.8,15.4,1.000,20.9,14.3,-0.9,63.7,14.5,1899,16.55,4.7,13.040,15,94.9,12.9
315.0,86,592.0,10.3,34.1,60.4,99,98,52.6,15,-1.2,18.4,1.005,17.0,15.3,-1.6,67.5,14.9,1885,17.30,10.2,13.040,15,94.0,14.8
318.0,86,590.3,13.5,27.4,60.4,99,98,23.5,15,-7.8,5.1,0.990,5.2,4.8,-0.5,34.4,6.0,1838,10.27,7.5,13.040,15,65.4,13.4
321.0,86,579.7,7.1,36.7,60.4,100,95,34.1,15,-3.5,12.3,1.001,8.0,8.2,0.0,40.3,7.0,1827,9.73,5.5,13.023,15,10.5,6.7
324.0,86,582.8,18.0,14.3,60.4,100,95,52.9,15,-0.5,19.4,1.007,15.6,18.2,0.0,77.8,18.5,1896,20.98,18.8,12.960,15,90.2,23.5
327.0,86,585.8,23.9,0.0,60.3,99,96,70.4,15,0.0,23.5,0.995,14.0,19.2,0.0,80.8,19.6,2098,23.38,19.6,12.960,15,90.2,23.5
330.0,86,588.8,23.5,0.0,60.0,99,98,69.8,15,0.0,23.5,1.000,14.4,19.2,-0.6,80.0,19.3,2085,23.02,19.0,12.998,15,90.8,22.6
333.0,86,591.8,21.6,0.0,59.8,99,99,57.0,15,-0.5,22.1,1.002,14.3,18.8,-1.2,79.6,19.0,2025,22.23,18.5,13.040,15,91.8,20.1
336.0,86,592.0,18.1,7.2,60.0,100,99,57.3,15,-0.5,20.8,1.000,14.6,18.1,-1.3,78.6,18.6,1937,21.12,18.7,13.040,16,91.4,13.7
339.0,86,593.4,18.6,12.4,60.1,100,98,57.4,15,-0.5,19.4,0.978,16.5,16.9,0.0,73.3,17.3,1935,19.95,16.0,13.040,16,91.4,18.4
342.0,86,595.5,23.4,13.0,60.3,100,98,15.8,15,-7.8,5.1,0.004,-2.1,8.1,0.0,41.4,12.1,1848,13.90,11.2,13.040,16,71.9,21.1
345.0,86,583.6,16.1,2.3,60.7,100,94,42.8,15,-3.9,11.8,0.506,1.3,8.6,-0.9,36.2,10.6,1788,9.86,6.4,13.040,16,10.2,12.4
348.0,86,586.7,19.1,19.1,60.8,99,92,43.4,15,-2.9,14.5,1.006,19.6,15.6,-2.6,70.8,16.9,1852,19.00,16.5,13.040,16,68.6,20.8
351.0,86,586.2,14.8,18.9,60.9,99,91,34.8,15,-5.5,10.6,1.001,24.3,13.0,-3.9,58.4,14.1,1724,15.13,12.2,13.040,16,35.0,12.4
354.0,86,584.0,7.3,0.0,61.2,100,88,62.7,15,-1.6,20.8,1.013,13.5,18.4,-3.3,73.5,17.0,1796,18.19,15.1,12.956,16,47.0,12.3
357.0,86,584.0,12.2,0.0,61.5,100,90,65.8,15,-1.6,22.0,1.013,13.2,18.4,-2.0,79.6,18.6,1847,20.20,18.5,12.903,16,91.8,22.8
360.0,86,586.9,19.0,0.0,61.6,99,90,66.3,15,-0.9,21.3,1.008,13.6,18.3,-1.3,79.1,18.6,1866,19.99,18.0,12.960,16,91.8,24.7
363.0,86,588.0,19.5,0.0,61.6,99,90,63.8,15,-0.3,18.7,0.997,15.2,18.0,-3.1,77.3,17.6,1886,18.33,4.3,12.960,16,34.1,17.8
366.0,86,588.0,16.3,0.0,61.6,100,90,56.5,15,-1.6,15.7,0.992,18.5,16.5,-0.3,76.2,17.6,1779,18.14,11.1,12.999,16,0.0,16.4
369.0,87,587.8,24.7,0.0,61.1,100,91,69.5,15,-0.6,22.7,0.995,14.3,18.1,0.5,78.1,18.5,1825,19.69,18.3,13.021,16,14.4,22.1
372.0,87,593.0,24.2,8.1,61.0,100,93,72.7,15,0.0,25.9,0.997,10.7,19.9,0.0,81.9,19.9,2048,23.47,21.2,12.960,16,90.2,23.1
375.0,87,597.4,23.4,15.8,60.8,99,94,69.1,15,0.0,23.5,0.997,13.5,19.2,0.0,80.0,17.6,1935,20.99,17.3,13.014,16,87.0,22.9
378.0,87,600.0,22.2,20.5,60.8,99,94,69.8,15,0.0,23.9,1.002,13.1,19.2,-0.5,80.5,18.5,1951,21.20,16.4,13.040,16,59.6,21.1
381.0,87,599.5,20.4,26.1,60.5,100,93,67.5,15,-0.9,22.3,0.999,12.4,19.3,0.0,81.2,19.8,1939,22.17,18.5,13.040,16,12.0,17.3
384.0,87,602.4,24.2,12.3,60.2,100,92,67.2,15,-1.2,21.0,0.997,12.0,19.5,1.5,82.0,21.2,1875,22.28,23.5,13.040,16,89.8,24.7
387.0,87,604.0,26.7,1.2,59.9,99,92,70.1,15,0.0,21.6,1.002,16.0,18.4,-1.6,79.5,20.0,1975,22.66,22.0,13.040,16,90.0,26.7
390.0,87,604.4,25.9,4.2,59.6,99,94,72.8,15,0.0,24.6,1.001,16.0,18.4,-0.7,78.7,19.2,2012,22.50,21.0,13.040,16,90.2,25.7
393.0,87,607.5,25.1,0.0,59.6,99,97,72.5,15,0.0,25.1,1.001,17.6,17.6,0.3,76.3,18.8,1976,21.78,18.6,13.040,16,88.9,25.1
396.0,87,608.0,16.3,0.0,59.6,99,97,69.0,15,0.0,23.9,1.003,18.8,16.5,0.5,73.2,18.8,1876,20.61,9.0,13.040,16,28.4,21.4
399.0,87,609.3,12.9,3.9,59.6,100,96,63.3,15,0.0,21.6,1.011,11.5,19.6,-3.1,82.6,18.8,1910,20.91,16.0,12.987,16,39.4,20.9
402.0,87,612.0,22.8,15.2,59.6,99,92,68.9,15,0.0,22.4,1.012,13.1,19.1,-2.6,80.9,19.2,1945,21.65,20.6,12.960,16,60.2,23.4
405.0,87,611.5,28.2,0.0,59.3,99,91,71.3,15,0.0,24.8,1.011,13.6,19.4,-1.7,80.3,19.8,2006,22.60,22.2,12.960,16,89.8,28.2
408.0,87,614.6,27.3,1.4,59.2,99,89,72.9,15,0.0,27.2,1.006,12.9,20.7,-0.6,81.8,20.5,2093,23.50,21.6,12.960,16,90.2,26.3
411.0,87,617.7,25.7,1.6,59.1,99,89,72.3,15,0.0,27.3,0.996,12.5,22.0,0.8,83.5,21.6,2223,23.80,18.4,13.018,16,91.5,23.4
414.0,87,620.0,22.3,0.0,58.8,99,92,69.0,15,0.0,23.9,0.997,13.7,19.8,0.2,80.7,19.1,2067,18.91,13.6,13.001,16,60.5,18.0
417.0,87,620.0,12.9,0.0,58.7,99,95,56.6,15,-0.6,18.6,0.998,18.1,11.2,1.2,51.1,9.9,1919,11.49,7.5,12.960,16,9.9,10.5
420.0,87,614.4,7.6,0.0,59.0,100,96,33.3,15,-3.8,11.6,0.614,10.3,3.5,1.7,19.6,0.0,1828,4.33,0.8,12.962,16,0.1,4.7
423.0,87,600.7,4.9,0.0,59.5,100,95,13.5,15,-7.6,5.3,0.081,-10.6,0.0,0.0,15.3,0.0,1774,4.28,0.8,13.040,16,0.0,4.7
426.0,87,584.8,4.8,0.0,60.0,100,92,14.1,15,-6.2,7.1,0.884,39.5,5.7,4.8,22.6,0.0,1741,4.32,1.0,13.040,16,0.3,5.4
429.0,87,575.8,5.1,0.0,60.3,100,92,14.1,15,-6.2,5.7,0.318,35.2,7.1,2.5,23.5,4.8,1708,6.89,3.7,13.040,16,5.0,8.3
432.0,86,567.1,12.5,0.0,59.9,100,91,15.7,15,-6.2,5.1,0.000,19.6,5.6,-0.6,20.7,8.8,1698,10.06,9.3,13.040,16,22.1,17.6
435.0,86,564.4,13.6,0.0,59.7,100,89,28.3,15,-5.4,6.7,0.056,-10.5,1.6,0.0,16.1,3.1,1761,4.34,1.2,13.040,16,15.3,11.3
438.0,86,561.0,12.0,7.7,60.1,100,88,66.7,15,0.0,21.2,1.013,10.3,15.1,-2.3,63.2,13.9,1897,14.90,11.0,13.040,16,21.3,8.1
441.0,86,564.0,18.8,41.2,60.3,99,86,67.4,15,-1.1,23.8,1.000,12.2,19.6,-0.5,83.6,19.9,1937,22.23,19.8,13.019,16,35.6,11.1
444.0,86,569.5,23.8,21.0,60.4,99,85,71.6,15,-1.0,26.6,0.993,9.6,20.8,1.8,84.9,21.2,1896,22.75,21.2,12.960,16,44.0,23.9
447.0,86,575.5,27.9,5.9,60.3,99,84,75.8,15,0.0,27.9,0.996,8.8,23.1,0.0,88.2,23.9,2111,25.65,24.8,12.960,16,71.9,27.4
450.0,86,581.8,27.8,0.0,60.0,99,82,74.1,15,0.0,20.0,0.998,15.5,18.8,-1.7,79.6,19.6,2000,22.44,20.9,13.002,16,65.1,25.4
453.0,86,588.0,18.0,0.0,59.5,99,82,63.5,15,0.0,21.5,1.002,15.5,17.0,-1.5,77.0,16.6,1916,19.05,15.5,13.040,16,35.7,19.6
456.0,86,590.8,19.9,21.4,59.6,99,83,64.7,15,0.0,21.6,1.000,15.9,16.3,-0.6,74.8,14.8,1866,16.50,12.5,13.040,16,35.7,21.2
459.0,87,592.0,20.8,18.0,59.6,99,85,65.7,15,0.0,20.3,0.995,17.0,15.7,-0.0,63.5,12.5,1762,13.91,11.4,13.040,16,30.5,20.7
462.0,87,593.3,20.4,0.0,59.6,99,88,65.3,15,0.0,20.0,1.006,16.5,16.5,-0.8,67.1,14.1,1762,16.20,13.5,13.040,16,27.0,20.0
465.0,87,596.0,19.1,0.0,59.6,99,88,66.7,15,0.0,20.8,1.005,16.8,17.0,-0.8,71.7,16.1,1861,18.58,11.0,13.008,16,17.5,15.4
468.0,87,595.6,14.1,0.0,59.4,99,89,56.8,15,-0.9,16.5,1.000,20.7,14.6,-0.2,62.1,15.1,1875,18.39,6.7,12.960,16,0.3,5.6
471.0,87,593.8,12.7,0.9,59.8,99,89,48.1,15,-1.6,12.2,0.996,25.6,10.5,0.7,38.5,10.2,1662,11.95,8.6,12.960,16,9.6,11.8
474.0,87,590.9,9.9,1.5,60.0,99,88,42.7,15,-1.6,12.2,0.998,22.5,14.9,-1.6,66.3,13.5,1679,14.15,8.8,12.960,16,5.3,9.1
477.0,87,587.8,5.1,0.0,59.9,99,86,14.9,15,-4.9,7.3,0.341,4.1,7.2,-0.8,43.9,8.3,1625,11.01,6.4,12.983,16,1.7,5.4
480.0,87,571.4,9.4,11.2,60.0,99,84,39.8,15,-4.0,10.0,0.426,-0.8,4.6,-0.8,30.3,3.1,1565,5.97,1.9,13.040,16,10.3,7.5
483.0,87,572.0,13.3,10.8,60.0,99,83,59.8,15,-1.6,15.6,1.010,18.4,15.4,-3.0,69.5,15.3,1700,16.18,12.5,13.040,16,66.9,12.9
486.0,87,573.2,15.1,4.0,60.0,98,84,55.4,15,-1.6,13.7,0.996,18.0,16.1,-0.8,74.1,16.2,1700,16.73,14.0,13.040,17,57.6,15.1
489.0,87,576.0,13.3,0.0,59.9,99,86,42.4,15,-1.6,12.1,1.000,22.0,14.9,-1.2,71.9,16.1,1671,16.50,14.2,12.959,17,21.6,15.4
492.0,87,575.6,16.1,459.8,59.7,99,87,52.2,15,-1.6,12.7,0.998,25.9,13.4,-0.4,65.5,15.2,1642,15.63,12.7,12.821,17,20.2,17.6
495.0,87,573.7,10.4,346.9,59.4,99,88,48.1,15,-1.6,13.5,0.998,26.5,12.2,1.4,54.3,13.5,1662,14.56,11.4,13.040,17,2.9,8.8
498.0,87,569.4,6.6,81.4,59.2,99,88,30.8,15,-1.6,11.7,1.012,20.0,12.2,-4.7,56.1,11.8,1661,5.28,4.4,13.040,17,1.3,5.5
501.0,87,563.5,8.1,2.6,59.2,99,88,40.8,15,-1.6,5.5,0.988,15.1,8.4,-2.0,37.6,6.5,1650,4.98,0.6,13.040,17,0.0,5.1
504.0,87,555.5,5.1,12.2,58.9,99,88,28.8,15,-4.0,5.1,0.979,21.0,6.3,0.7,22.6,3.1,1634,5.01,1.2,13.032,17,0.0,5.1
507.0,87,551.7,11.8,25.5,59.0,99,87,34.4,15,-5.0,7.7,0.981,33.8,7.6,2.3,25.5,7.5,1625,6.71,3.9,12.960,17,4.3,7.0
510.0,87,548.0,16.1,37.2,59.2,99,86,63.6,15,-1.6,16.8,0.990,24.5,12.2,1.6,53.7,10.6,1634,5.56,3.1,12.960,17,11.7,9.3
513.0,87,547.6,10.1,24.4,59.2,99,86,40.0,15,-1.6,12.2,1.007,24.5,11.9,-1.3,53.7,8.7,1618,5.74,3.0,12.991,17,15.8,11.5
516.0,87,543.8,13.7,48.9,59.2,99,83,34.3,15,-1.6,12.2,1.000,20.7,13.1,-2.8,62.5,10.8,1614,9.68,7.6,13.040,17,19.3,13.9
519.0,87,548.9,23.4,23.0,59.2,99,82,47.4,15,-1.1,17.3,0.995,14.7,16.4,-1.9,79.5,19.3,1650,19.08,23.5,13.040,17,91.0,29.8
522.0,87,556.1,27.1,4.5,59.2,99,82,73.1,15,-0.1,29.2,1.013,10.0,23.1,0.8,86.7,23.5,2109,24.65,22.8,13.040,16,66.2,20.1
525.0,87,563.6,20.2,9.1,59.2,99,82,53.3,15,-1.6,16.5,1.003,15.6,15.0,0.3,65.0,16.5,1855,18.48,14.8,13.007,16,64.3,11.8
528.0,87,559.8,17.3,0.0,59.2,98,82,60.6,15,-1.6,17.8,0.998,17.0,13.5,0.0,60.1,13.1,1617,11.76,4.9,12.960,16,87.9,11.4
531.0,87,562.8,18.3,0.0,59.0,99,84,63.5,15,-1.6,16.3,0.995,18.1,12.1,0.0,61.6,15.4,1719,14.01,4.6,12.959,16,15.3,16.9
534.0,87,564.0,16.2,12.5,58.7,99,87,61.5,15,-1.6,12.2,0.996,23.0,0.5,0.0,22.4,12.2,1625,13.72,11.8,12.880,16,16.4,16.4
537.0,87,564.0,12.9,60.3,58.4,99,88,55.7,15,-1.6,12.5,0.995,23.5,12.9,1.6,46.9,12.4,1658,12.54,10.2,12.964,16,11.8,12.8
540.0,87,564.0,12.9,199.4,58.8,99,90,51.0,15,-1.6,13.6,0.997,22.6,13.6,0.3,59.4,13.3,1704,13.09,9.4,13.052,16,7.0,9.1
543.0,87,563.6,7.0,244.6,58.8,99,91,28.8,15,-4.0,9.7,0.559,9.2,9.0,-0.5,47.5,10.0,1720,12.23,8.9,13.057,17,11.7,12.8
546.0,87,553.2,5.1,136.2,59.0,99,90,14.4,15,-6.2,5.2,0.143,-6.1,0.4,0.3,16.2,0.0,1675,4.25,0.8,12.880,16,0.2,4.7
549.0,87,542.8,8.8,1.5,59.3,99,88,19.4,15,-6.0,5.6,0.884,39.5,5.5,7.0,23.5,4.6,1638,5.45,6.1,12.971,17,45.8,11.6
552.0,87,540.5,20.0,7.0,59.6,98,88,66.7,15,0.0,24.7,0.962,19.7,14.6,1.6,56.9,13.7,1822,14.19,14.0,13.013,17,92.8,20.6
555.0,87,547.5,18.8,2.0,59.6,99,88,64.2,15,-0.7,17.1,0.998,14.5,18.3,-2.5,76.6,20.2,1966,23.16,21.0,12.966,17,90.2,24.3
558.0,87,549.8,17.8,0.0,59.5,99,87,62.7,15,-1.6,7.4,0.999,25.2,14.1,-3.1,52.2,16.5,1625,17.40,16.1,13.040,16,91.9,23.4
561.0,87,552.0,16.7,4.0,59.2,99,84,65.1,15,-1.6,9.8,1.003,16.5,16.1,-2.1,66.8,16.0,1598,13.19,11.6,13.040,16,71.9,21.6
564.0,87,551.6,18.4,51.7,59.2,99,82,63.3,15,-1.6,14.3,0.995,16.5,16.2,-0.8,75.5,15.9,1616,10.82,7.0,13.040,16,22.7,18.4
567.0,87,556.7,19.3,24.5,59.2,99,81,62.5,15,-1.6,19.0,0.990,16.6,16.1,0.8,72.3,16.4,1737,17.09,15.3,13.040,16,27.1,19.6
570.0,87,560.0,19.3,265.5,59.2,99,83,63.3,15,-1.6,19.9,0.998,16.9,12.9,0.8,54.5,11.8,1607,14.13,13.3,12.929,16,23.2,18.4
573.0,87,561.6,17.8,671.5,59.2,99,86,62.7,15,-1.6,22.7,1.003,13.0,17.1,0.8,72.5,16.6,1741,17.37,15.3,12.918,16,46.5,17.7
576.0,87,567.9,16.9,10.5,59.1,98,90,56.5,15,-1.6,8.2,1.001,15.0,8.5,3.2,50.5,15.0,1779,18.07,16.6,12.980,16,87.5,18.5
579.0,87,568.0,18.0,22.0,59.2,98,91,48.9,15,-1.6,5.9,0.999,18.4,4.3,3.4,30.0,10.8,1718,14.40,12.1,13.040,17,93.3,18.8
582.0,87,565.9,11.7,14.2,59.4,98,92,34.0,15,-2.6,12.7,0.995,22.5,13.4,-1.9,59.9,12.9,1750,13.52,1.6,13.040,16,34.8,10.0
585.0,87,562.8,9.1,0.0,59.6,99,92,15.8,15,-6.2,10.2,0.979,26.0,14.9,-6.2,69.0,15.7,1732,15.75,9.3,13.040,17,20.7,12.8
588.0,87,560.0,19.2,6.4,59.6,99,92,45.5,15,-2.7,8.2,0.986,31.5,13.9,-3.9,61.8,15.5,1725,16.75,12.8,13.012,17,21.9,17.8
591.0,87,559.7,11.8,481.7,59.9,99,91,52.3,15,-1.6,11.7,0.995,28.7,13.8,-1.7,59.5,15.4,1728,16.60,11.4,12.969,17,10.5,10.6
594.0,87,562.5,11.1,243.2,59.8,99,91,51.6,15,-1.6,14.7,1.001,21.5,14.2,-0.8,64.9,15.5,1736,16.32,15.7,13.040,17,92.9,17.5
597.0,87,562.4,8.6,36.5,59.7,99,92,39.1,15,-2.2,11.6,1.000,23.5,12.9,-0.8,58.0,13.7,1725,14.19,10.8,12.986,17,92.5,13.9
600.0,87,560.0,6.5,0.0,60.0,99,90,16.5,15,-6.2,6.3,0.994,34.8,10.2,-1.8,43.7,13.0,1696,14.04,9.7,12.994,17,92.8,12.2
603.0,87,559.8,22.7,0.0,60.0,98,90,51.2,15,-2.5,15.8,0.992,27.2,12.8,-1.7,51.2,14.4,1747,15.64,11.5,13.040,17,87.3,17.2
606.0,87,562.5,19.7,0.0,59.8,98,91,69.7,15,-0.6,23.5,0.993,13.0,17.7,-0.7,76.4,17.5,1885,19.88,15.3,13.040,16,16.6,16.5
609.0,87,565.6,13.4,0.0,59.6,99,92,60.7,15,-2.3,22.9,1.000,14.5,16.5,0.0,67.1,13.7,1737,13.66,13.8,13.040,16,17.0,15.6
612.0,87,567.2,7.3,0.0,59.6,99,90,19.6,15,-6.2,12.5,0.993,19.5,15.0,-2.8,66.5,14.0,1688,14.21,13.5,13.000,16,20.7,16.5
615.0,87,564.3,14.9,0.0,59.6,99,87,54.0,15,-2.8,16.7,0.996,16.7,17.0,-1.3,75.3,17.1,1718,16.92,16.7,12.960,17,38.9,20.5
618.0,87,571.6,18.4,0.0,59.6,99,86,65.0,15,-1.6,22.7,0.998,11.3,20.1,0.5,85.0,21.0,1839,20.96,22.8,12.966,17,89.8,24.7
621.0,87,574.2,19.6,0.0,59.6,99,87,66.4,15,-1.2,25.7,1.000,9.7,21.5,0.0,87.2,22.7,2012,23.92,23.9,13.040,16,89.8,26.4
624.0,87,577.3,21.3,4.3,59.5,99,90,61.2,15,-0.2,21.0,1.005,21.5,14.1,0.0,64.3,16.8,1793,18.90,19.9,13.040,16,91.0,25.2
627.0,87,578.2,21.0,14.8,59.2,99,92,15.7,15,-6.2,5.1,0.245,-1.1,4.8,0.0,36.8,6.8,1699,10.62,10.3,13.040,16,64.6,18.5
630.0,87,563.8,6.3,0.0,59.5,99,89,29.2,15,-3.6,8.5,0.453,7.5,4.8,0.3,26.9,2.9,1687,5.46,2.4,13.025,16,0.4,5.1
633.0,87,561.5,12.2,26.8,59.8,99,89,46.0,15,-1.6,13.5,0.915,25.9,12.6,0.7,49.5,10.0,1697,9.10,8.2,12.960,16,15.4,13.1
636.0,87,561.7,17.2,29.5,60.0,99,91,60.4,15,-1.4,18.0,0.993,15.6,19.2,0.0,82.4,19.6,1899,21.66,18.0,13.063,17,65.4,20.9
639.0,87,564.9,17.7,0.0,60.0,99,94,66.5,15,0.0,18.0,1.002,19.5,14.9,-1.1,74.1,18.1,1849,20.00,18.8,13.070,17,91.5,23.6
642.0,87,567.9,12.9,0.0,59.5,99,96,26.7,15,-0.5,10.4,0.997,11.5,7.8,-0.9,48.6,12.9,1797,14.83,13.3,13.009,17,81.6,20.9
645.0,87,562.5,7.8,0.0,59.8,99,94,20.8,15,-2.8,5.1,0.960,5.6,0.0,3.7,16.2,4.2,1757,4.72,0.8,12.880,17,0.1,5.1
648.0,87,552.4,5.5,2.9,60.1,99,90,23.2,15,-5.4,6.5,0.896,12.1,0.2,18.8,16.9,0.0,1687,4.27,0.5,13.004,17,0.0,5.1
651.0,87,545.0,8.6,20.7,60.3,99,86,50.2,15,-1.6,16.1,1.013,15.5,16.9,2.8,59.6,12.2,1730,13.11,9.5,12.997,17,13.8,11.8
654.0,87,548.0,18.0,78.0,60.0,99,86,61.2,15,0.0,12.1,1.003,27.0,17.3,-2.3,78.1,18.8,1722,18.63,18.8,12.984,17,43.5,21.8
657.0,87,551.7,24.7,23.6,59.7,99,86,66.6,15,0.0,18.4,1.000,25.5,19.1,-1.6,82.9,21.1,1782,20.62,23.7,13.040,17,91.4,27.5
660.0,87,559.0,28.0,1.2,59.6,99,87,70.3,15,0.0,25.7,1.005,10.2,21.2,-0.1,88.1,23.1,2125,25.28,25.1,13.040,17,89.3,28.9
663.0,87,565.2,22.5,0.0,59.5,98,90,65.2,15,-0.1,23.9,1.013,14.0,15.3,-0.8,75.3,20.4,1891,22.04,23.8,12.943,17,89.4,28.7
666.0,87,568.1,6.3,0.0,59.2,99,92,14.9,15,-6.2,11.8,1.003,17.5,15.3,-3.3,81.8,22.3,1844,21.82,25.4,12.931,17,90.0,29.0
669.0,87,575.6,26.8,0.0,59.5,99,93,49.2,15,-3.2,19.8,0.999,16.6,18.7,-4.0,88.7,24.8,1989,24.34,29.5,13.040,17,89.4,33.3
672.0,87,580.2,35.5,0.0,59.4,99,95,76.6,15,-0.2,34.8,0.999,11.5,26.7,0.0,90.2,26.7,2450,29.94,30.6,13.040,17,87.4,35.6
675.0,87,587.7,36.2,0.0,59.2,99,99,77.2,15,-0.8,36.1,0.999,12.0,27.1,0.8,89.8,27.0,2497,30.83,30.4,13.040,17,87.1,35.5
678.0,87,596.4,34.7,0.0,59.2,99,102,74.5,15,-0.8,32.6,1.004,13.8,22.6,0.3,83.5,24.3,2308,28.42,28.3,13.040,17,61.5,33.0
681.0,87,599.8,27.1,0.0,59.2,99,105,72.4,15,-0.3,26.7,1.000,16.1,20.0,0.0,80.2,22.3,2108,25.38,25.7,13.040,17,0.0,29.1
684.0,87,602.7,30.5,3.1,59.0,99,106,73.5,15,0.0,26.3,0.998,16.6,20.7,-0.1,82.1,22.4,2067,24.61,26.7,13.040,17,0.1,31.8
687.0,87,605.7,28.6,3.2,58.8,99,107,75.4,15,0.0,32.2,1.002,12.0,24.7,-0.8,87.1,25.1,2511,29.94,27.0,13.040,17,55.1,29.2
690.0,87,608.8,24.6,0.0,58.8,98,108,72.9,15,0.0,30.2,0.995,12.5,23.9,0.4,86.2,24.3,2474,29.28,26.3,13.001,17,86.6,26.5
693.0,87,611.9,31.0,0.0,58.3,98,108,74.0,15,0.0,31.9,0.996,12.2,24.9,0.1,86.7,24.7,2472,29.07,26.2,12.978,17,88.2,25.1
696.0,87,614.6,21.6,0.0,58.4,98,109,73.5,15,0.0,30.8,1.001,12.0,24.9,-0.8,87.2,25.4,2489,29.43,28.2,13.040,17,87.8,31.4
699.0,87,616.0,19.4,0.8,58.4,99,110,71.8,15,0.0,27.0,1.008,12.1,21.2,-0.8,82.7,20.4,2161,22.16,21.1,13.040,17,89.0,28.4
702.0,87,616.0,25.7,2.2,58.4,98,110,69.8,15,0.0,25.9,0.994,20.5,19.3,0.3,81.3,20.9,2134,23.24,20.6,13.040,17,89.8,26.1
705.0,87,615.8,21.6,0.0,57.9,98,111,37.2,15,-0.5,24.8,1.004,15.3,21.2,-0.4,83.0,23.0,2160,25.07,24.2,13.025,17,89.6,27.1
708.0,87,616.0,33.4,0.0,57.8,98,112,43.6,15,-0.8,29.6,1.009,10.3,25.4,-1.8,87.4,26.8,2316,27.83,30.6,12.960,17,87.5,37.6
711.0,87,617.7,38.4,5.2,57.6,99,112,75.3,15,-0.8,40.6,0.999,15.5,27.1,0.8,84.7,27.5,2898,34.86,31.2,13.016,17,86.6,36.5
714.0,87,620.0,34.0,14.4,57.6,98,114,67.5,15,-0.8,30.6,0.997,18.4,24.1,-0.3,81.7,18.8,2687,24.79,24.2,12.933,17,84.0,31.6
717.0,87,619.9,25.9,9.5,57.9,98,114,71.3,15,-0.3,30.6,0.996,18.3,16.3,0.5,61.9,12.3,2394,16.23,16.5,12.830,17,81.4,22.6
720.0,87,620.0,23.8,11.2,58.0,98,113,68.4,15,-0.3,24.4,0.993,22.3,8.7,1.5,34.6,11.6,2122,15.38,15.3,12.960,17,91.0,21.6
723.0,87,620.0,23.1,18.2,58.0,98,111,65.5,15,-0.6,14.4,0.990,35.2,9.2,-1.6,35.3,17.6,2100,21.68,19.2,13.078,17,90.2,20.3
726.0,87,617.9,21.4,21.7,58.0,98,110,69.2,15,0.0,12.2,0.993,15.0,16.9,-1.0,53.6,9.1,2065,10.62,9.5,13.077,17,53.1,15.2
729.0,87,612.0,14.1,0.0,58.0,99,108,32.9,15,-0.6,13.0,1.006,21.0,17.5,-1.6,70.0,13.3,2039,12.87,10.2,13.040,17,19.3,12.1
732.0,87,611.5,25.9,7.5,58.2,98,109,53.7,15,-0.8,17.5,1.008,24.2,16.6,-1.6,80.6,21.6,2037,23.95,24.9,13.040,17,88.6,31.0
735.0,87,612.0,26.3,6.4,58.3,98,111,61.2,15,-0.8,21.6,1.002,21.5,13.1,0.8,78.4,19.6,2112,23.76,21.2,13.040,17,38.4,18.4
738.0,87,612.0,22.7,0.0,58.0,99,112,20.4,15,-0.8,14.1,1.005,21.5,16.5,-2.3,69.7,19.0,2112,23.50,20.0,13.040,17,49.7,17.2
741.0,87,612.0,28.6,0.0,58.4,98,114,72.2,15,-0.2,26.4,0.996,16.2,21.1,-0.6,76.7,21.7,2288,25.97,19.6,13.014,17,91.1,25.4
744.0,87,611.7,30.5,0.0,58.4,98,114,73.6,15,-0.4,31.0,0.994,13.0,23.1,0.8,84.4,22.0,2426,27.55,20.2,12.969,17,91.4,24.7
747.0,87,614.3,25.8,15.6,58.4,98,113,68.6,15,-0.8,27.6,0.997,14.4,20.4,0.8,80.3,15.4,2149,18.35,18.8,13.040,17,91.4,20.8
750.0,87,614.8,21.6,24.9,58.3,98,112,58.2,15,-0.8,18.0,0.999,21.0,15.7,0.8,68.2,16.9,2123,20.07,17.4,13.087,17,60.1,21.0
753.0,87,612.0,21.6,8.8,57.9,99,110,65.9,15,-0.2,19.3,1.004,24.7,15.1,-0.4,63.2,15.9,2100,19.19,13.2,13.210,17,23.3,19.4
756.0,87,609.3,19.6,3.6,58.0,99,108,67.3,15,0.0,21.6,1.008,24.1,15.7,-1.7,61.5,15.3,2060,16.94,5.9,13.440,17,0.1,8.2
759.0,87,608.0,21.0,0.0,57.9,99,106,69.7,15,0.0,24.4,1.012,14.5,19.6,-2.3,81.2,20.0,2049,22.55,15.6,13.549,17,55.8,17.6
762.0,87,608.5,26.3,0.0,57.6,98,106,72.9,15,0.0,27.5,0.994,14.1,21.6,0.8,82.9,21.7,2189,24.76,21.9,13.686,17,90.7,26.1
765.0,87,611.9,29.8,0.0,57.5,98,106,73.5,15,-0.5,27.7,0.997,15.0,22.0,1.2,83.6,22.3,2282,26.40,24.1,13.793,17,89.5,29.7
768.0,87,614.9,27.2,2.6,57.8,98,106,72.2,15,-0.5,27.5,0.998,15.9,21.7,0.2,83.2,21.8,2279,26.02,22.7,13.760,17,89.8,28.6
771.0,87,617.8,28.3,2.6,58.0,98,106,71.2,15,-0.1,27.6,0.997,15.4,22.0,0.8,83.5,22.7,2299,27.33,25.9,13.759,17,88.8,30.3
774.0,87,620.7,31.6,0.0,58.0,98,106,73.7,15,-0.8,31.8,0.999,13.5,23.9,0.8,84.6,23.2,2421,27.92,23.8,13.770,17,88.9,30.5
777.0,87,623.9,30.2,0.0,57.9,98,105,74.2,15,-0.8,31.8,0.998,13.3,24.3,0.8,85.6,24.0,2504,28.70,23.0,13.777,17,89.9,28.9
780.0,87,626.7,31.5,0.0,58.0,98,105,73.5,15,-0.8,31.5,1.001,13.7,24.3,0.5,86.1,24.5,2504,29.40,27.5,13.760,17,88.2,32.5
783.0,87,628.0,31.5,0.0,57.9,98,106,72.4,15,-0.8,31.0,1.009,16.0,22.7,-0.8,85.1,23.5,2411,27.92,25.7,13.818,17,88.2,31.1
786.0,87,629.0,29.8,0.3,57.6,98,106,72.8,15,-0.8,31.0,1.002,15.5,22.7,-0.2,84.8,23.2,2420,27.89,24.5,13.723,17,88.4,29.9
789.0,87,631.9,26.7,1.8,57.6,98,106,71.4,15,-0.2,28.6,0.996,17.2,20.8,0.4,79.7,21.2,2246,25.68,23.5,13.640,17,88.9,29.2
792.0,87,632.0,28.6,0.6,57.4,98,105,71.8,15,0.0,28.2,0.994,16.8,20.3,0.4,76.7,19.7,2065,22.96,22.6,13.760,17,90.2,28.2
795.0,87,632.0,26.8,0.0,57.3,98,104,72.2,15,0.0,29.1,0.995,13.4,22.8,-0.7,84.7,23.1,2337,27.32,25.1,13.759,17,23.8,28.8
798.0,87,633.4,26.8,0.0,57.3,98,104,72.4,15,-0.0,29.4,0.991,13.0,23.5,0.8,85.1,23.4,2337,27.52,25.4,13.760,17,0.0,30.2
801.0,87,636.6,31.3,0.0,57.3,98,102,74.5,15,-0.8,32.2,0.995,13.4,24.4,0.3,86.1,24.4,2439,28.68,26.5,13.760,17,27.0,31.6
804.0,87,639.8,27.5,0.0,57.5,98,103,70.3,15,-0.3,27.1,1.003,13.5,23.7,0.0,85.8,24.2,2422,28.48,27.1,13.776,16,88.3,32.2
807.0,87,640.0,29.2,0.0,57.6,98,106,70.6,15,-0.3,26.0,1.006,13.8,22.7,0.0,84.3,22.8,2235,25.89,24.7,13.840,16,89.4,29.4
810.0,87,640.0,31.1,0.7,57.6,98,109,73.1,15,-0.8,30.5,1.001,15.0,23.9,0.0,83.9,23.9,2574,29.58,25.9,13.663,16,88.7,31.2
813.0,87,640.0,31.8,1.6,57.6,98,114,70.6,15,-0.8,29.8,1.001,15.5,23.3,0.0,83.9,23.6,2567,28.95,25.2,13.642,16,88.4,31.4
816.0,87,640.0,27.8,0.0,58.0,98,117,70.0,15,-0.2,28.0,0.998,15.8,22.7,0.4,84.1,23.0,2494,28.03,23.9,13.580,16,88.6,29.2
819.0,87,639.8,27.8,0.6,57.7,98,118,70.8,15,-0.4,27.3,0.996,15.8,22.2,0.2,84.0,22.4,2406,27.30,23.0,13.331,16,88.6,28.2
822.0,87,640.0,24.7,0.3,57.6,98,118,69.7,15,-0.5,26.6,0.995,16.3,21.2,-0.2,82.0,22.0,2403,27.20,22.7,13.120,16,89.4,27.5
825.0,87,638.3,22.6,0.0,57.6,98,118,66.1,15,-0.1,24.4,0.991,19.0,18.4,2.3,74.1,19.2,2211,23.11,19.6,13.065,16,51.8,22.4
828.0,87,635.1,22.0,5.1,57.6,98,116,60.4,15,-0.8,20.8,0.995,19.8,16.9,0.6,72.5,18.1,2180,22.26,11.8,13.000,16,24.6,18.8
831.0,87,632.0,20.0,43.0,57.6,98,112,62.1,15,-0.8,21.1,0.998,23.2,13.5,1.2,67.9,17.9,2136,21.81,10.3,12.984,17,30.9,19.5
834.0,87,632.0,22.7,13.9,57.4,97,111,41.8,15,-0.8,18.4,1.001,24.1,12.8,1.1,63.9,17.3,2089,21.16,18.7,13.040,17,91.4,23.9
837.0,87,625.4,14.2,0.0,57.4,97,108,22.2,15,-2.4,13.6,0.999,22.2,16.9,-2.3,65.3,12.9,2037,15.99,12.2,13.040,17,32.7,10.8
840.0,87,618.6,5.1,0.0,57.6,98,104,21.7,15,-7.8,8.6,0.979,28.5,16.5,-1.6,74.5,16.9,1999,18.94,15.6,13.040,17,42.0,7.2
843.0,87,615.1,6.1,0.3,57.6,98,102,12.5,15,-7.8,5.5,1.083,33.0,13.7,-1.6,60.4,16.5,1933,18.86,16.9,13.008,17,60.7,12.2
846.0,87,607.8,22.4,14.8,57.6,98,102,46.0,15,-3.4,13.2,1.058,33.7,11.5,-0.1,48.5,15.3,1902,18.38,16.6,12.960,17,31.2,20.8
849.0,87,608.0,19.0,7.1,57.6,98,103,65.1,15,0.0,20.3,0.995,29.5,11.6,1.8,46.8,15.4,1940,20.04,16.9,12.960,17,91.8,21.6
852.0,87,608.0,17.8,0.0,57.6,98,104,64.8,15,-0.0,21.2,1.000,17.0,17.6,-2.3,76.9,17.6,2024,20.83,12.3,13.013,17,57.6,21.0
855.0,87,608.0,20.5,0.0,57.6,98,106,62.7,15,-0.8,20.4,0.998,18.0,17.4,-0.9,75.5,17.4,2031,20.39,13.5,13.040,17,45.2,21.1
858.0,87,607.9,22.4,0.0,57.6,97,107,40.1,15,-0.8,17.5,1.003,19.2,17.0,0.0,73.0,17.0,2033,19.77,16.7,13.023,17,83.1,22.0
861.0,87,605.3,16.1,3.6,57.6,97,106,40.7,15,-0.8,16.1,1.007,20.2,16.2,-0.3,70.0,16.4,2019,19.19,14.9,12.960,17,0.1,5.9
864.0,87,604.0,15.2,16.6,57.6,98,104,61.1,15,-0.7,19.2,1.005,20.5,15.2,-1.6,66.7,15.7,1962,17.42,13.7,13.022,17,14.9,13.8
867.0,87,604.9,20.7,30.2,57.6,98,104,72.2,15,0.0,28.6,0.996,13.0,23.9,1.6,80.7,21.3,2200,23.69,20.5,13.040,17,51.4,23.2
870.0,87,608.0,26.5,11.2,57.3,97,106,70.3,15,0.0,26.7,0.995,15.5,20.7,1.6,80.9,21.6,2213,24.28,20.9,13.040,17,74.7,27.6
873.0,87,607.8,11.8,4.3,57.3,98,105,65.1,15,-0.4,24.1,0.997,16.3,18.4,0.7,76.5,19.0,2062,20.30,13.8,13.040,17,32.8,20.0
876.0,87,605.6,17.0,6.4,57.3,98,104,64.1,15,-0.6,22.8,1.000,15.5,18.6,-0.7,77.5,18.5,2027,21.00,18.0,13.040,17,92.9,20.4
879.0,87,605.3,21.6,14.1,57.3,98,104,67.6,15,0.0,23.9,1.000,15.5,19.6,0.0,78.8,19.6,2099,22.02,17.7,13.040,17,56.1,20.0
882.0,87,608.0,23.5,26.2,57.3,97,104,68.2,15,0.0,23.6,0.997,15.5,19.4,0.5,79.2,19.4,2079,22.35,18.3,13.040,17,37.3,20.7
885.0,87,607.6,26.3,8.9,57.1,97,103,68.9,15,0.0,24.4,0.995,15.8,19.7,1.0,80.1,19.5,2073,22.45,19.8,13.037,17,90.2,25.5
888.0,87,609.8,26.6,0.5,56.8,97,102,69.8,15,0.0,26.0,0.993,16.5,20.8,1.6,82.0,21.2,2211,25.04,22.7,12.960,17,90.0,26.7
891.0,87,612.7,27.0,0.0,56.5,97,102,69.8,15,0.0,26.7,1.001,16.5,21.4,1.1,82.7,21.7,2278,25.77,22.6,12.924,17,89.7,27.4
894.0,87,615.9,26.3,0.0,56.0,97,103,69.3,15,0.0,26.7,0.996,16.7,21.4,1.1,82.8,21.9,2304,25.94,22.3,12.907,17,89.4,27.1
897.0,87,616.0,26.8,0.0,55.9,97,103,69.7,15,0.0,26.7,0.996,17.0,21.3,1.6,82.5,21.7,2266,25.08,22.0,13.040,17,89.8,26.7
900.0,87,617.8,28.4,0.0,55.6,97,102,71.3,15,0.0,27.3,1.003,16.8,21.6,1.6,83.1,22.0,2299,25.79,22.7,13.040,16,89.5,28.1
903.0,87,620.9,31.1,0.9,55.3,97,100,73.7,15,0.0,31.4,1.006,12.5,24.0,-0.1,85.6,24.1,2403,27.93,26.2,13.040,16,88.6,31.1
906.0,87,624.1,34.9,5.2,55.3,97,100,73.7,15,-0.6,33.8,1.001,12.5,25.6,0.0,86.7,25.6,2482,29.48,29.3,13.040,16,87.5,34.6
909.0,87,627.6,35.2,7.7,55.3,98,100,74.6,15,-0.8,35.4,1.000,12.5,26.4,0.3,86.8,26.4,2510,29.84,29.9,13.040,16,87.5,35.3
912.0,87,632.4,35.7,4.5,55.3,98,100,75.0,15,-0.8,36.0,1.001,12.5,26.7,-0.7,87.1,26.7,2500,30.23,31.0,13.040,16,23.3,35.9
915.0,87,637.4,36.3,0.0,55.3,98,100,74.6,15,-0.8,35.7,0.998,12.5,26.3,0.0,87.5,26.7,2500,30.05,31.0,13.040,16,0.0,36.3
918.0,87,640.4,37.0,0.0,55.3,98,100,75.3,15,-0.8,36.5,0.999,12.5,27.3,0.0,87.7,27.5,2506,30.08,31.8,13.040,16,24.3,36.8
921.0,87,643.8,38.4,0.0,55.6,97,100,75.3,15,-0.8,38.9,1.000,13.1,28.4,0.0,87.4,28.7,2580,30.91,33.7,13.040,16,86.6,37.8
924.0,87,646.5,41.0,6.1,55.7,97,101,75.3,15,-0.8,41.2,1.000,14.3,29.3,0.1,86.7,29.8,2755,33.30,37.3,13.040,16,85.5,43.5
927.0,87,649.7,41.5,6.8,55.6,97,102,75.0,15,-0.8,41.1,0.998,16.0,29.0,0.8,86.3,29.4,2886,34.28,35.6,13.040,16,85.5,41.5
930.0,87,652.0,39.6,1.3,55.3,97,102,73.7,15,-0.8,39.2,0.997,17.2,29.0,-0.3,85.7,29.1,2910,34.89,34.1,13.040,16,85.2,39.9
933.0,87,652.0,39.6,9.5,55.3,97,102,73.1,15,-0.8,39.2,0.996,17.5,29.0,-0.8,85.7,29.2,2930,34.94,33.3,13.040,16,84.8,39.5
936.0,87,654.7,38.3,3.6,55.3,97,102,73.3,15,-0.8,38.6,0.997,17.5,28.5,-0.6,85.9,29.1,2929,34.39,33.2,13.040,16,85.5,38.8
939.0,87,656.0,38.2,2.9,55.2,97,102,73.7,15,-0.8,37.8,0.998,17.5,27.1,0.0,85.9,27.5,2886,33.41,31.4,13.040,16,85.7,38.8
942.0,87,656.5,39.3,8.6,54.9,97,104,73.7,15,-0.8,40.8,0.990,17.5,29.9,1.0,85.2,29.7,2942,34.41,32.6,13.007,16,85.8,39.2
945.0,87,659.8,40.0,6.0,54.6,97,104,72.8,15,-0.8,40.0,0.993,18.4,31.2,1.3,84.4,31.3,3000,35.34,33.9,12.960,16,85.5,39.9
948.0,87,660.0,37.5,2.3,54.5,97,104,71.8,15,-0.8,37.3,0.997,19.9,29.6,0.8,83.3,30.2,3027,35.16,32.9,12.960,16,85.9,38.4
951.0,87,660.0,36.1,1.7,54.6,97,105,71.4,15,-0.8,33.9,0.998,21.0,25.2,0.8,79.6,23.9,2899,31.63,29.9,12.960,16,86.2,36.4
954.0,87,659.0,34.6,3.4,54.9,97,106,71.4,15,-0.8,34.9,0.999,21.5,27.1,0.8,81.7,25.4,3073,34.00,19.8,13.130,16,80.0,29.0
957.0,87,656.0,29.4,0.0,54.9,97,110,70.6,15,-0.2,30.7,0.993,20.0,23.5,-0.1,81.4,22.5,2707,29.46,13.3,13.374,16,71.0,21.3
960.0,87,652.9,30.6,0.0,55.2,97,114,71.0,15,-0.4,25.7,0.994,19.2,20.0,-0.3,78.1,18.3,2154,19.76,14.0,13.607,16,66.7,25.1
963.0,87,647.9,18.7,0.0,55.5,97,117,53.4,15,-2.3,18.8,0.860,16.8,17.2,0.8,70.6,16.5,2237,15.45,1.6,13.759,16,18.9,11.6
966.0,87,637.2,5.1,0.0,55.7,97,118,11.8,15,-7.8,5.5,0.001,-10.5,0.0,0.0,13.7,4.9,2212,8.58,1.2,13.760,16,0.0,5.3
969.0,87,615.9,5.1,0.0,56.1,97,118,11.8,15,-7.8,5.5,0.000,-10.2,0.0,0.0,13.7,0.0,2184,4.62,0.8,13.760,16,0.0,5.1
972.0,87,596.6,5.1,0.0,56.6,98,113,11.8,15,-7.8,5.3,0.000,-10.7,0.0,0.0,13.6,0.0,2148,4.55,0.8,13.760,16,0.0,5.1
975.0,86,580.3,5.1,0.0,56.9,98,110,11.8,15,-7.8,5.1,0.000,-12.1,0.0,0.0,13.3,0.0,2099,4.34,0.8,13.760,16,0.0,5.1
978.0,86,565.5,5.1,0.0,57.0,98,110,11.8,15,-7.8,5.1,0.000,-12.5,0.0,0.0,13.7,0.0,2036,4.38,0.8,13.760,16,0.0,5.1
981.0,86,551.1,5.1,0.0,57.6,98,108,11.8,15,-7.8,5.1,0.001,-12.5,0.0,0.0,13.9,0.0,2025,4.41,0.8,13.789,16,0.0,5.1
984.0,85,535.8,5.1,0.0,57.9,98,107,11.8,15,-7.8,5.1,0.000,-12.5,0.0,0.0,14.0,0.0,2009,4.42,0.8,13.831,16,0.0,5.1
987.0,85,524.2,5.1,0.0,58.2,98,106,11.8,15,-7.8,5.1,0.000,-12.3,0.0,0.0,13.7,0.0,2001,4.38,0.8,13.760,16,0.0,5.1
990.0,85,509.0,5.1,0.0,58.4,98,106,11.8,15,-7.8,5.1,0.000,-11.0,0.0,0.0,13.3,0.0,2099,4.39,0.8,13.760,16,0.0,5.1
993.0,85,493.7,5.1,0.0,58.4,98,106,11.8,15,-7.8,5.1,0.000,-11.0,0.0,0.0,13.5,0.0,2141,4.47,0.8,13.728,16,0.0,5.1
996.0,85,475.9,5.1,0.0,58.7,98,105,11.8,15,-7.8,5.1,0.000,-10.8,0.0,0.0,13.5,0.0,2175,4.56,0.8,13.680,16,0.0,5.1
999.0,85,465.7,5.1,0.0,58.8,98,105,11.8,15,-7.8,5.1,0.000,-10.4,0.0,0.0,13.4,0.0,2177,4.58,0.8,13.680,17,0.1,5.1
1002.0,85,453.7,5.1,0.0,58.9,98,106,11.8,15,-7.8,5.1,0.000,-10.0,0.0,0.0,13.7,0.0,2199,4.65,0.5,13.734,17,0.0,5.1
1005.0,85,441.7,5.1,0.0,59.2,98,108,11.8,15,-7.8,5.1,0.000,-10.0,0.0,0.0,13.7,0.0,2185,4.60,0.6,13.691,17,0.0,5.1
1008.0,85,427.9,5.1,0.0,58.7,98,108,11.8,15,-7.8,5.1,0.000,-10.0,0.0,0.0,13.7,1.9,2152,4.88,1.0,13.645,17,0.9,5.1
1011.0,85,425.3,5.1,0.0,58.8,99,108,11.8,15,-7.8,5.1,0.000,-10.5,0.0,0.0,13.7,4.0,2106,5.51,1.6,13.822,17,7.8,5.1
1014.0,85,416.4,5.1,0.0,58.9,99,109,11.8,15,-7.8,5.1,0.000,-12.0,0.0,0.0,13.7,0.0,2050,4.32,0.9,13.710,17,2.5,5.1
1017.0,85,403.7,5.1,0.0,59.2,99,110,11.8,15,-7.8,5.1,0.000,-12.0,0.0,0.0,13.7,0.0,2067,4.31,0.8,13.680,17,0.0,5.1
1020.0,85,391.7,5.1,0.0,59.2,99,110,11.8,15,-7.8,5.1,0.000,-12.0,0.0,0.0,13.7,0.0,2069,4.29,0.8,13.596,17,0.0,5.1
1023.0,85,384.0,5.1,0.0,59.5,99,110,11.8,15,-7.8,5.1,0.000,-11.8,0.0,0.0,13.6,0.0,2069,4.25,0.8,13.387,17,0.0,5.1
1026.0,85,373.5,5.1,0.0,59.6,99,111,11.5,15,-7.8,5.1,0.000,-11.5,0.0,0.0,13.2,0.0,2087,4.24,0.8,13.120,17,0.1,5.1
1029.0,85,362.8,5.1,0.0,59.7,99,112,11.1,15,-7.8,5.1,0.000,-11.5,0.0,0.0,12.9,0.0,2087,4.30,0.8,13.064,17,0.0,5.1
1032.0,85,353.9,5.1,0.0,60.0,99,112,11.8,15,-7.8,5.1,0.001,-11.0,0.0,0.0,13.2,0.0,2101,4.32,0.8,13.066,17,0.0,5.1
1035.0,85,344.0,5.1,0.0,60.3,99,111,11.8,15,-7.8,5.1,0.000,-11.2,0.0,0.0,13.3,0.0,2097,4.31,0.8,13.087,17,0.0,5.1
1038.0,84,336.2,5.1,0.0,60.4,99,110,11.8,15,-7.8,5.1,0.000,-11.5,0.0,0.0,13.2,0.0,2061,4.22,0.8,13.040,17,0.1,5.1
1041.0,84,327.4,5.1,0.0,60.3,99,110,11.7,15,-7.8,5.2,0.066,-10.8,0.0,0.0,12.9,0.0,2050,4.24,0.8,13.040,17,0.0,5.1
1044.0,84,320.0,5.1,0.0,60.0,99,110,11.0,15,-7.8,5.9,0.884,35.0,4.8,8.1,13.4,4.6,2064,4.82,1.2,13.040,17,5.9,5.7
1047.0,84,320.0,5.1,0.0,60.0,99,111,11.0,15,-7.8,5.5,0.440,14.8,4.3,8.0,13.4,5.5,2078,5.10,1.5,13.040,17,17.3,7.0
1050.0,84,315.2,5.1,0.0,60.2,99,109,11.3,15,-7.8,5.1,0.000,-11.6,0.1,0.0,13.5,0.3,2087,4.21,0.8,13.040,17,0.1,4.7
1053.0,84,313.2,5.1,0.0,60.4,100,106,12.6,15,-7.8,5.1,0.000,-12.0,0.8,0.0,23.9,14.1,2035,12.51,6.6,13.040,17,6.6,8.6
1056.0,84,316.2,5.1,0.0,60.4,100,104,20.4,15,-7.8,7.6,0.691,19.9,5.1,1.2,25.3,11.2,2028,13.23,8.1,13.064,17,15.7,12.7
1059.0,84,320.0,9.0,8.6,60.1,99,104,29.5,15,-4.4,10.1,1.000,37.1,9.3,1.7,31.1,8.5,2063,8.48,4.3,13.113,17,22.7,8.2
1062.0,84,327.9,11.7,7.0,59.8,99,104,32.9,15,-0.8,11.6,1.009,31.1,11.9,-0.2,45.7,11.4,2125,12.47,8.2,13.040,17,10.6,9.0
1065.0,84,340.1,12.9,0.0,59.6,99,104,23.1,15,-0.8,10.6,0.991,28.0,12.9,-3.9,51.8,13.3,2071,15.12,11.3,13.083,17,46.3,13.0
1068.0,84,351.7,5.5,0.0,59.6,99,106,12.5,15,-6.0,6.7,0.344,4.0,5.6,-1.8,32.0,6.8,2004,11.00,8.7,13.093,17,71.5,15.0
1071.0,84,344.0,5.2,0.0,59.6,100,104,12.5,15,-7.8,5.1,0.000,-12.3,0.9,0.0,13.6,1.6,1934,4.51,1.2,13.040,17,1.4,4.7
1074.0,84,341.6,5.6,0.0,59.6,100,100,12.8,15,-7.8,5.2,0.279,-6.9,2.4,0.4,14.5,6.7,1875,5.95,3.5,13.040,17,77.6,10.9
1077.0,84,338.5,5.6,0.0,59.7,100,97,13.2,15,-7.8,5.5,1.076,17.5,0.0,6.2,14.5,1.2,1904,4.64,1.6,13.040,17,35.7,9.0
1080.0,84,334.1,5.1,0.0,60.0,100,94,12.5,15,-7.8,5.1,0.001,-3.5,0.3,2.1,14.8,0.0,1854,4.22,0.8,13.040,17,0.0,4.7
1083.0,84,324.0,5.1,0.0,59.9,100,93,15.2,15,-7.8,5.1,0.468,-6.3,0.2,0.0,15.1,0.0,1804,4.22,0.8,13.029,17,0.0,4.7
1086.0,84,321.4,5.3,6.0,59.8,100,93,18.1,15,-7.2,5.9,0.884,4.9,0.1,2.7,15.6,0.0,1786,4.23,0.8,12.960,17,0.1,4.7
1089.0,84,321.7,8.8,6.8,59.5,100,94,27.3,15,-5.4,7.5,0.891,24.0,0.8,18.0,17.6,0.0,1775,4.26,1.1,13.016,17,3.4,6.3
1092.0,84,326.4,14.1,0.0,59.2,100,94,54.9,15,-0.8,7.5,1.000,16.2,3.4,5.0,19.3,4.0,1799,5.23,3.6,13.002,17,7.9,9.5
1095.0,84,336.2,16.1,0.0,59.2,100,96,58.0,15,-0.8,14.6,1.000,17.7,11.2,-0.9,46.6,10.5,1913,9.05,6.2,12.983,17,11.8,13.1
1098.0,84,352.0,13.6,123.2,58.7,100,96,52.1,15,-0.8,15.6,1.000,22.0,14.9,-1.0,65.7,14.6,2005,14.04,7.4,13.040,17,13.7,14.1
1101.0,84,360.8,14.6,1037.0,58.2,100,97,46.4,15,-0.8,13.3,1.000,25.9,11.8,0.2,54.0,12.8,1900,16.17,11.4,13.040,17,20.5,15.3
1104.0,84,371.3,16.9,1518.5,58.0,100,100,46.6,15,-0.8,13.3,0.993,32.5,1.2,3.1,20.8,0.0,1881,7.81,5.2,13.040,17,13.4,12.5
1107.0,85,381.4,19.4,25.8,58.0,99,100,71.4,15,0.0,22.3,1.003,18.5,13.5,-0.8,58.1,11.7,2024,14.08,9.3,13.040,17,32.0,13.1
1110.0,85,400.0,23.9,0.0,58.0,99,103,68.1,15,0.0,23.3,1.010,14.0,19.3,-2.8,80.6,19.8,2146,24.34,20.0,13.026,17,89.4,23.8
1113.0,86,414.3,21.6,0.0,57.8,99,106,64.7,15,0.0,20.1,1.007,17.2,17.8,-1.7,75.6,18.4,2102,22.87,18.2,12.960,17,73.7,22.4
1116.0,86,427.9,18.8,0.0,57.6,99,109,61.8,15,-0.2,17.4,0.997,20.1,16.1,0.0,68.6,16.5,2050,20.26,14.9,13.040,17,41.6,20.8
1119.0,86,439.3,16.8,250.3,57.7,100,110,59.4,15,-0.8,18.0,1.000,21.0,16.1,0.8,67.5,16.2,2068,19.79,14.4,13.040,17,24.0,19.1
1122.0,86,448.7,16.6,1213.1,58.0,100,110,56.5,15,-0.8,16.6,0.999,21.6,15.9,0.8,67.1,15.9,2081,19.63,14.3,13.040,17,22.6,18.4
1125.0,86,459.9,19.6,1074.7,57.7,99,111,60.0,15,-0.8,15.7,1.000,22.4,15.3,0.3,66.4,15.4,2093,19.22,14.1,13.040,17,27.5,20.0
1128.0,86,464.8,17.6,540.9,57.6,99,111,53.9,15,-0.8,14.2,1.001,22.9,14.0,-0.7,63.0,14.4,2112,17.45,11.8,13.040,17,26.0,14.8
1131.0,86,469.4,15.1,36.0,57.6,100,110,37.0,15,-0.8,11.1,0.999,22.5,9.4,0.0,23.9,9.0,2065,11.18,7.1,12.938,17,21.4,12.2
1134.0,86,472.5,12.9,0.0,57.6,100,108,44.7,15,-0.8,13.3,1.004,25.6,10.8,0.0,35.4,10.5,2050,11.11,6.9,12.958,17,20.0,12.0
1137.0,86,479.9,9.0,0.6,57.6,100,108,39.4,15,-0.8,11.8,1.004,31.9,7.8,1.9,39.5,8.7,2044,11.64,9.2,13.099,17,28.2,14.1
1140.0,86,475.6,9.0,2.5,57.9,100,108,33.3,15,-0.8,10.1,1.006,39.0,0.9,6.1,26.6,0.0,2025,4.33,0.4,13.118,17,8.2,7.7
1143.0,86,472.0,10.0,15.3,58.5,100,108,27.4,15,-1.1,9.8,1.013,35.5,12.2,3.1,45.5,9.3,2117,9.41,1.9,13.119,17,5.0,7.2
1146.0,86,471.5,11.5,41.8,58.8,100,108,13.3,15,-7.8,8.6,0.993,37.3,10.0,1.6,35.3,6.9,2087,8.04,1.9,13.087,17,6.6,8.4
1149.0,86,468.0,4.7,0.0,58.8,100,107,12.3,15,-7.8,7.1,0.933,37.0,7.6,5.8,25.4,4.2,2002,5.37,1.2,13.040,17,0.0,5.1
1152.0,86,465.5,8.9,19.3,59.2,100,104,32.3,15,-5.5,10.4,0.914,32.3,8.2,10.2,27.4,7.1,1957,6.70,2.4,13.040,17,0.1,5.1
1155.0,86,468.3,14.8,27.3,59.6,100,102,61.9,15,-0.7,21.3,1.000,18.5,18.4,-2.3,76.5,18.0,2199,23.02,12.3,13.040,17,36.9,14.1
1158.0,86,476.8,20.1,10.1,59.6,100,104,66.7,15,0.0,13.7,0.999,25.4,14.3,-0.8,59.2,15.4,2112,19.28,13.8,13.040,17,47.0,17.4
1161.0,86,483.9,5.1,0.0,59.3,100,105,34.2,15,-4.1,9.4,0.526,11.5,7.5,0.0,36.2,9.4,2006,12.63,8.0,13.040,17,5.9,5.9
1164.0,86,474.6,6.6,0.9,59.2,100,105,19.6,15,-5.9,7.6,0.215,-9.0,1.6,0.1,16.2,0.3,1950,4.22,0.8,13.040,17,0.1,5.6
1167.0,86,470.7,10.2,1.3,59.1,100,104,37.8,15,-0.8,15.3,1.013,19.5,16.5,1.6,71.8,16.5,2054,15.95,9.9,13.040,17,22.3,11.5
1170.0,86,476.7,15.7,0.0,58.8,100,106,55.7,15,-0.8,16.9,1.002,20.5,15.8,1.1,67.3,16.1,2081,19.86,14.5,13.040,17,46.0,18.4
1173.0,86,483.9,16.1,0.0,58.5,100,110,57.1,15,-0.8,17.5,0.998,20.8,15.8,0.5,65.8,13.6,2087,17.53,13.7,13.032,17,47.2,18.4
1176.0,86,488.9,15.4,0.0,58.2,100,114,55.3,15,-0.8,17.5,1.000,21.1,16.3,0.0,68.9,8.8,2128,9.73,7.8,12.960,17,26.4,15.2
1179.0,86,492.0,12.0,0.0,58.0,100,116,47.3,15,-0.8,16.2,1.000,23.5,14.9,0.0,60.4,11.4,2199,8.56,3.7,13.014,17,16.1,9.7
1182.0,86,492.6,7.6,5.8,58.0,100,116,25.1,15,-0.8,11.0,1.009,30.8,13.0,0.5,49.5,11.9,2221,11.69,5.5,13.040,17,14.6,8.2
1185.0,86,495.9,15.7,52.5,57.3,100,117,45.7,15,-0.8,15.3,1.003,27.5,13.8,0.1,51.1,12.9,2254,15.25,9.5,13.040,17,27.7,13.9
1188.0,86,501.3,13.5,20.3,57.3,100,119,50.1,15,-0.8,16.3,0.998,25.6,14.1,-0.3,57.6,13.6,2283,17.26,11.0,13.040,17,32.9,12.5
1191.0,86,505.8,11.5,0.0,57.3,100,119,39.5,15,-0.8,12.0,0.997,37.4,7.5,2.3,23.9,9.0,2237,10.01,7.9,13.040,17,10.8,11.8
1194.0,86,508.0,10.1,0.0,57.3,101,118,32.9,15,-0.8,11.0,1.001,36.0,9.0,0.5,26.6,7.9,2211,8.77,5.5,13.040,17,0.0,10.2
1197.0,86,508.1,8.3,0.0,57.3,101,116,35.3,15,-0.8,12.6,1.007,31.5,11.5,0.4,38.6,10.4,2240,11.42,6.0,13.040,17,0.0,9.9
1200.0,86,511.8,15.3,0.0,57.7,101,115,43.9,15,-0.8,14.6,1.008,26.7,13.8,0.3,51.6,13.7,2273,16.59,9.5,13.040,17,0.0,14.9
1203.0,86,513.8,15.8,0.0,58.1,101,114,52.8,15,-0.8,16.5,1.004,23.0,14.9,-0.8,60.0,14.9,2212,18.41,11.8,13.040,17,21.7,15.9
1206.0,86,517.5,17.1,0.5,58.4,100,116,54.1,15,-0.8,16.9,1.000,23.5,15.2,0.3,61.1,15.2,2212,18.80,12.2,13.040,17,39.2,17.5
1209.0,86,523.9,20.0,3.5,58.4,100,116,61.2,15,-0.3,19.5,0.999,21.2,16.6,0.1,67.1,16.5,2221,20.41,13.8,13.040,17,50.1,19.8
1212.0,86,529.8,21.3,1.3,58.4,100,117,65.0,15,0.0,21.3,0.999,19.1,18.0,-0.8,75.0,18.4,2240,23.23,17.3,13.040,17,63.9,22.0
1215.0,86,535.7,22.5,12.3,58.3,100,118,66.2,15,0.0,21.8,1.001,19.5,18.0,-0.8,73.7,18.4,2262,23.47,17.3,13.040,17,71.1,22.7
1218.0,86,541.6,23.1,27.1,58.0,100,120,67.5,15,0.0,22.7,1.003,18.5,19.2,0.3,75.6,18.9,2277,23.83,17.7,13.080,17,73.7,23.0
1221.0,86,548.0,23.1,4.2,58.0,100,120,67.5,15,0.0,23.5,1.002,17.7,19.8,0.4,77.9,20.5,2292,25.00,19.5,13.099,17,73.5,23.3
1224.0,86,553.7,26.3,4.2,57.8,100,118,70.0,15,-0.3,25.6,0.999,16.3,20.9,0.0,80.5,22.4,2325,26.96,23.1,13.040,17,88.6,27.8
1227.0,86,559.7,28.1,2.5,57.6,100,115,73.4,15,-0.8,28.6,0.993,14.4,22.4,0.0,83.9,22.4,2461,28.54,23.1,13.098,17,88.4,28.0
1230.0,86,566.4,29.4,0.0,57.6,100,112,75.3,15,-0.8,31.0,0.996,12.5,23.9,0.0,85.0,23.7,2510,29.52,25.0,13.030,17,88.1,29.6
1233.0,86,575.9,32.9,0.0,57.6,100,109,74.8,15,-0.8,31.5,1.000,12.8,24.3,0.0,85.5,24.5,2546,30.36,26.8,12.977,17,87.8,32.5
1236.0,86,583.6,33.1,0.0,57.6,100,107,74.8,15,-0.8,32.7,1.002,13.0,24.6,0.0,85.6,24.9,2563,30.74,27.1,13.040,17,87.8,32.5
1239.0,86,590.7,34.2,0.0,57.7,100,106,75.3,15,-0.8,34.5,0.998,13.0,26.3,0.0,86.3,26.7,2574,31.35,29.7,12.991,17,87.6,34.2
1242.0,86,596.5,36.0,0.0,58.0,100,106,75.3,15,-0.8,35.3,0.998,13.0,26.1,0.4,85.7,26.1,2569,31.12,29.7,12.986,17,87.6,35.3
1245.0,86,603.8,30.2,11.0,58.0,100,107,74.4,15,-0.8,32.0,0.999,13.0,24.9,0.6,85.1,24.6,2526,30.16,27.1,13.040,17,87.8,31.8
1248.0,86,606.1,28.5,10.7,57.8,100,109,72.2,15,-0.6,26.9,1.001,13.2,22.5,-0.1,85.0,21.6,2375,26.77,23.1,13.040,17,88.9,28.6
1251.0,86,608.0,25.9,5.0,57.6,100,110,68.8,15,0.0,20.8,1.003,15.5,19.2,-2.3,78.4,20.2,2190,24.37,21.1,13.040,17,86.4,25.6
1254.0,86,608.0,22.7,0.0,58.0,100,112,53.3,15,-0.6,19.4,0.999,17.0,18.5,-1.5,77.0,18.8,2111,22.70,18.8,13.040,18,77.3,23.1
1257.0,86,607.8,21.5,0.0,58.0,100,113,60.4,15,-0.4,20.4,0.999,17.6,18.1,-1.1,75.9,18.3,2131,22.48,17.6,13.029,18,58.9,21.2
1260.0,87,608.0,23.7,0.0,57.9,100,113,67.5,15,0.0,22.9,1.000,16.8,18.5,-1.5,76.5,19.2,2150,23.16,18.8,12.960,18,79.2,22.5
1263.0,87,608.0,25.7,0.0,57.6,100,112,71.4,15,0.0,25.9,0.994,15.5,20.8,2.3,79.8,20.6,2215,24.71,20.3,13.001,18,83.5,24.2
1266.0,87,608.0,22.4,0.0,57.6,100,114,69.7,15,0.0,24.5,1.000,15.3,20.4,1.3,80.7,20.9,2229,25.31,21.1,13.040,18,89.0,25.7
1269.0,87,608.0,22.2,10.0,57.6,100,114,68.3,15,0.0,23.2,1.006,15.5,19.8,0.0,79.6,20.3,2187,24.63,19.6,13.040,18,83.1,23.5
1272.0,87,609.7,22.3,21.6,57.5,100,115,65.1,15,-0.1,22.5,1.008,17.5,18.8,0.0,76.5,18.8,2187,23.88,18.7,13.040,18,77.6,23.1
1275.0,87,611.2,22.2,25.4,57.3,100,118,53.3,15,-0.8,20.4,0.999,19.7,18.0,0.5,73.1,18.1,2244,23.37,17.5,13.040,18,61.2,21.1
1278.0,87,607.9,19.6,0.0,57.6,100,121,61.4,15,-0.3,21.1,1.001,21.0,14.8,0.1,59.1,16.1,2303,21.15,15.1,13.040,18,38.5,18.0
1281.0,87,608.0,19.4,10.2,57.6,100,124,65.1,15,0.0,21.9,1.004,21.2,12.9,-1.2,45.4,14.0,2347,17.28,9.8,13.040,18,34.9,17.6
1284.0,87,608.0,14.9,12.8,57.5,100,126,57.1,15,-0.1,22.4,1.007,20.0,18.8,-3.1,76.9,19.2,2436,25.67,15.6,13.040,18,55.9,20.6
1287.0,87,607.6,7.4,0.0,57.3,101,128,14.1,15,-1.6,10.6,0.985,27.5,15.3,-2.6,60.9,16.4,2423,22.86,17.0,13.008,18,67.4,22.6
1290.0,87,603.9,21.2,0.0,57.5,100,128,49.8,15,-1.6,17.2,0.987,25.8,15.9,-2.0,60.8,16.0,2426,21.67,15.8,12.988,18,58.4,21.4
1293.0,86,606.7,22.2,7.7,57.6,100,129,65.5,15,-1.3,22.4,0.994,20.8,18.6,-1.4,74.4,18.5,2451,25.11,17.3,13.098,18,69.4,23.1
1296.0,86,608.0,22.9,7.8,57.5,100,129,66.9,15,-0.9,21.8,0.994,20.0,19.2,-0.8,76.1,19.2,2461,26.32,18.1,13.004,18,71.8,23.1
1299.0,86,608.0,23.0,0.4,57.3,100,128,67.5,15,-1.6,10.6,0.993,23.0,17.0,-0.8,65.9,17.5,2418,24.28,17.2,12.994,18,49.4,22.5
1302.0,86,607.9,21.6,6.0,57.3,101,125,65.9,15,-1.1,17.4,1.003,21.4,17.4,-1.4,67.0,17.6,2372,23.34,16.6,13.040,18,0.0,21.3
1305.0,86,610.5,25.0,2.7,57.1,101,123,68.4,15,-0.5,24.5,1.009,18.3,19.6,-2.1,77.7,19.7,2339,25.55,20.0,13.040,18,0.1,25.1
1308.0,86,612.0,24.2,0.0,56.8,101,121,65.2,15,-0.1,27.6,1.000,13.0,22.4,0.0,83.1,22.7,2524,24.98,15.8,13.093,18,0.0,22.3
1311.0,86,611.2,17.3,2.1,56.5,100,118,15.7,15,-0.8,12.9,0.999,24.2,15.9,-1.6,63.4,17.3,2347,20.55,12.7,13.082,18,12.2,18.5
1314.0,86,608.0,13.7,14.8,56.5,100,116,30.3,15,-0.8,12.2,1.000,28.3,13.5,-1.1,53.3,14.1,2204,17.30,11.7,12.993,18,33.2,16.1
1317.0,86,604.7,16.8,3.4,56.5,100,116,47.2,15,-0.8,9.1,0.996,29.8,13.4,-0.3,52.9,14.3,2182,17.56,12.4,12.911,18,37.0,18.0
1320.0,86,604.0,17.8,6.8,56.5,100,117,57.5,15,-0.8,10.7,0.993,28.9,13.7,-0.5,54.3,15.2,2203,18.67,13.7,13.120,18,40.0,18.0
1323.0,86,602.4,15.5,20.7,56.5,100,117,57.3,15,-0.8,19.0,0.999,20.5,16.9,0.8,69.0,16.9,2225,21.56,6.9,13.120,18,15.4,10.4
1326.0,86,600.0,12.9,35.6,56.5,100,114,37.6,15,-0.8,14.5,0.997,23.1,16.3,-0.3,67.7,17.2,2217,22.48,11.5,13.084,18,33.5,12.0
1329.0,86,599.9,25.1,7.8,56.5,100,114,61.1,15,-0.3,20.9,0.999,21.1,17.1,-0.8,69.9,17.8,2202,23.09,18.7,13.040,18,82.1,24.2
1332.0,86,600.0,19.9,18.4,56.3,100,115,60.3,15,-0.4,21.2,1.000,20.3,17.2,-0.2,70.7,17.8,2194,22.46,16.8,13.040,18,39.2,17.6
1335.0,86,600.0,17.4,26.9,56.1,100,117,52.6,15,-0.8,16.7,0.999,24.0,15.3,1.6,62.0,15.3,2225,19.42,12.2,13.040,18,37.2,17.1
1338.0,86,600.0,17.6,38.4,56.1,100,119,54.6,15,-0.8,17.3,0.997,24.0,15.3,1.6,61.6,15.3,2270,19.86,12.4,13.089,18,40.0,17.6
1341.0,86,600.0,19.2,57.6,56.1,100,122,59.6,15,-0.8,16.1,0.996,25.7,14.5,1.1,59.2,15.7,2293,20.48,13.0,13.090,18,44.1,18.5
1344.0,86,599.8,18.8,25.2,56.4,100,121,59.6,15,-0.8,17.9,0.996,24.2,15.0,0.5,61.2,16.3,2288,21.19,13.9,13.040,18,46.7,18.8
1347.0,86,600.0,18.1,10.4,56.5,100,119,54.8,15,-0.8,18.1,0.999,22.0,16.1,0.0,67.2,16.7,2248,21.75,14.9,13.040,18,45.5,18.5
1350.0,86,598.0,15.4,0.0,56.5,100,117,46.7,15,-0.8,14.7,1.001,25.6,14.4,0.0,57.5,14.9,2200,18.14,12.4,13.040,18,37.0,16.1
1353.0,86,594.7,13.1,3.5,56.5,100,114,44.0,15,-0.8,13.7,1.000,26.5,12.9,0.0,48.6,11.7,2170,12.80,8.8,13.040,18,26.5,13.6
1356.0,86,592.0,14.1,13.7,56.5,100,112,44.7,15,-0.8,14.1,1.000,25.1,15.0,0.0,59.0,14.0,2169,15.40,10.0,13.040,18,27.8,14.0
1359.0,86,591.9,19.6,30.8,56.5,100,112,55.7,15,-0.8,16.8,1.002,22.5,16.3,-0.3,67.1,16.2,2171,20.43,14.2,13.040,18,44.3,18.4
1362.0,86,592.0,20.1,40.0,56.5,100,113,62.9,15,-0.5,19.9,1.004,19.6,16.9,-1.0,70.7,16.7,2162,21.13,14.9,13.040,18,49.8,19.2
1365.0,86,593.7,22.0,37.4,56.4,100,113,66.5,15,0.0,21.9,1.006,18.0,18.4,-2.3,76.1,18.4,2161,23.05,16.9,13.040,18,61.4,21.1
1368.0,86,596.9,24.9,18.9,56.1,100,112,72.2,15,0.0,26.3,0.998,15.3,20.5,-0.7,80.6,20.5,2299,25.33,19.8,13.059,18,76.3,24.0
1371.0,86,600.0,27.5,4.2,56.1,100,114,73.7,15,-0.5,27.8,0.997,13.7,22.0,0.0,83.8,22.2,2435,27.87,22.6,13.069,18,88.5,27.0
1374.0,86,602.8,28.8,7.2,55.9,100,114,73.3,15,-0.8,28.8,0.997,13.4,22.6,0.0,84.7,22.9,2500,29.21,24.2,13.040,18,87.8,29.4
1377.0,86,605.9,28.1,5.3,55.7,100,114,72.1,15,-0.7,28.5,0.997,14.5,22.4,0.0,83.1,22.0,2425,28.07,22.4,13.040,18,88.1,28.2
1380.0,86,608.9,26.1,3.1,55.7,100,116,69.0,15,0.0,25.5,0.986,16.0,21.5,1.6,81.8,21.7,2394,27.51,22.4,13.081,18,88.2,27.8
1383.0,86,612.0,25.1,19.2,55.7,100,116,69.6,15,0.0,25.8,0.988,14.7,21.8,2.0,82.7,22.2,2333,27.54,23.1,13.101,18,88.1,28.6
1386.0,86,614.7,29.7,9.5,55.7,100,116,71.2,15,-0.3,27.7,0.993,13.9,22.6,1.4,84.5,23.1,2292,28.40,25.1,13.040,18,87.5,31.4
1389.0,86,617.7,30.8,2.2,55.7,100,116,73.1,15,-0.8,30.9,1.000,15.0,23.1,0.8,83.5,23.1,2561,29.63,24.8,13.040,18,88.0,29.2
1392.0,86,620.0,28.7,1.0,55.7,100,118,73.7,15,-0.8,29.0,0.999,14.2,22.8,-0.3,83.5,23.1,2547,29.38,24.5,13.003,18,88.0,28.4
1395.0,86,619.9,29.4,7.8,55.7,100,118,72.9,15,-0.8,28.3,0.999,14.3,22.2,-0.8,80.6,20.6,2437,26.44,22.1,12.975,18,81.6,28.4
1398.0,86,620.0,26.0,21.8,55.7,100,118,70.7,15,-0.5,26.7,0.998,15.2,21.2,-0.3,76.8,16.8,2238,19.95,14.1,13.040,18,31.8,18.4
1401.0,86,620.0,24.7,20.5,55.8,100,119,67.7,15,0.0,24.5,0.996,17.1,20.0,1.6,78.4,20.4,2250,24.70,19.6,13.040,18,69.7,23.1
1404.0,86,620.0,25.1,2.0,56.0,100,120,64.9,15,-0.0,23.1,0.999,20.0,18.4,1.0,73.5,18.7,2267,23.92,19.0,13.040,18,78.3,24.4
1407.0,86,620.0,22.0,0.0,55.7,100,120,48.6,15,-0.8,20.3,1.002,20.6,18.0,-0.1,72.6,18.0,2275,23.41,17.3,13.040,18,50.7,22.5
1410.0,86,619.8,22.5,0.0,55.7,101,120,58.1,15,-0.4,21.1,1.002,19.8,18.5,-0.8,74.4,18.6,2283,23.72,17.6,13.040,18,0.0,22.7
1413.0,86,620.0,25.3,0.0,55.7,101,121,68.2,15,-0.2,24.4,1.001,17.2,19.8,-0.8,77.5,20.4,2312,25.66,20.8,13.040,18,0.0,25.5
1416.0,86,621.0,28.4,0.4,55.7,101,122,73.7,15,-0.8,28.6,0.998,14.5,22.4,-0.8,82.4,22.7,2460,28.08,22.9,13.040,18,0.0,27.9
1419.0,86,624.0,28.9,1.8,55.7,101,122,72.2,15,-0.2,25.5,1.002,16.7,19.5,-0.8,76.7,20.5,2422,26.95,22.1,13.040,18,18.5,28.0
1422.0,86,623.9,22.7,19.8,55.7,100,122,66.2,15,0.0,22.4,1.003,19.1,16.5,-0.8,66.5,17.1,2301,22.40,17.3,13.040,18,72.3,23.0
1425.0,86,621.4,20.1,11.5,55.7,100,121,61.5,15,-0.3,20.4,1.001,20.5,15.2,-0.7,57.9,14.8,2274,18.05,11.8,13.040,18,42.0,18.4
1428.0,86,620.0,20.3,2.8,55.7,100,120,58.9,15,-0.8,19.5,0.996,20.5,16.9,0.0,68.6,18.0,2261,23.63,16.7,13.040,18,61.9,21.0
1431.0,86,620.0,24.1,9.2,55.7,100,120,54.1,15,-0.8,17.6,0.996,21.8,16.9,0.5,70.0,18.2,2269,23.93,19.0,13.040,18,80.8,23.8
1434.0,86,619.9,25.9,0.0,55.7,100,121,65.2,15,-0.4,22.6,0.997,19.0,18.9,-0.0,75.3,19.5,2316,25.12,19.8,13.040,18,85.9,24.6
1437.0,86,620.0,22.6,18.2,55.5,100,121,69.9,15,0.0,26.4,0.998,14.7,22.1,-1.2,84.6,22.4,2432,28.11,22.7,13.040,18,85.9,22.0
1440.0,86,621.6,24.2,21.1,55.2,100,120,68.1,15,-0.1,25.1,0.995,15.5,22.4,0.8,83.5,22.7,2312,27.43,23.8,12.986,18,87.0,26.4
1443.0,86,624.0,31.0,0.2,54.9,100,120,73.7,15,-0.8,31.4,0.995,15.9,23.5,0.8,83.2,23.5,2527,29.44,25.2,12.994,18,87.7,30.4
1446.0,86,624.0,31.0,3.5,54.9,100,121,72.6,15,-0.8,31.4,1.000,16.3,23.7,0.1,82.8,23.7,2667,30.76,25.9,13.040,18,87.5,31.6
1449.0,86,626.8,28.9,7.8,54.9,100,122,72.2,15,-0.8,30.0,1.001,16.1,23.2,-0.8,82.5,23.3,2652,30.25,24.7,13.040,18,87.5,30.2
1452.0,86,628.0,27.2,7.6,54.9,100,121,72.2,15,-0.7,27.4,0.997,15.0,22.0,-0.8,82.7,22.0,2475,28.13,23.0,12.926,18,82.7,26.6
1455.0,86,628.0,26.2,2.2,54.9,100,120,72.2,15,0.0,26.7,1.005,15.5,21.4,-1.4,82.5,21.5,2378,26.86,21.4,12.958,18,84.0,24.6
1458.0,86,628.0,25.5,0.0,54.9,100,120,69.7,15,0.0,25.9,1.003,16.1,21.2,-0.8,81.6,21.2,2330,26.21,20.8,13.040,18,89.7,25.2
1461.0,86,628.0,24.9,5.8,54.6,100,121,68.6,15,0.0,25.1,1.000,16.7,20.9,0.0,80.7,21.1,2342,26.43,20.8,13.040,18,89.4,25.9
1464.0,86,628.0,23.8,3.6,54.5,100,124,68.5,15,0.0,24.9,0.997,16.9,20.5,-0.1,80.4,20.8,2362,25.99,14.1,13.040,18,71.6,23.5
1467.0,86,628.0,24.2,0.0,54.4,100,126,69.5,15,0.0,25.5,1.000,16.5,21.2,-2.3,82.0,21.1,2401,26.98,19.2,13.040,18,78.9,24.6
1470.0,86,628.6,25.5,2.1,54.1,100,126,72.2,15,0.0,26.7,1.001,15.3,21.5,-1.8,82.3,21.5,2412,27.27,21.8,13.001,18,88.4,26.4
1473.0,86,632.0,20.4,21.0,54.1,100,123,64.4,15,0.0,22.5,0.999,18.8,18.3,-0.8,71.5,19.4,2347,24.77,19.6,12.983,18,80.6,25.5
1476.0,86,627.8,19.3,7.3,54.1,100,119,60.3,15,-0.4,20.1,1.000,21.4,15.9,0.0,61.0,16.6,2243,20.84,14.5,13.040,18,46.3,18.8
1479.0,86,626.0,19.5,9.1,54.1,100,115,60.3,15,-0.8,20.0,1.003,19.8,17.3,0.0,71.4,16.9,2200,21.61,15.3,13.119,18,41.0,18.5
1482.0,86,624.0,21.3,19.9,54.0,100,114,64.6,15,-0.8,21.6,1.001,17.5,18.0,0.0,73.9,18.7,2190,23.19,17.9,13.076,18,58.9,20.7
1485.0,86,624.0,24.0,12.8,53.7,100,116,69.8,15,0.0,24.2,0.998,16.5,19.5,0.5,77.4,20.1,2232,24.55,19.9,13.040,18,83.5,24.0
1488.0,86,623.8,26.3,7.0,53.7,100,117,70.8,15,0.0,25.5,0.998,16.0,20.7,0.5,80.2,20.9,2291,25.60,20.9,13.040,18,89.8,25.5
1491.0,86,624.0,25.0,12.3,53.7,100,119,69.4,15,0.0,24.6,0.999,16.6,20.9,0.0,81.1,21.0,2335,26.47,21.6,13.040,18,89.4,25.8
1494.0,86,624.0,23.7,20.6,53.7,100,120,66.0,15,0.0,20.4,0.999,19.5,18.8,0.0,76.1,18.8,2274,24.80,19.5,13.040,18,80.8,24.5
1497.0,86,624.0,22.7,28.3,53.7,100,120,66.7,15,0.0,22.5,1.000,19.5,19.1,-0.5,75.9,19.0,2281,24.16,18.2,13.008,18,65.1,21.9
1500.0,86,623.9,18.8,18.2,54.0,100,120,61.1,15,0.0,20.9,1.000,20.4,18.4,-0.8,73.1,18.6,2291,23.88,17.5,12.974,18,44.9,18.8
1503.0,86,621.4,19.3,24.6,54.3,100,121,59.3,15,-0.3,19.6,1.001,21.5,17.4,-0.9,68.9,17.4,2306,23.12,15.7,13.040,18,31.8,16.9
1506.0,86,620.0,20.7,19.1,54.5,100,123,62.1,15,-0.7,20.1,1.002,21.5,17.6,-1.6,72.9,18.4,2374,24.29,17.3,13.040,18,50.2,19.9
1509.0,86,620.0,22.1,0.0,54.5,100,128,66.7,15,0.0,16.5,0.994,23.5,17.9,-1.1,73.1,18.2,2408,24.32,16.9,13.040,18,63.1,22.4
1512.0,86,619.9,16.1,0.0,54.5,100,128,56.8,15,-1.0,16.5,0.996,25.6,13.5,1.0,56.9,16.2,2417,22.25,15.1,13.040,18,54.0,21.2
1515.0,86,620.0,16.4,0.0,54.8,101,126,44.7,15,-1.2,11.5,0.995,28.6,9.4,2.1,28.2,12.8,2359,16.94,10.4,13.040,18,0.0,16.5
1518.0,86,615.4,18.4,0.0,54.9,101,123,46.2,15,-0.8,9.6,0.994,29.0,11.1,-0.1,22.1,12.8,2299,15.76,9.4,13.040,18,0.1,16.5
1521.0,86,612.0,20.5,0.0,54.8,101,122,60.8,15,-0.8,20.0,0.996,21.0,16.9,-0.8,69.4,17.3,2274,22.35,13.7,13.040,18,0.0,18.6
1524.0,86,612.0,22.0,0.0,54.5,101,120,65.1,15,-0.8,21.5,0.996,20.0,18.1,-0.3,73.3,18.6,2281,23.56,17.4,13.040,18,25.6,22.0
1527.0,86,611.9,24.3,8.3,54.5,100,120,67.1,15,-0.3,23.1,0.997,18.8,19.3,0.0,77.0,19.9,2291,24.93,19.4,13.040,18,86.7,25.1
1530.0,86,614.8,24.8,6.6,54.3,100,120,68.2,15,0.0,24.0,0.996,18.3,19.3,0.3,76.9,19.9,2292,24.91,19.8,13.040,18,89.8,24.7
1533.0,86,614.1,20.9,2.4,53.8,100,119,65.6,15,-0.2,23.5,0.994,19.0,17.3,1.5,70.2,17.3,2237,21.64,15.3,13.040,18,61.5,21.6
1536.0,86,612.0,16.7,0.0,53.3,100,116,58.4,15,-0.8,19.6,0.998,19.0,17.3,0.0,71.4,17.3,2220,21.77,15.5,13.040,18,52.6,20.2
1539.0,86,612.0,20.4,0.0,53.3,100,116,65.1,15,-0.2,21.2,1.002,18.1,17.9,-0.4,73.5,18.0,2217,22.57,16.5,13.040,18,58.5,20.8
1542.0,86,612.0,22.3,15.1,53.5,100,117,65.5,15,0.0,22.4,1.001,17.4,18.5,-0.3,75.6,18.7,2227,23.67,18.3,13.040,18,72.9,22.7
1545.0,86,612.0,21.3,32.9,53.7,100,118,65.3,15,-0.1,22.8,0.994,17.0,18.8,1.6,75.3,18.0,2237,22.66,14.5,13.040,18,52.2,20.1
1548.0,86,612.0,19.3,42.3,53.7,100,118,62.7,15,-0.8,20.8,0.993,19.0,18.5,1.6,74.5,18.2,2237,23.10,16.0,13.002,18,48.9,19.5
1551.0,86,611.9,22.0,0.0,53.7,100,118,64.3,15,-0.3,21.5,0.995,19.0,18.4,0.9,74.1,18.4,2233,23.38,17.6,12.975,18,64.4,22.0
1554.0,86,612.0,22.0,16.2,53.9,100,117,65.1,15,0.0,22.1,0.998,18.9,18.4,-0.2,74.2,18.4,2225,23.28,17.6,13.040,18,65.5,22.0
1557.0,86,612.0,21.8,20.2,54.1,100,116,64.7,15,0.0,21.8,1.002,18.5,18.4,-0.8,74.5,18.4,2225,23.68,18.0,12.985,18,66.9,22.2
1560.0,86,611.3,20.9,7.9,54.1,100,118,62.7,15,0.0,16.9,1.010,22.5,16.8,-0.3,68.6,17.0,2225,21.70,16.2,12.995,18,59.5,21.2
1563.0,86,607.9,16.5,0.0,54.1,100,117,58.0,15,-0.5,17.5,1.003,21.4,16.9,0.0,68.5,17.2,2225,21.28,15.3,13.040,18,46.1,18.7
1566.0,86,608.0,21.0,0.0,54.1,100,117,60.6,15,-0.6,19.1,0.997,20.0,18.1,0.1,74.6,19.2,2226,24.29,20.0,13.040,18,89.8,24.7
1569.0,86,608.0,24.1,6.9,54.1,100,118,68.0,15,0.0,22.0,0.998,20.0,18.4,0.8,75.3,18.8,2236,24.03,19.0,13.040,18,80.3,23.7
1572.0,86,608.1,22.7,28.0,54.1,100,118,65.9,15,0.0,22.3,0.998,18.5,18.6,0.4,75.9,18.8,2247,24.03,18.3,13.040,18,67.7,22.3
1575.0,86,611.7,22.0,10.4,54.1,100,118,65.5,15,0.0,22.2,0.997,20.2,16.9,0.5,70.7,18.2,2258,23.43,17.9,13.040,18,53.3,20.8
1578.0,86,610.2,20.1,0.0,54.1,100,118,63.2,15,-0.1,21.6,0.994,27.0,11.4,2.3,43.1,14.5,2225,17.19,11.0,13.040,18,44.5,18.9
1581.0,86,608.0,16.6,0.0,54.1,100,120,55.7,15,-0.8,18.0,0.999,25.8,14.1,1.2,53.2,14.8,2264,18.14,11.6,12.999,18,37.7,16.6
1584.0,86,608.0,11.4,0.0,53.7,100,122,50.3,15,-0.8,16.7,1.000,25.2,15.1,0.4,60.0,15.2,2302,19.22,12.4,12.983,18,35.9,15.3
1587.0,86,605.0,16.8,9.1,53.9,100,122,54.2,15,-0.8,17.8,1.004,23.6,15.9,-0.4,64.5,16.1,2323,20.44,13.2,13.040,18,39.2,18.0
1590.0,86,606.0,19.9,7.3,54.1,100,121,60.4,15,-0.6,20.0,1.007,21.3,17.2,-1.6,71.8,18.0,2312,23.72,16.1,13.040,18,55.3,20.5
1593.0,86,608.0,21.6,4.3,54.1,100,120,62.9,15,0.0,20.0,0.993,24.5,15.7,0.8,65.7,17.2,2288,23.40,16.9,12.999,18,67.9,22.4
1596.0,86,608.0,23.1,27.0,54.5,100,118,67.5,15,0.0,22.8,0.994,20.9,17.7,1.2,69.9,17.9,2264,23.38,17.8,12.981,18,74.8,23.1
1599.0,86,608.0,23.1,25.8,54.5,100,118,67.5,15,0.0,23.5,0.995,18.5,19.0,1.8,75.2,18.5,2246,23.19,18.3,13.040,18,74.1,23.1
1602.0,86,608.0,19.5,13.7,54.3,100,117,62.8,15,-0.2,21.2,0.997,19.7,17.5,2.2,69.4,15.7,2225,19.37,13.3,13.040,18,41.8,17.4
1605.0,86,608.0,18.4,0.0,54.0,100,116,52.6,15,-0.8,16.1,0.999,22.0,16.5,0.0,71.4,17.1,2198,21.29,15.9,13.040,18,55.3,19.0
1608.0,86,608.0,25.1,0.0,53.7,100,116,70.6,15,0.0,23.1,0.998,18.4,19.1,0.4,76.5,19.3,2255,23.98,19.0,13.040,18,84.2,24.6
1611.0,86,607.7,27.7,0.0,53.9,100,116,72.5,15,-0.3,27.2,0.997,15.1,21.6,0.6,82.1,21.6,2368,26.87,21.7,13.038,18,88.2,27.5
1614.0,86,609.7,27.4,0.0,54.1,100,116,73.9,15,-0.7,28.8,0.996,13.0,22.7,0.0,83.9,23.1,2512,29.48,23.1,12.960,18,88.2,25.0
1617.0,86,612.8,24.7,0.8,54.1,100,114,71.4,15,0.0,26.7,0.995,14.5,22.2,0.6,83.6,22.6,2413,28.25,22.9,12.998,18,88.2,24.9
1620.0,86,615.9,24.7,6.0,54.5,100,116,68.2,15,0.0,25.5,0.995,15.6,21.0,1.2,81.7,21.3,2300,26.02,21.5,13.040,18,76.5,27.0
1623.0,86,616.0,23.7,2.3,54.5,101,116,67.5,15,0.0,24.1,0.995,16.8,19.6,1.4,78.6,19.5,2210,23.44,18.4,13.040,18,0.0,23.1
1626.0,86,616.0,22.8,0.7,54.4,101,116,66.3,15,0.0,22.9,0.995,17.5,18.4,0.8,74.5,17.3,2200,22.16,17.6,13.040,18,0.0,22.2
1629.0,86,615.4,22.6,7.5,54.1,101,116,65.1,15,0.0,22.0,0.996,18.5,18.0,0.8,73.1,16.8,2191,21.66,16.4,13.040,18,0.0,21.2
1632.0,86,611.9,23.5,52.5,54.1,100,116,68.5,15,0.0,23.4,0.995,17.4,19.0,0.8,75.8,18.2,2187,22.53,17.1,13.040,18,12.9,20.8
1635.0,86,615.0,24.4,17.5,53.9,100,116,69.4,15,0.0,24.3,1.001,16.7,20.0,0.6,79.5,20.4,2193,24.45,20.4,13.040,18,90.2,24.7
1638.0,86,616.0,25.3,0.0,53.8,100,116,70.1,15,0.0,25.1,1.011,16.6,20.2,-0.1,79.3,20.4,2225,24.82,20.8,13.040,18,90.2,25.2
1641.0,86,617.0,26.7,0.0,54.1,100,116,72.9,15,0.0,28.2,1.009,12.5,23.1,-1.6,84.7,22.5,2382,27.61,23.3,13.040,18,89.0,27.3
1644.0,86,619.9,29.8,0.0,54.1,100,114,72.9,15,-0.5,28.9,1.003,13.3,23.1,-0.9,84.3,23.5,2490,29.22,25.1,13.040,18,87.5,29.8
1647.0,86,620.0,30.1,6.3,54.1,100,113,72.9,15,-0.8,29.7,0.999,14.6,21.9,0.0,80.0,22.2,2489,28.40,25.0,13.040,18,87.5,30.2
1650.0,86,620.0,19.7,5.3,54.3,100,111,66.3,15,-0.6,28.5,1.003,16.0,18.4,-0.1,63.9,15.7,2112,15.93,16.1,13.101,18,45.7,17.7
1653.0,86,620.0,12.2,0.0,54.6,100,108,53.1,15,0.0,21.2,1.013,16.0,18.4,-3.9,74.6,18.3,2058,20.16,18.7,13.075,18,56.3,17.7
1656.0,86,620.0,27.1,0.0,54.9,100,106,72.2,15,0.0,27.0,1.000,14.1,21.5,-1.2,82.2,21.7,2212,25.13,22.6,13.040,18,89.0,27.4
1659.0,86,619.8,33.3,0.0,54.6,100,108,73.5,15,-0.4,31.0,0.997,13.4,24.1,0.8,85.6,24.2,2450,29.23,26.5,13.033,18,86.7,32.2
1662.0,86,622.2,33.9,2.8,54.3,100,111,74.5,15,-0.8,33.6,1.000,14.0,25.1,0.8,84.7,25.1,2650,31.52,28.2,12.960,18,86.7,33.5
1665.0,86,625.2,33.1,5.5,54.0,100,115,74.3,15,-0.8,34.8,1.004,14.0,25.5,0.0,84.4,25.7,2697,32.28,28.2,13.010,18,87.4,31.6
1668.0,86,628.2,29.0,3.5,53.7,100,120,72.2,15,0.0,26.7,1.001,14.3,23.6,-0.5,84.8,24.2,2577,30.70,26.7,13.040,18,88.0,29.2
1671.0,86,631.8,30.2,10.3,53.2,100,124,72.2,15,-0.4,27.6,1.000,15.1,22.1,-0.5,83.6,22.3,2447,28.42,23.5,13.046,18,87.5,31.0
1674.0,86,632.0,25.9,30.5,52.7,100,127,69.4,15,-0.8,27.5,1.000,16.4,21.5,-0.1,80.0,21.2,2437,27.23,15.7,13.120,18,43.5,21.1
1677.0,86,632.0,19.7,44.1,52.5,100,128,63.6,15,-0.8,23.5,1.000,19.5,20.4,-1.6,79.6,20.8,2455,27.21,18.9,13.075,18,53.9,20.9
1680.0,86,632.0,13.7,4.2,52.2,100,130,67.5,15,-0.8,24.6,1.001,19.2,20.4,-1.6,79.6,20.8,2474,27.37,20.8,13.040,18,87.5,26.7
1683.0,86,631.9,17.3,1.1,51.9,100,130,64.3,15,-1.2,23.2,1.000,20.1,19.6,-1.1,77.8,20.1,2479,27.07,20.2,13.040,18,87.5,24.7
1686.0,86,629.6,18.6,30.2,51.8,100,129,61.7,15,-1.6,20.9,0.998,22.0,17.9,-0.1,72.8,18.0,2450,24.82,16.5,13.040,18,47.9,18.7
1689.0,86,628.0,18.5,47.8,51.8,100,128,56.4,15,-1.8,20.0,1.001,22.0,17.3,-0.8,70.6,17.3,2421,23.77,16.2,13.040,18,46.6,18.8
1692.0,86,627.8,15.8,11.2,51.8,100,126,16.5,15,-7.8,15.2,1.001,24.4,17.1,-2.5,70.4,18.3,2388,24.10,17.7,13.040,18,65.0,22.4
1695.0,86,623.8,27.5,3.3,52.1,100,126,48.7,15,-4.3,20.0,0.998,23.4,17.9,-2.7,73.6,19.3,2365,24.20,19.8,13.040,18,88.2,26.7
1698.0,86,624.0,22.3,15.6,52.3,100,125,65.7,15,-0.8,23.9,0.996,19.4,19.7,-0.0,82.1,19.6,2375,21.06,13.3,13.040,18,53.9,19.0
1701.0,86,624.0,18.7,31.7,52.5,100,124,48.8,15,-0.8,11.0,0.999,27.0,16.1,-0.8,66.3,17.3,2342,22.83,16.0,12.997,18,61.7,19.9
1704.0,86,624.0,27.1,3.5,52.9,100,122,65.1,15,-0.3,18.4,0.997,23.2,16.7,-0.8,68.5,17.3,2330,23.57,17.6,12.980,18,79.8,24.9
1707.0,86,621.2,25.5,16.9,53.1,100,122,66.9,15,0.0,23.6,0.996,19.0,18.3,-0.8,73.3,17.9,2339,23.45,16.5,13.040,18,32.2,17.3
1710.0,86,620.0,22.0,15.3,53.4,100,123,66.8,15,-0.1,24.4,0.995,16.7,21.1,-0.8,82.0,20.4,2350,26.27,16.9,13.040,18,44.8,19.3
1713.0,86,620.0,19.1,4.7,53.7,100,124,59.0,15,-0.8,20.0,0.997,21.5,17.3,-0.2,73.6,18.2,2367,24.35,16.2,13.040,18,52.9,20.9
1716.0,86,620.0,23.9,30.8,53.7,100,126,69.8,15,-0.2,23.1,0.997,18.8,19.1,-1.7,76.1,19.0,2392,24.99,17.3,13.040,18,58.3,21.8
1719.0,86,619.9,22.7,11.3,53.7,100,127,60.7,15,-0.4,21.2,0.997,19.5,19.0,-2.4,76.8,19.7,2415,26.33,19.5,13.040,18,70.2,22.7
1722.0,86,620.0,19.2,16.0,53.7,100,127,51.3,15,-0.8,17.2,0.998,24.0,16.2,-0.7,65.5,16.8,2424,23.19,11.8,13.040,18,42.2,17.6
1725.0,86,618.6,16.0,21.4,53.8,100,125,45.6,15,-0.8,14.8,0.998,26.5,14.1,0.0,54.1,14.1,2349,18.95,10.8,13.040,18,32.1,15.3
1728.0,86,615.7,15.8,0.0,54.1,101,122,40.8,15,-0.8,13.3,0.993,28.2,12.9,1.4,46.9,11.7,2305,14.12,8.3,13.069,18,22.4,14.2
1731.0,86,611.8,20.4,0.0,54.1,101,120,53.7,15,-0.8,17.3,0.997,25.5,14.3,1.6,50.4,11.9,2256,13.03,7.3,13.112,18,0.0,12.2
1734.0,86,612.0,23.1,0.0,54.0,101,118,66.8,15,-0.6,23.0,1.001,19.2,18.5,0.0,74.1,18.4,2237,23.43,18.4,13.040,18,0.0,20.0
1737.0,86,612.9,27.4,0.0,53.7,101,118,75.3,15,0.0,30.6,1.003,12.0,23.9,-1.7,81.7,22.2,2438,27.90,22.7,13.040,18,35.9,27.1
1740.0,86,616.0,32.2,0.0,53.7,100,120,72.9,15,-0.6,31.8,1.009,13.9,24.1,-1.1,83.9,24.3,2626,31.46,27.1,13.040,18,86.6,32.4
1743.0,86,619.0,32.4,0.0,53.5,100,120,72.1,15,-0.8,31.2,1.007,14.7,24.2,0.0,83.5,24.6,2708,32.24,28.1,13.040,18,86.3,33.7
1746.0,86,622.2,32.5,0.8,53.3,100,120,71.6,15,-0.8,29.4,0.998,13.1,23.8,-0.0,84.7,24.3,2587,30.79,27.5,13.040,18,86.0,33.1
1749.0,86,625.3,31.0,1.3,53.3,100,120,72.3,15,-0.8,29.4,0.997,14.0,22.7,-0.8,82.4,22.9,2505,29.36,24.6,13.040,18,86.8,30.7
1752.0,86,628.0,27.5,0.3,53.3,100,120,72.9,15,-0.8,27.5,0.998,14.0,21.7,-0.3,75.1,19.4,2365,25.68,20.6,13.073,18,88.5,27.5
1755.0,86,627.9,27.5,5.2,52.9,100,119,72.4,15,-0.3,28.4,1.003,13.0,22.3,-0.4,75.7,19.4,2329,24.49,19.2,13.087,18,89.8,26.0
1758.0,86,628.0,29.6,1.8,52.7,100,118,72.5,15,-0.3,29.8,1.004,13.1,23.5,-0.4,84.5,23.8,2492,29.52,25.5,12.961,18,86.7,30.6
1761.0,86,629.9,30.6,3.7,52.4,100,118,72.9,15,-0.8,31.0,0.999,15.5,23.5,0.8,82.0,23.5,2612,29.68,25.1,13.040,18,86.7,30.6
1764.0,86,632.0,29.2,8.6,52.1,100,118,72.4,15,-0.8,31.0,1.000,15.0,23.5,0.0,82.7,23.5,2620,30.06,25.5,12.999,18,86.7,30.9
1767.0,86,632.0,23.5,7.8,51.8,100,118,63.5,15,-0.2,26.0,0.997,16.4,21.8,0.8,80.9,22.4,2485,28.92,25.0,12.979,18,87.1,30.7
1770.0,86,632.0,25.1,10.5,52.0,100,117,62.8,15,0.0,20.6,0.996,18.7,19.7,1.4,77.5,20.3,2245,25.75,22.4,13.040,18,89.4,26.3
1773.0,86,630.3,23.9,7.7,52.2,100,116,62.3,15,-0.1,16.1,0.995,22.0,17.6,0.8,72.2,17.6,2200,22.39,18.0,13.040,18,68.7,22.9
1776.0,86,628.0,21.7,1.0,52.2,100,116,63.5,15,-0.8,21.2,1.001,18.0,19.3,0.3,78.2,19.6,2185,23.82,19.0,13.040,18,69.6,22.6
1779.0,86,628.0,26.3,7.8,51.8,100,114,67.9,15,-0.3,21.4,1.001,17.2,19.1,-0.3,76.3,19.3,2175,24.26,20.6,13.040,18,88.2,25.6
1782.0,87,628.0,24.5,6.2,52.0,100,115,68.5,15,0.0,22.1,1.000,17.9,18.2,-0.7,69.0,16.8,2177,22.63,17.6,13.040,18,77.6,23.1
1785.0,87,626.3,24.0,3.3,52.3,100,116,67.1,15,0.0,23.2,0.998,17.5,19.2,0.0,78.0,19.6,2200,23.96,19.2,13.040,18,79.7,23.5
1788.0,87,624.0,24.7,0.8,52.5,100,116,69.0,15,0.0,24.3,0.993,17.2,19.7,1.0,78.5,18.3,2206,23.07,18.7,13.040,18,81.0,23.8
1791.0,87,623.8,24.3,14.8,52.5,100,117,60.5,15,-0.4,20.3,0.995,17.0,19.2,0.6,77.2,17.6,2215,22.31,18.0,13.040,18,80.3,23.5
1794.0,87,624.0,23.4,22.9,52.5,100,118,56.6,15,-0.7,16.6,0.998,16.7,17.8,-1.6,73.3,18.4,2225,23.17,18.0,13.040,18,68.6,22.8
1797.0,87,624.0,23.7,30.1,52.5,100,118,67.5,15,0.0,25.1,0.999,12.0,23.1,-0.8,80.5,21.6,2308,26.04,21.7,13.001,18,76.0,25.3
1800.0,87,623.9,30.6,8.8,52.2,100,118,70.7,15,-0.5,28.4,1.000,13.9,22.4,-0.1,81.3,20.9,2321,25.62,22.7,12.973,18,87.7,30.4
1803.0,87,624.0,29.6,3.8,52.0,100,118,73.2,15,-0.8,28.6,1.001,16.4,21.3,0.5,76.6,16.5,2236,20.10,14.1,13.040,18,91.0,25.9
1806.0,87,624.0,26.3,9.2,51.8,100,118,72.6,15,-0.8,24.3,1.003,18.0,20.0,-0.8,77.3,19.6,2224,24.07,16.3,13.040,18,68.9,23.9
1809.0,87,623.8,20.8,31.5,51.8,100,118,58.8,15,0.0,20.3,1.002,20.2,17.9,-0.3,72.6,17.2,2220,22.18,16.3,13.040,18,47.2,20.8
1812.0,87,619.8,19.2,51.3,51.8,100,118,62.2,15,0.0,20.6,1.003,20.4,17.4,0.0,70.6,15.6,2219,19.85,14.1,13.045,18,36.5,15.3
1815.0,87,620.0,19.0,48.8,51.8,100,119,63.3,15,0.0,22.0,1.004,18.8,18.9,0.0,76.9,19.2,2250,23.82,18.4,13.137,18,57.9,19.1
1818.0,87,618.9,18.2,28.0,51.8,100,120,58.5,15,0.0,19.6,1.000,21.0,13.3,0.0,53.0,13.9,2241,16.44,12.9,13.086,18,52.7,18.8
1821.0,87,615.9,16.1,0.0,52.2,100,118,51.0,15,-0.6,17.3,0.999,23.2,14.1,0.4,51.8,11.3,2227,12.78,9.3,13.040,18,31.8,15.5
1824.0,87,611.8,18.6,0.0,52.2,100,118,58.4,15,-0.4,18.5,1.000,24.4,14.9,1.0,59.1,11.4,2216,14.07,11.1,13.040,18,33.7,16.5
1827.0,87,612.0,20.3,20.2,52.3,100,118,65.1,15,0.0,22.2,1.003,22.6,15.2,1.5,57.6,14.9,2237,18.48,12.9,13.040,18,47.2,19.6
1830.0,87,612.0,21.5,37.2,52.5,100,118,64.8,15,0.0,22.7,1.010,19.0,18.8,-0.8,76.9,18.2,2255,22.38,16.6,13.040,18,67.2,22.4
1833.0,87,612.0,22.4,0.0,52.5,100,120,60.4,15,0.0,19.8,1.000,20.8,17.5,-0.8,71.5,17.8,2268,22.83,17.1,13.040,18,61.6,23.0
1836.0,87,611.8,21.6,0.0,52.5,101,120,62.6,15,0.0,20.1,0.998,21.5,17.0,-1.0,68.2,16.9,2280,21.66,14.7,13.040,18,0.0,20.0
1839.0,87,612.0,19.8,0.0,52.5,101,121,59.8,15,-0.2,19.5,1.001,19.7,17.3,-1.6,72.5,18.0,2300,23.32,16.5,13.040,18,0.0,18.4
1842.0,87,610.3,17.1,0.0,52.5,101,122,47.8,15,-0.8,7.8,0.997,8.0,1.2,0.0,31.0,10.4,2250,13.26,10.3,13.040,18,0.0,14.8
1845.0,87,604.0,14.5,0.0,52.9,101,118,53.5,15,-0.8,14.9,1.000,16.5,9.7,-0.9,40.5,11.5,2236,13.07,8.1,13.040,18,8.7,12.0
1848.0,87,604.0,16.9,44.2,52.6,100,119,56.3,15,-0.8,18.2,1.000,22.0,16.2,-0.8,65.8,16.3,2263,20.93,14.1,13.040,19,42.2,18.5
1851.0,87,604.0,20.3,46.8,52.5,100,121,60.3,15,-0.6,19.7,0.997,21.5,16.9,0.7,68.7,17.0,2300,22.36,16.1,13.040,19,66.3,22.4
1854.0,87,605.3,23.4,24.7,52.5,100,122,66.2,15,0.0,23.1,0.994,19.0,20.0,0.0,79.2,20.0,2345,24.62,18.4,13.040,18,78.1,23.7
1857.0,87,608.2,25.2,0.0,52.5,100,126,69.8,15,0.0,24.6,0.998,17.8,20.2,-0.4,79.6,20.2,2385,26.10,19.8,13.040,18,89.2,25.2
1860.0,87,611.8,26.7,0.0,52.5,100,127,72.7,15,-0.4,28.6,0.997,16.3,21.6,-0.6,80.8,21.3,2480,27.76,20.9,13.040,18,88.6,25.5
1863.0,87,614.1,24.6,0.0,52.5,100,127,74.7,15,-0.8,31.3,0.995,15.1,24.1,0.0,83.5,24.7,2787,33.07,28.2,13.040,18,86.7,30.9
1866.0,87,616.0,24.4,0.0,52.6,100,125,73.0,15,-0.8,25.9,1.007,16.0,20.0,-0.7,80.0,21.5,2483,28.43,22.8,12.992,18,87.0,31.2
1869.0,87,616.4,29.5,0.0,52.9,100,122,73.7,15,-0.8,26.8,1.000,16.3,21.3,-0.8,82.1,21.6,2400,27.43,21.4,12.992,18,88.1,28.5
1872.0,87,619.9,31.8,0.0,52.9,100,119,73.7,15,-0.8,30.4,0.998,15.4,23.2,-0.2,84.3,23.4,2503,29.53,24.8,13.040,18,87.8,29.4
1875.0,87,622.4,33.1,1.0,52.9,100,118,74.0,15,-0.8,32.0,1.003,14.0,24.8,0.6,84.3,25.0,2684,32.27,28.6,13.040,18,86.3,32.9
1878.0,87,625.5,33.3,1.2,52.8,100,118,74.4,15,-0.8,28.6,1.011,14.0,22.7,-0.8,84.3,23.1,2487,29.78,25.8,13.040,18,87.0,32.6
1881.0,87,628.7,30.8,2.5,52.5,100,116,73.7,15,-0.8,29.0,1.003,12.9,23.3,-0.8,84.3,23.6,2515,29.68,25.5,13.040,18,87.5,31.5
1884.0,87,631.9,24.3,22.8,52.5,100,115,73.7,15,-0.3,29.7,0.999,12.0,24.2,-0.2,85.2,24.4,2500,29.84,26.7,13.025,18,87.5,31.8
1887.0,87,632.0,30.9,10.8,52.3,100,114,74.7,15,-0.3,32.3,0.997,11.9,25.3,0.8,86.5,25.5,2425,28.84,28.2,12.960,18,87.5,32.2
1890.0,87,632.0,30.6,12.6,52.2,100,114,74.6,15,-0.7,35.2,1.000,13.5,26.3,0.8,84.7,25.9,2612,30.63,26.8,13.017,18,74.5,25.5
1893.0,87,632.0,23.1,32.0,52.2,100,112,67.5,15,0.0,22.4,1.000,16.1,21.0,-0.3,79.7,22.5,2332,26.98,24.7,13.040,18,73.7,23.4
1896.0,87,631.9,30.2,0.0,52.2,100,112,61.4,15,0.0,22.6,1.005,15.9,19.8,-1.1,79.3,21.1,2141,24.52,23.2,13.040,18,89.4,29.7
1899.0,87,632.0,27.9,0.0,52.0,100,112,61.1,15,0.0,22.8,1.007,14.6,21.0,-1.5,83.2,22.2,2150,25.40,23.5,13.040,18,89.4,27.8
1902.0,87,630.7,24.1,0.0,51.8,100,112,67.1,15,0.0,23.2,1.001,15.0,19.2,0.0,78.8,16.9,2137,18.32,13.3,13.093,18,73.6,24.6
1905.0,87,628.0,19.6,0.3,51.8,100,112,69.8,15,0.0,25.5,1.000,13.6,21.1,0.5,82.2,20.6,2196,21.17,16.2,13.119,18,66.6,23.4
1908.0,87,627.9,30.6,7.8,51.8,100,115,68.7,15,0.0,25.3,0.998,15.0,20.9,1.1,81.7,21.7,2238,25.82,24.2,13.104,18,86.3,29.7
1911.0,87,628.0,22.4,2.7,51.8,100,117,63.4,15,0.0,23.0,1.000,18.1,19.5,0.9,76.8,18.8,2216,23.31,18.1,13.040,18,72.2,22.4
1914.0,87,626.0,22.5,2.2,51.8,100,119,61.7,15,0.0,20.3,1.006,20.6,19.3,-1.6,76.5,20.8,2237,25.19,21.6,13.040,18,84.4,24.7
1917.0,87,625.0,26.6,4.2,51.8,100,120,71.4,15,-0.0,26.7,1.002,15.0,21.6,-0.8,80.5,21.4,2327,26.39,21.8,13.040,18,89.1,26.2
1920.0,87,627.8,26.3,0.0,51.8,100,122,71.4,15,-0.8,19.7,0.996,20.4,19.0,-0.3,76.4,20.6,2356,26.26,21.0,13.065,18,75.0,24.8
1923.0,87,623.9,24.3,17.8,51.8,100,123,71.9,15,-0.4,21.8,0.997,19.6,19.3,-0.5,76.1,20.5,2379,25.95,19.8,13.111,18,33.3,17.6
1926.0,87,626.3,27.8,11.1,51.8,100,125,68.5,15,-0.2,25.9,1.000,14.7,21.8,-1.5,83.7,23.1,2487,29.31,24.3,13.040,18,75.3,26.7
1929.0,87,628.0,27.6,3.0,51.8,100,126,59.5,15,-0.8,20.4,0.998,21.5,15.3,0.0,67.8,18.4,2432,26.02,20.2,13.090,18,76.9,26.1
1932.0,87,627.6,20.8,10.9,51.8,100,128,51.0,15,-1.6,17.6,0.995,22.9,16.1,0.0,66.5,17.0,2406,22.68,11.6,13.091,18,50.3,19.8
1935.0,87,623.8,14.9,21.8,51.5,100,127,57.6,15,-1.2,20.3,0.996,21.5,17.8,-0.8,70.1,17.5,2400,21.85,3.9,13.035,18,3.9,11.4
1938.0,87,624.0,22.0,13.3,51.2,100,126,65.6,15,-0.8,24.8,0.998,18.3,20.1,-2.3,80.0,22.0,2400,27.71,23.1,12.960,18,61.5,23.1
1941.0,87,625.2,30.3,1.9,50.9,100,126,72.2,15,-0.8,30.5,0.995,16.0,23.1,0.0,82.0,23.2,2611,29.94,25.0,13.010,18,44.6,30.1
1944.0,87,628.0,30.5,0.0,50.6,100,126,72.2,15,-0.8,25.1,0.996,16.7,21.9,-1.0,82.4,22.5,2523,29.09,24.3,13.040,18,0.0,30.6
1947.0,87,627.9,29.8,0.0,50.6,100,125,69.8,15,-0.8,25.9,0.997,18.2,20.0,-1.3,78.5,20.0,2378,24.68,20.7,13.040,18,0.0,28.2
1950.0,87,628.0,23.7,32.3,50.6,100,123,65.6,15,-0.8,25.0,0.997,20.1,17.9,-0.7,69.8,16.1,2350,15.22,12.5,13.040,18,0.1,18.5
1953.0,87,626.9,18.7,56.5,50.5,100,122,60.8,15,-0.8,20.0,0.991,21.0,17.3,0.8,69.8,18.0,2314,20.40,15.6,13.040,18,31.8,17.9
1956.0,87,624.0,23.1,0.1,50.2,100,122,65.9,15,0.0,22.0,0.995,19.4,18.4,-0.1,73.3,18.6,2306,23.41,17.9,13.040,18,71.3,22.9
1959.0,87,623.8,24.3,12.2,50.2,100,122,67.6,15,0.0,23.5,0.997,18.1,19.5,-1.0,77.1,18.6,2315,22.86,16.9,13.040,18,80.0,23.9
1962.0,87,624.0,22.1,7.0,50.2,100,123,67.1,15,-0.2,23.2,0.998,17.9,19.8,-1.6,78.8,16.5,2325,16.68,4.3,13.040,18,52.8,20.3
1965.0,87,623.0,19.0,0.0,50.2,100,124,61.7,15,-0.8,18.4,0.994,22.5,14.9,0.0,58.4,13.4,2325,15.34,7.0,13.040,18,37.9,17.8
1968.0,87,620.0,16.9,0.0,50.6,100,124,55.7,15,-0.8,17.1,0.997,23.7,15.3,-0.4,57.1,13.8,2335,16.97,10.3,13.064,18,35.7,17.0
1971.0,87,617.1,9.7,0.0,50.8,100,124,52.4,15,-0.8,16.5,1.000,24.8,15.6,-0.8,62.7,15.6,2353,20.47,12.9,13.119,18,40.0,17.6
1974.0,87,616.0,9.9,9.0,51.0,100,124,47.4,15,-0.8,16.0,1.002,25.5,15.3,-0.8,59.2,15.3,2375,20.16,12.9,13.079,18,37.1,16.5
1977.0,87,615.3,15.9,22.1,51.0,100,126,42.4,15,-0.8,11.0,0.995,33.5,11.3,-0.8,41.7,12.6,2375,15.94,10.4,13.062,18,36.9,16.4
1980.0,87,612.0,20.0,0.0,51.0,100,128,56.2,15,-0.8,17.1,0.999,28.3,13.7,-1.5,49.5,13.5,2399,16.12,9.1,13.040,18,40.0,18.1
1983.0,87,612.0,21.7,0.0,51.2,100,128,63.7,15,-0.4,21.3,1.002,21.7,17.1,-2.1,68.3,16.3,2430,21.14,12.4,13.040,18,40.0,19.2
1986.0,86,612.0,22.0,0.0,51.6,100,127,64.5,15,-0.2,21.0,1.001,21.6,16.4,-1.4,63.9,14.1,2400,18.75,13.7,13.040,18,53.4,20.8
1989.0,86,612.0,22.1,5.4,51.8,100,126,61.6,15,-0.8,15.7,0.993,26.0,15.3,0.8,63.9,17.3,2355,21.72,15.3,13.040,18,60.8,21.8
1992.0,86,612.0,23.9,29.0,51.8,100,122,67.5,15,-0.2,18.5,0.995,23.6,16.2,0.4,66.6,16.9,2314,22.61,16.0,13.040,18,65.6,22.3
1995.0,86,611.9,24.2,21.4,52.1,100,121,67.9,15,0.0,21.7,0.996,20.6,17.9,0.2,71.3,17.3,2279,22.23,15.0,13.040,18,74.9,23.5
1998.0,86,612.0,23.2,25.1,52.2,100,119,67.0,15,0.0,23.5,0.997,18.1,19.9,0.8,77.6,20.0,2250,24.43,15.7,13.040,18,54.6,21.1
2001.0,86,612.0,22.1,28.5,52.2,100,118,64.4,15,0.0,22.0,0.997,18.5,18.4,0.0,75.7,18.8,2233,23.80,16.8,13.040,18,52.6,20.7
2004.0,86,612.0,23.0,0.0,52.5,100,116,69.8,15,0.0,25.5,0.996,15.1,20.7,0.9,79.6,20.4,2296,25.28,17.3,13.061,18,61.4,21.8
2007.0,86,611.9,27.1,0.0,52.5,100,117,71.3,15,0.0,22.0,0.998,16.4,20.8,1.3,80.3,21.5,2335,26.56,16.1,13.089,18,62.7,22.3
2010.0,86,612.0,23.2,0.0,52.5,100,118,68.3,15,-0.3,18.3,1.001,21.2,18.0,0.7,74.3,19.1,2225,23.55,12.9,13.040,18,28.6,15.7
2013.0,86,612.0,19.4,0.0,52.5,100,118,59.7,15,-0.8,19.6,1.001,20.2,18.0,0.0,72.9,17.6,2237,22.55,12.1,13.040,18,35.9,17.1
2016.0,86,610.9,18.3,0.0,52.5,100,118,49.9,15,-0.8,12.9,0.998,30.0,14.1,0.6,55.9,14.5,2220,17.98,11.1,13.094,18,39.2,18.0
2019.0,86,608.0,19.3,1.2,52.2,100,118,61.2,15,-0.8,18.1,0.999,24.0,15.8,0.8,61.5,15.4,2218,18.70,12.7,13.100,18,41.0,18.4
2022.0,86,607.9,21.2,32.5,52.2,100,118,63.5,15,-0.4,21.1,1.001,20.1,17.8,0.8,71.7,17.6,2232,22.60,16.1,13.027,18,48.3,19.6
2025.0,86,608.0,22.0,30.1,52.2,100,118,65.4,15,0.0,22.6,1.002,18.9,18.6,0.8,74.8,18.5,2250,23.80,18.0,12.960,18,71.4,21.9
2028.0,86,608.0,23.0,21.1,52.2,100,118,65.7,15,0.0,23.1,1.000,18.5,19.6,0.8,77.6,19.6,2261,24.00,18.5,13.009,18,75.5,23.1
2031.0,86,608.0,23.9,0.0,52.2,100,120,62.0,15,0.0,20.7,0.997,20.5,18.0,1.2,73.7,18.9,2262,23.89,18.5,13.040,18,77.5,23.3
2034.0,86,607.8,23.5,17.5,52.2,100,120,65.1,15,0.0,22.4,0.995,20.2,18.0,1.4,72.2,18.8,2280,24.03,18.1,13.040,18,66.7,22.4
2037.0,86,610.0,25.9,16.9,52.1,100,121,69.2,15,-0.1,26.7,0.995,16.0,22.0,0.8,82.4,22.0,2375,27.65,22.4,12.976,18,81.5,26.3
2040.0,86,613.2,29.7,1.9,51.8,100,122,72.3,15,-0.8,29.0,0.995,16.0,22.7,0.2,82.9,22.8,2536,29.12,24.5,13.006,18,87.3,29.8
2043.0,86,616.3,32.5,0.0,51.8,100,124,72.9,15,-0.8,32.9,0.998,16.3,23.6,-0.9,82.5,23.7,2713,31.00,24.5,13.040,18,87.0,31.0
2046.0,86,619.9,31.8,0.0,52.1,101,125,74.2,15,-0.8,32.9,0.998,16.0,24.2,-1.4,82.0,24.0,2805,32.01,22.1,13.040,18,88.2,27.8
2049.0,86,622.1,29.7,0.0,52.0,101,127,74.4,15,-0.8,31.2,0.997,15.5,23.6,-0.8,81.9,23.1,2687,29.84,23.1,13.040,18,25.1,27.8
2052.0,86,624.0,26.6,0.0,51.8,101,128,72.0,15,-0.8,22.7,1.004,20.5,18.4,-1.6,74.5,19.9,2509,27.23,20.8,13.040,18,0.0,26.8
2055.0,86,624.0,23.5,0.0,51.8,101,130,65.9,15,-0.8,17.0,0.996,22.6,18.2,-0.3,74.1,18.8,2448,26.18,19.2,13.040,18,19.3,25.3
2058.0,86,623.8,25.6,8.7,51.8,100,130,68.0,15,-0.8,19.6,0.993,22.0,18.3,0.6,73.9,18.5,2468,26.25,19.0,13.037,18,83.1,24.3
2061.0,86,624.0,24.9,6.4,51.8,100,131,69.2,15,-1.0,25.0,0.998,18.3,19.1,0.0,74.5,17.6,2500,24.56,16.1,12.960,18,53.0,20.6
2064.0,86,624.0,23.5,3.8,51.8,100,134,67.6,15,-1.6,21.2,1.001,21.5,18.0,0.0,73.0,17.9,2525,21.00,11.3,13.004,18,29.0,17.5
2067.0,86,624.0,23.5,17.5,51.4,100,134,69.0,15,-1.1,25.6,0.996,18.5,20.3,0.0,77.3,20.1,2547,23.25,12.8,13.040,18,28.6,18.4
2070.0,86,627.8,30.9,5.9,51.2,100,134,71.9,15,-0.8,31.0,0.996,16.2,23.3,0.0,81.6,22.3,2558,29.41,24.1,13.040,18,86.3,32.5
2073.0,86,628.0,29.3,0.0,50.9,100,133,73.4,15,-0.8,33.7,1.000,17.3,24.6,0.0,77.6,20.8,2537,25.62,18.0,12.978,18,87.6,27.7
2076.0,86,628.0,23.9,0.0,50.6,100,132,70.5,15,-0.8,27.5,0.996,23.5,13.3,0.8,59.7,18.9,2513,25.78,18.0,13.002,18,84.8,24.9
2079.0,86,628.0,23.9,0.0,50.2,100,132,58.0,15,-0.8,21.5,0.997,24.8,14.3,0.8,55.4,14.9,2482,21.08,16.1,13.049,18,74.0,23.8
2082.0,86,625.4,14.7,0.0,50.2,100,130,50.3,15,-1.1,18.4,1.002,25.3,15.6,0.2,60.5,10.9,2449,11.78,10.6,13.079,18,34.9,16.5
2085.0,86,624.0,9.6,0.0,50.1,100,128,42.1,15,-1.6,19.1,1.013,23.0,16.5,-2.3,65.5,16.5,2437,21.88,9.8,13.053,19,30.9,15.4
2088.0,86,623.3,11.2,0.0,49.8,100,128,47.8,15,-1.6,16.1,1.004,25.2,14.8,-0.2,57.2,15.3,2422,19.98,10.0,13.076,19,30.2,15.0
2091.0,86,619.9,15.3,0.0,50.2,100,128,46.2,15,-1.6,14.9,1.000,27.0,13.6,1.1,50.6,13.9,2417,17.71,9.6,13.103,19,31.2,15.5
2094.0,86,617.5,12.0,38.3,50.2,100,128,42.8,15,-1.6,14.1,0.992,28.1,13.0,1.6,47.9,13.0,2425,16.01,6.7,13.040,19,2.0,5.9
2097.0,86,614.5,11.4,47.5,50.3,101,128,39.9,15,-1.6,14.1,0.979,28.5,13.3,1.6,48.2,13.3,2424,16.73,8.5,13.040,19,16.5,10.3
2100.0,86,611.5,14.5,1.4,50.6,100,130,43.9,15,-1.6,14.5,0.993,28.1,13.3,1.1,48.4,14.2,2439,18.11,8.7,13.040,19,27.3,14.0
2103.0,86,607.9,14.5,20.0,50.2,100,130,33.9,15,-1.6,13.8,0.998,27.8,13.7,0.5,50.4,14.6,2446,19.12,8.3,13.053,19,26.8,13.8
2106.0,86,605.4,14.7,18.9,50.4,100,129,42.9,15,-1.6,15.6,1.000,26.1,14.7,-0.4,56.0,14.6,2436,18.06,10.2,13.120,19,32.2,15.3
2109.0,86,605.6,18.4,17.3,50.6,100,128,62.4,15,-1.5,21.2,1.004,21.4,17.3,-2.3,71.8,18.0,2412,24.97,15.2,13.005,19,50.7,19.3
2112.0,86,608.7,24.4,13.8,50.7,100,126,69.8,15,-0.8,25.1,0.999,16.5,19.9,-1.8,79.3,20.3,2427,26.67,19.7,12.998,19,71.6,24.0
2115.0,86,611.9,27.1,0.0,51.4,100,128,71.5,15,-0.8,26.1,1.002,18.8,19.5,-1.6,80.2,21.3,2429,27.65,22.0,13.023,19,88.2,27.3
2118.0,86,612.0,25.9,0.0,51.6,100,127,71.2,15,-0.8,25.9,1.003,20.4,18.1,-1.4,75.3,20.4,2407,26.82,20.7,12.960,19,87.8,24.3
2121.0,86,612.0,21.1,0.0,51.8,100,125,67.5,15,-0.8,24.3,1.001,18.5,18.4,0.0,72.5,17.3,2349,23.69,10.2,13.024,19,59.6,20.4
2124.0,86,612.0,13.2,0.0,51.8,100,120,52.5,15,-0.8,19.4,1.005,17.9,19.4,-0.9,75.6,19.2,2300,24.44,14.8,13.024,19,51.2,19.4
2127.0,86,611.9,28.6,0.0,51.8,100,117,66.1,15,-0.3,21.6,1.004,16.4,20.3,-0.7,79.2,21.1,2250,25.61,22.2,12.972,19,89.3,27.1
2130.0,86,614.7,26.3,0.0,51.8,100,115,71.8,15,0.0,25.4,0.999,15.4,20.6,0.8,80.3,21.2,2243,26.34,23.1,13.040,19,88.6,27.8
2133.0,86,616.0,24.6,4.2,51.8,100,114,70.2,15,0.0,25.7,0.994,16.5,20.0,0.8,75.7,18.8,2162,23.99,21.6,13.040,19,89.4,26.6
2136.0,86,616.0,24.0,8.7,51.8,100,114,68.9,15,0.0,24.3,0.998,16.5,19.6,0.8,77.4,19.7,2179,23.71,19.9,13.040,19,86.5,24.9
2139.0,86,616.0,24.3,0.0,51.8,100,116,67.5,15,0.0,24.0,0.995,17.4,16.4,2.1,68.3,18.3,2187,22.58,18.2,13.016,19,78.9,23.2
2142.0,86,616.0,26.7,0.0,51.8,100,116,70.7,15,0.0,26.0,0.998,16.0,17.2,1.6,66.9,18.4,2257,22.73,17.9,12.967,19,66.3,22.0
2145.0,87,618.1,26.3,2.8,51.6,100,117,71.6,15,0.0,26.8,1.003,13.7,22.5,-1.4,84.4,23.8,2487,29.89,25.5,13.040,19,81.3,28.2
2148.0,87,619.0,23.4,4.9,51.4,100,120,68.4,15,0.0,20.0,0.997,22.5,16.5,1.6,66.7,18.8,2336,25.87,21.3,13.040,19,44.7,27.5
2151.0,87,616.0,17.3,0.0,51.4,101,120,58.0,15,-0.6,21.4,0.998,21.0,17.6,1.2,69.9,18.6,2280,23.75,18.1,13.064,19,0.0,23.0
2154.0,87,615.8,19.8,0.0,51.6,101,121,61.4,15,-0.4,21.8,0.998,19.8,18.3,0.6,72.5,18.3,2294,23.60,17.6,13.119,19,0.0,22.4
2157.0,87,616.0,21.2,0.0,51.6,101,123,64.1,15,0.0,22.0,0.998,19.3,18.2,-0.0,71.5,18.0,2325,23.47,16.9,13.040,19,0.0,21.6
2160.0,87,616.0,21.0,0.0,51.4,100,124,63.6,15,0.0,23.5,1.000,17.5,20.4,-0.8,79.2,19.8,2352,25.04,18.9,13.040,19,40.7,22.7
2163.0,87,616.0,19.3,0.0,51.4,100,126,65.1,15,0.0,22.7,1.002,19.1,19.7,-1.3,77.7,19.8,2375,25.42,19.5,13.040,19,83.0,24.3
2166.0,87,615.9,22.7,3.2,51.4,100,126,64.1,15,0.0,21.4,1.000,20.8,18.5,-1.8,74.4,18.6,2394,24.58,16.9,13.040,19,66.0,22.7
2169.0,87,616.0,19.7,2.2,51.6,100,126,58.6,15,-0.2,19.3,0.998,22.3,17.2,-2.2,69.6,17.3,2412,23.26,11.4,13.040,19,28.2,17.1
2172.0,87,616.0,17.2,6.7,51.8,100,126,49.3,15,-0.8,16.5,0.998,25.5,14.9,0.8,58.8,15.5,2394,19.58,10.0,13.040,19,31.5,15.4
2175.0,87,615.9,18.4,35.0,51.8,100,126,59.6,15,-0.8,18.6,0.997,23.7,16.0,-0.1,63.8,15.9,2393,19.81,10.8,13.040,19,34.1,15.5
2178.0,87,611.9,13.6,27.0,51.8,100,126,50.9,15,-0.8,17.6,0.996,23.9,16.1,-0.6,65.4,16.7,2392,22.98,14.6,13.040,19,30.2,11.8
2181.0,87,612.0,13.8,36.6,51.6,100,126,45.8,15,-0.8,15.2,0.996,26.3,14.5,0.0,57.0,16.1,2362,23.18,15.7,13.040,19,45.3,17.7
2184.0,87,611.0,16.0,47.8,51.4,100,126,50.1,15,-0.8,16.5,0.998,24.5,14.9,0.0,58.4,14.9,2371,20.61,13.2,13.040,19,44.1,18.7
2187.0,87,608.0,15.7,23.5,51.8,100,126,47.8,15,-0.8,16.5,0.999,24.8,15.1,0.4,59.0,15.1,2385,19.35,11.7,13.064,19,35.9,16.7
2190.0,87,607.8,17.3,7.5,51.8,100,127,48.2,15,-0.8,16.2,1.000,25.2,15.2,0.6,59.4,15.4,2402,19.84,12.3,13.115,19,36.5,17.6
2193.0,87,608.0,18.2,3.7,51.7,100,128,47.1,15,-0.8,14.7,0.998,25.9,14.8,0.0,58.8,15.7,2412,21.04,12.9,13.040,19,38.9,17.6
2196.0,87,607.1,17.5,7.2,51.4,100,128,43.2,15,-0.8,9.4,0.994,30.5,12.9,0.0,50.7,14.1,2397,18.38,10.9,13.040,19,34.4,16.1
2199.0,87,604.0,14.1,0.0,51.8,100,126,51.0,15,-0.8,14.6,1.002,26.2,14.6,-0.7,54.9,14.6,2383,18.44,10.4,13.058,19,28.4,14.2
2202.0,87,604.0,19.1,0.0,51.8,100,125,58.1,15,-0.5,18.0,1.006,22.8,15.8,-1.7,65.1,16.6,2372,22.45,14.5,13.120,19,44.3,18.8
2205.0,87,604.0,16.3,0.0,51.9,100,124,60.8,15,-0.5,18.7,1.001,25.5,12.9,-2.3,47.8,13.7,2337,17.39,11.8,13.069,19,25.6,11.9
2208.0,87,602.8,5.5,0.0,52.2,101,122,18.8,15,-7.8,9.0,0.986,33.3,10.0,2.8,35.7,6.4,2271,11.46,6.7,13.040,19,7.9,5.7
2211.0,87,591.9,5.1,0.0,52.4,101,118,14.3,15,-7.8,7.0,0.533,18.7,6.1,4.2,22.5,1.4,2184,5.49,1.2,13.025,19,0.2,5.1
2214.0,86,583.2,6.5,10.0,52.5,101,114,15.0,15,-7.8,5.2,0.220,-8.3,2.2,0.2,12.9,3.9,2100,5.66,3.5,12.880,19,10.2,7.1
2217.0,86,573.5,9.0,15.1,52.4,101,110,24.2,15,-7.7,5.5,1.010,9.5,0.0,3.1,13.3,0.0,2090,4.76,1.8,12.977,19,8.9,7.5
2220.0,86,568.4,12.1,0.4,52.2,101,108,54.9,15,-0.8,15.4,1.004,17.4,10.2,0.3,44.7,9.1,2133,12.01,6.2,13.054,19,17.1,9.8
2223.0,86,571.9,9.8,21.8,51.9,101,109,40.6,15,-0.8,15.7,0.999,23.2,15.2,-0.7,62.2,13.7,2143,17.14,12.5,13.056,19,40.4,17.6
2226.0,86,564.9,6.9,10.4,51.8,101,108,25.3,15,-2.8,11.3,0.780,19.5,11.9,0.7,48.7,7.1,2059,5.41,0.8,12.880,19,0.0,8.2
2229.0,86,553.7,5.1,0.0,51.8,101,106,12.2,15,-7.8,5.1,0.000,-13.0,0.0,0.0,13.7,0.0,1962,4.60,0.8,12.971,19,0.0,4.9
2232.0,86,540.0,6.3,0.0,51.8,101,102,23.5,15,-7.8,5.6,0.562,6.3,0.0,5.4,14.3,0.0,1928,4.30,1.1,13.063,19,1.8,5.6
2235.0,86,535.9,12.2,45.7,51.8,101,101,37.1,15,-4.7,9.3,0.927,21.6,3.8,7.4,24.4,2.9,1906,5.97,2.2,13.117,19,8.6,9.4
2238.0,86,538.1,14.7,61.9,51.6,101,101,49.9,15,-0.8,14.3,0.997,24.8,12.9,0.0,53.7,13.3,1987,15.43,10.6,13.040,19,23.8,13.3
2241.0,86,540.0,14.9,41.0,51.4,100,102,51.2,15,-0.8,14.9,1.000,23.0,13.3,0.8,55.7,13.3,1977,15.26,10.1,13.064,19,28.8,14.7
2244.0,86,540.6,14.9,1.2,51.4,101,104,52.5,15,-0.8,15.3,1.000,22.3,14.1,0.3,59.1,14.0,1996,16.23,10.6,13.062,19,29.5,14.9
2247.0,86,544.0,15.3,19.2,51.4,101,105,51.5,15,-0.8,15.1,1.000,23.7,13.8,0.7,57.6,13.9,2008,16.39,10.9,13.058,19,31.7,15.6
2250.0,86,546.8,14.5,7.1,51.4,101,106,49.6,15,-0.8,14.5,1.000,25.5,12.8,1.4,51.4,12.8,1999,14.68,9.1,13.119,19,26.7,14.1
2253.0,86,544.5,11.9,8.0,51.4,101,105,44.0,15,-0.8,13.1,0.998,25.5,12.5,0.8,49.4,12.5,1987,14.24,2.0,13.040,19,10.3,8.8
2256.0,86,540.0,9.0,20.0,51.4,101,102,29.0,15,-0.8,9.0,0.979,37.5,11.0,-1.1,43.5,11.9,1947,13.26,4.5,13.040,19,6.6,7.1
2259.0,86,539.9,12.5,0.0,51.8,101,101,38.8,15,-0.8,11.1,0.987,32.7,11.1,-1.1,43.0,11.8,1912,12.73,7.8,13.040,19,20.8,11.8
2262.0,86,540.0,12.9,0.0,51.6,101,99,46.2,15,-0.8,13.3,0.997,25.0,12.9,1.5,53.7,12.9,1912,14.51,9.4,13.040,19,24.3,12.9
2265.0,86,541.3,13.2,0.0,51.4,101,98,47.5,15,-0.8,13.3,1.001,24.5,12.5,0.0,53.3,12.4,1876,13.98,9.2,13.040,19,24.9,13.1
2268.0,86,543.5,12.6,0.0,51.4,101,98,44.7,15,-0.8,11.6,1.000,30.2,11.1,0.0,51.6,11.2,1850,12.22,7.8,13.040,19,18.8,11.3
2271.0,86,535.9,5.1,0.0,51.4,101,97,25.7,15,-3.7,8.0,0.524,14.4,6.1,0.0,39.0,7.4,1801,9.03,5.2,13.040,19,0.8,5.1
2274.0,86,526.1,4.9,1.3,51.6,101,89,14.2,15,-6.2,5.0,0.000,-11.1,0.0,0.0,16.2,0.0,1663,4.18,0.8,13.040,19,0.0,4.7
2277.0,86,513.7,4.8,2.8,52.0,101,76,16.3,15,-6.2,4.7,0.000,-9.5,0.0,0.0,20.4,0.0,1287,4.06,0.5,13.040,19,0.0,4.7
2280.0,86,500.4,5.1,3.4,52.9,101,54,19.6,15,-6.2,5.1,0.001,-9.2,0.0,0.0,22.0,0.0,1267,4.14,0.6,13.040,19,0.0,4.7
2283.0,86,479.9,5.1,2.5,52.9,101,43,21.4,15,-6.2,5.3,0.000,-3.0,3.2,0.0,27.1,3.0,1234,5.62,1.8,13.019,19,1.8,5.0
2286.0,86,477.9,9.6,1.4,52.6,101,37,32.3,15,-5.2,6.9,0.161,7.3,9.2,-0.1,36.1,10.6,1187,10.15,7.1,12.880,19,30.2,14.9
2289.0,86,478.1,12.5,0.0,52.2,101,38,55.3,15,-1.6,12.9,0.999,15.0,12.5,-1.6,58.9,12.0,1300,11.56,8.0,12.974,19,20.1,11.2
2292.0,86,483.9,6.7,0.0,51.8,101,44,30.6,15,-1.6,9.1,0.995,25.1,10.1,-0.3,53.9,9.4,1306,9.19,5.8,13.040,19,6.8,6.2
2295.0,86,479.9,6.7,3.7,51.8,101,47,30.2,15,-1.6,6.4,0.993,21.5,6.6,0.6,36.3,5.6,1245,4.81,0.9,13.040,19,0.0,5.9
2298.0,86,480.0,6.3,2.7,51.8,101,53,27.3,15,-1.6,5.2,0.992,6.2,3.3,-0.2,23.3,4.7,1225,4.91,1.6,13.040,19,0.0,6.2
2301.0,86,478.8,5.7,0.0,51.7,101,58,21.8,15,-1.6,5.5,0.990,40.0,5.1,-2.3,29.0,5.1,1207,5.03,1.6,13.040,19,0.0,5.8
2304.0,86,476.0,5.1,0.0,51.4,101,62,19.6,15,-1.6,5.1,0.282,29.6,5.8,-1.0,28.4,5.7,1200,5.36,1.7,13.040,19,0.0,5.1
2307.0,86,464.0,5.1,0.0,51.1,101,63,20.1,15,-1.6,5.1,0.000,10.3,4.1,0.0,26.6,4.6,1200,5.41,1.8,13.040,19,0.0,5.1
2310.0,86,454.1,5.1,0.0,50.8,101,61,20.4,15,-1.6,5.1,0.000,-9.0,0.0,0.0,23.9,0.0,1200,4.17,0.8,13.040,19,0.0,4.8
2313.0,86,443.1,5.1,0.0,50.8,101,51,20.9,15,-1.6,5.1,0.000,-9.0,0.0,0.0,23.9,0.0,1200,4.26,0.8,13.040,19,0.0,4.7
2316.0,86,433.7,5.4,0.5,51.4,101,34,22.7,15,-1.6,5.5,0.000,-9.0,0.0,0.0,26.4,0.0,1200,4.47,1.2,13.040,19,1.0,5.3
2319.0,86,424.0,7.1,3.5,51.0,101,28,30.2,15,-1.6,6.5,0.602,13.9,1.8,-1.8,31.4,0.0,1173,4.50,1.4,13.040,19,2.3,6.2
2322.0,86,418.1,5.4,1.1,51.0,101,23,27.4,15,-1.6,6.1,0.605,16.9,2.5,-2.8,34.3,0.0,1092,4.17,0.9,13.040,19,0.0,5.1
2325.0,86,412.0,6.0,0.0,51.0,101,18,24.5,15,-1.6,5.3,0.197,-11.1,0.5,-0.1,28.6,0.0,950,4.08,2.0,13.040,19,4.8,5.7
2328.0,86,407.0,6.8,0.0,51.0,101,14,29.0,15,-1.6,7.5,1.013,39.5,8.2,-1.6,31.0,5.8,1336,5.72,3.1,13.040,19,8.0,6.4
2331.0,86,404.0,4.3,0.0,50.6,101,20,19.2,15,-4.8,5.1,1.003,23.6,3.8,2.7,25.4,4.7,1351,5.33,3.0,13.040,19,8.4,6.8
2334.0,86,398.2,4.3,0.0,50.6,101,17,16.9,15,-8.0,4.1,0.999,8.1,0.0,4.9,19.8,0.0,1057,2.99,0.8,13.037,19,0.0,3.9
2337.0,86,394.0,4.5,0.0,50.3,101,13,19.9,15,-10.2,4.7,1.001,2.7,0.1,-1.6,23.5,0.0,875,3.03,0.8,12.960,20,0.0,4.4
2340.0,86,391.0,4.5,0.0,49.8,101,12,25.0,15,-10.2,6.7,0.991,38.5,4.7,4.8,26.1,3.8,1148,4.02,1.5,12.960,20,0.0,4.4
2343.0,86,388.0,3.9,0.0,49.8,101,14,15.7,15,-7.4,5.4,0.992,20.0,2.3,4.0,25.0,3.1,1206,4.21,1.6,12.960,20,0.0,3.9
2346.0,86,382.6,3.9,0.0,49.8,101,13,17.1,15,-7.7,4.7,0.997,3.1,0.0,0.0,23.5,0.0,1065,3.56,0.8,12.960,20,0.0,4.3
2349.0,86,377.0,3.8,0.0,50.1,101,11,19.8,15,-10.1,4.7,1.004,-1.0,0.0,-3.1,29.0,0.0,900,3.30,0.8,13.012,19,0.0,3.9
2352.0,86,371.4,3.5,0.0,51.0,101,4,26.7,15,-8.6,3.5,1.006,-4.0,0.0,-3.6,32.0,0.0,764,3.00,1.0,13.040,19,0.0,3.4
2355.0,86,364.0,3.1,0.0,51.3,101,1,19.0,15,-9.5,3.3,0.998,-2.8,0.0,1.3,29.0,0.0,653,2.52,1.1,13.052,19,0.0,3.1
2358.0,86,358.6,2.8,0.0,51.2,101,0,15.6,15,-10.2,3.0,0.997,2.5,0.0,6.2,20.3,0.0,724,2.11,0.8,13.120,20,0.4,2.7
2361.0,86,352.2,2.7,0.0,51.0,101,0,16.5,15,-10.2,2.7,1.012,8.5,0.0,-7.0,21.6,0.0,712,1.97,0.8,13.002,20,0.1,2.7
2364.0,86,345.8,2.1,0.0,51.0,101,0,20.4,15,-10.0,2.7,1.003,7.5,0.0,-5.1,21.3,0.0,712,2.05,0.8,12.960,20,0.0,1.5
2367.0,86,339.7,0.3,0.0,51.0,101,0,75.3,15,1.6,4.3,1.000,8.8,0.0,-1.8,8.6,0.0,329,1.38,1.1,12.675,20,0.0,1.6
2370.0,87,336.0,6.3,0.0,51.0,101,0,75.3,15,1.6,4.7,0.999,9.5,0.0,0.0,0.0,0.0,0,0.69,1.6,12.160,20,0.0,6.3
2373.0,87,336.0,6.3,0.0,51.0,101,0,75.3,15,1.6,4.7,0.999,9.5,0.0,0.0,0.0,0.0,1,0.70,1.6,12.161,20,0.2,6.3
2376.0,87,335.9,6.3,0.0,50.9,101,0,75.2,15,1.6,4.7,0.999,9.5,0.0,0.0,0.0,0.0,0,0.69,1.6,12.160,20,0.1,6.3
2379.0,87,336.0,6.3,0.0,51.0,101,0,75.3,15,1.6,4.7,0.999,9.5,0.0,0.0,1.6,20,0.0,6.3
