BlueDriver Data Log
Jul 25, 2018 8:19:42 AM
Time (s),Engine Coolant Temperature (째C),Catalyst Temperature Bank 1 - Sensor 1 (째C),Fuel Level Input (%),Barometric Pressure (kPa),Vehicle Speed (MPH),Absolute Load Value (%),Ambient Air Temperature (째C),Engine RPM (rpm),Relative Throttle Position (%),Control Module Voltage (V),Intake Air Temperature (째C),Absolute Throttle Position (%)
0.0,,,,,,,,,,,,
2.7,31,8.0,100.0,101,0,31.4,19,1287,1.2,14.414,21,7.1
5.4,32,8.0,100.0,101,0,27.0,19,1280,1.4,14.454,21,5.9
8.1,33,8.0,100.0,101,0,25.1,19,1274,1.6,14.400,21,5.9
10.8,34,8.0,100.0,101,0,25.1,19,1266,1.6,14.413,21,5.9
13.5,35,8.0,100.0,101,0,26.4,19,1275,1.4,14.438,21,6.5
16.2,36,8.0,100.0,101,0,39.7,19,1001,1.2,13.795,21,8.1
18.9,36,8.0,100.0,101,1,36.3,19,988,2.1,13.643,21,7.1
21.6,37,16.0,100.0,101,6,51.6,19,1440,5.0,13.385,21,11.0
24.3,38,27.8,100.0,101,11,30.9,19,1315,0.6,13.200,21,6.3
27.0,39,37.8,100.0,101,7,30.3,19,1179,1.2,13.066,21,6.0
29.7,39,47.9,100.0,101,5,39.8,19,1453,3.5,12.960,21,10.5
32.4,39,64.0,100.0,101,11,57.6,19,1735,8.7,13.027,21,15.3
35.1,41,89.8,100.0,101,18,70.2,19,1517,12.3,13.040,21,18.4
37.8,41,117.2,100.0,101,21,71.6,19,1581,13.0,13.205,21,17.2
40.5,42,144.9,100.0,101,25,60.5,19,1501,8.6,13.383,21,14.3
43.2,43,166.5,100.0,101,28,40.6,19,1498,5.9,13.550,21,12.0
45.9,43,176.4,100.0,101,28,22.4,19,1369,0.4,13.562,21,5.7
48.6,44,181.7,100.0,101,27,21.5,19,1287,0.0,13.714,21,5.6
51.3,45,187.4,100.0,101,25,26.9,19,1263,0.4,13.702,21,6.3
54.0,45,193.1,100.0,101,21,25.2,19,1217,0.1,13.760,21,5.9
56.7,46,196.0,100.0,101,15,21.2,19,1209,0.4,13.760,21,5.2
59.4,47,200.0,100.0,101,10,22.6,19,1106,0.1,13.825,21,5.1
62.1,47,200.0,100.0,101,4,27.2,19,948,0.4,13.841,21,4.8
64.8,48,200.0,100.0,101,0,30.9,19,885,0.4,13.758,21,5.1
67.5,48,197.9,100.0,101,0,36.3,19,869,0.4,13.680,21,5.9
70.2,48,196.0,100.0,101,0,36.0,19,842,0.4,13.680,21,5.5
72.9,49,194.0,100.0,101,0,32.8,19,824,0.4,13.680,23,5.5
75.6,49,192.0,100.0,101,0,25.7,19,806,0.4,13.703,23,4.3
78.3,49,192.0,100.0,101,0,25.1,19,789,0.4,13.706,23,4.3
81.0,50,189.7,100.0,101,0,27.1,19,816,0.4,13.759,23,4.3
83.7,50,188.0,100.0,101,0,32.2,19,855,0.2,13.732,23,5.5
86.4,50,186.1,100.0,101,0,35.4,19,825,0.4,13.747,23,5.2
89.1,51,184.0,100.0,101,0,32.4,19,798,0.4,13.730,23,5.1
91.8,51,182.6,100.0,101,0,24.7,19,787,0.4,13.544,23,4.5
94.5,51,182.7,100.0,101,3,35.2,19,1327,5.1,13.760,23,9.2
97.2,52,195.5,100.0,101,10,47.6,19,1485,5.0,13.680,23,10.6
99.9,52,205.0,100.0,101,15,58.1,19,1303,7.4,13.732,23,12.1
102.6,53,216.8,100.0,101,19,66.3,19,1458,9.1,13.824,23,15.2
105.3,53,236.2,100.0,100,22,68.5,19,1472,10.8,13.575,23,16.5
108.0,54,255.9,100.0,100,25,64.8,19,1438,10.7,13.368,23,15.3
110.7,54,274.4,100.0,100,27,58.8,19,1433,8.6,13.101,23,14.1
113.4,55,289.1,100.0,101,29,46.1,19,1356,2.5,13.096,23,7.7
116.1,56,289.2,100.0,101,28,18.8,19,1200,0.4,13.040,23,4.7
118.8,56,280.2,100.0,101,25,24.2,19,1200,0.2,13.040,23,5.6
121.5,57,276.0,100.0,101,21,30.4,19,1105,0.3,13.040,23,6.3
124.2,57,278.8,100.0,101,20,29.4,19,1332,0.0,13.040,23,6.6
126.9,57,280.0,100.0,101,21,22.5,19,1398,0.4,13.040,23,5.0
129.6,57,282.1,100.0,101,22,18.6,19,1267,0.4,13.040,23,4.7
132.3,57,284.0,100.0,101,22,18.6,19,1225,0.4,13.040,23,4.7
135.0,58,282.4,100.0,101,19,18.8,19,1212,0.4,12.905,23,4.4
137.7,58,283.4,100.0,101,17,22.3,19,1264,2.0,13.040,23,5.7
140.4,58,290.8,100.0,101,18,55.1,19,1858,8.7,13.040,23,15.1
143.1,58,303.2,100.0,101,22,64.1,19,1399,8.7,12.960,23,13.7
145.8,59,312.4,100.0,101,25,59.6,19,1331,7.3,12.960,23,12.7
148.5,60,325.2,100.0,100,29,58.2,19,1338,7.5,13.040,23,11.9
151.2,60,339.3,100.0,99,31,31.0,19,1296,3.1,13.078,23,8.1
153.9,61,336.0,100.0,101,31,22.0,19,1151,0.5,13.033,23,4.6
156.6,61,336.9,100.0,99,31,38.2,19,1196,2.1,12.999,23,7.1
159.3,61,348.5,100.0,100,33,52.3,19,1305,5.8,13.115,23,10.5
162.0,61,359.9,100.0,99,34,45.6,19,1293,3.6,13.040,23,9.8
164.7,62,364.0,100.0,99,34,42.4,19,1165,2.7,13.040,23,7.5
167.4,62,371.7,100.0,99,35,33.9,19,1179,1.3,13.040,23,6.7
170.1,63,366.4,100.0,101,33,18.7,19,1198,0.3,13.040,23,4.3
172.8,63,358.0,100.0,101,29,18.0,19,1212,0.3,13.040,23,4.3
175.5,63,351.0,100.0,101,25,23.7,19,1212,0.0,12.992,23,5.5
178.2,63,342.1,100.0,101,21,27.8,19,1087,0.0,13.025,23,5.8
180.9,63,340.0,100.0,101,15,23.7,19,1257,0.4,13.103,23,5.5
183.6,63,338.3,100.0,101,10,21.3,19,1186,0.4,13.040,23,4.9
186.3,63,332.2,100.0,101,5,24.2,19,881,0.4,13.010,23,4.3
189.0,63,330.1,100.0,101,2,31.4,19,699,0.4,13.095,23,4.3
191.7,63,324.6,100.0,101,0,30.5,19,662,0.4,12.895,23,4.0
194.4,63,318.7,100.0,101,0,36.5,19,713,0.4,12.913,23,5.0
197.1,64,309.7,100.0,101,0,36.4,19,747,0.0,13.031,23,5.0
199.8,64,304.1,100.0,101,0,33.5,19,801,0.0,13.040,23,4.9
202.5,65,300.0,100.0,101,0,24.1,19,775,0.0,13.107,23,3.8
205.2,65,296.7,100.0,101,0,23.0,19,743,1.1,12.900,23,3.1
207.9,65,293.2,100.0,101,3,37.7,19,1371,4.9,12.960,23,8.5
210.6,65,298.9,100.0,99,9,53.1,19,1571,8.8,12.971,24,12.7
213.3,65,308.9,100.0,100,16,65.2,19,1471,10.5,13.022,24,15.2
216.0,66,320.6,100.0,100,22,70.2,19,1554,12.9,13.110,24,18.3
218.7,66,337.2,100.0,100,26,69.4,19,1502,12.4,13.040,24,17.3
221.4,67,350.2,100.0,100,29,60.5,19,1421,9.1,12.979,24,13.5
224.1,68,363.0,100.0,99,31,53.6,19,1327,6.6,13.040,24,10.4
226.8,68,374.6,100.0,99,32,44.8,19,1294,5.1,13.040,24,9.3
229.5,69,380.0,100.0,101,32,27.8,19,1125,1.5,13.040,24,5.1
232.2,69,383.1,100.0,99,32,38.3,19,1107,1.7,13.040,24,5.9
234.9,69,384.0,100.0,99,32,35.7,19,1126,0.1,13.040,24,5.9
237.6,70,387.0,100.0,101,32,19.2,19,1300,0.4,13.040,24,4.8
240.3,70,386.9,100.0,101,28,15.7,19,1201,0.1,13.040,24,4.1
243.0,70,384.0,100.0,101,23,16.8,19,1145,0.4,13.043,24,3.9
245.7,70,380.0,100.0,101,16,17.9,19,1106,0.4,13.065,24,3.9
248.4,70,377.5,100.0,101,11,21.4,19,994,0.0,12.960,24,3.9
251.1,71,372.0,100.0,101,6,29.5,19,970,0.2,12.922,24,5.2
253.8,71,368.0,100.0,101,4,36.7,19,926,0.3,12.880,24,7.1
256.5,71,370.9,100.0,101,8,50.1,19,2011,9.5,13.040,24,14.9
259.2,71,376.0,100.0,101,14,18.1,19,1510,3.1,13.040,24,5.0
261.9,71,373.6,100.0,101,11,18.1,19,1106,0.4,13.040,24,5.2
264.6,72,368.4,100.0,101,10,50.5,19,1217,5.0,13.040,24,5.6
267.3,72,372.0,100.0,101,13,30.4,19,1265,3.9,13.040,24,9.6
270.0,72,375.2,100.0,101,15,55.5,19,1398,8.2,13.019,24,12.8
272.7,72,380.8,100.0,101,17,31.7,19,1323,4.4,13.006,24,8.1
275.4,72,384.0,100.0,101,17,34.3,19,1492,0.8,13.040,24,5.7
278.1,73,380.0,100.0,101,16,18.8,19,1209,0.4,12.956,24,4.3
280.8,74,378.1,100.0,101,14,20.7,19,1153,0.4,13.040,24,4.0
283.5,74,379.4,100.0,100,14,48.5,19,1531,10.2,13.001,24,12.9
286.2,74,388.0,100.0,100,19,55.1,19,1474,7.8,12.979,24,10.8
288.9,75,388.0,100.0,100,21,22.2,19,1230,0.4,12.963,24,5.0
291.6,75,388.0,100.0,101,19,27.4,19,1284,0.3,12.969,24,6.1
294.3,75,388.0,100.0,101,19,23.3,19,1264,0.4,13.040,24,5.1
297.0,75,388.0,100.0,101,17,20.8,19,1345,0.4,13.040,24,7.8
299.7,75,391.4,100.0,99,19,43.4,19,1536,5.4,13.056,24,9.0
302.4,75,393.2,100.0,99,23,40.4,19,1203,3.7,13.063,24,7.8
305.1,75,396.0,100.0,101,26,28.1,19,1194,2.1,13.040,24,6.4
307.8,75,392.0,100.0,101,25,25.0,19,1172,0.7,13.040,24,5.3
310.5,75,392.0,100.0,101,26,33.7,19,1108,1.2,13.034,24,6.6
313.2,75,396.0,100.0,101,26,30.1,19,1084,1.2,12.960,24,6.0
315.9,75,396.0,100.0,101,26,28.0,19,1087,1.6,12.960,24,5.5
318.6,75,396.0,100.0,101,27,26.1,19,1095,1.6,12.960,24,5.2
321.3,75,396.0,100.0,101,27,29.0,19,1112,2.0,12.960,24,5.5
324.0,75,396.0,100.0,100,27,28.5,19,1119,1.2,12.975,24,4.7
326.7,75,396.0,100.0,100,28,30.6,19,1112,1.2,12.987,24,5.3
329.4,75,399.0,100.0,99,29,34.1,19,1125,0.8,12.629,24,5.9
332.1,75,404.0,100.0,99,29,38.3,19,1146,0.8,12.960,24,6.1
334.8,75,404.0,100.0,100,29,31.8,19,1104,0.8,12.949,24,5.6
337.5,75,408.0,100.0,100,30,30.0,19,1069,0.4,12.957,24,4.7
340.2,75,405.6,100.0,101,29,17.5,19,1165,0.4,12.962,24,4.2
342.9,75,399.4,100.0,101,29,19.3,19,1070,0.0,13.001,24,3.9
345.6,75,394.2,100.0,101,27,17.4,19,1285,0.4,13.040,24,4.7
348.3,75,385.8,100.0,101,24,26.8,19,1241,0.1,12.979,24,6.2
351.0,75,376.0,100.0,101,18,27.0,19,1279,0.4,13.040,24,6.3
353.7,75,376.0,100.0,101,11,20.2,19,1181,0.4,13.040,24,4.0
356.4,75,372.1,100.0,101,5,18.4,19,829,0.4,12.929,24,3.5
359.1,75,366.2,100.0,101,1,21.9,19,651,0.4,12.944,24,3.2
361.8,75,360.8,100.0,101,0,17.3,19,753,0.4,12.960,24,2.7
364.5,75,354.8,100.0,101,0,18.7,19,790,0.4,12.960,24,3.1
367.2,75,349.1,100.0,101,0,23.9,19,805,0.4,12.960,24,4.3
369.9,75,343.1,100.0,101,0,22.0,19,802,0.4,12.960,24,3.5
372.6,75,340.0,100.0,101,0,42.6,14,457,0.0,12.869,24,0.4
375.3,75,335.7,100.0,101,0,27.8,4,0,0.7,12.720,24,43.2
378.0,75,332.0,100.0,101,0,0.0,4,0,1.6,12.720,24,6.3
380.7,75,331.0,100.0,101,0,0.0,4,0,1.6,12.720,24,6.3
383.4,75,332.0,100.0,101,0,0.0,4,0,1.6,24,6.3
