BlueDriver Data Log
Sep 27, 2018 6:47:51 AM
Time (s),Engine Coolant Temperature (°C),Catalyst Temperature Bank 1 - Sensor 1 (°C),Absolute Throttle Position B (%),Evap. System Vapor Pressure (Pa),Fuel Level Input (%),Barometric Pressure (kPa),Vehicle Speed (km/h),Absolute Load Value (%),Ambient Air Temperature (°C),Long Term Fuel Trim Bank 1 (%),Commanded Throttle Actuator (%),Commanded Equivalence Ratio (λ),Timing Advance for #1 cylinder (°),Accelerator Pedal Position E (%),Short Term Fuel Trim Bank 1 (%),Calculated Engine Load Value (%),Accelerator Pedal Position D (%),Engine RPM (rpm),Mass Air Flow Rate (g/s),Relative Throttle Position (%),Control Module Voltage (V),Intake Air Temperature (°C),Commanded Evaporative Purge (%),Absolute Throttle Position (%)
0.0,,,,,,,,,,,,,,,,,,,,,,,,
3.0,59,400.0,,0.0,87.1,101,,,,,,,,,,54.4,,1356,8.34,,13.836,,,
6.0,60,395.5,,0.0,87.1,101,53,24.2,,-1.6,,0.585,-6.8,,0.0,31.8,,1191,5.67,,13.787,14,0.0,5.9
9.0,60,380.4,,0.0,87.1,101,48,22.4,,-1.6,,0.026,-6.6,,0.0,32.9,,1261,5.52,,13.760,14,0.0,5.2
12.0,60,382.6,,183.8,87.1,101,42,24.4,,-1.6,,0.733,14.0,,0.2,37.5,,1035,6.41,,13.752,14,0.0,6.4
15.0,60,422.6,,875.5,86.8,101,45,42.1,,-1.6,,0.999,25.4,,0.9,79.8,,282,19.32,,13.657,14,25.4,11.5
18.0,60,427.8,,1074.9,86.7,101,51,70.6,,-1.6,,1.002,6.5,,1.2,81.3,,16,21.73,,13.613,14,78.2,23.8
21.0,60,432.9,,430.6,86.8,101,53,75.6,,-1.6,,1.001,9.4,,1.5,84.6,,1970,23.71,,13.600,14,91.1,27.6
24.0,60,442.4,,0.7,87.1,100,67,66.1,,-1.6,,0.996,10.8,,1.8,85.1,,2042,25.02,,13.631,14,76.5,27.2
27.0,61,465.8,,3.8,87.1,100,68,71.9,,-1.6,,0.995,10.3,,2.1,82.8,,1879,21.08,,13.601,14,87.8,23.2
30.0,61,474.8,,3.8,87.1,100,71,72.9,,-1.6,,0.996,11.9,,1.8,83.5,,1928,22.49,,17.279,14,91.8,23.9
33.0,62,488.1,,0.8,87.1,100,75,73.6,,-1.6,,0.998,12.4,,1.2,83.5,,1946,22.91,,13.728,14,91.5,24.6
36.0,64,507.5,,6.5,87.1,100,78,72.2,,-1.6,,0.999,11.7,,3.8,82.8,,1942,22.01,,13.760,14,90.9,27.9
39.0,64,514.9,,7.5,87.1,100,79,51.8,,-1.6,,0.999,15.0,,2.1,77.0,,1810,17.45,,13.760,14,77.2,19.4
42.0,65,519.2,,3.4,87.1,100,79,33.6,,-1.6,,0.611,20.4,,0.7,63.0,,1500,5.48,,13.762,14,41.0,10.6
45.0,66,506.7,,0.0,87.1,100,75,33.2,,-1.6,,0.156,28.8,,4.7,23.5,,1381,5.71,,13.803,14,19.4,5.7
48.0,67,508.0,,0.0,87.1,100,70,55.6,,-1.6,,1.013,22.9,,0.3,26.0,,1316,8.36,,13.818,14,96.2,11.7
51.0,67,508.0,,0.8,87.1,100,68,54.4,,-1.6,,0.997,24.3,,-0.2,38.9,,1284,11.52,,13.761,14,85.6,9.9
54.0,67,507.3,,3.4,87.1,99,67,62.3,,-1.6,,0.998,20.8,,1.5,58.5,,1278,10.93,,13.840,14,90.2,11.7
57.0,67,513.7,,1.3,87.1,99,67,71.0,,-1.6,,1.011,10.5,,0.8,78.7,,1516,15.58,,10.608,14,93.4,18.5
60.0,67,524.2,,0.0,87.1,99,70,75.9,,-1.6,,1.002,10.7,,1.0,81.3,,1801,21.56,,0.779,14,85.7,32.3
63.0,68,541.9,,0.0,87.1,100,71,77.6,,-1.6,,1.002,11.0,,1.5,87.0,,2214,26.80,,5.177,14,89.3,33.7
66.0,68,549.6,34.5,0.0,87.1,100,76,76.8,14,-1.6,34.3,1.002,11.3,25.2,1.6,87.5,25.6,2251,27.68,30.1,13.760,14,86.7,34.2
69.0,69,566.4,35.2,0.0,87.1,100,77,76.8,14,-1.6,35.2,1.002,11.5,25.5,1.6,87.4,25.9,2256,27.45,31.0,13.760,14,63.3,34.4
72.0,69,573.7,34.0,0.0,87.1,100,80,74.8,14,-1.6,34.0,1.003,11.0,25.1,0.3,87.5,25.5,2290,27.22,30.3,13.760,14,0.0,33.5
75.0,70,579.7,34.4,0.0,87.1,100,83,75.6,14,-1.6,34.4,1.002,11.5,25.1,-1.6,87.2,25.5,2302,27.73,30.5,13.792,14,0.0,34.5
78.0,71,587.4,35.9,0.5,87.1,101,86,75.9,12,-1.6,35.8,0.998,11.2,25.3,-1.3,87.6,25.7,2339,28.54,31.3,13.816,14,0.0,35.3
81.0,72,595.6,31.8,1.8,87.1,101,89,74.6,12,-1.6,33.2,0.995,12.3,24.5,-2.4,87.6,25.1,2380,29.47,31.2,13.761,13,49.5,29.8
84.0,72,597.6,22.3,4.7,87.1,100,90,66.0,12,-1.6,22.5,0.994,14.9,19.3,-62.1,61.0,19.3,2147,23.23,9.2,13.771,12,91.8,20.8
87.0,73,597.2,8.7,9.3,87.1,98,89,35.0,12,-1.6,15.4,1.006,39.4,11.9,-64.5,60.6,12.7,1695,9.17,6.0,13.803,14,93.4,6.3
90.0,74,594.9,5.5,32.8,87.1,98,89,36.3,12,-1.6,6.1,1.006,41.0,1.3,-31.0,42.9,3.0,1669,8.65,2.8,13.793,14,96.7,6.3
93.0,75,587.4,5.1,62.6,87.1,98,84,50.8,12,-1.6,5.7,1.009,30.4,3.3,-2.5,23.9,4.4,1605,7.34,1.6,13.760,14,96.0,10.4
96.0,75,583.5,6.3,0.0,87.1,99,83,30.9,12,-3.7,7.2,0.995,29.3,8.2,-1.0,26.4,9.0,1536,4.26,3.6,13.818,14,48.4,9.8
99.0,75,577.9,8.1,60.9,87.1,99,80,28.1,12,-4.1,7.9,0.984,37.3,8.4,-3.1,48.0,9.0,1484,9.08,4.5,13.840,14,18.9,6.6
102.0,75,576.0,13.1,38.4,87.1,99,78,45.3,12,-1.6,14.0,0.997,20.5,13.5,-2.1,66.1,12.7,1474,13.28,8.5,13.815,14,59.7,10.2
105.0,75,576.0,14.2,0.0,87.1,99,76,53.3,12,-1.6,15.4,0.994,19.0,14.5,-1.6,78.5,14.8,1517,15.50,11.4,13.760,14,95.9,11.7
108.0,75,576.5,18.2,1.5,87.1,100,76,65.7,12,-1.6,18.8,0.993,16.1,16.6,-0.9,80.8,16.8,1602,17.66,14.5,13.760,14,94.3,17.6
111.0,75,579.1,21.6,17.4,86.8,99,77,51.7,12,-1.6,22.3,0.994,15.1,19.0,1.6,79.2,19.5,1660,16.53,18.8,13.760,14,53.9,20.2
114.0,75,580.0,13.7,6.3,86.9,99,77,44.6,12,-1.6,15.4,0.997,19.5,16.2,1.0,82.9,17.4,1632,17.46,15.5,13.760,14,20.6,14.0
117.0,75,581.9,21.6,0.0,87.1,100,76,70.0,12,-1.6,21.5,0.993,12.4,18.3,1.3,82.9,18.8,1759,19.78,17.2,13.726,14,91.4,24.6
120.0,75,585.0,18.4,0.0,87.1,100,80,55.6,12,-1.6,20.7,0.999,12.5,17.8,1.1,78.2,18.2,1865,20.71,16.7,13.600,14,64.2,18.1
123.0,75,587.9,11.0,0.0,87.1,99,79,53.2,12,-1.6,14.0,1.000,19.2,12.6,-0.1,69.4,13.9,1500,11.74,12.3,13.721,14,72.4,12.2
126.0,75,584.8,6.1,0.0,87.1,99,78,55.3,12,-1.6,5.3,0.999,26.8,1.3,-0.8,43.6,3.6,1481,12.87,1.7,13.760,14,84.6,10.1
129.0,75,584.0,13.8,1.4,87.1,99,78,57.7,12,-1.6,13.9,1.001,16.0,13.4,1.3,60.4,13.4,1502,10.56,7.4,13.760,14,95.4,13.7
132.0,75,582.5,12.9,4.4,87.1,99,78,51.6,12,-1.6,12.9,1.011,19.7,12.1,1.6,64.3,12.2,1512,7.93,8.1,13.774,14,95.5,12.5
135.0,76,579.3,10.9,7.2,87.1,99,80,38.3,12,-1.6,11.0,1.008,26.8,10.6,-0.1,55.1,10.7,1491,9.00,6.3,13.841,14,96.5,10.4
138.0,76,575.7,8.1,3.5,87.1,98,81,37.6,12,-1.6,8.3,1.002,32.7,8.6,-2.2,45.5,8.8,1525,9.25,4.4,13.788,14,96.7,8.9
141.0,76,571.0,4.9,1.4,87.1,99,83,33.2,12,-2.5,4.9,0.994,35.5,3.3,2.3,29.3,3.7,1554,7.56,1.6,13.798,14,88.7,8.5
144.0,76,565.1,4.7,0.0,87.1,100,86,23.5,12,-5.5,5.0,0.979,39.8,1.2,5.3,21.4,1.5,1590,5.77,0.6,13.851,14,53.6,5.9
147.0,76,556.5,5.3,0.0,87.1,101,88,19.8,12,-5.5,5.4,0.341,14.5,0.0,6.1,21.4,0.0,1634,5.37,0.1,13.760,14,17.2,5.9
150.0,76,535.8,6.0,0.0,87.1,100,89,20.6,12,-5.5,6.0,0.438,9.1,1.1,-0.0,22.0,0.9,1724,6.36,0.5,13.814,14,20.3,6.2
153.0,76,533.2,6.4,44.9,87.1,100,91,23.8,12,-4.4,6.3,1.013,39.8,6.4,-0.8,28.1,6.4,1741,6.66,1.7,13.805,14,56.8,7.3
156.0,76,530.2,12.7,37.5,87.1,99,94,29.6,12,-1.6,10.6,1.013,27.8,10.7,-1.3,43.5,10.6,1801,9.62,6.2,13.760,14,96.5,11.0
159.0,76,528.8,13.1,0.0,87.1,99,98,50.9,12,-2.3,13.4,0.998,25.8,13.8,-0.8,65.8,14.0,1906,15.63,10.7,13.760,14,94.3,12.8
162.0,76,531.8,17.7,0.0,87.1,100,100,65.5,12,-1.9,17.6,0.991,19.8,16.4,0.7,87.8,16.9,2098,26.34,15.1,13.760,14,91.5,19.9
165.0,76,543.0,29.0,1.2,87.1,100,103,75.1,12,-1.6,29.0,0.990,12.0,23.1,0.0,88.1,23.1,2326,27.71,24.3,13.794,13,88.3,28.8
168.0,76,551.6,27.6,2.5,87.1,100,106,73.0,12,-1.6,27.4,0.996,12.4,22.1,0.0,87.0,22.1,2412,28.40,22.7,13.825,12,88.5,27.4
171.0,76,557.3,26.9,4.9,87.1,100,108,74.3,12,-1.6,25.8,0.998,12.5,20.9,0.7,83.4,21.1,2300,27.15,21.2,13.760,12,88.6,27.0
174.0,76,562.7,24.2,12.9,87.1,100,107,69.1,12,-1.6,23.2,1.000,14.6,19.3,2.4,64.2,19.7,2031,22.02,19.5,13.804,12,90.2,24.2
177.0,9,565.5,15.5,8.4,87.1,100,106,62.3,12,-1.6,15.6,1.001,19.9,15.1,3.9,64.0,15.1,2021,20.94,11.7,13.826,12,92.7,18.4
180.0,77,568.0,17.2,0.0,87.1,99,104,55.5,12,-2.1,17.1,1.002,23.1,15.7,2.8,66.4,15.6,1987,17.32,12.5,13.760,12,87.4,15.4
183.0,77,567.2,20.2,0.0,87.1,100,104,61.0,12,-2.0,20.8,1.004,23.8,17.6,-1.6,78.4,17.6,1984,19.78,15.7,13.760,12,87.1,15.0
186.0,78,570.2,22.1,0.0,87.1,100,104,67.6,12,-1.6,22.1,1.008,16.0,18.1,-1.6,78.2,17.9,1999,21.23,16.8,13.760,12,92.2,21.2
189.0,78,573.2,20.7,0.0,87.1,100,102,68.2,12,-1.6,20.6,0.999,16.0,17.0,0.0,74.9,16.8,1993,20.86,15.2,13.760,12,92.0,21.2
192.0,78,576.0,18.1,0.0,87.1,99,102,57.0,12,-2.1,18.3,1.001,19.1,15.7,2.5,69.1,15.5,1937,17.39,12.5,13.760,12,93.9,17.9
195.0,78,575.3,15.6,0.0,87.1,99,102,55.3,12,-2.3,15.8,1.001,21.3,14.9,3.1,65.9,14.9,1923,17.68,11.4,13.760,12,94.6,16.1
198.0,79,576.0,17.4,0.0,87.1,99,102,59.7,12,-2.3,18.1,1.000,19.0,16.2,3.6,69.7,16.1,1925,18.49,13.4,13.760,12,94.0,18.0
201.0,79,576.0,19.5,0.2,87.1,99,102,63.5,12,-2.3,20.1,0.997,17.6,17.1,2.9,73.9,17.3,1950,19.83,15.8,13.754,12,93.1,19.5
204.0,80,576.3,20.6,0.8,87.1,100,102,66.4,12,-1.8,21.0,0.998,16.7,17.8,1.6,76.9,17.8,2011,21.51,17.1,13.680,12,92.6,20.5
207.0,80,579.6,20.5,1.8,87.1,100,102,67.5,12,-1.6,20.1,1.001,16.5,17.3,1.6,74.5,17.3,1973,20.60,15.7,13.733,12,51.7,21.1
210.0,81,580.0,20.8,0.6,87.1,100,102,67.5,12,-1.6,20.8,1.005,16.4,17.3,0.4,74.5,17.3,1975,20.60,16.6,13.798,12,0.0,20.9
213.0,81,582.0,21.3,0.0,87.1,101,102,63.7,12,-1.6,20.8,1.003,16.0,17.3,0.5,75.9,17.5,1960,19.28,16.8,13.775,12,0.0,21.2
216.0,81,584.0,20.5,20.9,87.1,101,102,39.2,12,-2.3,20.4,1.011,17.4,17.3,0.8,76.8,17.5,1939,16.95,16.7,13.603,12,0.0,19.2
219.0,81,584.0,20.7,85.6,87.1,100,101,60.3,12,-1.9,20.6,1.004,16.2,17.5,0.8,76.8,17.6,1950,20.75,16.7,13.681,12,54.1,20.1
222.0,81,583.4,21.9,0.0,86.8,100,100,69.9,12,-1.6,22.0,1.000,14.4,18.0,0.8,78.8,18.4,1988,21.46,17.3,13.774,12,91.5,22.0
225.0,82,586.4,21.2,3.4,86.9,100,101,67.7,12,-1.7,21.6,1.002,16.4,17.6,1.4,77.7,18.0,2000,21.75,17.0,13.809,12,90.5,21.4
228.0,82,588.0,16.6,3.9,87.1,100,102,63.2,12,-2.3,17.2,0.999,24.9,15.7,1.6,74.4,16.6,1981,20.88,14.4,13.760,12,83.0,13.3
231.0,82,588.0,16.3,0.0,87.1,99,102,55.6,12,-2.3,16.4,0.997,22.8,15.2,1.6,72.9,16.1,1942,18.25,13.2,13.760,12,90.4,14.7
234.0,83,587.6,19.0,0.0,87.1,100,102,63.4,12,-2.0,19.4,0.997,19.1,16.9,1.6,78.0,17.2,1998,22.79,15.2,13.760,12,92.8,18.3
237.0,83,588.0,23.9,0.0,87.1,100,102,71.8,12,-1.6,23.9,0.997,14.0,20.8,1.0,82.0,21.2,2077,24.18,22.0,13.760,12,90.8,24.0
240.0,83,589.5,25.6,3.4,87.1,100,102,72.5,12,-1.6,25.4,0.994,13.2,21.0,1.9,82.9,21.2,2157,25.00,21.8,13.772,12,89.7,26.6
243.0,84,592.7,22.3,8.2,87.1,100,104,61.9,12,-1.6,23.2,1.000,16.2,19.6,2.5,80.0,19.9,2182,23.03,19.7,13.841,12,92.2,21.9
246.0,84,595.9,17.8,0.0,87.1,100,104,66.1,12,-1.6,18.7,1.002,19.2,16.7,1.0,74.4,17.1,1986,20.17,15.1,13.783,12,92.6,18.0
249.0,84,596.0,16.1,0.0,87.1,100,104,69.8,12,-1.6,16.5,1.001,20.2,15.3,4.7,68.6,15.7,1980,20.96,12.6,13.760,12,91.7,16.9
252.0,84,596.0,20.4,1.5,87.1,100,104,69.8,12,-1.6,20.1,1.002,13.9,17.1,2.9,72.8,17.2,1994,21.83,15.6,13.760,12,91.2,22.6
255.0,85,596.0,21.9,4.4,87.1,100,104,69.2,12,-1.6,22.0,1.000,14.8,18.3,1.0,78.3,18.3,2035,22.33,18.1,13.760,12,91.4,22.3
258.0,85,595.9,22.5,7.0,86.8,100,104,72.4,12,-1.6,22.5,1.000,13.8,18.7,1.6,78.1,18.6,1999,22.25,17.9,13.760,12,90.6,24.0
261.0,86,599.1,27.2,1.7,86.7,100,104,74.5,12,-1.6,27.4,1.003,10.9,22.0,2.3,84.7,22.4,2199,25.45,23.1,13.760,12,89.3,27.2
264.0,86,600.0,23.1,0.0,86.7,100,104,74.1,12,-1.6,21.6,1.005,13.0,18.9,1.3,80.6,19.1,2178,26.18,18.6,13.732,12,88.3,27.5
267.0,86,601.4,25.8,0.0,86.8,100,104,72.9,12,-1.6,24.6,0.995,13.4,19.9,1.4,80.6,20.0,2158,25.48,19.7,13.687,12,89.2,26.2
270.0,87,604.3,27.1,0.0,87.1,100,106,74.0,12,-1.6,26.8,0.999,13.3,21.7,2.1,83.9,22.0,2350,27.68,22.6,13.760,12,88.7,26.7
273.0,87,607.2,26.5,0.0,87.1,100,107,71.6,12,-1.6,26.8,1.002,14.1,21.9,0.8,83.9,22.0,2270,26.48,22.4,13.760,12,89.8,25.2
276.0,87,608.0,20.1,0.0,87.0,100,108,68.3,12,-1.6,20.5,1.002,18.5,17.6,0.3,81.7,19.3,2179,25.63,18.8,13.782,12,92.7,19.2
279.0,87,608.9,24.3,0.3,86.7,100,108,72.8,12,-1.6,24.0,0.989,13.9,19.6,0.0,81.8,19.8,2144,25.57,19.3,13.839,12,89.1,25.4
282.0,87,612.0,27.9,1.8,86.7,100,109,74.3,12,-1.6,28.2,0.993,12.1,22.4,0.1,86.3,22.7,2410,28.60,23.5,13.760,12,88.8,28.2
285.0,87,614.8,28.2,0.6,86.7,100,110,75.1,12,-1.8,28.2,0.998,13.1,22.4,1.6,85.1,22.7,2436,28.68,23.5,13.760,12,88.1,28.5
288.0,87,616.0,29.7,3.2,86.7,100,110,74.5,12,-2.3,29.6,1.001,13.5,22.9,1.6,84.7,23.2,2479,29.06,24.5,13.765,12,87.8,30.2
291.0,87,616.0,30.0,6.6,86.7,100,110,75.2,12,-2.3,30.0,1.004,13.2,23.1,1.6,84.4,23.5,2520,29.75,25.0,13.782,12,87.8,29.7
294.0,87,615.7,29.8,0.0,86.7,100,110,74.8,11,-2.3,29.8,1.002,13.0,23.1,1.6,84.7,23.5,2485,29.36,24.7,13.766,12,87.8,29.5
297.0,87,618.8,29.8,2.8,86.9,100,110,74.5,11,-2.3,29.8,0.999,12.9,23.1,1.0,85.0,23.5,2511,29.61,25.1,13.760,12,87.7,29.9
300.0,87,621.8,30.6,2.4,87.1,100,110,74.6,11,-2.3,30.6,1.000,12.5,23.9,1.6,85.3,24.3,2545,30.27,26.6,13.743,11,87.5,30.6
303.0,87,624.0,32.0,1.2,87.1,100,110,75.2,11,-2.3,32.1,0.999,12.8,24.7,1.8,85.5,24.9,2582,31.01,27.8,13.681,11,86.4,32.4
306.0,87,624.0,30.3,7.0,87.1,100,110,71.2,11,-1.9,31.0,1.002,13.6,23.9,0.9,85.5,24.1,2624,28.88,26.9,13.760,11,88.4,29.5
309.0,87,623.3,24.0,2.0,87.1,100,110,71.9,11,-1.8,23.9,1.004,14.3,19.6,1.6,85.1,20.0,2370,27.93,20.0,13.803,11,89.6,25.9
312.0,87,624.0,35.7,0.0,87.1,100,110,76.0,11,-2.3,32.2,1.002,12.5,24.3,1.6,85.6,24.2,2414,28.86,26.6,13.817,12,87.5,35.3
315.0,87,625.0,35.9,0.2,87.1,100,110,75.2,11,-2.3,35.5,1.000,13.2,26.1,1.3,85.9,26.3,2641,31.76,30.4,13.760,12,86.5,35.6
318.0,87,628.0,32.7,0.8,87.1,100,111,76.4,11,-2.3,33.7,1.001,14.6,25.5,1.0,86.0,25.9,2661,32.71,29.9,13.760,12,83.5,30.9
321.0,87,628.0,26.3,0.2,87.1,100,112,76.6,11,-2.3,27.2,1.001,15.3,24.1,2.3,87.1,24.3,2475,30.66,26.3,13.760,12,82.9,27.0
324.0,87,628.0,23.5,0.0,87.1,100,111,70.6,11,-2.3,11.1,0.998,12.5,1.7,3.3,44.0,6.9,2216,19.35,9.2,13.786,12,79.3,32.2
327.0,87,626.8,24.5,0.0,87.1,100,106,45.5,11,-2.3,19.3,0.979,14.0,11.8,1.6,42.7,10.4,2041,8.19,11.5,13.833,12,0.0,24.5
330.0,87,624.0,26.4,0.0,87.1,100,104,66.2,11,-1.8,26.8,0.991,13.4,21.4,-1.1,84.3,21.5,2132,25.73,23.1,13.760,12,0.0,25.7
333.0,87,623.8,23.8,0.0,87.1,100,104,52.5,11,-1.9,25.3,1.001,19.0,20.1,0.8,84.3,21.0,2036,11.39,22.2,13.760,12,0.0,22.8
336.0,87,619.2,5.2,0.0,87.1,100,102,26.6,11,-2.8,5.2,0.995,36.0,0.1,0.3,38.8,0.1,1937,5.27,0.5,13.760,12,0.5,9.8
339.0,87,611.8,8.6,26.1,87.1,100,98,13.3,11,-5.5,5.3,0.884,38.7,0.0,2.8,23.4,3.1,1822,4.74,1.0,13.772,12,3.9,8.8
342.0,87,602.7,8.7,73.9,87.1,100,92,23.6,11,-2.7,6.4,0.966,34.9,4.0,3.9,42.2,8.1,1744,5.64,3.4,13.840,12,35.3,9.6
345.0,87,595.8,11.9,0.0,87.1,99,88,55.6,11,-1.6,10.9,0.999,23.3,12.3,-2.9,70.4,13.3,1662,18.47,8.6,13.782,12,68.6,18.3
348.0,87,598.7,29.8,11.7,87.1,99,85,72.3,11,-1.6,25.5,0.990,10.2,19.6,0.8,84.3,19.6,1863,19.12,19.2,13.760,12,90.9,28.1
351.0,87,600.0,17.9,14.5,87.0,99,83,60.8,11,-1.6,17.5,1.002,26.5,15.7,0.8,75.4,15.9,1808,17.68,13.5,13.760,12,92.9,11.4
354.0,87,600.0,14.7,7.2,86.7,99,80,57.3,11,-1.6,16.9,1.000,22.0,15.4,0.8,70.8,15.6,1579,14.37,12.4,13.760,12,94.7,13.4
357.0,87,599.8,12.1,0.0,86.7,99,80,57.8,11,-1.6,16.5,1.002,28.6,15.4,0.4,73.4,15.8,1750,17.53,13.4,13.760,12,94.9,10.6
360.0,87,595.5,8.0,0.0,86.7,99,81,60.5,11,-1.6,9.6,1.001,34.3,10.6,-2.3,49.0,10.6,1593,15.59,5.5,13.760,12,94.5,9.4
363.0,87,596.0,18.4,0.0,86.7,99,83,61.4,11,-1.6,20.4,0.996,15.0,16.5,0.9,67.2,16.3,1688,16.98,14.0,13.760,12,93.9,18.7
366.0,87,593.1,11.4,12.6,86.7,99,89,52.9,11,-1.6,12.8,1.003,30.6,12.5,-0.3,59.2,12.8,1826,17.64,9.6,13.760,12,95.2,8.6
369.0,87,588.0,6.6,33.3,86.7,98,96,44.7,11,-1.6,6.8,0.999,31.4,5.6,-2.4,32.8,5.8,1778,10.92,2.3,13.760,12,95.3,11.0
372.0,87,587.8,5.1,0.0,86.4,99,96,29.3,11,-3.5,5.1,0.586,15.7,0.0,0.0,15.7,0.0,1824,5.76,0.4,13.760,12,53.3,10.2
375.0,87,577.5,5.1,0.0,86.5,100,95,15.2,11,-5.5,5.1,0.182,-7.3,0.0,0.0,16.0,0.1,1772,4.98,0.5,13.760,12,0.0,5.1
378.0,87,565.5,5.9,41.3,86.7,100,92,14.6,11,-5.5,6.4,1.119,32.4,5.0,3.6,24.1,4.8,1733,5.65,2.1,13.760,12,0.0,5.5
381.0,87,556.0,10.6,97.6,86.7,98,90,38.4,11,-2.6,10.7,1.047,26.2,10.8,4.6,41.6,10.7,1740,9.16,6.3,13.760,12,67.5,10.9
384.0,87,556.0,16.8,0.0,86.7,99,89,52.9,11,-1.6,16.8,1.008,19.6,15.4,-1.6,69.4,15.7,1875,17.65,12.4,13.760,12,93.9,16.5
387.0,87,558.8,21.2,0.0,86.9,99,87,66.6,11,-1.6,21.2,1.000,15.4,17.6,-1.6,80.4,18.4,1963,20.54,16.9,13.684,12,92.1,20.5
390.0,87,563.7,21.2,1.5,87.1,99,86,69.6,11,-1.6,21.2,0.993,15.0,17.9,-0.7,79.1,18.1,2012,22.33,16.9,13.642,12,91.8,20.8
393.0,87,569.1,23.9,2.7,87.1,99,84,68.2,11,-1.6,24.1,1.000,14.3,19.6,0.3,80.8,19.5,2025,22.28,19.5,13.760,12,91.2,21.9
396.0,87,573.0,26.0,0.3,87.1,99,83,71.8,11,-1.6,26.6,1.007,12.7,21.0,0.9,84.3,21.0,2075,25.08,22.0,13.760,12,90.5,24.5
399.0,87,583.7,25.9,10.5,87.1,99,83,71.3,11,-1.6,26.1,1.008,11.5,20.4,1.6,74.1,20.4,1980,22.30,19.6,13.760,12,90.5,25.8
402.0,87,586.3,22.7,4.7,87.1,99,85,69.0,11,-1.6,22.7,0.999,13.5,19.2,-0.1,79.3,19.8,2016,22.59,19.6,13.760,12,91.6,22.7
405.0,87,589.3,23.7,4.2,87.1,99,88,72.2,11,-1.6,21.6,0.996,13.9,18.1,0.3,77.4,18.1,2051,23.51,17.4,13.768,12,90.1,23.9
408.0,87,592.2,22.9,13.9,87.1,99,91,67.3,11,-1.6,20.6,0.996,15.2,17.2,1.5,71.3,16.9,1987,20.65,15.2,13.822,12,91.4,22.2
411.0,87,595.6,19.6,10.5,87.1,99,92,51.9,11,-1.6,19.6,1.001,19.0,16.8,0.8,72.9,16.9,1978,19.09,14.9,13.785,12,89.5,18.2
414.0,87,592.0,11.5,5.6,87.0,99,92,31.4,11,-2.0,11.5,1.012,30.5,11.4,0.3,54.0,10.3,1859,13.11,7.4,13.760,12,77.6,9.8
417.0,87,586.2,9.0,20.3,86.7,99,90,14.9,11,-5.5,9.3,0.979,36.2,10.0,-0.7,38.7,7.9,1698,4.54,3.2,13.760,12,2.0,7.7
420.0,87,579.9,8.1,102.8,87.1,98,87,22.6,11,-3.3,8.1,0.996,38.3,8.9,-2.7,38.7,9.5,1625,7.02,3.9,13.760,12,52.4,7.5
423.0,87,571.7,10.5,22.9,87.1,98,85,32.4,11,-1.6,11.1,1.007,33.8,11.4,-6.2,52.5,11.4,1606,9.88,6.3,13.772,12,95.7,9.5
426.0,87,572.0,12.9,0.0,87.1,98,84,43.4,11,-1.6,13.3,0.991,21.5,12.9,-2.5,59.9,12.5,1600,12.49,7.4,13.746,12,95.7,12.9
429.0,87,572.0,13.7,0.0,87.1,98,84,56.5,11,-1.6,13.8,1.002,21.1,13.1,-0.1,64.1,13.1,1615,14.27,8.6,13.701,12,95.2,13.9
432.0,87,572.0,14.8,0.0,87.1,98,86,57.2,11,-1.6,14.6,0.999,20.5,13.7,0.6,64.8,13.7,1654,15.51,9.9,13.841,12,95.1,15.0
435.0,87,571.8,16.4,0.0,87.1,99,87,60.7,11,-1.6,15.7,0.997,19.1,14.6,0.0,66.7,14.6,1711,15.58,11.0,13.853,12,94.3,16.7
438.0,87,574.5,20.0,7.7,87.1,99,89,62.6,11,-1.6,19.6,0.997,16.0,16.9,0.6,71.4,16.9,1719,15.64,14.2,13.823,12,93.4,19.6
441.0,87,576.0,17.0,17.5,87.0,99,92,56.8,11,-1.6,17.1,0.997,19.7,15.7,0.8,69.0,15.7,1729,13.53,13.1,13.760,12,94.1,16.3
444.0,87,573.6,11.9,21.7,86.7,98,92,29.0,11,-1.6,12.3,1.005,30.9,12.2,0.1,56.3,12.6,1738,7.75,8.6,13.760,12,95.8,10.7
447.0,87,563.9,8.8,2.5,86.7,97,93,29.0,11,-1.6,8.7,1.004,38.5,9.0,-1.6,34.9,9.1,1750,8.04,3.6,13.760,12,86.4,7.7
450.0,87,561.3,11.8,0.9,86.7,98,94,25.0,11,-2.6,12.5,0.838,35.3,12.9,-3.1,48.8,12.9,1765,11.15,9.0,13.760,12,58.8,7.9
453.0,87,556.5,6.7,0.0,86.7,100,94,17.4,11,-5.4,9.1,0.000,-10.5,12.2,-0.3,61.0,13.6,1753,12.57,9.2,13.760,12,0.1,5.1
456.0,87,551.3,5.3,0.0,86.7,100,90,26.7,11,-1.6,6.7,0.699,17.7,8.7,2.7,57.6,10.5,1704,8.89,6.5,13.760,12,5.5,5.1
459.0,87,547.9,7.8,0.0,87.0,99,87,38.7,11,-1.6,7.5,1.009,32.4,5.1,3.9,21.2,4.8,1612,11.68,1.4,13.658,12,46.2,8.6
462.0,87,548.0,17.3,0.0,87.1,98,83,56.4,11,-1.6,19.2,1.009,18.1,17.3,-0.8,65.9,18.0,1723,16.64,16.5,13.662,12,94.5,16.1
465.0,87,551.4,24.1,0.0,87.1,99,82,74.4,11,-1.6,24.2,0.996,9.0,19.5,-0.4,84.9,19.7,1906,22.50,19.7,13.760,12,91.0,26.3
468.0,87,558.5,26.7,0.0,87.1,100,84,73.6,11,-1.6,26.7,0.995,9.6,21.0,0.2,85.7,21.0,2096,25.07,22.3,13.760,12,22.1,26.3
471.0,87,568.1,26.8,0.0,87.1,100,87,73.7,11,-1.6,26.7,0.996,10.4,21.2,0.8,84.4,21.2,2150,25.38,22.6,13.760,12,0.0,26.3
474.0,87,575.7,24.8,0.0,86.8,100,89,60.4,11,-1.6,25.6,0.995,9.6,20.8,0.8,77.3,21.1,1838,17.99,22.4,13.808,12,0.0,20.9
477.0,87,573.7,7.8,36.7,86.7,99,90,43.2,11,-1.6,11.0,0.993,5.7,12.2,-0.9,64.0,12.2,1718,13.72,11.3,13.840,12,13.9,5.6
480.0,87,570.5,11.9,44.3,86.7,98,90,40.8,11,-1.6,13.0,1.004,23.5,12.9,-0.8,48.8,12.8,1716,10.63,8.9,13.830,12,95.6,12.9
483.0,87,565.9,9.5,0.0,86.7,100,92,19.4,11,-4.5,10.2,0.315,3.0,7.9,0.0,33.2,8.3,1717,4.40,6.5,13.760,12,26.6,8.1
486.0,87,556.0,5.1,0.0,86.7,100,89,14.6,11,-5.5,5.1,0.426,-7.2,0.0,0.0,16.9,0.0,1662,4.36,0.4,13.762,12,0.0,5.1
489.0,87,546.7,5.3,0.0,86.9,100,87,14.9,11,-5.5,5.2,0.884,6.0,0.0,0.0,17.4,0.0,1627,4.28,0.4,13.805,12,0.0,5.5
492.0,87,537.0,7.8,0.0,87.1,100,86,25.8,11,-4.8,7.8,0.895,39.5,6.5,1.6,33.9,6.6,1645,9.47,3.0,13.812,12,3.7,7.1
495.0,87,533.7,17.2,0.0,87.0,100,86,62.4,11,-1.6,16.6,1.000,19.4,14.4,0.7,61.4,14.2,1759,17.58,11.6,13.760,12,25.5,18.3
498.0,87,539.0,23.2,0.0,86.7,99,86,71.4,11,-1.6,22.9,0.994,11.9,18.9,0.0,82.1,19.0,1943,22.05,18.5,13.760,12,75.1,23.2
501.0,87,548.5,24.8,0.1,86.7,99,85,71.9,11,-1.6,24.7,0.994,11.1,20.0,1.6,83.1,20.3,2050,24.29,20.4,13.760,12,91.0,24.9
504.0,87,559.8,23.6,6.0,86.7,99,84,71.4,11,-1.6,24.4,0.998,12.6,19.9,1.6,82.7,20.0,2050,23.48,20.4,13.760,12,91.2,24.9
507.0,87,562.4,18.8,2.6,86.7,99,85,70.6,11,-1.6,20.0,1.000,13.0,17.6,0.5,79.8,17.6,1976,22.47,16.2,13.760,12,91.4,24.2
510.0,87,566.6,21.8,2.6,86.7,99,86,70.6,11,-1.6,22.0,0.995,12.5,18.5,0.4,79.8,18.4,1929,21.72,17.1,13.769,12,91.3,23.5
513.0,87,572.3,23.1,8.5,86.7,99,89,70.0,11,-1.6,23.2,0.997,13.6,19.0,0.8,81.3,19.0,1975,21.77,18.9,13.840,12,91.9,23.0
516.0,87,575.7,22.3,0.8,86.7,99,92,69.4,11,-1.6,22.4,0.998,15.3,18.4,0.8,79.6,18.4,1986,21.79,18.0,13.795,12,71.2,22.0
519.0,87,578.2,21.2,2.2,86.7,99,95,69.0,11,-1.6,21.2,0.999,16.5,18.0,1.3,79.6,18.1,2023,22.16,17.5,13.760,12,31.1,20.4
522.0,87,580.0,20.5,9.9,86.7,99,98,69.0,11,-1.6,20.1,0.996,16.5,17.4,1.0,78.0,17.5,2027,22.23,16.6,13.754,12,25.9,20.4
525.0,87,580.0,14.0,23.6,86.7,99,101,58.8,11,-2.1,14.0,0.996,17.8,11.0,0.0,63.9,11.9,1909,19.76,11.5,13.680,12,19.6,18.8
528.0,87,580.0,6.0,0.0,86.7,100,100,32.2,11,-3.9,5.4,0.562,9.0,0.2,0.0,15.7,0.9,1862,9.12,0.8,13.791,12,8.7,12.8
531.0,87,566.1,5.1,0.0,86.7,100,96,24.2,11,-4.5,5.1,0.186,-7.9,1.2,0.0,16.2,1.2,1782,8.02,0.4,13.804,12,4.0,4.9
534.0,87,556.6,4.5,0.0,86.8,100,92,44.6,11,-1.6,5.1,1.013,39.5,0.4,3.8,16.5,0.4,1709,6.32,0.6,13.760,12,17.3,6.3
537.0,87,551.3,9.8,0.0,87.1,100,88,25.9,11,-1.6,9.6,0.989,29.2,5.9,3.6,30.3,5.6,1667,4.93,4.5,13.760,12,9.5,9.4
540.0,87,548.0,17.1,0.0,87.1,100,88,48.5,11,-1.6,16.7,0.992,19.3,14.8,-3.5,67.6,15.1,1700,12.71,11.8,13.820,12,49.1,15.6
543.0,87,550.8,22.7,0.0,86.9,100,88,67.2,11,-1.6,22.7,1.006,13.9,18.4,2.3,79.6,18.8,1676,13.71,18.0,13.799,12,92.7,21.9
546.0,87,552.0,9.7,19.7,86.7,99,88,72.1,11,-1.6,10.9,1.000,21.0,11.3,-0.2,78.4,13.5,1677,16.29,11.5,13.760,12,92.1,19.2
549.0,87,552.8,16.7,39.4,86.7,99,90,77.5,11,-1.6,13.4,0.992,14.0,11.4,-1.4,77.0,12.3,1705,19.88,9.1,13.760,12,90.0,25.8
552.0,87,555.9,28.4,0.0,86.7,99,90,54.0,11,-1.6,23.9,1.001,10.0,17.2,0.8,76.1,16.0,1737,18.97,13.0,13.646,12,60.0,27.4
555.0,87,558.8,30.0,1.2,86.7,99,90,45.8,11,-1.6,30.2,1.010,12.5,22.7,1.6,85.8,23.1,1899,21.94,25.9,13.675,12,23.9,22.3
558.0,87,561.8,15.7,15.1,86.7,99,90,63.7,11,-1.6,18.8,1.001,17.5,18.7,-0.5,84.0,19.5,1881,22.47,19.4,13.760,12,13.3,16.5
561.0,87,564.8,18.1,28.6,86.7,99,88,65.9,11,-1.6,16.8,0.997,16.3,17.3,-1.9,80.5,17.9,1711,17.59,16.3,13.760,12,74.4,19.0
564.0,87,568.0,16.3,0.8,86.7,99,88,40.2,11,-1.6,17.6,1.004,17.5,16.0,-0.9,82.9,17.2,1937,5.62,17.7,13.760,12,51.6,18.4
567.0,87,565.1,5.9,5.1,86.5,99,89,30.5,11,-1.6,5.5,1.008,20.8,6.3,-3.1,69.8,8.6,1786,11.99,5.5,13.760,12,12.1,15.3
570.0,87,564.0,5.9,35.0,86.3,99,90,41.8,11,-2.0,5.5,0.989,19.0,4.3,-1.2,43.3,5.3,1690,13.05,9.9,13.760,12,12.4,15.3
573.0,87,560.8,5.7,51.2,86.3,99,90,25.1,11,-5.5,5.5,1.001,22.8,1.8,0.0,21.7,2.1,1667,6.37,7.0,13.751,12,4.7,9.6
576.0,87,551.9,6.2,0.0,86.3,100,87,28.3,11,-3.0,6.1,1.008,29.4,1.5,0.0,21.7,1.1,1637,7.32,0.5,13.600,12,5.4,7.3
579.0,87,543.9,8.7,0.0,86.3,99,85,27.7,11,-1.6,8.4,1.013,31.9,6.6,0.0,26.7,5.2,1599,6.11,1.0,13.690,12,8.2,8.0
582.0,87,544.0,16.1,30.4,86.3,99,85,34.3,11,-1.6,18.0,1.011,20.5,16.5,-1.1,60.0,16.9,1711,12.18,14.5,13.785,12,22.8,11.0
585.0,87,546.5,19.2,48.3,86.3,99,88,69.0,11,-1.6,19.8,0.988,17.3,17.3,-0.3,73.5,17.4,1793,18.68,15.6,13.833,12,91.7,18.5
588.0,87,551.8,18.2,30.4,86.3,99,89,31.7,11,-4.1,18.9,0.992,26.7,16.7,1.1,65.0,16.9,1700,6.99,15.4,13.680,12,38.9,13.7
591.0,87,547.8,13.6,0.0,86.3,99,89,38.1,11,-4.0,13.6,0.994,35.4,12.9,-2.3,57.6,12.9,1700,13.56,9.0,13.722,12,32.8,7.4
594.0,87,550.1,18.8,4.8,86.3,99,88,68.1,11,-1.6,22.4,0.993,18.5,17.4,-1.4,71.7,17.5,1759,18.82,16.4,13.760,12,83.7,12.2
597.0,87,552.0,11.2,14.9,86.3,99,90,63.5,11,-1.6,14.1,1.000,24.7,12.8,-1.1,71.0,13.3,1780,19.50,12.0,13.755,12,93.6,12.2
600.0,87,552.0,9.0,30.5,86.3,99,87,53.2,11,-1.6,10.7,0.999,24.9,9.7,-1.6,54.3,9.6,1637,12.72,5.8,13.600,12,55.9,12.6
603.0,87,551.9,16.8,67.4,86.0,99,86,55.3,11,-1.6,19.8,0.998,18.7,17.0,-1.6,76.1,17.2,1676,15.79,15.1,13.695,12,19.8,16.4
606.0,87,556.9,29.0,31.8,85.9,99,86,65.6,11,-1.6,29.8,0.997,9.5,23.1,-1.0,84.8,23.5,1936,21.47,25.9,13.788,12,0.0,25.3
609.0,87,564.1,31.3,3.6,85.9,99,88,74.5,11,-1.6,31.2,0.998,10.5,24.2,-1.5,89.7,24.6,2223,27.38,26.7,13.830,12,0.0,31.4
612.0,87,572.6,34.0,0.0,85.9,99,92,77.2,11,-2.0,33.5,0.997,11.0,25.8,-1.7,90.5,26.2,2412,30.46,28.4,13.760,12,0.0,34.2
615.0,87,583.8,36.5,0.8,85.9,99,96,78.4,11,-2.3,36.1,0.997,11.6,27.5,0.8,90.2,27.8,2451,30.98,31.0,13.760,12,33.7,36.9
618.0,87,588.8,36.9,2.3,85.9,99,99,78.0,11,-2.3,36.5,0.998,12.0,27.5,0.8,89.4,27.8,2496,31.23,31.9,13.698,12,87.4,36.9
621.0,87,594.8,37.2,2.4,85.9,99,102,76.9,11,-2.3,37.0,0.997,12.4,27.3,1.5,88.5,27.6,2536,31.42,32.2,13.623,12,86.7,37.3
624.0,87,600.5,37.4,0.0,85.9,99,108,76.9,11,-2.3,37.4,0.996,12.7,27.1,2.2,87.8,27.5,2567,31.83,32.3,13.782,12,87.2,37.5
627.0,87,603.8,36.8,0.0,85.9,99,110,76.5,11,-2.3,36.9,0.996,13.4,26.8,1.6,87.8,27.3,2635,31.88,32.5,13.769,12,87.2,36.6
630.0,87,606.5,32.5,13.0,85.7,99,112,73.5,11,-2.3,30.2,0.997,14.5,22.4,1.6,81.2,22.0,2362,27.77,23.7,13.792,12,72.7,33.2
633.0,87,603.4,13.8,14.0,85.5,99,112,65.0,11,-2.3,14.4,0.998,31.9,9.2,0.8,49.8,9.6,2096,18.32,10.3,13.825,12,13.7,7.8
636.0,87,596.0,13.5,0.0,85.5,99,106,25.1,11,-2.3,13.0,0.923,30.0,7.2,0.0,27.2,6.8,2003,4.61,7.2,13.760,12,9.7,9.2
639.0,87,595.8,22.3,0.0,85.5,99,105,51.6,11,-2.0,23.6,0.932,22.9,19.8,0.0,89.0,20.6,2224,27.05,22.3,13.815,12,43.0,13.5
642.0,87,596.0,11.8,0.0,85.7,99,103,54.3,11,-2.7,7.8,0.784,17.3,7.1,-1.3,38.6,7.5,2044,14.13,3.1,13.840,12,66.4,17.7
645.0,87,584.2,5.1,0.0,85.9,99,101,16.2,11,-5.1,5.8,0.060,-12.0,2.0,-0.6,18.2,2.3,1888,5.88,1.3,13.772,12,0.9,5.1
648.0,87,570.9,11.9,11.5,85.9,99,98,34.5,11,-2.3,11.9,1.013,14.3,8.1,-0.6,34.7,7.7,1828,9.27,6.4,13.603,12,10.2,10.5
651.0,87,568.0,15.8,43.5,85.9,98,98,50.9,11,-2.3,16.9,1.005,22.7,15.4,-0.6,68.9,15.7,1837,13.63,13.1,13.680,12,42.4,15.1
654.0,87,567.9,14.9,0.0,85.9,99,97,54.2,11,-2.3,15.6,1.001,20.6,14.8,3.0,70.6,15.6,1837,14.06,12.4,13.733,12,41.6,16.5
657.0,87,568.0,14.9,599.7,85.9,99,96,55.1,11,-2.2,15.3,1.002,21.5,14.1,0.8,66.4,14.5,1837,16.83,11.0,13.797,12,28.5,15.5
660.0,87,569.8,20.0,559.7,85.8,99,96,66.5,11,-1.6,19.4,0.994,14.5,16.5,0.4,71.8,16.6,1902,19.64,14.6,13.840,12,92.2,22.0
663.0,87,572.7,21.1,0.0,85.5,98,98,63.5,11,-1.6,21.0,0.995,15.9,17.7,0.2,77.7,17.8,2000,21.02,16.8,13.840,12,93.0,20.8
666.0,87,575.9,17.3,0.0,85.5,98,98,64.4,11,-1.6,18.0,0.998,16.8,16.4,0.7,75.3,16.6,1912,19.67,15.0,13.840,12,93.1,20.0
669.0,87,573.5,7.8,0.0,85.5,98,97,64.4,11,-1.7,6.7,0.999,16.6,9.4,-3.1,50.5,9.8,1871,18.69,5.1,13.808,12,81.6,19.9
672.0,87,570.8,6.4,1.0,85.5,99,96,62.7,11,-2.3,5.8,0.994,18.0,4.6,-1.9,30.7,5.2,1824,16.87,3.2,13.760,12,24.3,18.8
675.0,87,567.9,9.1,4.2,85.5,99,94,53.3,11,-2.3,8.0,1.004,19.5,3.1,0.1,18.0,2.6,1775,12.73,2.5,13.760,12,18.6,17.2
678.0,87,565.2,16.7,19.9,85.5,99,95,48.4,11,-2.3,17.3,1.011,24.3,15.3,0.8,69.0,15.7,1822,14.29,12.9,13.760,12,23.0,13.8
681.0,87,564.0,10.2,31.0,85.4,99,96,45.3,11,-2.5,12.2,0.991,38.0,8.7,5.3,52.4,7.2,1825,11.88,5.3,13.760,12,45.9,7.8
684.0,87,561.5,8.7,28.5,85.1,99,94,14.1,11,-5.5,9.6,0.002,35.1,7.7,8.1,34.9,5.7,1779,5.15,2.0,13.761,12,0.0,6.5
687.0,87,551.9,9.3,0.0,85.1,99,93,14.6,11,-5.5,9.9,0.477,35.5,10.2,6.4,26.9,9.4,1737,4.32,4.0,13.840,12,1.4,6.8
690.0,87,549.2,14.7,0.0,85.3,99,92,35.3,11,-4.3,14.5,0.981,35.7,13.7,-3.1,68.6,13.7,1819,13.97,9.8,13.801,12,26.6,10.8
693.0,87,551.9,24.7,0.0,85.5,99,92,73.7,11,-1.6,21.7,0.986,13.0,17.9,0.2,76.4,18.0,1980,22.06,16.0,13.738,12,91.0,25.1
696.0,87,558.2,26.5,0.0,85.5,99,94,73.7,11,-1.6,25.9,1.013,12.6,20.8,2.0,83.3,21.1,2177,25.35,20.9,13.685,12,89.7,27.1
699.0,87,564.7,27.2,0.0,85.1,99,95,74.3,11,-1.6,26.9,1.009,12.5,21.6,1.7,84.8,22.1,2337,27.61,22.8,13.760,12,89.6,27.7
702.0,87,575.7,25.9,0.8,85.1,99,98,70.5,11,-1.6,25.1,1.008,12.4,20.4,2.3,82.4,20.8,2244,25.98,21.2,13.760,12,90.0,26.9
705.0,87,576.0,25.1,4.8,85.1,98,100,64.8,11,-1.6,25.1,1.013,11.5,20.1,1.9,82.0,20.3,2152,24.36,20.7,13.741,12,89.5,24.3
708.0,87,577.0,19.7,7.3,85.1,98,100,62.7,11,-1.6,19.0,0.999,16.5,15.7,2.1,72.1,15.8,2041,22.05,14.7,13.690,12,40.0,19.9
711.0,87,579.8,14.8,9.6,84.7,99,99,40.0,11,-2.0,13.2,1.004,20.8,11.7,2.7,53.7,11.4,1862,14.76,7.1,13.840,12,18.6,14.8
714.0,87,575.8,14.1,475.5,84.7,98,97,48.8,11,-2.0,14.3,1.002,20.5,14.1,0.0,72.9,14.1,1844,17.79,10.6,13.794,12,37.4,15.1
717.0,87,578.2,26.3,231.6,84.7,98,96,72.0,11,-1.6,27.5,0.992,11.0,20.5,1.5,81.4,20.4,2014,22.19,20.1,13.760,12,91.1,25.9
720.0,87,582.6,28.3,5.0,84.7,99,96,74.5,11,-1.6,28.4,1.001,11.4,22.8,1.7,86.0,22.7,2172,25.32,24.1,13.754,12,88.5,28.6
723.0,87,588.5,29.8,12.0,84.7,98,98,75.1,11,-1.6,29.3,1.000,10.4,23.2,1.3,84.5,23.1,2108,21.68,24.3,13.680,12,89.7,29.0
726.0,87,591.9,29.1,9.5,84.7,98,98,71.9,11,-1.6,29.1,1.002,10.5,23.1,3.1,85.5,23.6,2236,23.51,25.3,13.735,12,90.6,27.7
729.0,87,594.7,25.9,3.6,84.7,98,98,69.7,11,-1.6,25.5,1.003,12.7,20.4,2.3,84.1,20.8,2179,24.56,22.0,13.760,12,74.3,25.5
732.0,87,596.0,23.5,0.0,84.7,99,98,71.5,11,-1.6,24.5,0.994,15.0,19.7,1.6,83.0,19.9,2118,24.97,20.5,13.760,12,0.0,22.4
735.0,87,596.5,25.0,0.0,84.7,99,96,73.6,11,-1.6,25.2,0.997,14.0,20.1,1.1,82.7,20.0,2085,24.62,20.2,13.760,12,0.0,24.9
738.0,87,599.9,27.2,0.0,84.4,99,97,73.3,11,-1.6,27.5,0.999,13.3,22.0,2.3,84.3,22.0,2236,25.94,23.1,13.811,12,24.2,27.3
741.0,87,605.5,27.8,3.4,84.3,99,98,72.2,11,-1.6,27.5,1.001,13.9,22.0,2.3,83.4,22.4,2261,23.89,23.1,13.840,12,61.9,27.4
744.0,87,606.3,25.3,3.1,84.2,98,98,69.1,11,-1.6,22.3,1.002,12.5,16.0,2.7,67.8,16.2,2100,19.53,14.7,13.823,12,91.8,24.3
747.0,87,604.0,20.5,18.2,83.9,99,96,51.0,11,-2.3,19.0,1.001,17.3,13.6,2.6,55.4,13.2,1810,14.23,8.9,13.760,12,41.4,19.2
750.0,87,603.8,17.3,208.8,83.9,99,95,62.2,11,-2.0,18.4,0.998,18.4,16.6,0.8,72.9,16.6,1775,18.43,11.0,13.760,12,42.9,19.2
753.0,87,604.0,25.5,90.6,83.9,99,94,70.9,11,-1.7,23.5,0.995,10.4,19.6,1.9,79.4,19.6,1909,20.26,17.8,13.760,12,91.4,27.4
756.0,87,602.4,15.9,2.8,83.9,98,94,58.7,11,-2.3,11.8,0.995,19.5,8.2,4.2,53.6,8.7,1917,17.92,9.8,13.734,12,93.7,16.5
759.0,87,599.3,12.6,0.0,83.9,99,88,48.6,11,-1.8,11.0,0.985,18.9,6.8,4.4,33.5,6.2,1676,10.01,6.7,13.600,12,94.8,16.7
762.0,87,596.0,17.0,0.0,83.9,98,89,62.3,11,-1.6,22.1,0.983,16.3,18.7,-0.7,85.0,18.7,1887,20.03,20.1,13.717,12,93.4,20.3
765.0,87,599.1,24.6,0.0,83.9,98,93,70.0,11,-1.6,25.5,0.994,13.4,20.4,1.6,82.7,20.4,2039,22.70,21.2,13.760,12,91.6,24.1
768.0,87,600.0,6.3,3.6,84.0,98,96,60.3,11,-1.7,9.5,1.009,17.5,4.7,2.5,46.8,5.3,1977,17.27,7.0,13.760,12,86.8,19.2
771.0,87,597.3,10.8,4.8,84.2,98,98,33.7,11,-2.3,10.1,1.004,20.4,6.9,2.5,25.2,6.5,1818,7.27,2.9,13.760,12,8.2,12.4
774.0,87,590.8,12.1,0.0,83.9,99,98,29.3,11,-2.3,12.2,0.987,29.2,11.3,1.6,31.3,11.5,1805,5.30,5.3,13.760,12,7.1,10.0
777.0,87,583.9,11.3,0.0,83.9,99,97,38.0,11,-2.3,11.1,0.989,31.7,10.4,1.6,45.1,10.5,1850,12.88,6.2,13.760,12,9.6,11.2
780.0,87,581.3,13.3,638.7,83.9,99,95,52.7,11,-2.1,13.3,1.001,23.5,12.9,0.0,55.9,12.5,1806,15.71,9.0,13.760,12,28.3,14.4
783.0,87,581.6,20.5,649.5,83.8,99,94,69.8,11,-1.6,19.6,0.998,13.0,16.7,0.8,68.9,16.3,1858,18.91,14.5,13.760,12,91.4,23.9
786.0,87,584.0,21.7,10.7,83.5,98,94,68.2,11,-1.6,21.8,1.007,15.8,18.4,2.0,74.2,18.5,2009,20.68,17.8,13.760,12,92.0,21.6
789.0,87,584.0,19.0,44.3,83.5,97,94,64.1,11,-2.0,17.1,1.004,17.3,15.7,3.1,56.5,16.0,1774,15.08,13.2,13.760,12,93.3,19.6
792.0,87,583.9,19.8,32.5,83.2,97,93,58.5,11,-2.0,13.6,1.002,14.8,12.5,3.1,54.1,12.6,1725,13.86,7.8,13.810,12,84.3,20.8
795.0,87,584.0,27.1,14.6,83.1,97,92,59.7,11,-1.6,27.5,1.007,9.8,21.2,2.0,77.5,21.6,1896,18.24,23.1,13.817,12,72.4,24.5
798.0,87,585.6,18.9,4.1,83.0,98,92,72.2,11,-1.6,19.8,1.013,22.0,17.1,1.6,76.0,17.4,1941,22.42,16.5,13.779,12,91.8,14.9
801.0,87,588.0,19.1,6.2,82.7,98,92,70.5,11,-1.6,16.4,1.001,16.6,14.9,1.6,64.8,14.8,1746,17.58,11.6,13.760,12,91.8,20.0
804.0,87,587.9,21.7,0.0,82.7,98,92,60.5,11,-1.9,18.5,0.993,15.3,16.2,1.6,73.3,16.2,1837,17.04,13.9,13.812,12,58.2,20.7
807.0,87,588.0,14.8,26.7,82.7,98,93,55.3,11,-2.1,14.5,0.995,21.7,13.3,2.8,58.0,13.3,1779,15.58,9.4,13.804,12,16.8,15.4
810.0,87,588.0,20.8,542.1,82.6,98,94,61.7,11,-1.7,19.3,1.006,16.5,16.3,1.2,66.3,16.1,1767,14.24,14.0,13.760,12,26.9,20.4
813.0,87,585.6,11.5,797.2,82.4,98,96,60.4,11,-2.3,12.9,0.991,11.9,11.4,-1.5,63.4,12.9,1787,13.98,10.5,13.760,12,8.6,9.7
816.0,87,580.0,9.5,91.0,82.4,97,96,57.6,11,-2.3,9.3,0.988,15.1,7.9,-3.2,45.7,9.3,1787,15.86,4.4,13.760,12,59.9,10.7
819.0,87,579.9,15.8,0.0,82.4,97,97,59.1,11,-2.3,16.0,0.990,20.3,14.5,1.6,67.1,14.5,1825,17.01,10.6,13.760,12,94.5,16.4
822.0,87,580.0,18.4,0.0,82.5,97,98,62.0,11,-2.3,18.4,0.998,18.3,15.7,2.1,70.0,15.5,1851,16.51,12.1,13.760,12,80.4,18.0
825.0,87,578.4,13.5,0.0,82.7,97,98,61.3,11,-2.3,11.8,0.994,25.0,10.1,0.8,50.5,9.9,1845,13.26,6.7,13.760,12,13.3,12.9
828.0,87,575.3,10.6,1.8,82.7,98,96,19.6,11,-4.7,9.5,0.989,33.2,8.6,-1.9,31.7,8.2,1805,8.06,4.0,13.760,12,4.6,10.1
831.0,87,572.0,11.4,12.2,82.7,98,93,41.5,11,-3.3,12.4,0.989,32.7,12.1,-4.2,52.3,12.6,1750,14.46,8.3,13.760,12,8.0,10.8
834.0,87,568.9,15.5,285.3,82.7,98,92,53.0,11,-1.6,15.8,0.998,21.5,14.9,0.8,65.5,14.5,1759,8.96,11.4,13.760,12,14.9,15.1
837.0,87,568.0,17.6,1329.6,82.7,98,92,50.9,11,-1.6,18.0,1.010,19.5,16.1,0.2,69.6,15.8,1762,10.42,13.8,13.702,12,18.2,16.8
840.0,87,568.0,15.2,1281.4,82.7,98,92,51.3,11,-1.6,12.2,0.993,21.5,12.3,0.0,60.4,13.0,1740,13.32,9.7,13.648,12,29.4,14.9
843.0,87,567.0,14.5,26.0,82.7,97,90,30.6,11,-1.6,12.1,1.004,18.9,12.1,-0.5,56.2,12.6,1705,9.52,8.4,13.840,12,79.9,13.6
846.0,87,564.1,16.8,0.0,82.7,97,89,52.6,11,-1.6,16.8,1.001,16.7,15.5,-1.3,72.5,15.6,1725,17.04,12.8,13.840,12,95.0,16.7
849.0,87,567.9,21.5,0.0,82.7,98,89,65.9,11,-1.6,21.7,0.996,15.3,18.4,1.6,76.9,18.4,1872,19.58,18.0,13.795,12,93.0,21.7
852.0,87,572.6,23.1,1.0,82.6,98,90,69.5,11,-1.6,23.1,1.002,14.5,18.8,1.6,79.4,18.8,1951,21.34,18.6,13.734,12,91.8,23.1
855.0,87,577.2,24.5,1.5,82.4,98,90,71.4,11,-1.6,24.2,0.999,13.1,19.4,1.6,81.7,19.6,2009,22.37,19.4,13.692,11,91.3,25.5
858.0,87,580.3,25.7,1.1,82.4,98,92,72.0,11,-1.6,25.2,0.999,12.7,20.1,1.6,83.2,20.4,2075,23.76,20.2,13.840,11,91.1,25.7
861.0,87,583.9,25.2,7.0,82.4,98,92,67.1,11,-1.6,25.0,1.001,13.5,20.1,1.6,83.9,20.2,2087,23.34,20.6,13.791,11,53.6,24.3
864.0,87,586.5,22.0,4.9,82.4,98,92,62.2,11,-1.6,21.6,1.003,15.0,18.0,0.8,80.1,18.0,1955,20.18,17.6,13.760,11,0.0,20.7
867.0,87,588.0,21.7,2.4,82.4,98,92,62.7,11,-1.6,21.8,1.002,16.5,18.2,0.8,80.9,18.6,1873,17.94,18.4,13.760,11,0.0,19.2
870.0,87,588.5,24.3,0.4,82.7,98,91,71.1,11,-1.6,23.9,1.000,13.2,19.4,1.1,84.7,20.0,1937,22.71,20.3,13.760,11,0.0,24.0
873.0,87,595.8,28.7,43.0,82.5,98,90,74.6,11,-1.6,29.0,0.999,10.6,22.4,3.1,85.1,22.7,2164,25.03,24.7,13.760,11,29.6,28.6
876.0,87,598.4,26.7,24.1,82.4,98,90,73.2,11,-1.6,27.1,1.003,14.5,21.7,3.1,84.0,21.8,2196,25.63,23.2,13.760,11,88.4,27.5
879.0,87,603.0,28.0,6.9,82.3,98,90,71.4,11,-1.6,28.0,1.008,14.0,22.2,3.5,83.7,22.4,2193,25.43,23.5,13.760,11,90.1,28.2
882.0,87,608.4,28.3,0.2,82.0,98,92,72.8,11,-1.6,28.3,1.003,14.0,22.5,3.9,83.9,22.9,2287,26.97,24.0,13.760,11,89.7,27.9
885.0,87,611.8,27.9,4.2,82.0,98,92,72.6,11,-1.6,27.9,1.001,13.8,22.1,3.9,83.9,22.4,2261,26.33,23.1,13.760,11,89.4,27.8
888.0,87,614.4,29.0,2.9,82.0,98,92,72.9,11,-1.6,29.4,1.002,13.0,23.5,1.7,86.3,23.9,2335,27.43,24.6,13.760,11,89.2,28.7
891.0,87,617.6,31.0,1.1,82.0,98,92,75.3,11,-1.6,30.7,0.998,12.2,24.3,0.4,87.6,24.6,2400,28.85,26.0,13.774,11,88.2,31.8
894.0,87,621.8,31.8,0.0,82.0,98,94,75.3,11,-1.6,31.2,0.999,11.7,24.5,0.3,86.9,24.9,2364,28.47,26.6,13.840,11,88.5,31.8
897.0,87,627.9,31.8,0.0,82.0,97,94,74.8,11,-1.6,31.2,1.005,11.7,24.4,0.8,84.7,24.7,2162,25.55,26.3,13.840,11,89.0,31.8
900.0,87,628.0,31.8,6.2,82.0,97,94,69.9,11,-1.6,31.8,1.011,11.9,24.7,1.6,85.9,24.7,2208,25.78,26.3,13.802,11,82.3,31.0
903.0,87,628.0,27.0,5.7,81.9,97,94,61.9,11,-1.6,26.5,1.007,11.0,21.8,2.0,86.1,22.1,2171,25.53,23.6,13.760,11,57.3,25.1
906.0,87,628.7,24.9,0.0,81.6,97,92,74.5,11,-1.6,24.6,1.000,11.9,20.0,2.3,86.4,20.5,2058,24.52,21.5,13.760,11,80.8,28.4
909.0,87,631.9,24.3,0.0,81.6,97,92,73.2,11,-1.6,24.8,0.995,12.9,19.7,2.3,86.6,20.3,2137,25.10,20.6,13.701,11,89.8,29.7
912.0,87,632.0,24.4,22.2,81.4,97,91,73.0,11,-1.6,22.0,0.992,13.4,18.4,1.6,77.6,17.3,2005,23.59,15.7,13.719,11,89.9,28.8
915.0,87,632.0,27.8,20.4,81.2,97,90,72.7,11,-1.6,26.7,0.991,12.5,21.3,2.0,81.7,20.7,2041,23.24,20.9,13.760,11,90.2,27.8
918.0,87,632.0,26.9,4.8,81.2,97,90,61.2,11,-1.6,29.2,1.004,10.8,22.9,2.1,85.9,23.1,2211,25.01,24.7,13.759,11,91.7,27.8
921.0,87,632.0,25.4,7.0,80.8,97,90,64.1,11,-1.6,28.7,1.004,12.5,22.6,1.5,86.0,22.5,2137,25.80,24.1,13.680,11,60.9,24.5
924.0,87,631.8,23.1,1.8,81.0,97,89,58.9,11,-1.6,23.9,0.999,16.7,19.2,0.8,70.6,16.9,1813,20.30,15.3,13.721,11,27.6,19.1
927.0,87,630.1,16.1,0.0,81.2,97,88,48.4,11,-1.6,18.5,1.001,20.5,16.2,1.3,68.6,15.5,1664,16.20,13.3,13.760,11,15.0,13.3
930.0,87,627.3,16.7,275.5,81.2,97,86,56.5,11,-1.6,17.3,1.002,21.1,15.5,1.4,68.6,15.7,1660,14.93,13.1,13.760,11,18.8,15.5
933.0,87,623.8,16.8,2068.2,81.6,97,87,50.1,11,-1.6,17.9,1.001,21.6,16.2,0.8,72.9,16.7,1737,14.53,14.8,13.760,11,21.0,15.9
936.0,87,618.9,14.1,802.8,81.6,97,89,36.5,11,-2.2,14.1,0.853,20.2,13.3,0.8,62.0,13.7,1708,9.29,10.2,13.760,11,19.7,13.0
939.0,87,606.2,8.0,0.0,81.6,98,90,15.1,11,-4.7,8.7,0.000,-10.5,4.9,0.4,41.0,5.4,1678,4.80,4.7,13.760,11,0.0,5.1
942.0,87,588.6,5.7,0.0,81.6,98,90,18.8,11,-4.7,5.9,0.000,-8.6,0.9,0.0,22.0,0.8,1683,5.35,0.4,13.760,11,0.0,5.6
945.0,87,567.9,5.7,0.0,82.0,98,91,16.3,11,-4.7,5.9,0.000,-7.9,2.4,0.0,22.0,2.4,1912,5.13,0.4,13.760,11,0.0,5.8
948.0,87,552.7,5.1,0.0,82.0,98,93,13.5,11,-4.7,5.5,0.000,-10.0,2.7,0.0,16.3,2.7,2103,5.01,0.4,13.760,11,0.0,5.5
951.0,87,537.7,5.1,0.0,82.0,98,96,11.8,11,-4.7,5.5,0.000,-9.5,1.1,0.0,13.7,1.2,2262,4.84,0.4,13.760,11,0.0,5.5
954.0,86,524.9,5.1,0.0,82.0,98,96,11.8,11,-4.7,5.5,0.000,-9.5,0.0,0.0,13.7,0.0,2262,4.71,0.4,13.760,11,0.0,5.5
957.0,85,508.0,5.1,0.0,82.0,98,95,11.8,11,-4.7,5.4,0.000,-9.5,0.0,0.0,13.7,0.0,2261,4.74,0.4,13.760,11,0.0,5.4
960.0,84,494.9,5.1,0.0,82.0,98,94,11.8,11,-4.7,5.1,0.000,-9.5,0.0,0.0,13.7,0.0,2255,4.72,0.4,13.760,11,0.0,5.1
963.0,84,480.1,5.1,0.0,82.1,98,94,11.8,11,-4.7,5.1,0.000,-9.5,0.0,0.0,13.7,0.0,2237,4.66,0.4,13.760,11,0.0,5.1
966.0,84,465.1,5.1,0.0,82.4,98,92,11.8,11,-4.7,5.1,0.000,-9.5,0.0,0.0,13.7,0.0,2213,4.57,0.4,13.760,12,0.0,5.1
969.0,84,448.0,5.1,0.0,82.6,98,93,11.8,11,-4.7,5.1,0.000,-9.5,0.0,0.0,13.7,0.0,2225,4.63,0.4,13.760,12,0.0,5.1
972.0,84,436.8,5.1,0.0,82.7,98,94,11.8,11,-4.7,5.1,0.000,-9.6,0.0,0.0,13.8,0.0,2233,4.68,0.4,13.800,12,0.0,5.1
975.0,84,426.1,5.1,0.0,82.8,98,94,12.0,11,-4.7,5.1,0.000,-10.0,0.0,0.0,13.7,0.0,2232,4.69,0.4,13.817,12,0.0,5.1
978.0,84,415.8,5.6,0.0,83.1,98,94,13.3,11,-4.7,5.5,0.001,-9.3,0.0,0.0,14.5,0.0,2220,4.79,0.4,13.762,12,0.0,5.7
981.0,84,404.0,6.0,0.0,83.1,99,94,14.3,11,-4.7,5.9,0.000,-8.2,0.0,0.0,16.1,0.0,2200,5.51,0.4,13.840,12,0.0,6.3
984.0,84,389.2,6.2,0.0,83.1,99,95,14.0,11,-4.7,5.9,0.000,-7.4,0.0,0.0,16.1,0.0,2235,5.45,0.4,13.796,12,0.0,6.4
987.0,84,375.7,5.1,0.0,83.2,99,96,12.4,11,-4.7,5.3,0.000,-9.0,0.0,0.0,14.5,0.0,2244,5.14,0.4,13.760,12,0.0,5.1
990.0,84,364.7,5.1,0.0,83.5,99,94,11.8,11,-4.7,5.1,0.001,-9.7,0.0,0.0,13.4,0.0,2234,4.71,0.4,13.761,12,0.0,5.1
993.0,83,356.0,5.1,0.0,83.5,99,94,11.8,11,-4.7,5.1,0.000,-9.8,0.0,0.0,13.7,0.0,2225,4.66,0.4,13.840,12,0.0,5.1
996.0,83,346.9,5.1,0.0,83.5,99,93,11.8,11,-4.7,5.1,0.000,-9.5,0.0,0.0,13.7,0.0,2216,4.60,0.4,13.801,12,0.0,5.1
999.0,83,336.0,5.1,0.0,83.5,99,92,11.7,11,-4.7,5.1,0.000,-10.0,0.0,0.0,13.5,0.0,2212,4.56,0.4,13.760,12,0.0,5.1
1002.0,83,325.2,5.1,0.0,83.5,99,92,11.0,11,-4.7,5.1,0.001,-9.7,0.0,0.0,13.3,0.0,2218,4.56,0.4,13.760,12,0.0,5.1
1005.0,83,316.0,5.1,0.0,83.9,99,95,11.5,11,-4.7,5.1,0.000,-9.5,0.0,0.0,13.3,0.0,2250,4.66,0.4,13.760,12,0.0,5.1
1008.0,83,307.4,5.1,0.0,83.9,99,97,11.8,11,-4.7,5.1,0.000,-9.4,0.0,0.0,13.3,0.0,2258,4.68,0.4,13.760,12,0.0,5.1
1011.0,83,300.5,5.1,0.0,83.9,99,98,11.8,11,-4.7,5.1,0.000,-9.0,0.0,0.0,13.3,0.0,2262,4.71,0.4,13.760,12,0.0,5.1
1014.0,83,294.1,5.1,0.0,83.9,99,100,11.8,11,-4.7,5.3,0.000,-9.0,0.0,0.0,13.3,0.0,2265,4.73,0.4,13.760,12,0.0,5.1
1017.0,83,284.1,5.2,0.0,83.9,99,101,12.5,11,-4.7,5.6,0.000,-8.9,0.0,0.0,13.3,0.0,2299,5.23,0.4,13.808,12,0.0,5.3
1020.0,83,276.8,5.9,0.0,83.9,99,102,13.5,11,-4.7,5.9,0.000,-8.5,0.0,0.0,14.6,0.0,2300,5.36,0.4,13.812,12,0.0,5.9
1023.0,83,267.7,5.6,0.0,83.9,99,102,14.1,11,-4.7,5.7,0.000,-8.1,0.0,0.0,14.4,0.0,2292,5.30,0.4,13.738,12,0.0,5.6
1026.0,83,258.8,5.3,0.0,83.9,100,102,11.8,11,-4.7,5.5,0.000,-8.3,0.0,0.0,13.3,0.0,2276,4.72,0.4,13.600,12,0.0,5.5
1029.0,83,252.1,5.1,0.0,83.9,100,102,11.8,11,-4.7,5.5,0.000,-8.6,0.0,0.0,13.3,0.0,2286,4.72,0.4,13.600,12,0.0,5.4
1032.0,82,246.6,5.1,0.0,83.9,100,101,11.8,11,-4.7,5.5,0.000,-9.0,0.0,0.0,13.3,0.0,2280,4.77,0.4,13.671,12,0.0,5.1
1035.0,82,240.4,5.1,0.0,83.9,100,100,11.8,11,-4.7,5.5,0.000,-9.0,0.0,0.0,13.1,0.0,2280,4.78,0.4,13.760,12,0.0,5.1
1038.0,82,234.2,4.9,0.0,83.9,100,102,11.8,11,-4.7,5.1,0.001,-9.9,0.0,0.0,13.2,0.0,2233,4.73,0.4,13.760,12,0.0,5.1
1041.0,82,227.9,4.8,0.0,83.9,100,102,12.3,11,-4.7,4.8,0.000,-10.9,0.6,0.0,14.1,0.5,1912,4.27,0.4,13.698,12,0.0,5.1
1044.0,82,220.1,5.1,0.0,83.9,100,100,12.9,11,-4.7,5.1,0.000,-11.4,2.3,0.0,14.5,2.3,1874,4.35,0.4,13.725,12,0.0,5.1
1047.0,81,215.5,5.1,0.0,83.9,100,97,13.3,11,-4.7,5.1,0.000,-11.0,0.0,0.0,15.0,0.0,1831,4.36,0.4,13.760,12,0.0,5.1
1050.0,81,212.0,5.1,9.1,83.9,100,94,13.3,11,-4.7,5.1,0.001,-11.0,1.9,6.2,15.9,1.7,1786,4.44,0.6,13.759,12,0.0,5.1
1053.0,81,212.4,5.2,34.6,83.9,100,94,15.5,11,-4.7,5.3,0.524,10.5,3.7,14.1,17.2,3.7,1737,5.07,1.0,13.680,12,3.8,5.3
1056.0,81,220.2,5.8,0.0,83.9,100,93,19.0,11,-4.7,5.9,1.012,38.6,4.3,0.0,20.0,4.3,1746,5.33,1.6,13.721,12,8.3,6.2
1059.0,81,225.7,9.8,13.5,83.9,100,92,23.9,11,-4.7,8.9,1.007,36.5,7.9,-0.9,30.9,7.8,1769,7.23,3.7,13.760,12,12.2,9.4
1062.0,81,235.8,10.8,33.2,83.9,100,92,40.0,11,-2.8,10.9,1.001,31.5,10.3,-0.7,42.4,10.2,1802,11.21,5.5,13.760,12,18.0,10.5
1065.0,81,252.0,11.1,43.8,83.9,100,93,39.5,11,-2.3,11.2,1.000,29.3,10.6,1.6,47.9,10.7,1825,12.00,6.1,13.819,12,18.8,11.0
1068.0,81,257.8,8.9,14.2,83.9,100,94,30.7,11,-2.9,8.6,0.787,24.8,8.6,0.8,31.0,8.6,1778,7.79,3.9,13.802,12,13.3,10.0
1071.0,81,256.4,5.1,0.0,83.9,100,93,14.2,11,-4.7,6.1,0.000,-10.5,2.8,0.4,23.4,3.1,1722,4.35,1.8,13.760,12,0.0,5.1
1074.0,81,250.7,5.1,0.0,83.9,100,90,14.9,11,-4.7,5.1,0.000,-10.2,0.0,0.0,16.6,0.0,1671,4.35,0.4,13.760,12,0.0,5.1
1077.0,81,244.0,5.1,0.0,83.5,100,89,14.9,11,-4.7,5.1,0.000,-10.0,0.4,0.2,16.9,0.3,1637,4.27,0.4,13.760,12,0.0,5.1
1080.0,81,244.0,5.1,3.4,83.5,100,89,23.9,11,-3.9,5.1,0.158,-7.4,3.5,14.1,18.0,3.5,1660,6.42,0.8,13.760,12,4.2,5.7
1083.0,81,249.2,9.9,3.2,83.5,100,90,40.8,11,-1.6,9.4,1.013,27.5,8.4,6.9,33.3,8.2,1704,7.33,4.6,13.760,12,20.8,11.8
1086.0,81,256.7,8.5,0.0,83.5,100,94,14.1,11,-3.9,9.0,1.085,32.9,7.1,1.9,41.1,7.4,1759,4.62,5.3,13.760,12,6.1,7.8
1089.0,81,260.0,5.7,0.0,83.5,100,92,14.1,11,-4.7,5.1,1.013,38.0,0.0,7.5,16.5,0.0,1725,4.36,0.8,13.760,12,1.9,6.0
1092.0,81,260.0,7.1,0.0,83.5,100,88,15.3,11,-4.7,5.1,0.909,40.5,0.0,19.5,17.6,0.0,1682,4.32,0.8,13.760,12,5.4,6.8
1095.0,81,264.3,7.5,20.0,83.5,100,86,22.2,11,-4.4,7.3,0.993,40.5,7.1,4.9,35.8,6.9,1731,7.50,4.0,13.782,12,10.7,7.1
1098.0,81,273.9,10.8,30.1,83.5,100,88,48.6,11,-1.6,10.9,0.988,28.6,10.8,-1.9,51.7,10.8,1799,13.10,6.8,13.837,12,25.5,11.5
1101.0,81,288.2,13.3,0.0,83.1,100,91,52.4,11,-1.6,13.7,0.994,24.0,12.6,1.5,58.4,12.5,1750,12.99,8.7,13.760,12,24.1,13.0
1104.0,81,308.1,13.3,46.3,83.1,100,93,55.2,11,-1.8,13.7,0.999,25.0,12.9,0.0,58.4,12.5,1799,14.88,9.0,13.760,12,25.0,12.9
1107.0,81,316.9,15.1,39.5,83.1,100,96,55.1,11,-2.3,15.4,0.995,21.0,14.2,-0.4,65.0,14.8,1849,16.84,11.6,13.760,12,32.2,15.7
1110.0,82,328.8,11.1,0.0,83.1,100,100,47.1,11,-2.3,11.8,0.995,27.1,11.3,-1.0,56.7,12.1,1878,16.92,9.2,13.760,12,18.2,9.6
1113.0,83,332.0,6.1,0.0,83.5,100,99,27.4,11,-3.6,6.4,0.987,19.4,6.5,-0.9,18.0,6.3,1825,4.28,2.2,13.760,12,7.2,5.8
1116.0,84,332.0,5.5,44.5,83.3,100,97,30.7,11,-3.9,7.1,0.986,1.1,7.8,9.4,35.7,8.6,1855,10.73,3.9,13.760,12,21.2,7.9
1119.0,84,341.0,20.2,47.6,83.1,100,96,71.4,11,-1.6,19.6,1.013,11.5,16.3,5.6,58.9,16.7,2009,19.19,15.3,13.760,12,91.8,24.3
1122.0,84,359.8,26.9,0.0,83.1,100,102,75.5,11,-1.6,27.0,1.009,12.0,21.9,1.6,85.7,22.5,2284,27.93,23.9,13.760,12,89.7,26.7
1125.0,84,388.0,24.8,0.0,82.8,100,105,68.7,11,-1.6,25.6,1.004,14.8,21.1,1.6,80.8,21.7,2050,21.62,21.8,13.760,12,70.0,25.2
1128.0,85,398.0,14.5,20.1,82.7,100,109,51.6,11,-1.7,14.9,1.001,20.2,14.1,2.7,65.0,14.1,2057,14.27,10.6,13.697,12,40.1,18.1
1131.0,86,406.9,14.0,23.8,82.7,100,110,24.3,11,-2.3,14.7,1.007,27.0,13.9,2.0,58.0,13.9,2069,8.10,10.4,13.618,12,20.4,12.9
1134.0,87,412.3,10.6,0.2,82.7,100,112,27.1,11,-2.3,11.4,1.000,33.5,10.3,0.8,51.4,11.0,2087,15.19,8.0,13.760,12,14.9,10.5
1137.0,87,416.0,6.5,5.2,83.0,100,112,22.2,11,-3.3,5.7,0.623,37.0,2.9,0.8,20.4,4.0,2075,11.05,1.2,13.760,12,7.0,8.0
1140.0,87,416.0,7.5,2.3,83.3,100,111,15.1,11,-4.7,7.5,0.000,31.5,6.3,1.9,23.9,6.3,2075,7.68,2.4,13.760,12,0.0,6.6
1143.0,87,411.8,5.9,0.0,83.5,101,110,13.3,11,-4.7,6.0,0.000,-11.5,2.7,1.2,20.6,2.8,2064,5.39,1.4,13.751,12,0.0,5.1
1146.0,87,402.6,5.1,0.0,83.5,101,108,12.2,11,-4.7,5.1,0.000,-12.3,0.0,0.0,14.2,0.0,2026,4.32,0.4,13.680,12,0.0,4.9
1149.0,86,392.0,5.1,0.0,83.5,101,103,12.6,11,-4.7,5.1,0.000,-12.6,0.2,0.0,14.5,0.2,1862,4.38,0.4,13.781,12,0.0,4.8
1152.0,86,384.7,5.1,0.0,83.7,101,97,23.1,11,-4.2,5.1,0.143,-11.3,2.0,2.3,21.3,3.9,1848,10.35,1.2,13.781,12,5.1,5.7
1155.0,86,385.9,12.3,21.6,83.9,100,96,52.9,11,-2.3,11.6,1.012,22.0,9.6,1.6,43.3,10.1,1865,16.65,6.9,13.693,12,30.2,14.9
1158.0,86,395.5,11.1,57.0,83.9,100,102,32.9,11,-2.3,11.7,1.005,10.0,9.7,0.0,54.4,10.1,1922,16.38,8.4,13.760,12,12.6,9.1
1161.0,86,392.0,5.1,0.0,83.9,101,101,21.5,11,-3.4,5.1,0.579,-3.5,0.0,0.0,14.5,0.0,1875,4.32,0.4,13.760,12,2.6,5.0
1164.0,86,384.2,5.1,0.0,83.7,101,99,12.5,11,-4.7,5.1,0.000,-12.0,0.0,0.0,14.8,0.0,1890,4.35,0.4,13.723,12,0.0,4.7
1167.0,86,374.7,5.1,0.0,83.5,101,97,12.6,11,-4.7,5.1,0.000,-12.0,0.0,0.0,14.7,0.0,1873,4.35,0.4,13.714,12,0.0,5.1
1170.0,86,365.3,5.1,0.0,83.5,101,88,13.3,11,-4.7,5.1,0.000,-11.4,0.0,0.0,14.8,0.0,1814,4.30,0.4,13.840,12,0.0,4.8
1173.0,86,356.0,6.7,0.0,83.9,101,83,15.7,11,-4.7,6.4,0.377,6.2,1.9,0.1,16.2,1.4,1737,4.71,1.0,13.840,13,2.5,6.7
1176.0,85,353.2,11.4,0.0,83.9,101,83,26.4,11,-4.0,11.8,0.903,35.9,11.0,1.6,51.4,11.0,1752,9.10,6.7,13.805,14,8.8,10.1
1179.0,85,359.7,12.4,21.0,83.9,101,88,47.1,11,-1.6,12.7,1.002,24.0,12.1,1.6,55.9,12.1,1814,14.10,7.9,13.760,14,23.1,12.9
1182.0,85,373.0,14.1,57.4,83.9,101,96,51.0,11,-2.1,14.5,0.999,23.3,13.6,1.5,62.3,13.6,1926,17.02,9.9,13.760,14,26.3,13.7
1185.0,85,388.0,15.8,0.0,83.6,101,99,49.4,11,-2.3,16.8,0.998,24.9,15.3,0.8,66.7,15.3,1999,16.11,12.5,13.760,14,18.3,13.5
1188.0,85,394.5,12.5,34.8,83.5,101,103,47.5,11,-2.3,13.7,0.999,37.0,14.1,0.3,66.9,14.4,2079,17.31,11.5,13.760,14,3.1,9.4
1191.0,85,404.5,15.3,50.0,83.5,101,108,58.0,11,-2.3,15.3,0.997,26.4,14.7,0.8,66.4,14.7,2150,19.64,11.8,13.760,14,37.6,14.9
1194.0,85,416.1,13.5,0.0,83.5,101,111,53.5,11,-2.3,14.1,0.997,27.7,12.0,2.1,61.9,12.3,2112,19.04,10.8,13.760,14,26.1,13.0
1197.0,85,420.0,5.2,8.7,83.7,101,112,46.9,11,-2.3,5.1,0.994,36.7,0.0,0.0,14.9,0.0,2096,14.94,0.8,13.797,14,18.1,8.0
1200.0,85,425.0,15.3,27.6,83.9,101,112,40.0,11,-2.3,12.4,0.979,26.0,10.3,0.0,41.6,9.9,2100,14.62,8.2,13.828,14,26.3,13.7
1203.0,86,433.6,16.5,53.0,83.9,101,112,60.4,11,-2.3,16.8,0.987,23.4,16.1,0.0,70.1,16.1,2126,21.18,13.7,13.760,14,29.9,15.7
1206.0,86,444.0,15.7,58.8,83.9,101,113,45.3,11,-3.4,16.7,0.995,20.7,15.5,0.0,68.2,15.8,2162,18.73,13.5,13.812,14,18.8,13.7
1209.0,86,446.7,5.2,37.8,83.9,101,113,33.4,11,-4.1,5.5,0.998,20.7,7.5,0.6,40.3,9.0,2134,13.96,4.3,13.840,14,4.7,6.7
1212.0,86,449.8,12.9,15.0,83.9,101,112,36.1,11,-2.3,11.9,0.993,27.5,12.0,0.8,47.2,12.2,2125,12.34,8.0,13.826,14,23.1,12.9
1215.0,86,453.7,13.5,2.2,83.9,101,112,36.1,11,-2.3,14.3,0.996,27.8,13.6,0.8,61.3,13.7,2145,18.52,10.2,13.760,14,21.7,12.7
1218.0,86,460.0,13.6,12.2,83.9,101,112,36.9,11,-2.3,13.7,0.997,28.6,12.7,0.8,52.9,12.8,2112,12.10,9.3,13.760,14,20.7,12.1
1221.0,86,462.5,11.8,5.0,83.9,101,112,40.1,11,-2.3,11.8,0.997,29.9,11.4,3.9,46.8,11.4,2126,13.57,7.5,13.760,14,21.2,11.6
1224.0,86,468.0,15.5,0.0,83.9,101,112,48.6,11,-2.3,15.9,1.003,25.0,14.2,2.1,56.7,14.5,2153,16.99,11.6,13.760,14,29.8,14.9
1227.0,86,476.4,19.9,0.0,83.9,101,112,62.2,11,-1.9,20.3,0.997,20.6,17.4,0.7,74.8,18.0,2200,24.04,16.6,13.760,14,63.4,20.0
1230.0,86,487.9,24.0,13.7,83.6,100,111,68.9,11,-1.6,23.6,0.995,16.4,19.6,3.9,79.2,20.0,2209,24.52,19.6,13.760,14,86.1,24.3
1233.0,86,494.8,24.7,8.0,83.7,100,109,70.6,11,-1.6,25.1,1.000,16.0,20.4,3.4,80.7,20.6,2244,25.57,20.8,13.760,14,88.8,24.3
1236.0,86,503.8,26.4,0.0,83.9,100,106,73.7,11,-1.6,26.6,1.001,13.9,21.5,2.1,83.5,21.8,2301,26.98,22.3,13.760,14,90.2,27.1
1239.0,86,513.1,28.4,0.0,83.9,100,102,75.5,11,-1.6,28.6,1.000,12.3,22.8,0.8,86.9,23.0,2376,28.55,23.9,13.760,14,89.2,28.5
1242.0,86,528.0,30.2,0.0,83.9,100,102,76.1,11,-1.9,30.4,0.999,11.8,23.9,0.8,88.6,23.9,2486,29.77,25.5,13.760,14,88.4,30.5
1245.0,86,537.9,32.2,3.4,83.9,100,103,75.9,11,-2.3,32.2,0.998,12.5,24.3,2.4,87.6,24.7,2507,30.45,27.1,13.760,14,88.3,32.3
1248.0,86,548.1,32.9,4.5,83.9,100,104,75.3,11,-2.3,32.4,0.996,12.5,24.7,2.5,86.8,24.9,2531,30.75,27.4,13.767,14,88.6,33.3
1251.0,86,556.7,33.0,0.9,83.9,100,105,75.3,11,-2.3,32.4,0.997,12.7,24.9,1.6,86.1,25.0,2550,30.96,27.7,13.840,14,88.4,32.9
1254.0,86,567.8,32.0,14.0,83.7,100,107,74.1,11,-2.1,32.0,0.998,13.1,24.3,1.6,85.1,24.7,2533,30.48,27.1,13.797,14,88.8,31.4
1257.0,86,571.4,27.1,8.8,83.5,100,109,72.3,11,-1.6,27.1,1.001,13.5,22.0,1.2,84.3,23.0,2471,29.46,24.3,13.779,14,90.2,27.1
1260.0,86,576.6,27.1,0.7,83.5,100,114,72.9,11,-1.6,27.1,0.998,13.2,22.0,0.6,83.7,22.0,2377,27.85,22.4,13.840,15,89.9,27.1
1263.0,86,579.9,27.2,0.0,83.5,100,115,73.3,11,-1.9,27.2,0.996,12.9,22.0,0.0,84.7,22.0,2411,28.14,22.4,13.786,15,89.6,27.4
1266.0,86,585.5,27.8,0.0,83.5,100,116,73.1,11,-2.1,27.8,0.995,12.7,22.4,0.0,83.8,22.4,2427,28.33,23.1,13.760,15,89.8,27.9
1269.0,86,589.7,25.5,0.0,83.5,100,116,71.1,11,-1.6,26.3,1.000,15.0,21.2,1.6,80.2,21.2,2365,26.75,21.1,13.760,15,91.4,25.5
1272.0,86,591.5,21.4,4.0,83.5,100,116,61.2,11,-1.6,21.5,1.002,18.8,17.9,2.9,71.8,18.1,2223,21.90,16.5,13.760,15,58.7,21.0
1275.0,86,587.9,15.4,43.0,83.5,100,116,53.5,11,-1.9,14.5,1.002,23.5,12.9,2.3,50.6,13.0,2187,17.59,9.0,13.760,15,36.2,16.3
1278.0,86,588.0,14.2,29.4,83.5,100,117,47.2,11,-2.3,14.1,1.001,25.6,13.3,2.9,51.8,13.7,2201,16.24,9.8,13.760,15,22.1,14.6
1281.0,86,586.4,20.8,13.0,83.5,101,118,49.4,11,-2.3,19.0,1.001,22.5,16.2,1.5,63.2,16.5,2243,18.52,14.1,13.760,16,0.0,18.0
1284.0,86,584.6,23.3,0.0,83.5,101,124,65.1,11,-1.8,23.6,1.005,18.6,19.4,-0.4,77.1,19.6,2321,24.97,18.9,13.760,16,0.0,22.3
1287.0,86,587.9,27.6,0.0,83.5,101,126,72.9,11,-1.9,27.5,1.003,14.9,22.1,-1.6,84.7,22.1,2486,28.45,22.7,13.710,16,0.0,27.2
1290.0,86,592.9,32.5,5.5,83.5,101,130,74.1,11,-2.3,31.4,0.996,14.5,23.1,-0.4,82.5,23.5,2632,30.71,25.5,13.710,16,14.2,31.0
1293.0,86,597.5,31.8,6.3,83.6,100,134,72.9,11,-2.3,31.2,0.999,16.0,23.1,-0.4,81.6,23.5,2773,32.05,25.7,13.760,16,87.5,31.4
1296.0,86,600.5,31.1,0.2,83.9,100,136,72.4,11,-2.3,30.9,0.998,17.3,23.1,-0.6,81.4,23.4,2822,32.93,25.8,13.760,16,87.7,31.4
1299.0,86,603.9,30.7,1.8,83.9,100,137,72.6,11,-2.3,30.7,0.998,17.9,23.1,0.0,80.4,23.1,2774,32.56,25.5,13.711,16,87.4,31.4
1302.0,86,606.4,31.4,1.8,83.9,100,137,72.7,11,-2.3,31.0,1.000,17.5,23.1,0.6,79.9,23.5,2802,32.63,25.5,13.711,16,86.8,31.4
1305.0,86,609.3,31.4,3.3,84.0,100,136,72.2,11,-2.3,31.2,0.998,17.0,23.1,0.5,80.4,23.5,2811,32.75,25.7,13.760,16,87.5,31.4
1308.0,86,612.1,31.5,7.0,84.3,100,132,72.2,11,-2.3,31.5,0.997,17.0,23.2,0.1,81.6,23.6,2775,32.27,25.9,13.760,16,87.5,31.4
1311.0,86,615.9,31.8,1.4,84.0,100,131,72.5,11,-2.3,31.8,0.997,16.8,23.5,0.8,81.2,23.9,2794,32.39,25.9,13.760,16,87.5,31.5
1314.0,86,618.2,31.8,0.0,83.9,100,130,72.5,11,-2.3,31.8,0.998,16.0,23.5,0.8,81.4,23.5,2769,32.00,25.9,13.760,17,86.1,31.8
1317.0,86,620.0,26.9,0.0,83.9,100,130,70.6,11,-2.3,27.7,0.999,19.0,21.5,0.3,80.3,21.8,2685,30.94,23.1,13.760,17,63.9,25.3
1320.0,86,620.0,24.5,0.0,83.5,100,130,71.1,11,-2.3,24.3,0.999,18.9,19.6,-0.7,77.6,19.9,2475,27.59,19.1,13.760,17,76.8,24.7
1323.0,86,619.8,27.8,0.0,83.5,100,131,69.9,11,-2.3,27.1,0.999,16.9,21.2,0.8,78.0,21.2,2499,26.78,21.2,13.760,17,87.0,27.2
1326.0,86,620.0,26.3,3.1,83.5,100,132,66.7,11,-2.3,26.8,1.002,19.5,21.2,0.8,79.8,21.4,2499,26.33,21.7,13.760,17,79.2,24.3
1329.0,86,620.0,24.9,7.0,83.5,100,130,67.5,11,-2.3,24.1,1.001,19.8,19.3,0.4,77.8,19.6,2472,26.51,19.1,13.760,17,73.1,23.6
1332.0,86,619.9,22.4,0.0,83.5,101,129,57.2,11,-2.3,19.9,0.998,20.9,16.1,-0.8,64.7,15.8,2437,17.13,13.0,13.760,17,55.2,21.6
1335.0,86,617.6,19.2,25.5,83.5,101,129,51.5,11,-2.3,19.2,0.994,23.5,16.5,-0.8,68.3,16.9,2457,20.74,14.9,13.788,17,39.1,18.1
1338.0,86,616.0,21.9,35.8,83.6,100,132,65.2,11,-2.3,21.7,0.991,21.2,17.9,-0.1,73.2,18.2,2496,25.66,16.6,13.830,17,67.5,23.1
1341.0,86,616.7,26.2,14.7,83.9,100,134,72.2,11,-2.3,25.9,0.994,17.6,20.4,0.8,78.3,20.5,2570,28.45,20.4,13.760,17,82.3,26.8
1344.0,86,620.0,29.7,4.2,83.9,100,134,72.6,11,-2.3,29.6,0.997,16.2,22.8,0.9,81.1,22.8,2724,31.52,24.7,13.760,17,87.9,29.7
1347.0,86,620.0,30.6,1.6,83.9,100,133,58.8,11,-1.7,30.6,0.908,17.1,23.1,1.6,64.7,23.1,2594,20.52,24.7,13.805,17,77.1,30.0
1350.0,86,611.3,13.7,0.0,84.0,101,130,12.5,11,1.6,15.3,0.001,-8.0,10.0,0.9,43.4,10.8,2441,8.40,12.6,13.869,17,0.0,5.5
1353.0,86,593.6,5.4,0.0,84.3,101,122,12.0,11,-2.1,5.4,0.000,-8.9,0.0,0.0,13.6,0.0,2299,4.81,0.4,13.760,17,0.0,5.3
1356.0,86,571.9,5.1,0.0,84.3,101,119,11.5,11,-4.7,5.1,0.212,-3.2,0.0,0.0,12.9,0.0,2161,4.53,0.4,13.674,17,0.8,5.1
1359.0,86,567.9,4.7,3.6,84.2,101,113,12.1,11,-4.7,4.8,0.884,32.0,1.9,1.9,14.1,2.4,2126,4.78,0.7,13.643,17,3.2,5.1
1362.0,86,563.0,8.1,17.7,83.9,101,110,21.2,11,-4.7,8.3,0.981,31.1,7.3,1.4,29.2,7.9,2084,7.32,4.6,13.763,17,10.2,8.5
1365.0,86,560.0,13.5,54.2,83.9,101,109,47.2,11,-3.3,13.9,1.006,26.0,13.8,-1.5,60.1,14.3,2125,18.77,11.0,13.840,17,33.9,14.2
1368.0,86,560.0,20.1,32.6,83.9,101,109,64.8,11,-2.1,20.0,0.999,17.8,17.3,-0.8,74.9,17.3,2108,20.56,16.1,13.840,17,57.9,20.4
1371.0,86,561.7,22.7,14.7,83.9,100,110,67.5,11,-1.6,21.7,0.997,16.0,18.2,0.0,76.4,18.4,2123,22.38,17.4,13.825,17,68.6,22.4
1374.0,86,564.2,22.9,0.4,83.9,100,110,69.0,11,-1.6,22.7,0.999,16.0,18.8,0.6,78.1,19.1,2162,23.89,18.4,13.760,17,75.9,22.8
1377.0,86,567.9,22.7,21.8,83.6,101,111,66.6,11,-1.6,22.5,1.000,16.6,18.7,0.0,78.4,18.8,2134,22.01,18.4,13.712,17,70.6,22.3
1380.0,86,570.3,20.0,10.0,83.5,101,112,64.0,11,-1.6,20.0,0.999,18.5,17.3,-0.6,74.9,17.3,2131,21.36,16.4,13.710,18,55.8,20.1
1383.0,86,572.0,21.4,1.6,83.6,100,112,65.9,11,-1.6,21.2,0.996,17.5,17.9,-0.0,74.6,18.1,2141,21.84,16.9,13.760,18,67.8,22.0
1386.0,86,572.6,22.0,8.3,83.9,100,114,68.2,11,-1.6,22.0,1.000,17.2,18.4,1.2,76.1,18.7,2151,23.02,17.9,13.760,18,70.2,22.2
1389.0,87,575.9,22.0,34.2,83.9,100,114,67.4,11,-1.6,22.0,1.001,17.3,18.4,2.3,76.1,18.4,2175,23.12,17.6,13.760,18,69.8,22.3
1392.0,87,578.5,22.0,33.6,83.9,100,115,66.5,11,-1.6,22.0,1.001,18.0,18.4,2.3,75.8,18.4,2189,22.99,17.6,13.760,18,68.1,22.0
1395.0,87,580.0,22.3,32.0,83.8,100,116,65.9,11,-1.6,22.3,1.010,18.0,18.4,1.9,76.1,18.6,2204,23.06,17.8,13.773,18,71.0,22.4
1398.0,87,580.0,22.4,25.8,83.5,100,116,65.9,11,-1.6,22.4,1.002,18.3,18.6,1.6,76.4,18.8,2214,23.83,18.0,13.840,18,69.0,22.4
1401.0,87,580.0,22.5,0.0,83.5,100,117,66.3,11,-1.6,22.3,0.998,18.5,18.4,1.6,76.1,18.4,2237,23.85,17.5,13.786,18,71.5,22.5
1404.0,87,582.6,22.7,28.3,83.7,100,119,53.8,11,-2.3,21.6,0.999,20.2,16.5,2.3,59.8,14.9,2266,18.88,10.6,13.804,18,62.7,21.1
1407.0,87,582.5,11.9,30.2,83.8,101,120,18.7,11,-4.7,12.7,1.002,37.5,11.3,1.9,39.7,10.8,2263,12.38,6.7,13.842,18,9.8,8.2
1410.0,87,578.7,8.6,7.0,83.5,101,118,13.3,11,-4.7,10.0,1.000,37.2,9.9,0.5,33.2,9.9,2212,7.96,4.0,13.760,18,2.8,7.8
1413.0,87,572.0,11.7,55.2,83.9,101,117,38.5,11,-3.5,13.5,0.997,31.7,13.0,-2.1,56.2,13.3,2212,19.26,5.2,13.816,18,19.8,11.5
1416.0,87,572.0,18.4,18.2,83.7,101,117,58.1,11,-2.3,18.4,0.994,22.0,16.1,2.3,66.3,16.5,2228,20.44,14.1,13.804,18,41.8,18.0
1419.0,87,573.8,18.4,25.8,83.5,100,118,59.5,11,-2.3,18.4,0.996,21.5,16.4,1.9,66.7,16.5,2232,21.26,14.1,13.760,18,45.4,18.4
1422.0,87,576.0,18.6,52.2,83.5,101,116,58.8,11,-2.3,18.6,0.997,21.2,16.5,1.4,67.3,16.5,2225,20.93,14.2,13.760,18,42.0,18.4
1425.0,87,576.0,18.9,0.0,83.5,100,116,59.3,11,-2.3,18.9,0.997,21.0,16.5,0.8,67.8,16.5,2225,21.27,14.5,13.814,18,44.8,18.7
1428.0,87,576.0,19.2,29.0,83.5,100,117,59.9,11,-2.3,19.2,0.998,21.0,16.5,0.1,68.4,16.9,2241,21.51,14.9,13.803,18,48.0,19.2
1431.0,87,576.0,19.2,24.1,83.5,100,118,60.3,11,-2.3,19.2,0.999,21.5,16.5,0.9,68.6,16.6,2250,19.35,14.9,13.760,18,47.8,19.2
1434.0,87,576.9,20.4,8.3,83.5,101,120,59.6,11,-2.3,20.3,1.008,20.9,17.1,1.3,70.0,17.3,2262,16.25,15.8,13.760,18,54.9,20.2
1437.0,87,580.0,21.4,43.8,83.5,100,121,62.9,11,-1.9,20.0,1.005,20.3,17.0,0.9,72.7,17.6,2325,23.99,16.3,13.760,18,58.4,21.2
1440.0,87,580.0,20.7,42.6,83.3,100,121,57.6,11,-1.8,13.3,1.001,20.4,12.2,2.3,45.9,12.5,2308,19.79,8.2,13.760,18,52.5,21.1
1443.0,87,580.0,17.3,23.5,83.1,101,120,45.4,11,-2.3,16.2,0.998,23.5,14.4,1.4,55.1,14.7,2279,18.58,11.0,13.769,18,28.5,16.1
1446.0,87,580.0,19.5,0.0,83.1,101,118,61.2,11,-2.3,19.3,0.999,21.6,16.5,1.3,56.0,16.5,2248,20.84,13.3,13.802,18,51.0,18.8
1449.0,87,580.0,21.0,0.0,83.1,101,118,61.2,11,-2.3,20.9,1.003,20.7,17.7,2.4,43.7,17.4,2237,17.70,14.4,13.840,18,51.0,19.8
1452.0,87,580.0,19.7,0.0,83.1,101,118,61.5,11,-2.3,18.5,1.004,20.8,16.5,3.1,67.8,16.5,2229,19.98,14.1,13.840,18,51.9,19.8
1455.0,87,580.0,20.4,25.3,83.0,100,118,61.4,11,-2.3,20.4,1.000,20.0,17.1,2.2,70.1,17.2,2225,20.71,15.4,13.817,18,51.9,20.4
1458.0,87,580.0,16.8,45.1,82.7,101,118,58.0,11,-2.3,17.2,1.000,25.9,15.4,2.1,65.2,15.7,2222,19.47,13.4,13.760,18,0.0,15.1
1461.0,87,580.0,13.5,0.0,82.7,101,118,53.5,11,-2.3,13.3,0.999,28.3,12.7,3.1,47.8,12.7,2200,17.11,8.8,13.760,18,0.0,13.5
1464.0,87,580.0,15.8,0.0,82.7,101,119,53.4,11,-2.3,15.3,1.001,24.6,14.1,1.6,53.1,14.5,2239,17.72,11.0,13.760,18,0.0,16.3
1467.0,87,580.0,20.8,0.0,82.7,101,120,60.4,11,-2.3,19.2,1.013,21.0,16.5,0.8,63.1,16.8,2279,17.94,14.3,13.760,18,0.0,20.8
1470.0,87,580.0,21.0,0.9,82.7,101,122,60.4,11,-2.3,21.2,1.004,21.0,18.0,0.4,73.3,18.4,2312,17.10,17.0,13.760,18,34.8,20.3
1473.0,87,579.9,21.8,21.0,82.7,100,121,63.9,11,-2.0,21.7,0.998,20.0,18.3,1.6,76.5,18.6,2300,22.82,17.5,13.760,18,65.4,21.4
1476.0,87,582.2,24.7,10.0,82.9,100,120,66.4,11,-1.6,24.7,0.997,17.5,20.4,1.6,78.8,20.8,2287,23.95,20.4,13.731,18,79.5,24.1
1479.0,87,584.0,22.8,8.1,83.0,100,118,62.7,11,-1.6,23.0,0.997,19.5,19.1,1.3,78.5,19.6,2261,23.07,18.9,13.686,18,54.9,21.2
1482.0,87,584.2,22.6,32.6,82.7,100,117,67.1,11,-1.6,22.3,0.997,18.5,18.6,1.0,75.9,18.9,2212,24.45,17.8,13.840,18,74.5,22.8
1485.0,87,587.9,24.3,0.0,82.7,100,117,69.0,11,-1.6,23.9,0.999,17.5,20.0,2.3,78.0,20.4,2232,24.60,19.6,13.840,18,86.5,24.3
1488.0,87,588.0,24.3,7.5,82.7,100,119,67.7,11,-1.6,23.9,1.003,17.5,20.0,1.8,77.7,20.4,2257,24.67,20.0,13.810,18,82.8,24.2
1491.0,87,589.4,22.2,11.8,82.8,100,120,63.5,11,-1.6,22.0,1.009,20.5,18.2,1.9,71.5,18.0,2278,23.57,16.4,13.760,18,57.3,20.8
1494.0,87,591.8,19.6,8.7,83.1,100,120,58.0,11,-2.0,19.5,1.006,21.7,16.2,2.3,61.6,15.7,2287,19.36,12.5,13.760,18,46.4,19.2
1497.0,87,587.9,17.3,0.0,82.8,101,120,53.1,11,-2.3,17.3,1.002,23.3,15.3,2.3,54.1,15.7,2278,17.64,12.5,13.760,18,38.9,17.4
1500.0,87,588.0,17.6,13.3,82.7,101,120,51.6,11,-2.3,17.6,0.999,22.5,15.7,1.8,59.5,15.7,2281,18.69,12.8,13.703,18,39.6,17.6
1503.0,87,588.0,18.6,32.0,82.6,100,120,56.5,11,-2.3,18.5,1.001,21.8,16.1,1.3,64.9,16.3,2302,20.15,13.7,13.618,18,46.7,19.2
1506.0,87,588.0,18.6,48.9,82.4,101,124,45.2,11,-2.3,18.7,1.008,22.6,16.2,0.8,67.8,16.6,2351,17.27,14.1,13.760,18,38.1,18.1
1509.0,87,587.9,18.2,22.8,82.4,101,126,50.2,11,-2.3,17.9,1.008,23.1,15.8,0.8,62.7,15.8,2399,21.23,12.9,13.760,18,40.4,18.3
1512.0,87,588.0,21.2,9.6,82.4,101,128,61.2,11,-2.3,21.2,0.999,22.1,17.6,-0.4,69.9,17.6,2421,23.67,15.3,13.794,18,48.3,20.1
1515.0,87,588.0,16.8,0.0,82.4,100,128,61.0,11,-2.3,16.1,0.996,25.5,13.6,0.0,51.5,12.1,2406,20.58,9.0,13.840,18,35.3,16.1
1518.0,87,587.1,13.5,0.0,82.4,101,124,34.5,11,-2.3,13.5,0.996,29.4,12.1,0.8,32.4,10.3,2346,10.60,5.9,13.840,18,24.2,13.4
1521.0,87,583.9,11.9,0.0,82.4,101,123,39.7,11,-2.3,13.1,0.998,31.4,12.8,0.9,46.0,12.8,2325,15.48,8.6,13.840,18,22.6,12.0
1524.0,87,579.9,12.4,50.6,82.4,101,121,39.8,11,-2.3,12.6,0.995,29.7,12.5,1.6,47.1,12.5,2306,16.01,8.6,13.791,18,23.7,12.6
1527.0,87,580.0,13.7,28.3,82.4,101,119,43.8,11,-2.3,14.1,0.988,27.0,13.3,2.6,49.9,13.3,2287,18.99,9.2,13.791,18,29.0,14.0
1530.0,87,580.0,19.2,9.1,82.3,101,118,64.4,11,-2.3,18.7,1.004,20.8,16.1,2.4,61.0,16.2,2262,22.50,13.7,13.807,18,61.2,22.0
1533.0,87,580.5,22.3,29.8,82.0,100,116,65.9,11,-1.8,22.1,1.000,18.2,18.4,1.3,74.5,18.8,2225,23.73,18.0,13.600,18,68.0,22.4
1536.0,87,583.9,23.3,13.0,82.0,100,116,66.7,11,-1.6,22.7,0.997,17.6,18.6,0.0,76.1,18.9,2212,23.74,18.1,13.705,18,75.4,23.1
1539.0,87,584.0,25.5,5.2,81.8,100,117,68.6,11,-1.8,25.5,0.995,17.9,20.8,0.6,80.7,21.2,2340,26.07,20.8,13.760,18,82.0,24.3
1542.0,87,587.2,27.2,0.0,81.6,100,118,71.5,11,-2.3,26.8,0.991,15.0,21.5,0.8,82.7,21.7,2461,28.45,21.9,13.775,18,88.6,27.8
1545.0,87,592.5,27.8,0.0,81.6,100,122,72.2,11,-2.3,27.6,0.995,15.0,22.0,0.8,82.9,22.1,2512,28.97,22.7,13.840,18,88.3,27.8
1548.0,87,595.9,25.7,0.0,81.3,100,123,47.2,11,-3.4,26.5,0.998,19.8,21.4,0.8,82.4,22.0,2511,29.10,22.3,13.790,18,56.2,22.8
1551.0,87,596.0,16.1,29.6,81.2,100,123,34.4,11,-4.1,16.9,0.999,31.2,15.3,1.4,69.4,15.7,2400,27.17,12.5,13.728,18,24.8,13.6
1554.0,87,597.7,25.2,31.8,81.2,100,122,71.5,11,-1.6,24.8,1.000,13.0,19.9,1.6,73.9,19.9,2412,26.39,19.0,13.710,18,89.4,27.5
1557.0,87,600.0,28.6,7.6,81.2,100,124,72.9,11,-2.1,28.7,0.999,14.2,22.0,1.6,81.4,21.6,2545,29.31,22.3,13.840,18,88.6,28.2
1560.0,87,600.0,23.9,0.0,81.2,100,124,69.2,11,-2.3,24.2,1.005,22.0,18.2,1.6,73.7,17.8,2362,24.77,17.6,13.783,18,76.7,21.7
1563.0,87,597.3,8.6,0.0,81.2,100,122,49.4,11,-2.9,5.5,0.984,33.2,0.0,0.0,30.1,0.0,2281,14.33,0.4,13.726,18,48.8,9.9
1566.0,87,588.7,6.3,0.0,81.2,101,118,11.8,11,-4.7,5.3,0.884,17.0,0.0,0.0,13.0,0.0,2189,4.81,0.4,13.690,18,0.0,5.5
1569.0,87,575.7,7.8,0.0,81.2,101,112,18.1,11,-4.7,7.3,0.956,20.7,3.2,-0.2,17.0,3.0,2100,5.49,2.3,13.760,18,0.0,8.4
1572.0,87,567.9,13.7,0.0,81.2,101,112,41.5,11,-3.6,13.1,1.006,23.7,12.5,-1.6,58.0,13.3,2135,15.01,9.8,13.760,18,27.6,14.0
1575.0,86,570.1,25.5,0.0,81.2,101,112,70.7,11,-1.6,24.7,0.988,16.0,18.2,0.8,71.0,18.4,2208,22.22,16.9,13.780,18,88.9,25.5
1578.0,86,573.1,21.2,13.2,81.2,100,114,61.2,11,-1.6,21.2,1.003,18.9,18.0,1.4,75.8,18.4,2255,23.45,17.2,13.838,18,51.8,20.7
1581.0,86,575.9,16.5,50.8,81.2,101,115,43.3,11,-2.0,16.5,1.003,23.0,14.9,0.6,62.8,14.7,2187,12.66,11.9,13.760,18,36.1,16.2
1584.0,86,571.9,14.2,10.7,80.9,101,117,39.0,11,-2.3,13.4,0.997,26.1,11.7,4.7,26.7,10.0,2197,14.24,4.8,13.760,18,25.9,14.1
1587.0,86,572.0,17.6,0.0,80.8,101,118,48.4,11,-2.3,18.0,0.993,24.5,16.1,2.1,51.8,16.1,2231,18.02,13.7,13.712,18,32.9,15.3
1590.0,86,572.0,20.4,0.0,80.9,101,118,64.3,11,-2.3,20.3,0.998,20.9,17.4,1.1,69.6,17.5,2262,22.24,15.8,13.603,18,60.8,19.7
1593.0,86,572.7,23.0,0.0,81.2,100,118,66.6,11,-1.8,22.8,0.999,18.6,19.0,1.6,76.0,19.3,2264,24.06,18.7,13.680,18,77.5,22.6
1596.0,86,579.9,24.9,0.0,81.2,100,118,69.2,11,-1.6,24.4,1.000,16.8,20.4,1.6,80.4,20.8,2324,25.67,20.8,13.723,18,88.4,24.6
1599.0,86,582.2,26.3,0.0,81.2,100,118,71.6,11,-1.6,26.3,1.001,14.0,21.2,0.1,82.0,21.4,2361,26.99,21.3,13.779,18,89.4,26.7
1602.0,86,585.1,27.1,2.2,81.2,100,118,72.9,11,-1.6,27.1,0.999,13.4,21.8,0.1,83.4,22.0,2400,27.21,22.4,13.840,18,88.5,27.2
1605.0,86,588.0,26.1,8.8,80.8,100,118,67.4,11,-1.6,26.4,0.999,15.4,21.7,1.6,83.3,21.8,2400,23.10,22.7,13.840,18,75.2,25.3
1608.0,86,587.9,22.7,2.4,80.8,100,119,67.8,11,-1.6,22.4,1.000,18.0,19.2,1.6,75.7,19.2,2322,24.68,18.4,13.758,18,69.5,23.3
1611.0,86,590.0,27.1,0.0,80.8,100,120,73.0,11,-1.7,26.2,1.006,13.0,21.2,1.1,80.1,21.3,2369,26.75,21.2,13.702,18,88.2,27.1
1614.0,86,593.9,28.4,1.0,80.8,100,120,73.7,11,-2.3,28.4,1.000,14.0,22.3,1.1,83.2,22.5,2477,28.55,23.1,13.760,18,87.7,28.6
1617.0,86,600.0,24.8,5.2,80.8,100,120,73.2,11,-2.3,26.1,1.000,15.6,20.7,1.6,81.8,21.0,2487,28.39,22.1,13.760,18,88.2,27.2
1620.0,86,600.0,12.4,1.8,80.8,100,119,61.7,11,-2.3,11.4,1.000,18.2,9.0,0.8,31.4,9.0,2322,19.62,4.3,13.683,18,74.1,22.8
1623.0,86,598.2,18.4,19.1,80.8,101,118,41.1,11,-2.3,16.3,0.999,22.5,14.0,1.3,51.4,13.8,2225,17.00,10.6,13.619,18,30.6,17.3
1626.0,86,596.0,22.0,37.8,80.8,100,116,67.5,11,-1.6,21.6,0.998,18.6,18.2,1.8,72.2,18.2,2232,24.48,17.0,13.681,18,86.2,22.3
1629.0,86,596.0,25.6,0.0,80.8,100,117,69.2,11,-1.6,25.6,0.998,16.1,20.5,2.3,81.2,20.9,2275,25.72,21.2,13.760,18,87.9,25.2
1632.0,86,598.6,25.9,4.8,80.6,100,118,70.6,11,-1.6,25.9,0.999,15.5,20.8,2.3,80.8,21.2,2290,25.88,21.2,13.760,18,89.8,25.9
1635.0,86,600.0,25.9,6.9,80.4,100,118,70.6,11,-1.6,25.9,1.000,16.0,21.1,1.5,81.6,21.2,2325,26.51,21.4,13.760,18,89.8,25.9
1638.0,86,600.7,27.3,4.5,80.4,100,120,72.2,11,-2.1,27.7,0.995,14.6,22.1,0.6,82.7,22.2,2397,28.04,22.9,13.760,18,88.7,27.5
1641.0,86,604.0,29.9,0.0,80.4,100,120,73.0,11,-2.3,30.7,0.995,13.9,23.6,0.1,83.5,24.0,2562,31.03,25.7,13.760,18,87.9,30.2
1644.0,86,606.6,33.3,0.0,80.4,100,119,73.7,11,-2.3,33.3,1.000,15.0,24.3,1.6,83.5,24.7,2660,31.70,27.8,13.760,18,87.5,33.3
1647.0,86,609.6,33.6,0.0,80.5,100,118,73.7,11,-2.3,33.6,0.998,15.0,24.6,1.2,83.0,24.9,2716,32.19,28.0,13.760,18,87.5,33.7
1650.0,86,612.7,32.2,5.8,80.8,100,118,72.9,11,-2.3,32.2,1.001,14.5,24.1,1.2,82.1,24.5,2685,31.44,27.2,13.760,18,87.7,31.7
1653.0,86,615.9,30.2,38.5,80.8,100,117,72.9,11,-2.0,30.0,1.002,13.7,23.1,2.3,81.2,23.5,2574,25.05,25.1,13.760,18,88.1,29.7
1656.0,86,616.0,28.6,20.4,80.8,100,116,73.1,11,-1.7,28.6,1.002,13.0,22.7,1.3,83.3,22.7,2528,26.98,24.2,13.760,18,88.6,28.6
1659.0,86,617.5,29.1,5.4,80.8,100,116,73.7,11,-2.3,28.8,0.999,14.1,22.7,0.8,83.6,22.9,2507,29.37,24.1,13.760,18,88.2,29.4
1662.0,86,620.0,26.0,2.2,80.8,100,120,68.7,11,-1.8,26.0,1.000,17.5,21.0,1.0,81.0,21.6,2530,29.22,22.1,13.760,17,69.4,25.1
1665.0,86,620.0,22.0,0.0,80.8,100,122,64.7,11,-1.6,21.7,1.000,20.2,18.1,1.6,74.1,18.4,2325,22.96,16.9,13.813,17,59.6,22.0
1668.0,86,617.6,22.0,19.3,80.8,100,125,59.6,11,-1.7,22.0,1.000,20.5,18.4,-0.8,74.4,18.4,2372,23.00,17.3,13.810,17,48.7,22.0
1671.0,86,616.0,19.0,23.5,80.8,101,126,51.0,11,-2.3,19.7,0.992,23.7,17.1,-0.1,71.0,17.4,2422,23.60,15.5,13.766,18,0.0,16.9
1674.0,86,616.0,19.6,0.0,80.8,101,129,61.9,11,-2.3,19.6,0.992,23.0,17.0,0.7,67.2,17.3,2450,25.89,15.0,13.840,18,0.0,19.9
1677.0,86,615.9,23.4,0.0,80.6,101,131,65.6,11,-2.3,23.1,0.993,20.8,19.2,0.0,78.0,19.6,2495,26.20,19.2,13.840,18,0.0,22.9
1680.0,86,613.8,22.0,11.2,80.4,101,132,62.9,11,-2.3,22.0,0.995,22.0,18.3,0.0,74.6,18.5,2506,25.73,17.6,13.813,17,5.7,22.0
1683.0,86,612.0,21.7,18.1,80.4,100,132,63.5,11,-2.3,21.8,1.001,21.6,18.0,0.0,72.7,18.0,2494,24.94,16.7,13.760,17,60.4,21.6
1686.0,86,612.0,22.7,10.7,80.4,100,130,64.7,11,-2.3,22.5,0.997,20.4,18.6,-0.2,73.9,18.5,2474,25.35,17.2,13.760,17,70.8,22.9
1689.0,86,612.0,23.8,21.8,80.1,100,130,66.5,11,-2.3,23.8,0.995,19.7,19.5,-0.7,78.4,19.6,2462,26.32,18.8,13.817,17,75.3,23.7
1692.0,86,612.0,23.5,22.5,80.0,100,130,67.2,11,-2.3,23.5,0.997,19.9,19.2,0.0,77.6,19.6,2462,26.56,18.8,13.759,17,75.0,23.6
1695.0,86,613.9,23.9,12.5,80.0,100,130,66.9,11,-2.3,23.8,0.998,19.5,19.5,0.0,78.0,19.6,2468,26.68,19.0,13.722,17,75.9,23.9
1698.0,86,616.0,24.1,2.4,80.0,100,130,68.2,11,-2.3,24.1,1.000,19.5,19.8,0.0,78.3,19.8,2475,26.83,19.3,13.840,17,84.7,24.2
1701.0,86,616.0,24.1,13.0,80.0,100,130,68.7,11,-2.3,24.1,1.000,19.1,19.9,0.0,78.0,19.9,2475,26.79,19.5,13.783,17,84.3,24.3
1704.0,86,616.0,23.5,4.5,79.8,100,130,66.1,11,-2.3,23.1,1.001,19.0,19.2,0.0,76.9,19.2,2475,24.96,18.4,13.760,17,75.1,23.5
1707.0,86,614.3,18.8,0.0,79.6,101,130,58.9,11,-2.3,19.2,0.999,23.5,16.7,0.0,68.9,17.0,2470,22.53,14.9,13.760,18,44.3,18.8
1710.0,86,612.0,16.7,3.5,79.6,101,130,45.5,11,-2.3,17.1,0.997,25.3,15.4,0.0,61.6,15.8,2462,20.45,12.6,13.760,18,35.8,16.9
1713.0,86,612.0,17.3,29.8,79.6,101,130,51.5,11,-2.3,17.5,0.997,25.2,15.9,0.0,62.7,16.2,2462,21.49,13.1,13.760,18,37.3,16.9
1716.0,86,609.2,21.6,10.7,79.6,101,130,58.5,11,-2.3,21.6,0.998,22.4,18.0,-0.6,70.4,18.0,2477,23.32,16.5,13.760,18,47.2,19.6
1719.0,86,608.0,22.2,0.4,79.6,101,130,62.1,11,-2.3,22.2,1.000,21.0,18.3,-0.8,73.5,18.3,2477,23.91,17.0,13.760,18,59.7,22.4
1722.0,86,608.0,20.4,0.0,79.6,101,130,58.0,11,-2.3,20.6,1.001,22.3,17.5,-0.3,71.8,17.6,2453,21.97,16.1,13.760,18,44.7,20.0
1725.0,86,608.0,19.1,0.0,79.6,101,127,58.0,11,-2.3,19.1,0.999,22.0,16.7,0.6,66.6,16.7,2412,22.36,14.4,13.760,18,44.3,19.3
1728.0,86,608.0,20.0,4.1,79.6,101,126,60.8,11,-2.3,20.0,0.993,20.4,17.6,-1.6,73.3,17.6,2396,23.62,16.1,13.799,18,49.0,20.3
1731.0,86,608.0,22.4,3.4,79.6,101,126,66.0,11,-2.3,21.6,0.987,20.0,18.1,-0.3,74.1,18.1,2378,24.75,17.0,13.840,18,64.7,22.0
1734.0,86,608.0,23.6,0.0,79.6,100,124,67.5,11,-2.3,23.4,0.993,19.4,19.2,0.8,76.3,19.2,2360,25.25,18.6,13.840,17,72.6,23.0
1737.0,86,608.0,25.0,0.0,79.6,100,123,69.3,11,-1.9,24.8,0.996,18.3,20.5,0.8,80.0,20.4,2350,26.06,20.5,13.784,17,82.2,24.3
1740.0,86,608.0,25.9,1.6,79.6,100,122,70.9,11,-1.6,25.5,0.997,16.9,20.8,1.6,81.6,20.8,2327,26.19,21.2,13.800,17,89.8,25.5
1743.0,86,609.8,25.9,3.9,79.5,100,122,71.0,11,-1.6,25.8,1.003,16.0,20.8,2.0,81.4,20.8,2298,25.78,21.2,13.821,17,89.3,25.9
1746.0,86,611.1,23.8,7.9,79.2,100,120,67.5,11,-1.6,24.1,1.000,18.3,19.7,1.5,79.3,19.9,2272,24.62,19.9,13.760,17,64.7,22.9
1749.0,86,608.0,22.4,17.5,79.2,100,119,66.4,11,-1.6,22.2,0.997,19.1,18.3,0.3,75.1,18.6,2250,23.66,17.9,13.760,17,65.8,22.0
1752.0,86,607.9,22.5,4.7,79.2,100,118,65.9,11,-1.6,21.6,0.998,18.3,18.0,2.3,73.3,18.0,2233,23.27,17.3,13.760,17,68.9,22.7
1755.0,86,608.0,23.9,0.0,79.0,100,118,66.9,11,-1.6,23.9,1.002,17.5,19.5,1.8,77.0,19.5,2219,23.77,19.2,13.734,17,74.9,23.5
1758.0,86,608.0,25.2,0.2,78.8,100,116,70.6,11,-1.6,25.2,0.995,16.4,20.6,1.6,80.1,20.6,2243,25.21,20.7,13.687,17,90.2,25.9
1761.0,86,608.1,26.3,0.8,78.8,100,116,72.1,11,-1.6,26.5,0.999,15.1,21.4,1.4,81.9,21.5,2350,27.04,21.8,13.760,17,89.3,26.3
1764.0,86,611.9,27.2,0.2,78.6,100,116,72.9,11,-1.8,27.1,1.000,14.2,22.0,0.0,84.3,22.4,2403,28.09,22.7,13.804,17,88.5,27.0
1767.0,86,612.0,27.8,0.0,78.4,100,116,73.0,11,-2.3,27.8,0.995,15.0,22.4,1.0,84.3,22.4,2441,28.71,23.0,13.819,18,88.2,27.8
1770.0,86,612.9,25.5,0.0,78.4,100,116,73.7,11,-2.3,25.0,0.998,15.6,21.0,1.6,82.2,21.1,2421,28.28,21.4,13.760,18,88.6,26.8
1773.0,86,616.0,23.8,0.0,78.4,101,116,71.3,11,-1.9,22.6,0.998,16.2,19.4,1.6,77.3,19.3,2212,24.02,19.0,13.819,18,40.9,25.6
1776.0,86,613.1,24.6,0.0,78.4,101,116,69.2,11,-1.6,24.7,0.998,16.6,20.0,1.6,78.8,20.0,2212,24.45,20.4,13.840,18,0.0,24.5
1779.0,86,612.0,23.5,0.0,78.4,101,116,67.3,11,-1.6,23.5,0.994,17.0,18.8,1.1,76.9,18.3,2218,23.55,17.7,13.816,18,0.0,23.5
1782.0,86,612.0,22.1,7.7,78.4,101,118,62.0,11,-1.6,21.9,1.001,19.1,18.0,1.1,74.2,17.6,2225,21.87,16.5,13.760,18,0.0,21.5
1785.0,86,611.7,20.1,27.9,78.4,100,118,62.5,11,-1.6,19.9,1.000,20.9,17.0,1.6,70.8,17.0,2225,22.62,15.6,13.760,18,21.9,19.4
1788.0,86,607.9,18.5,0.0,78.4,100,118,60.5,11,-1.9,18.0,1.002,21.9,15.3,1.6,64.7,15.3,2225,21.32,12.5,13.760,18,40.3,18.2
1791.0,86,608.0,18.8,3.5,78.6,100,118,59.7,11,-2.2,18.8,1.006,21.5,16.5,1.6,68.1,16.5,2231,21.90,14.3,13.782,18,47.4,18.9
1794.0,86,606.6,21.6,13.6,78.7,100,118,65.1,11,-1.6,21.0,0.999,19.2,17.9,1.9,72.5,18.1,2237,23.55,16.8,13.805,18,74.1,23.1
1797.0,86,604.0,23.1,28.8,78.4,100,118,66.7,11,-1.6,22.8,1.001,17.7,19.2,2.2,76.6,19.2,2237,23.89,18.8,13.680,18,75.7,23.1
1800.0,86,603.9,23.0,0.0,78.4,100,117,67.1,11,-1.6,23.0,1.001,17.3,19.2,1.6,76.9,19.2,2208,23.65,18.8,13.730,18,75.1,23.0
1803.0,86,604.0,22.7,11.2,78.4,100,116,67.1,11,-1.6,22.4,0.999,18.0,18.8,1.6,76.6,18.8,2200,23.59,18.4,13.760,17,72.7,22.7
1806.0,86,604.0,22.7,13.6,78.4,100,116,65.9,11,-1.6,22.6,0.998,17.5,18.8,2.0,76.3,18.8,2209,23.61,18.4,13.731,17,71.4,22.4
1809.0,86,604.0,22.3,10.4,78.4,100,118,65.1,11,-1.6,22.4,1.000,18.8,18.6,2.3,75.6,18.6,2232,23.60,18.1,13.601,17,64.9,22.1
1812.0,86,604.0,22.4,23.3,78.4,100,119,65.1,11,-1.6,22.2,0.998,19.3,18.6,2.3,74.7,18.6,2262,23.84,17.8,13.760,17,66.0,22.2
1815.0,86,603.9,23.0,11.2,78.7,100,120,65.9,11,-1.6,22.7,0.997,19.0,19.2,2.3,76.9,19.2,2292,24.43,18.4,13.811,17,69.6,22.6
1818.0,86,604.0,22.7,4.9,78.8,100,121,64.7,11,-1.7,22.7,0.998,19.1,19.2,1.2,76.6,19.2,2306,21.37,18.4,13.809,18,69.1,22.9
1821.0,86,604.0,21.5,0.0,78.9,100,122,58.0,11,-2.3,21.8,0.995,21.0,18.5,1.2,75.0,18.6,2315,18.78,17.7,13.760,18,51.8,20.8
1824.0,86,604.0,19.9,2.6,79.2,100,122,46.2,11,-2.3,20.3,0.997,21.7,17.6,1.5,72.0,17.6,2325,22.81,16.2,13.760,18,46.3,19.8
1827.0,86,603.9,18.8,45.5,79.2,100,122,51.8,11,-2.3,18.7,0.999,22.2,16.6,0.8,66.3,16.5,2325,22.04,14.1,13.760,18,46.9,19.4
1830.0,86,601.5,21.2,18.0,79.2,100,123,62.6,11,-2.2,21.2,1.000,21.0,18.0,0.8,71.4,18.0,2339,22.91,16.3,13.760,18,56.1,21.2
1833.0,86,600.0,15.1,0.0,79.1,100,124,64.1,11,-1.6,15.3,1.005,21.0,14.7,1.2,63.8,15.3,2346,22.27,12.6,13.770,18,62.0,21.6
1836.0,86,599.5,12.5,2.5,78.8,101,124,48.6,11,-2.1,11.3,1.001,26.5,10.9,1.6,44.7,10.9,2333,17.86,6.8,13.822,18,36.8,16.2
1839.0,86,596.0,13.5,26.2,79.1,101,122,49.5,11,-2.3,11.3,0.999,28.8,9.0,1.6,18.8,7.1,2275,10.74,2.5,13.781,18,31.2,14.1
1842.0,86,593.3,15.3,9.4,79.0,101,120,47.7,11,-2.3,14.5,0.999,24.1,13.3,3.1,22.2,12.2,2260,11.00,6.7,13.760,18,35.7,16.7
1845.0,86,590.4,15.0,5.7,78.8,101,120,40.9,11,-2.3,14.5,0.995,26.0,13.5,3.1,30.9,12.8,2250,10.39,8.4,13.772,18,31.0,14.9
1848.0,86,587.6,12.7,14.9,78.8,101,120,22.7,11,-2.3,13.1,1.000,30.9,12.7,2.1,38.9,12.5,2250,8.26,8.9,13.840,18,18.6,10.2
1851.0,86,583.9,9.9,0.0,78.8,101,120,26.6,11,-2.3,10.5,1.000,35.8,10.5,-1.6,35.7,10.5,2237,12.52,6.3,13.791,18,11.7,7.3
1854.0,86,579.3,10.6,0.0,78.8,101,119,26.9,11,-2.7,9.8,0.983,36.5,9.0,0.7,27.2,7.8,2212,9.93,4.1,13.790,18,12.2,9.8
1857.0,86,573.1,10.6,20.1,78.8,101,116,13.3,11,-4.7,12.0,0.884,36.5,11.9,1.9,41.2,11.9,2187,8.43,8.2,13.829,18,12.2,9.8
1860.0,86,568.5,18.3,58.6,78.8,100,114,55.6,11,-2.5,19.0,0.952,23.5,16.8,1.7,67.3,17.4,2204,22.59,15.3,13.760,18,63.8,19.4
1863.0,86,572.0,28.1,3.5,78.8,100,114,71.4,11,-1.9,28.4,0.997,12.3,22.4,-0.8,85.9,22.7,2450,27.68,23.5,13.760,18,89.2,27.8
1866.0,86,577.0,29.4,1.5,78.6,100,113,74.7,11,-2.3,29.4,1.000,13.0,22.7,1.4,85.6,23.1,2498,29.56,24.3,13.760,18,87.8,29.4
1869.0,86,582.9,29.9,0.0,78.5,100,112,75.2,11,-2.3,29.4,1.003,14.0,22.9,2.0,85.2,23.3,2537,29.94,24.5,13.760,18,87.8,30.2
1872.0,86,588.4,30.2,0.0,78.8,100,112,73.7,11,-2.3,29.7,0.998,13.7,23.1,1.6,84.7,23.5,2538,30.45,24.8,13.760,18,87.6,30.2
1875.0,86,591.9,30.3,0.0,78.8,100,112,73.7,11,-2.3,30.2,0.996,13.5,23.1,1.6,84.7,23.5,2550,30.41,25.1,13.760,18,87.6,30.3
1878.0,86,597.0,30.6,3.4,78.8,100,112,73.9,11,-2.3,30.6,0.998,13.5,23.5,1.0,84.7,23.9,2556,30.34,25.5,13.760,17,75.3,30.6
1881.0,86,601.4,30.1,4.1,78.7,101,112,74.5,11,-2.3,30.1,1.002,14.0,23.3,0.8,84.7,23.5,2545,30.14,25.3,13.760,17,0.0,31.0
1884.0,86,604.3,29.2,0.0,78.4,101,112,74.5,11,-2.3,29.3,1.000,13.5,22.9,0.8,84.6,22.9,2496,29.65,24.7,13.760,17,0.0,30.3
1887.0,86,607.9,27.4,0.0,78.4,101,112,72.8,11,-2.0,27.7,0.999,13.5,22.3,0.8,83.9,22.4,2175,25.66,23.5,13.714,17,0.0,28.2
1890.0,86,606.0,20.8,0.0,78.4,101,112,68.5,11,-1.7,16.5,0.998,15.0,15.3,1.3,73.7,17.7,2137,22.15,16.3,13.703,18,0.8,24.3
1893.0,86,603.0,12.9,0.4,78.4,100,110,54.9,11,-2.3,10.9,0.995,19.4,10.2,2.2,51.7,10.7,2071,18.25,7.9,13.760,18,17.6,16.3
1896.0,87,599.7,12.9,1.7,78.4,101,107,42.2,11,-2.3,11.2,1.001,20.5,9.2,2.6,31.4,9.0,2001,8.11,5.8,13.760,18,24.6,15.9
1899.0,87,595.9,21.5,0.0,78.2,100,106,51.0,11,-2.0,21.7,1.000,19.1,18.0,0.0,76.5,18.4,2112,18.09,17.6,13.715,18,48.1,19.5
1902.0,87,596.0,23.9,0.0,78.0,100,106,68.2,11,-1.6,23.9,0.987,16.0,19.3,1.1,78.5,19.3,2138,23.54,19.1,13.735,18,83.0,23.5
1905.0,87,597.4,23.4,3.3,77.9,100,108,68.2,11,-1.6,23.2,0.996,16.4,18.7,1.6,76.4,18.7,2147,23.40,18.2,13.827,18,85.5,23.9
1908.0,87,600.0,22.8,9.8,77.6,100,112,67.7,11,-1.6,22.6,0.998,16.8,18.1,1.6,72.5,18.1,2114,21.93,17.2,13.760,18,77.4,23.0
1911.0,87,600.0,21.6,0.0,77.6,100,114,63.1,11,-1.9,21.8,1.000,18.3,18.2,1.6,73.7,18.2,2175,20.49,17.8,13.760,18,60.2,21.0
1914.0,87,597.4,18.4,5.9,77.6,100,117,59.8,11,-2.3,18.4,1.000,21.9,16.5,2.3,69.0,16.5,2204,21.18,14.5,13.692,18,38.5,17.7
1917.0,87,596.0,14.3,22.7,77.6,100,118,62.3,11,-2.3,14.4,0.992,31.5,13.7,2.7,55.8,13.8,2225,18.11,10.7,13.600,18,20.4,11.8
1920.0,87,595.2,12.3,36.4,77.6,101,118,37.6,11,-2.3,13.4,0.997,30.9,12.8,2.4,46.3,12.6,2221,8.02,8.8,13.600,18,21.0,12.1
1923.0,87,592.0,13.1,0.0,78.0,101,118,43.3,11,-2.3,14.9,0.990,28.1,13.9,0.9,49.0,13.3,2187,5.39,9.6,13.715,18,28.4,14.1
1926.0,87,586.5,16.5,0.0,78.0,101,117,34.2,11,-3.0,16.5,0.763,20.6,15.3,3.9,20.8,13.7,2187,4.92,7.5,13.798,18,26.8,15.2
1929.0,87,578.7,7.2,8.8,78.0,101,115,14.6,11,-4.6,8.1,0.000,-12.0,7.9,5.1,27.4,10.2,2158,8.59,4.9,13.840,18,0.3,4.7
1932.0,87,571.2,7.4,17.4,78.0,100,112,44.7,11,-2.3,7.1,0.741,18.9,6.9,4.3,34.9,9.0,2108,16.08,4.1,13.840,18,20.4,8.2
1935.0,86,568.0,11.4,0.0,78.0,101,112,43.3,11,-2.3,11.5,0.998,31.4,11.3,0.1,39.7,11.2,2087,12.58,7.0,13.840,18,24.4,12.3
1938.0,86,568.0,15.9,0.0,78.0,101,113,49.8,11,-2.3,17.4,0.996,24.0,15.7,1.6,65.5,16.1,2155,17.81,13.7,13.797,18,33.6,16.4
1941.0,86,569.9,20.8,11.9,78.0,100,114,62.0,11,-2.2,21.2,1.000,20.0,17.4,1.6,71.7,17.5,2182,21.94,16.2,13.738,18,47.9,20.0
1944.0,86,572.0,22.1,26.0,78.0,100,114,66.7,11,-1.6,22.1,0.999,18.4,18.6,1.6,76.5,18.5,2179,23.71,17.9,13.680,18,71.8,21.6
1947.0,86,572.0,23.3,25.2,78.0,100,114,67.7,11,-1.6,23.3,0.999,17.3,19.3,1.7,77.3,19.3,2200,24.09,18.9,13.760,18,76.5,23.0
1950.0,86,575.0,24.0,13.5,78.0,100,114,68.8,11,-1.6,23.9,0.998,16.5,19.6,2.3,78.4,19.6,2208,24.25,19.6,13.760,18,83.3,24.4
1953.0,86,578.0,25.9,5.8,78.0,100,114,70.3,11,-1.7,26.4,0.996,13.0,21.4,0.0,81.7,21.3,2308,25.95,21.4,13.760,18,90.1,27.1
1956.0,86,581.1,27.0,2.9,78.0,100,116,72.9,11,-2.3,27.3,0.997,14.3,22.0,-0.7,83.9,22.2,2433,28.59,22.5,13.758,18,88.6,27.4
1959.0,86,584.3,28.2,4.1,78.0,100,117,72.9,11,-2.3,27.9,0.998,15.0,22.2,0.8,83.1,22.5,2462,28.97,22.9,13.680,18,88.4,28.2
1962.0,86,591.9,29.1,0.8,78.0,100,120,72.9,11,-2.3,29.0,0.999,15.1,22.7,0.8,83.1,22.7,2554,29.41,23.9,13.680,18,88.2,29.2
1965.0,86,594.3,29.8,1.7,78.0,100,123,72.5,11,-2.3,29.4,1.001,15.5,22.7,0.8,82.8,23.0,2606,29.78,24.2,13.707,18,86.8,29.7
1968.0,86,597.4,25.2,3.5,78.0,100,126,70.6,11,-2.3,24.8,1.012,18.5,20.0,0.4,77.5,20.1,2569,27.97,19.9,13.760,18,75.7,23.1
1971.0,86,599.7,20.5,5.8,78.0,100,127,58.9,11,-2.3,19.0,1.002,21.8,16.5,0.3,66.4,16.2,2412,20.44,13.8,13.760,18,53.6,20.2
1974.0,86,595.9,16.0,0.0,78.0,100,128,45.4,11,-2.3,13.5,0.994,25.5,12.8,1.6,43.1,12.5,2411,16.49,8.2,13.760,18,28.2,14.8
1977.0,86,593.8,7.5,17.2,78.0,100,128,36.3,11,-2.3,7.8,0.994,30.0,7.1,0.6,25.8,3.3,2393,13.92,3.2,13.760,18,9.6,5.5
1980.0,86,590.8,11.8,36.0,78.0,101,126,44.7,11,-2.3,11.4,1.013,28.6,10.9,0.6,24.1,7.0,2381,13.33,5.3,13.760,18,29.8,11.8
1983.0,86,588.0,14.6,44.2,78.0,101,127,44.1,11,-2.3,12.1,1.013,25.8,10.2,1.4,38.0,10.6,2400,14.48,8.3,13.760,18,38.8,16.4
1986.0,86,587.9,14.7,0.0,78.0,101,125,34.6,11,-2.3,7.7,1.002,24.4,0.0,0.0,15.3,0.0,2345,9.62,0.8,13.804,18,33.2,17.4
1989.0,86,585.7,13.3,0.0,78.0,101,122,31.1,11,-2.2,14.1,0.981,30.0,11.6,-0.5,48.5,11.5,2325,13.84,9.0,13.815,18,12.1,12.9
1992.0,86,584.0,18.4,0.0,78.0,101,120,65.1,11,-1.6,18.5,1.000,22.7,16.5,-0.5,71.3,16.6,2325,23.68,14.7,13.760,18,0.0,19.3
1995.0,86,584.4,22.6,0.0,78.0,101,118,69.2,11,-1.6,22.5,0.999,18.8,18.6,0.3,75.7,18.6,2323,25.84,18.0,13.760,18,0.0,22.7
1998.0,86,588.0,24.6,0.0,78.0,101,117,69.4,11,-1.6,24.3,0.998,17.6,20.0,1.6,78.0,20.0,2275,25.28,20.0,13.760,18,37.4,24.0
2001.0,86,588.0,24.3,0.0,78.0,101,116,68.2,11,-1.6,23.9,0.997,18.0,20.0,1.6,78.3,20.4,2268,25.04,20.0,13.760,18,86.7,24.3
2004.0,86,589.4,24.6,2.5,78.0,100,116,68.2,11,-1.6,24.4,0.997,17.0,20.2,1.9,78.9,20.4,2251,24.92,20.2,13.767,18,89.8,24.7
2007.0,86,592.3,25.9,7.5,78.0,100,118,70.0,11,-1.6,25.7,1.000,15.5,21.0,2.0,80.2,20.9,2229,24.75,21.0,13.840,18,89.8,26.0
2010.0,86,595.9,27.8,0.0,78.0,100,119,71.8,11,-1.9,27.8,1.000,14.4,22.4,0.0,84.3,22.4,2487,28.03,23.1,13.789,18,89.3,27.2
2013.0,86,598.7,27.5,0.0,78.0,100,121,73.4,11,-2.3,27.8,0.998,15.5,22.0,0.0,83.4,22.4,2502,29.08,22.7,13.760,18,88.4,28.1
2016.0,86,601.9,31.4,0.0,77.9,100,123,73.7,11,-2.3,31.1,1.000,15.0,23.3,0.9,82.9,23.7,2628,30.30,25.5,13.781,18,87.7,32.2
2019.0,86,605.0,27.6,0.2,77.6,100,126,66.7,11,-2.3,27.2,1.005,17.1,20.9,1.3,80.2,21.4,2736,32.23,22.4,13.841,18,83.1,26.9
2022.0,86,608.0,22.7,0.8,77.6,100,126,68.0,11,-2.3,20.8,1.005,18.8,16.8,0.8,74.1,17.1,2400,25.87,14.4,13.840,18,81.0,23.9
2025.0,86,608.0,23.9,0.3,77.6,100,126,63.4,11,-2.3,23.5,1.001,19.7,19.2,0.0,72.8,19.6,2392,22.18,18.4,13.807,18,70.6,23.4
2028.0,86,606.4,18.5,0.0,77.6,100,126,50.2,11,-2.3,18.9,0.998,25.5,16.6,0.4,65.3,16.9,2383,18.52,14.6,13.773,18,34.9,16.5
2031.0,86,603.3,12.8,7.4,77.6,100,126,53.3,11,-2.3,11.7,0.999,24.9,11.0,0.6,50.4,11.7,2369,18.02,8.3,13.840,18,36.8,16.8
2034.0,86,600.0,10.0,55.2,77.6,101,123,41.5,11,-2.3,6.5,0.993,27.0,6.1,0.1,30.0,6.9,2300,12.45,2.8,13.724,18,29.3,14.9
2037.0,86,597.1,11.4,18.0,77.6,101,121,31.8,11,-2.3,10.2,0.986,31.8,10.2,1.6,35.7,10.2,2268,12.60,5.5,13.640,18,19.6,11.8
2040.0,86,592.3,10.2,25.3,77.7,101,120,29.9,11,-2.3,10.2,0.987,36.5,10.2,2.5,35.5,10.2,2235,13.58,5.8,13.639,18,15.4,9.8
2043.0,86,587.2,7.8,49.0,78.0,101,118,47.1,11,-2.3,8.8,0.992,37.4,8.9,2.4,32.4,9.1,2205,14.81,5.0,13.760,18,23.9,8.5
2046.0,86,584.0,10.6,0.0,78.0,101,117,49.4,11,-2.3,11.0,0.995,30.8,9.6,0.8,24.7,9.6,2162,11.09,5.7,13.760,18,42.9,13.8
2049.0,86,586.7,26.4,0.0,78.0,101,117,59.0,11,-2.3,27.8,0.997,16.3,22.7,0.0,69.8,22.7,2363,21.14,23.9,13.760,18,69.1,24.9
2052.0,86,589.8,29.8,0.0,78.0,100,118,71.5,11,-2.3,27.0,0.997,14.5,20.9,0.4,78.6,20.7,2416,27.08,20.8,13.760,18,87.8,29.8
2055.0,86,591.1,21.6,8.1,78.0,100,122,47.1,11,-2.3,21.0,0.996,25.0,17.2,1.0,66.6,17.3,2298,21.00,15.5,13.760,18,44.9,18.2
2058.0,86,588.0,14.3,43.8,78.0,101,122,45.3,11,-2.3,14.3,0.995,30.4,13.5,1.6,51.8,13.8,2287,16.74,9.9,13.760,18,29.2,12.5
2061.0,86,588.0,14.9,44.9,78.0,101,122,49.5,11,-2.3,15.3,0.997,26.5,14.5,2.3,54.8,14.5,2295,18.82,11.0,13.760,18,34.2,15.2
2064.0,86,588.0,19.2,47.4,78.0,100,122,62.6,11,-2.3,19.0,1.004,21.0,16.4,1.5,63.0,16.3,2319,21.28,14.0,13.760,18,54.1,20.4
2067.0,86,588.0,19.9,37.6,78.0,100,124,61.2,11,-2.3,20.2,1.000,21.7,17.3,0.2,70.2,17.4,2360,23.00,15.5,13.760,18,50.3,19.8
2070.0,86,588.0,20.5,0.0,77.6,100,125,62.1,11,-2.3,21.0,0.999,21.6,18.0,-0.9,72.6,18.2,2400,23.82,16.1,13.760,18,52.5,20.3
2073.0,86,591.9,22.3,0.0,77.6,100,125,65.5,11,-2.1,23.9,0.998,21.1,20.4,-1.6,81.2,20.8,2391,25.54,20.4,13.799,18,58.4,21.1
2076.0,86,592.0,11.4,16.7,77.6,100,124,68.3,11,-1.6,15.0,0.996,21.5,12.6,-0.3,54.5,12.6,2343,20.73,10.2,13.840,18,69.8,20.4
2079.0,86,589.7,8.5,37.0,77.6,101,120,11.8,11,-3.9,8.5,0.339,3.9,6.4,3.0,25.6,6.1,2257,7.82,2.3,13.840,18,20.7,11.5
2082.0,86,580.0,7.7,22.8,77.3,101,116,27.6,11,-3.6,7.6,0.404,-0.8,5.1,8.5,14.1,4.8,2112,5.49,1.8,13.735,18,13.8,8.7
2085.0,86,580.0,18.4,9.1,77.4,101,113,48.8,11,-2.2,21.2,1.011,23.7,18.0,0.8,55.4,18.4,2184,14.94,17.3,13.680,18,39.0,17.1
2088.0,86,580.0,21.7,2.2,77.5,100,114,67.6,11,-1.6,22.4,0.999,18.5,18.7,1.5,75.8,19.1,2250,24.38,18.1,13.694,18,75.3,23.1
2091.0,86,580.7,24.1,5.1,77.3,100,116,69.8,11,-1.6,23.8,1.000,17.6,19.7,2.1,78.5,20.1,2281,25.64,19.4,13.760,18,86.5,24.4
2094.0,86,584.0,25.2,0.0,77.3,101,118,70.3,11,-1.6,24.8,0.999,16.8,20.4,1.4,80.0,20.8,2325,25.99,20.5,13.703,18,44.8,25.3
2097.0,86,586.9,25.5,0.0,77.3,101,121,68.0,11,-1.8,25.1,0.998,17.1,20.4,0.0,80.4,20.8,2349,26.37,20.8,13.718,18,0.0,24.5
2100.0,86,588.0,18.9,0.0,77.3,101,125,61.8,11,-2.3,19.5,0.999,24.5,16.7,1.4,68.6,17.3,2383,24.35,15.3,13.781,18,0.0,17.3
2103.0,86,588.0,17.5,0.0,77.3,101,128,54.1,11,-2.3,14.7,1.000,24.5,13.5,2.6,52.7,13.8,2415,19.29,10.2,13.837,18,0.0,17.5
2106.0,86,588.0,17.3,0.0,77.3,101,130,50.0,11,-2.3,13.7,1.007,24.7,12.8,2.8,43.7,12.8,2426,13.77,8.5,13.760,18,22.5,17.2
2109.0,86,588.0,16.5,0.0,77.0,101,130,53.8,11,-2.3,16.8,1.010,26.0,15.3,1.6,58.4,15.7,2487,18.01,11.8,13.808,18,37.2,16.0
2112.0,86,588.0,14.5,23.8,76.9,101,130,61.5,11,-2.3,15.7,1.005,29.0,16.1,0.0,67.1,16.9,2481,22.92,13.4,13.828,18,40.3,13.7
2115.0,86,589.2,21.8,34.4,76.9,100,130,72.2,11,-2.3,21.4,0.996,20.0,18.6,-0.2,75.8,19.0,2475,27.39,17.5,13.799,18,88.6,23.1
2118.0,86,592.1,27.0,3.5,76.9,100,130,71.7,11,-2.3,26.7,0.998,16.0,21.2,0.8,82.4,21.6,2475,28.37,21.9,13.760,18,89.0,26.7
2121.0,86,595.9,26.7,0.8,76.9,100,129,71.8,11,-2.3,26.8,0.999,16.0,21.2,0.8,82.7,21.6,2475,28.44,21.6,13.715,18,89.1,26.7
2124.0,86,598.5,27.1,0.0,76.9,100,127,72.5,11,-2.3,27.5,0.999,16.0,22.0,0.8,83.3,22.2,2495,28.82,22.4,13.707,18,88.5,26.8
2127.0,86,601.5,29.1,0.0,76.9,100,126,73.7,11,-2.3,29.1,1.001,15.6,22.6,1.5,82.7,23.0,2549,29.52,23.9,13.760,18,88.2,30.2
2130.0,86,604.4,30.2,0.0,76.9,100,122,72.6,11,-2.3,30.2,0.999,15.7,23.1,1.9,81.7,23.5,2637,30.60,25.0,13.760,18,88.2,30.2
2133.0,86,607.9,30.3,0.0,76.9,100,121,72.9,11,-2.3,30.3,0.998,15.9,23.1,0.0,82.0,23.5,2611,30.89,24.7,13.760,18,88.1,30.4
2136.0,86,610.3,31.0,4.2,76.9,100,120,73.5,11,-2.3,31.0,0.998,15.5,23.5,1.1,82.4,23.9,2624,30.73,25.6,13.760,18,87.8,31.0
2139.0,86,612.0,30.3,5.7,76.9,100,118,72.9,11,-2.3,30.1,1.001,15.5,23.1,1.6,82.2,23.5,2564,29.68,25.0,13.760,18,88.2,30.4
2142.0,86,612.3,28.7,0.4,76.9,100,120,71.8,11,-1.8,28.6,1.003,15.5,22.4,1.5,81.5,22.8,2338,26.80,23.5,13.760,18,88.5,28.3
2145.0,86,615.9,25.3,9.5,76.6,100,121,71.8,11,-1.9,25.9,1.003,17.1,21.2,0.8,83.5,21.8,2437,27.40,21.9,13.760,18,89.1,26.4
2148.0,86,616.0,18.1,30.3,76.5,100,122,70.6,11,-2.1,18.8,1.001,20.9,16.5,1.9,72.9,16.9,2366,25.76,14.9,13.794,18,86.0,25.5
2151.0,86,616.0,23.1,28.2,76.5,100,122,66.7,11,-1.6,21.6,1.004,19.5,18.2,1.1,73.1,18.5,2316,24.20,17.1,13.826,18,69.4,22.7
2154.0,86,615.6,19.9,1.2,76.5,100,124,66.7,11,-1.6,20.6,1.002,22.9,17.6,1.1,68.3,17.2,2324,25.03,15.5,13.760,18,68.2,18.9
2157.0,86,611.9,14.7,22.8,76.5,101,123,48.2,11,-1.9,15.6,1.000,28.8,14.5,4.7,32.9,12.0,2300,14.59,7.2,13.811,18,46.2,13.6
2160.0,86,606.8,9.0,8.6,76.5,101,122,39.8,11,-2.1,11.4,0.998,36.7,14.1,0.0,55.5,15.7,2300,17.58,12.5,13.809,18,26.6,9.1
2163.0,86,604.0,18.0,4.6,76.5,100,122,65.1,11,-1.6,17.9,0.995,20.5,16.3,-1.2,68.7,17.1,2309,23.54,14.6,13.738,18,63.9,21.6
2166.0,86,604.0,20.9,10.9,76.5,100,124,62.7,11,-1.6,20.7,0.994,21.3,17.5,-0.6,72.2,17.9,2327,23.81,15.8,13.600,18,54.2,20.5
2169.0,86,604.0,20.3,0.0,76.5,100,124,63.1,11,-1.6,20.2,0.996,21.6,17.4,0.0,69.8,17.7,2362,23.40,15.4,13.758,18,54.7,20.4
2172.0,86,604.0,21.6,0.0,76.5,100,125,64.0,11,-1.6,21.6,0.999,20.4,18.0,0.0,72.8,18.4,2370,23.94,16.9,13.803,18,61.4,22.1
2175.0,86,604.0,22.4,0.0,76.5,100,126,65.3,11,-1.6,22.1,1.000,20.0,18.3,-0.9,74.9,18.6,2388,24.70,17.3,13.743,18,64.7,22.4
2178.0,86,604.4,23.4,0.9,76.5,100,128,69.0,11,-1.6,23.1,1.000,19.0,19.0,-1.2,76.7,19.3,2414,25.27,18.2,13.680,18,77.4,23.7
2181.0,86,607.9,24.6,9.5,76.5,100,128,69.0,11,-1.9,24.2,0.999,18.3,19.9,0.0,79.2,20.4,2437,26.15,19.6,13.728,18,85.1,24.5
2184.0,86,608.0,23.9,3.9,76.5,100,129,68.4,11,-2.3,23.1,0.998,19.5,18.8,0.0,77.6,19.2,2451,26.34,18.0,13.760,18,83.5,23.9
2187.0,86,608.0,23.9,7.4,76.5,100,130,66.7,11,-2.3,23.4,1.001,19.9,19.0,0.4,76.7,19.4,2474,26.26,18.2,13.772,18,69.4,23.1
2190.0,86,608.0,22.1,22.7,76.5,100,132,65.9,11,-2.3,22.0,0.998,21.7,18.3,0.8,74.3,18.8,2501,26.45,17.2,13.840,18,52.9,21.5
2193.0,86,608.0,20.1,30.8,76.5,100,132,62.4,11,-2.3,20.0,0.997,23.0,16.8,0.8,67.3,17.2,2512,23.91,14.8,13.725,18,48.3,20.4
2196.0,86,608.0,20.9,8.9,76.5,101,133,61.6,11,-2.3,20.1,0.998,22.4,16.5,0.0,57.3,16.9,2521,22.96,13.7,13.723,18,37.0,21.3
2199.0,86,608.0,26.7,0.0,76.5,101,134,66.0,11,-2.3,27.8,0.998,19.5,20.6,-0.5,71.6,20.8,2547,25.19,20.1,13.760,18,0.0,24.7
2202.0,86,608.0,18.0,0.0,76.5,101,134,70.6,11,-2.3,20.3,0.995,30.1,17.4,0.1,66.8,18.0,2542,26.88,16.8,13.760,18,0.0,15.6
2205.0,86,607.9,11.2,0.0,76.9,101,130,31.8,11,-0.1,12.4,0.942,35.6,11.8,1.7,35.7,11.8,2412,5.25,7.1,13.760,18,7.2,10.8
2208.0,86,595.9,9.6,11.4,77.1,101,126,15.9,11,-0.4,10.6,0.911,36.4,10.2,2.3,18.0,8.6,2352,6.97,2.7,13.802,18,13.8,8.9
2211.0,86,591.8,6.7,15.8,77.3,101,123,24.9,11,-4.5,8.2,1.005,36.0,9.3,0.4,34.1,10.0,2342,11.89,5.2,13.841,18,13.8,6.3
2214.0,86,588.0,11.3,11.6,77.3,101,120,42.4,11,-2.3,11.3,0.991,30.3,10.9,0.4,46.5,11.9,2347,17.84,7.5,13.837,19,27.5,12.0
2217.0,86,587.8,15.2,0.6,77.3,101,120,44.0,11,-2.3,14.9,0.995,26.4,13.5,2.2,49.4,13.8,2300,16.41,9.6,13.760,19,28.6,15.4
2220.0,86,583.9,16.9,42.0,77.3,101,121,49.8,11,-2.3,17.1,0.998,24.3,15.4,1.6,60.8,15.8,2290,18.53,12.2,13.760,19,33.6,17.0
2223.0,86,584.0,19.2,18.9,77.1,101,123,58.1,11,-2.2,19.2,0.997,22.0,16.5,1.1,66.6,17.3,2313,21.54,14.4,13.760,19,43.9,18.5
2226.0,86,584.0,12.9,0.0,76.9,101,124,65.9,11,-1.6,11.7,1.007,21.6,7.8,0.5,47.9,8.6,2318,21.12,8.5,13.760,19,63.1,20.4
2229.0,86,582.8,8.0,0.0,76.9,101,121,29.2,11,-3.5,6.1,0.439,6.1,1.8,1.5,14.3,1.4,2262,4.69,1.1,13.760,19,25.8,12.5
2232.0,86,564.0,7.2,0.0,76.9,101,118,22.9,11,-3.8,7.5,0.335,-0.8,6.1,8.6,17.6,5.9,2205,6.70,2.2,13.808,19,8.7,7.5
2235.0,86,564.0,14.9,0.0,76.9,101,116,39.4,11,-2.3,15.3,1.011,27.0,14.5,2.3,44.7,14.5,2242,12.20,11.0,13.809,19,25.1,13.7
2238.0,86,560.6,8.7,0.0,76.9,101,116,45.8,11,-2.3,8.7,0.993,27.5,5.7,0.0,35.5,6.1,2233,14.25,5.3,13.748,19,29.8,13.7
2241.0,86,553.0,5.5,1.0,76.9,101,112,11.0,11,-4.0,4.9,0.362,5.3,0.0,0.0,15.9,0.0,2116,4.48,0.7,13.680,19,10.1,8.4
2244.0,86,540.0,4.8,7.0,77.2,101,110,38.8,11,-3.6,4.8,0.390,-2.4,0.0,0.0,25.5,0.0,2012,21.44,0.5,13.764,19,16.1,5.2
2247.0,86,537.3,5.1,72.1,77.3,101,107,57.1,11,-2.3,5.1,1.010,20.8,0.0,0.0,42.7,0.0,2110,21.13,1.6,13.818,19,35.4,6.7
2250.0,86,536.0,8.9,64.0,77.3,101,105,48.0,11,-2.3,7.5,0.992,34.5,5.0,2.0,40.0,3.4,2085,16.50,1.6,13.827,19,21.2,9.4
2253.0,86,532.8,7.6,0.0,77.3,101,100,12.5,11,-4.0,6.9,0.374,8.5,4.8,2.8,26.2,3.6,1910,4.45,1.2,13.760,19,7.3,6.7
2256.0,86,520.0,6.6,0.0,77.3,101,96,29.7,11,-3.6,6.1,0.370,-1.9,1.4,0.0,14.5,0.9,1825,9.41,0.8,13.760,19,11.0,7.7
2259.0,86,517.4,13.7,7.0,77.3,101,94,38.8,11,-2.3,13.7,1.010,23.1,13.3,-0.6,45.2,13.3,1832,11.55,9.8,13.760,19,23.6,13.6
2262.0,86,512.3,7.1,9.0,77.4,101,94,26.6,11,-2.3,7.3,0.993,4.0,4.3,-0.4,35.5,4.7,1784,11.05,4.1,13.774,19,4.7,6.3
2265.0,86,503.8,4.9,5.0,77.6,101,90,14.1,11,-4.7,4.7,0.230,-5.7,0.0,0.0,15.7,0.0,1681,4.16,0.4,13.840,19,0.9,5.2
2268.0,86,491.9,5.0,1.8,77.6,101,86,14.6,11,-4.7,4.9,0.471,10.8,1.1,0.8,16.7,0.8,1612,4.14,0.3,13.777,19,0.5,5.3
2271.0,86,484.0,5.4,0.5,77.6,101,82,15.2,11,-4.7,5.5,0.646,30.8,4.3,5.5,18.4,3.5,1571,4.19,0.0,13.719,19,0.5,5.6
2274.0,86,477.9,4.7,0.0,77.6,101,79,15.9,11,-4.7,4.7,0.000,-10.0,1.2,2.2,18.9,1.1,1481,4.19,0.3,13.680,19,0.0,4.7
2277.0,86,467.3,4.7,0.0,77.6,101,70,17.3,11,-4.7,4.7,0.000,-9.3,0.0,0.0,20.4,0.0,1357,4.14,0.4,13.687,19,0.0,4.7
2280.0,86,455.0,4.7,0.0,78.0,101,60,18.9,11,-4.7,4.7,0.000,-9.0,0.0,0.0,22.7,0.0,1250,4.15,0.4,13.840,19,0.0,4.7
2283.0,86,440.0,4.7,0.0,78.3,101,46,19.6,11,-4.7,4.7,0.000,-9.3,0.0,0.0,22.7,0.0,1250,4.16,0.4,13.796,19,0.0,4.7
2286.0,86,431.2,4.7,0.0,78.4,101,31,19.9,11,-5.2,4.7,0.029,-10.5,0.0,0.0,23.9,0.0,1219,4.14,0.4,13.711,19,0.0,4.7
2289.0,86,420.7,4.0,0.0,78.5,101,12,21.2,11,-8.6,4.3,0.884,3.5,0.0,2.3,27.6,0.0,1061,3.91,0.6,13.576,19,0.0,3.9
2292.0,86,412.0,7.0,0.0,78.8,101,5,36.5,11,-4.7,6.8,0.949,15.3,3.8,5.7,35.0,3.4,612,2.81,2.8,13.280,19,0.0,7.9
2295.0,86,409.2,15.5,0.0,78.6,101,11,54.5,11,-1.6,15.7,1.007,21.1,16.9,1.6,67.5,17.3,1438,11.96,12.2,13.178,19,0.0,15.5
2298.0,86,414.5,25.5,0.0,78.3,101,27,72.9,11,-1.6,22.0,0.991,8.5,19.3,1.6,75.7,19.6,1925,20.26,17.9,13.040,19,0.0,24.7
2301.0,86,427.5,25.5,5.9,78.0,101,44,75.3,11,-1.6,25.1,0.996,8.2,20.0,1.6,85.8,20.4,1847,21.72,21.7,13.040,19,0.0,25.9
2304.0,86,448.0,22.6,50.8,78.0,101,52,65.8,11,-1.6,22.3,0.998,13.2,17.5,1.6,88.6,18.0,1562,15.95,19.1,13.040,19,0.0,21.8
2307.0,86,458.7,10.6,54.1,78.0,101,60,48.4,11,-2.2,10.6,0.999,25.6,11.0,0.8,45.7,10.2,1471,9.95,5.1,13.007,19,0.4,12.1
2310.0,86,462.2,8.5,32.3,77.9,101,67,21.8,11,-4.7,8.6,1.013,39.0,9.4,-0.9,29.4,9.2,1471,4.25,4.9,12.999,19,2.0,7.5
2313.0,86,458.1,5.4,0.8,77.6,101,72,10.2,11,-4.7,5.9,0.233,4.0,4.6,-1.5,24.4,4.9,1553,3.15,3.1,13.120,19,0.4,4.7
2316.0,86,452.0,3.5,3.5,77.6,101,71,11.2,11,-4.7,3.9,0.000,-13.0,0.0,0.0,12.4,0.0,1512,2.92,0.8,13.040,19,0.0,3.5
2319.0,87,442.4,3.5,0.8,77.6,101,60,12.1,11,-4.7,3.9,0.000,-12.9,0.0,0.0,14.5,0.0,1393,2.94,0.8,13.081,19,0.0,3.5
2322.0,87,433.4,3.5,0.4,77.8,101,45,12.8,11,-4.7,3.9,0.000,-12.5,0.0,0.0,15.7,0.0,1281,2.99,0.8,13.096,19,0.0,3.5
2325.0,87,424.6,4.0,0.6,77.9,101,32,14.1,11,-4.7,4.1,0.000,-11.5,0.0,0.0,17.7,0.0,1189,3.24,0.6,13.031,19,0.0,4.1
2328.0,87,415.9,4.8,0.0,77.6,101,26,21.7,11,-4.7,4.2,0.519,10.8,0.0,0.8,19.9,0.0,1112,4.25,0.5,12.880,19,4.6,5.1
2331.0,87,408.0,5.9,0.0,77.6,101,23,20.8,11,-4.7,4.0,0.925,36.7,0.1,5.5,18.4,0.0,1112,3.41,0.8,12.970,19,5.9,5.8
2334.0,86,404.2,6.3,0.8,77.5,101,22,16.9,11,-4.7,6.7,1.013,35.5,7.1,-0.6,28.2,4.5,1149,3.90,2.3,13.018,19,2.6,5.5
2337.0,86,399.4,5.1,1.6,77.3,101,24,29.0,11,-4.7,5.5,0.988,27.5,4.3,-2.7,31.5,4.3,1188,5.47,2.3,12.960,19,0.0,4.5
2340.0,86,396.0,4.0,0.0,77.3,101,22,23.1,11,-4.7,3.9,0.992,17.2,0.0,2.3,18.4,0.0,1087,3.48,0.8,12.960,19,0.0,4.0
2343.0,86,393.4,4.3,3.3,77.3,101,19,20.5,11,-4.7,3.9,0.997,7.0,0.0,3.5,20.2,0.0,1080,3.95,0.8,12.960,19,0.0,4.4
2346.0,86,388.3,4.0,3.0,77.2,101,16,26.1,11,-4.9,3.9,0.993,37.5,0.0,4.8,19.3,0.0,1070,3.97,0.8,12.981,19,0.0,5.9
2349.0,86,382.0,4.1,1.6,77.0,101,16,20.4,11,-8.6,3.9,0.994,15.9,1.5,4.6,18.6,1.4,1078,3.17,0.8,13.039,19,0.0,4.7
2352.0,86,375.8,4.3,7.7,77.6,101,15,17.1,11,-8.1,4.0,0.997,4.3,2.2,1.5,20.7,2.3,1150,3.05,0.8,12.960,19,0.0,4.3
2355.0,86,372.0,4.1,0.0,77.9,101,8,20.7,11,-7.8,4.2,1.004,1.9,0.0,-6.2,27.1,0.0,747,2.78,0.8,12.907,19,0.0,4.1
2358.0,86,364.2,3.1,0.0,78.0,101,1,38.5,11,-5.7,3.5,1.010,-0.6,0.0,-2.8,24.6,0.0,425,1.73,0.8,12.847,19,0.0,6.8
2361.0,86,355.6,8.5,0.2,78.0,101,0,75.3,2,4.7,5.4,0.999,9.5,0.0,-0.9,13.6,0.0,180,0.73,1.2,12.780,19,0.0,55.3
2364.0,86,348.0,11.4,0.8,78.0,101,0,75.3,-4,4.7,6.7,0.999,9.5,0.0,0.0,0.0,0.0,0,0.66,1.6,12.640,19,0.0,55.3
2367.0,86,348.1,11.4,0.8,78.0,101,0,75.3,-4,4.7,6.7,0.999,9.5,0.0,0.0,0.1,0.0,0,0.66,1.6,12.640,19,0.0,55.3
2370.0,86,348.0,11.4,0.8,78.0,101,0,75.2,-4,4.7,6.7,0.999,9.5,0.0,0.0,0.0,0.0,1,0.67,1.6,12.642,19,0.0,55.3
2373.0,86,348.0,0.8,78.0,101,0,75.3,4.7,6.8,0.999,0.1,0.0,0.0,0.0,0,0.66,1.6,12.640,19,0.0
