BlueDriver Data Log
Aug 3, 2018 5:14:08 PM
Time (s),Engine Coolant Temperature (째C),Catalyst Temperature Bank 1 - Sensor 1 (째C),Fuel Level Input (%),Barometric Pressure (kPa),Vehicle Speed (MPH),Absolute Load Value (%),Ambient Air Temperature (째C),Calculated Engine Load Value (%),Engine RPM (rpm),Relative Throttle Position (%),Control Module Voltage (V),Intake Air Temperature (째C),Absolute Throttle Position (%)
0.0,,,,,,,,,,,,,
3.1,38,20.0,88.2,101,17,38.5,27,47.7,1214,1.0,13.490,27,7.5
6.2,39,20.0,88.2,101,17,32.5,27,38.8,1245,0.9,13.725,27,7.1
9.3,40,21.9,88.2,101,16,31.4,27,37.9,1225,1.2,13.449,27,7.1
12.4,41,34.0,88.2,101,12,29.4,27,34.5,1176,0.4,13.261,27,6.0
15.5,42,46.5,88.2,101,8,50.1,27,52.3,1677,4.5,13.040,27,8.8
18.6,42,74.0,88.2,101,13,60.7,27,67.3,1820,9.0,12.886,27,15.6
21.7,43,102.1,88.2,101,20,62.5,27,73.1,1371,8.2,13.040,27,13.7
24.8,44,123.6,88.2,101,23,49.8,27,60.5,1235,2.5,13.040,27,9.3
27.9,45,138.1,88.2,101,25,39.5,27,48.8,1097,0.3,13.053,27,7.5
31.0,46,147.2,88.2,101,23,26.7,27,31.2,1307,0.7,13.031,27,6.0
34.1,46,152.9,88.2,101,19,25.9,27,30.7,1275,0.4,12.960,27,5.9
37.2,47,158.7,88.4,101,9,28.2,27,32.9,1153,0.4,12.960,27,5.9
40.3,48,164.0,88.2,101,3,35.3,27,45.2,879,0.4,12.960,27,5.9
43.4,48,167.1,88.2,101,1,43.8,27,51.8,1208,2.0,13.029,27,8.8
46.5,49,178.8,88.2,101,8,47.0,27,54.1,1801,4.9,12.966,27,11.2
49.6,50,190.6,88.2,101,12,47.2,27,55.0,1234,2.6,13.040,27,9.4
52.7,50,203.3,88.2,101,16,58.7,27,68.3,1324,5.7,12.992,27,11.8
55.8,51,220.7,88.2,100,20,63.5,27,74.8,1335,7.9,12.967,28,14.3
58.9,52,239.6,88.2,100,24,63.3,27,73.9,1431,8.8,12.890,28,14.3
62.0,53,257.4,88.2,101,26,57.6,27,67.9,1305,7.2,12.960,27,12.6
65.1,54,274.6,88.1,99,29,51.9,27,60.2,1279,4.5,12.960,27,10.8
68.2,55,288.8,87.8,99,31,54.5,27,64.8,1266,4.5,12.967,27,10.5
71.3,55,302.6,87.8,99,34,58.0,27,69.8,1362,6.5,12.994,27,12.0
74.4,56,319.8,87.6,99,35,58.3,27,69.2,1404,6.3,12.960,27,12.3
77.5,57,333.3,87.5,99,36,48.8,27,61.7,1212,4.5,12.880,27,10.5
80.6,58,344.1,87.5,99,36,46.0,27,57.5,1247,3.5,12.952,27,8.9
83.7,58,351.7,87.5,99,36,35.8,27,43.4,1137,1.3,12.960,27,6.0
86.8,59,353.8,87.8,99,36,40.0,27,49.3,1175,2.3,12.893,27,7.2
89.9,59,360.2,87.5,99,36,41.3,27,50.2,1198,2.6,12.960,27,7.6
93.0,60,366.1,87.6,99,36,45.2,27,55.0,1214,2.7,12.960,27,8.4
96.1,60,376.3,87.5,99,35,46.3,27,56.1,1210,2.8,12.880,27,8.7
99.2,61,383.8,87.5,99,33,49.9,27,60.9,1213,3.8,12.880,27,9.8
102.3,61,396.7,87.5,99,31,50.5,27,60.5,1267,3.9,12.995,27,9.8
105.4,62,404.0,87.5,99,29,47.5,27,57.4,1370,3.9,13.036,27,9.4
108.5,62,414.1,87.5,99,27,43.8,26,52.5,1492,4.6,12.864,26,9.8
111.6,63,422.8,87.5,99,27,35.8,26,43.4,1522,2.7,12.960,26,6.0
114.7,64,428.7,87.5,98,27,36.3,26,43.1,1308,2.5,12.960,26,7.2
117.8,65,432.0,87.5,99,28,36.3,26,47.8,1197,1.8,12.884,26,7.8
120.9,65,432.7,87.5,100,29,26.0,26,31.7,1297,0.2,12.960,26,5.8
124.0,65,436.0,87.5,101,28,26.7,26,31.7,1305,0.4,12.957,26,6.3
127.1,66,435.2,87.8,101,20,22.5,26,27.0,1352,0.4,12.921,26,6.0
130.2,67,432.0,88.0,101,10,22.9,26,27.3,1220,0.4,12.885,26,5.2
133.3,67,427.8,88.2,101,2,30.2,26,39.7,805,0.3,12.911,26,4.8
136.4,67,416.7,88.2,101,0,38.7,26,50.7,784,0.0,12.926,26,5.7
139.5,67,408.2,88.2,101,0,37.9,26,49.4,889,1.0,12.938,26,5.8
142.6,68,404.0,88.2,101,7,51.5,26,57.6,1912,7.3,12.945,27,11.6
145.7,68,411.1,88.2,101,17,60.0,26,69.7,1483,8.7,12.960,27,14.4
148.8,68,418.6,88.2,100,23,57.4,26,71.4,1373,7.2,12.960,27,12.5
151.9,69,420.5,88.2,100,26,26.7,26,29.0,1211,0.1,12.960,27,5.1
155.0,69,409.5,88.2,101,24,20.7,26,24.8,1185,0.4,12.960,27,4.7
158.1,70,401.0,88.2,101,18,17.7,26,21.3,1134,0.4,12.941,27,3.9
161.2,70,394.9,88.2,101,11,24.7,26,27.0,1115,0.4,12.903,27,6.1
164.3,70,398.4,88.2,101,11,57.6,26,61.6,1746,8.4,12.950,27,13.7
167.4,70,404.6,88.2,101,19,60.4,26,70.9,1423,8.8,12.923,27,13.7
170.5,70,410.8,88.2,101,24,57.2,26,67.4,1287,6.3,12.960,27,11.9
173.6,70,421.0,88.2,101,27,55.9,26,63.2,1253,5.0,13.031,27,11.0
176.7,71,427.7,88.2,101,30,30.8,26,37.0,1112,0.9,12.989,27,5.3
179.8,71,428.0,88.2,101,30,37.1,26,44.5,1137,3.0,12.933,27,6.9
182.9,71,431.9,88.2,101,31,33.4,26,40.1,1156,3.0,12.935,27,6.8
186.0,72,432.0,88.2,101,31,37.2,26,44.3,1150,2.1,12.814,27,7.2
189.1,72,435.4,88.2,99,32,40.3,26,48.8,1172,1.5,12.897,27,6.8
192.2,72,441.5,88.2,99,33,44.8,26,54.3,1245,2.6,12.838,27,8.4
195.3,72,447.9,88.2,99,34,50.4,26,59.7,1286,4.0,12.960,27,9.9
198.4,73,453.8,88.2,99,35,50.3,26,60.9,1299,4.3,12.898,26,9.7
201.5,73,459.6,88.2,99,36,49.4,26,60.5,1307,5.4,12.987,26,9.5
204.6,74,468.1,88.2,99,38,53.1,26,62.3,1387,6.7,12.969,26,11.0
207.7,75,475.8,88.2,99,39,53.1,26,62.4,1375,7.0,12.937,26,11.1
210.8,75,481.6,88.2,99,40,52.4,26,62.5,1337,3.7,12.940,26,9.6
213.9,75,484.0,88.2,99,40,47.1,26,57.3,1224,3.1,12.960,26,9.0
217.0,75,488.0,88.2,99,40,44.7,26,55.6,1257,3.5,12.960,26,8.4
220.1,75,488.0,88.2,99,40,38.2,26,46.5,1207,2.2,13.012,26,6.7
223.2,76,488.0,88.2,99,39,32.9,26,37.3,1195,1.9,12.938,26,6.7
226.3,76,485.5,88.2,101,37,23.7,26,27.2,1274,0.3,12.903,26,5.7
229.4,76,480.0,88.2,100,37,29.3,26,36.6,1112,0.0,13.022,26,5.5
232.5,76,476.0,88.2,99,36,33.7,26,41.0,1133,0.3,12.928,26,5.9
235.6,76,476.0,88.2,99,37,31.2,26,38.9,1137,0.1,12.960,26,5.9
238.7,76,476.0,88.2,100,37,31.4,26,38.9,1165,1.2,12.885,26,5.8
241.8,76,476.0,88.2,99,37,33.7,26,40.6,1220,2.1,12.929,26,6.3
244.9,76,476.0,88.2,99,37,34.4,26,41.4,1195,1.9,12.951,26,6.7
248.0,76,476.0,88.2,99,37,39.2,26,46.1,1212,1.6,12.880,26,7.5
251.1,76,476.0,88.2,99,37,34.6,26,43.3,1175,0.9,12.946,26,5.7
254.2,76,473.2,88.2,100,37,22.4,26,27.2,1180,0.3,12.938,26,4.7
257.3,76,460.9,88.2,101,35,18.7,26,22.2,1175,0.4,12.880,26,4.3
260.4,76,456.0,88.2,101,34,21.7,26,26.7,1087,0.4,12.908,27,4.3
263.5,76,456.0,88.2,99,34,39.7,26,51.1,1205,3.7,12.890,27,8.4
266.6,76,461.0,88.2,99,35,41.7,26,50.7,1244,2.8,12.910,27,8.4
269.7,76,464.0,88.2,99,36,42.8,26,52.1,1241,3.0,12.960,26,8.6
272.8,76,468.0,88.2,101,37,29.7,26,37.5,1184,2.0,12.917,27,7.7
275.9,76,465.7,88.2,101,37,28.6,26,32.7,1121,0.8,12.801,27,5.7
279.0,76,464.0,88.2,101,36,25.9,26,31.8,1091,1.4,12.960,27,5.6
282.1,76,461.3,88.2,101,35,29.0,26,34.4,1137,1.1,12.960,27,6.2
285.2,76,460.0,88.2,101,34,26.1,26,30.7,1312,0.2,12.960,27,5.7
288.3,76,460.0,88.2,101,32,24.2,26,29.0,1332,0.0,12.960,27,5.9
291.4,76,460.0,88.6,101,31,19.9,26,22.6,1321,0.4,12.960,27,4.8
294.5,76,457.7,88.6,101,28,16.7,26,19.7,1188,0.4,12.960,27,3.9
297.6,76,452.0,88.6,101,21,21.8,26,24.2,1207,0.2,12.918,27,4.2
300.7,76,449.6,88.2,101,14,25.6,26,30.4,1169,0.0,12.960,27,5.4
303.8,76,443.7,88.2,101,5,30.0,26,37.2,965,0.2,13.003,27,5.5
306.9,77,435.7,88.4,101,4,33.6,26,42.8,874,0.4,12.892,27,5.5
310.0,77,428.0,88.2,101,5,24.5,26,30.8,959,0.6,12.880,27,4.7
313.1,77,424.0,88.2,101,7,21.5,26,26.2,1126,0.8,12.955,27,4.1
316.2,77,419.2,88.2,101,7,22.7,26,29.2,1069,0.0,12.913,27,4.2
319.3,77,413.0,88.2,101,5,31.6,26,40.1,972,0.4,12.678,27,5.9
322.4,77,406.3,88.2,101,0,32.9,26,42.7,847,0.4,12.880,27,5.4
325.5,77,400.0,88.2,101,0,31.8,26,41.0,845,0.4,12.889,27,5.1
328.6,77,390.3,88.2,101,0,29.6,26,39.4,825,0.4,12.990,27,4.4
331.7,77,384.2,88.2,101,0,22.0,26,28.8,738,0.4,12.960,27,3.5
334.8,77,377.1,88.2,101,0,22.7,26,28.0,651,0.4,12.844,27,2.9
337.9,77,369.1,88.2,101,0,31.6,26,40.8,719,0.4,13.012,27,4.1
341.0,78,359.1,88.2,101,0,31.5,26,40.5,786,0.1,12.897,27,4.7
344.1,78,353.1,88.2,101,0,30.6,26,39.8,821,0.4,12.816,27,4.7
347.2,78,346.9,88.2,101,0,30.6,26,39.9,812,0.4,12.960,28,4.7
350.3,78,340.9,88.2,101,0,30.6,26,39.3,816,0.0,12.765,28,4.7
353.4,78,335.1,88.2,101,0,30.6,26,39.9,815,0.0,12.960,28,4.7
356.5,78,329.3,88.2,101,0,29.1,26,38.0,815,0.1,12.806,28,4.7
359.6,78,323.2,88.2,101,0,21.9,26,28.8,778,0.7,12.960,28,5.2
362.7,78,322.9,88.2,99,6,39.6,26,45.9,1564,5.2,12.807,28,8.6
365.8,78,324.6,88.2,99,13,43.6,26,53.3,1340,6.7,12.960,28,10.9
368.9,78,333.4,88.2,99,18,52.9,26,65.3,1343,9.0,12.899,28,13.0
372.0,78,343.0,88.2,100,22,56.2,26,64.7,1423,8.5,12.960,28,12.8
375.1,78,353.5,88.2,100,24,49.9,26,62.8,1355,2.4,12.902,28,8.0
378.2,79,348.9,88.2,101,20,25.4,26,29.8,1176,0.0,12.960,28,5.5
381.3,80,348.4,88.2,101,16,30.6,26,46.3,1445,3.6,12.960,28,8.1
384.4,80,352.0,88.2,100,17,34.0,26,35.7,1337,1.4,12.960,28,9.1
387.5,80,352.0,88.2,101,15,20.4,26,24.3,1205,0.4,12.960,28,4.6
390.6,81,348.0,88.2,101,7,16.3,26,19.9,898,0.4,12.896,28,3.8
393.7,81,344.2,88.2,101,3,21.7,26,27.9,731,0.9,12.907,28,3.4
396.8,81,338.6,88.2,100,4,26.8,26,32.4,1322,1.3,12.906,28,4.9
399.9,81,336.0,88.2,100,5,25.3,26,30.5,1298,0.2,12.960,28,5.5
403.0,81,336.0,88.2,99,6,31.1,26,38.1,1425,1.5,12.960,28,5.6
406.1,81,332.3,88.2,101,2,30.5,26,37.7,940,0.1,12.960,28,5.9
409.2,81,328.0,88.2,101,0,32.0,26,34.6,885,0.1,12.960,28,4.9
412.3,81,324.5,88.2,101,0,29.0,18,52.7,513,0.4,12.784,28,3.6
415.4,81,320.0,88.2,101,0,0.0,11,0.0,0,1.6,12.720,28,6.3
418.5,81,320.0,88.2,101,0,0.0,11,0.0,0,1.6,12.720,28,6.3
421.6,81,319.1,88.2,101,0,0.0,11,0.0,0,1.6,12.720,28,6.3
424.7,81,320.0,88.2,101,0,0.0,11,0.0,0,1.6,12.724,28,6.3
427.8,81,320.0,88.2,101,0,0,1.6,12.720,28,6.3
