BlueDriver Data Log
Jul 22, 2018 2:52:58 PM
Time (s),Barometric Pressure (kPa),Vehicle Speed (MPH),Absolute Load Value (%),Ambient Air Temperature (째C),Intake Air Temperature (째C),Engine Coolant Temperature (째C),Catalyst Temperature Bank 1 - Sensor 1 (째C),Engine RPM (rpm),Fuel Level Input (%)
0.0,,,,,,,,,
1.3,,0,35.7,26,41,63,28.0,787,
2.6,102,0,35.9,26,41,63,28.0,787,39.6
3.9,102,0,35.5,24,39,63,28.0,787,39.6
5.2,102,0,36.1,24,39,63,28.0,787,39.9
6.5,102,1,36.0,24,39,63,28.0,795,40.0
7.8,102,1,35.3,24,39,64,28.0,810,40.0
9.1,102,2,34.7,24,39,64,28.0,821,40.0
10.4,102,1,35.6,24,39,64,28.0,812,39.9
11.7,102,0,35.1,24,39,65,28.0,857,39.6
13.0,102,0,41.4,24,39,65,28.0,1057,39.6
14.3,102,2,44.9,24,39,65,28.0,1317,39.6
15.6,102,4,38.6,24,39,65,28.0,1371,39.3
16.9,102,5,29.6,24,39,65,28.0,1282,39.2
18.2,102,5,26.4,24,39,65,28.0,1112,39.2
19.5,102,5,30.8,24,39,66,28.0,1252,39.2
20.8,102,5,30.1,24,39,66,28.0,1290,38.9
22.1,102,5,25.1,24,39,67,28.0,1221,38.8
23.4,102,4,27.6,24,39,67,28.0,1078,38.8
24.7,102,3,30.6,24,39,67,28.0,928,38.9
26.0,102,1,33.5,24,39,67,28.0,847,39.2
27.3,102,0,34.5,24,39,67,28.0,837,39.2
28.6,102,0,34.1,24,39,68,28.0,839,39.2
29.9,102,1,33.4,24,39,68,28.0,850,38.8
31.2,102,1,32.7,24,39,68,28.0,824,38.8
32.5,102,1,32.2,24,39,68,28.0,833,38.8
33.8,102,0,32.1,24,39,68,28.0,837,38.8
35.1,102,0,31.5,24,39,68,28.0,882,38.8
36.4,102,0,33.7,24,39,69,28.0,916,38.8
37.7,102,1,33.7,24,39,69,28.0,892,38.8
39.0,102,0,33.7,24,39,69,28.0,861,38.8
40.3,102,0,33.4,24,39,69,28.0,850,38.8
41.6,102,0,32.9,24,39,69,28.0,837,38.8
42.9,102,0,32.9,24,39,69,28.0,837,38.8
44.2,102,0,32.9,24,39,69,28.0,837,38.8
45.5,102,0,33.5,24,39,70,28.0,821,38.8
46.8,102,0,40.8,24,39,70,28.0,1003,38.6
48.1,102,2,41.5,24,39,70,28.0,1227,38.4
49.4,102,3,33.5,24,39,70,28.0,1176,38.4
50.7,102,2,32.2,24,39,70,28.0,870,38.4
52.0,102,2,38.6,24,39,70,28.0,825,38.4
53.3,102,4,46.8,24,39,70,28.0,1388,38.4
54.6,102,7,49.3,24,39,71,37.7,1521,38.2
55.9,102,10,53.0,24,39,71,46.2,1481,38.0
57.2,102,13,49.1,24,39,71,53.4,1370,37.8
58.5,102,15,22.0,24,39,71,58.3,1260,37.7
59.8,102,14,24.2,24,39,71,62.3,1192,38.1
61.1,102,11,25.1,24,39,72,66.5,1162,38.5
62.4,102,10,25.9,24,39,72,68.0,1150,38.9
63.7,102,6,25.9,24,39,72,70.3,1114,39.2
65.0,102,5,45.5,24,39,72,76.3,1412,39.3
66.3,102,8,48.6,24,39,72,83.8,1699,39.5
67.6,102,11,46.6,23,39,72,92.3,1400,39.2
68.9,102,13,36.3,23,39,73,101.0,1202,39.2
70.2,102,14,27.0,23,38,73,104.4,1137,39.6
71.5,102,13,24.9,23,38,73,108.0,1104,39.9
72.8,102,12,25.9,23,38,74,107.8,1129,40.0
74.1,102,12,25.9,23,38,74,111.2,1137,40.0
75.4,102,11,25.9,23,38,75,114.9,1129,40.0
76.7,102,11,25.9,23,38,75,116.0,1103,40.2
78.0,102,9,26.7,23,38,75,118.5,1087,40.4
79.3,102,6,27.5,23,38,75,120.0,1073,40.6
80.6,102,5,37.1,23,38,75,122.3,1384,40.8
81.9,102,7,42.5,23,38,75,129.3,1663,40.7
83.2,102,8,47.8,23,38,75,137.2,1470,40.4
84.5,101,11,44.1,23,38,75,141.8,1273,40.0
85.8,101,13,35.8,23,38,76,148.0,1100,40.0
87.1,102,13,29.4,23,38,76,148.3,1216,40.0
88.4,102,12,24.8,23,38,76,151.8,1126,40.3
89.7,102,12,25.9,23,38,76,155.3,1109,40.6
91.0,102,11,25.9,23,38,76,156.0,1112,40.8
92.3,102,10,25.9,23,38,77,158.1,1218,40.8
93.6,102,10,37.3,23,38,77,161.9,1440,40.8
94.9,102,11,42.5,23,38,77,165.9,1540,40.8
96.2,101,12,40.2,23,38,77,169.8,1457,40.7
97.5,102,12,28.2,23,38,77,173.4,1346,40.4
98.8,102,11,24.1,23,38,77,176.0,1156,40.8
100.1,102,10,29.4,23,38,77,176.9,1232,40.8
101.4,102,11,33.3,23,38,77,180.6,1512,40.8
102.7,102,12,33.7,23,38,77,184.3,1489,40.8
104.0,102,12,29.3,23,38,78,188.3,1215,40.5
105.3,102,12,23.2,23,38,78,191.7,1218,40.4
106.6,102,12,24.4,23,38,78,192.0,1160,40.4
107.9,102,12,25.3,23,38,78,192.0,1137,40.4
109.2,102,11,25.9,23,38,78,194.8,1105,40.4
110.5,102,10,25.9,23,38,78,196.0,1135,40.4
111.8,102,10,34.9,23,38,78,197.6,1287,40.3
113.1,102,11,37.6,23,38,78,201.0,1556,40.0
114.4,102,12,35.5,23,38,78,204.3,1511,40.0
115.7,101,13,31.8,23,38,78,208.0,1236,40.0
117.0,102,14,27.5,23,38,78,208.0,1240,40.0
118.3,102,14,23.5,23,38,78,210.8,1202,40.0
119.6,102,12,25.0,23,38,78,212.0,1175,40.2
120.9,102,11,25.8,23,38,78,212.0,1133,40.6
122.2,102,7,26.6,23,38,78,212.0,1115,40.8
123.5,102,5,26.0,23,38,79,214.1,1111,40.8
124.8,102,4,27.2,23,38,79,216.0,1005,40.9
126.1,102,2,31.4,23,38,79,216.0,904,41.2
127.4,102,1,34.1,23,38,79,216.0,825,41.2
128.7,102,0,34.3,23,38,79,211.6,844,41.2
130.0,102,1,33.6,23,38,79,212.0,915,41.2
131.3,102,1,32.9,23,38,79,212.0,932,41.2
132.6,102,0,33.6,23,38,80,212.0,872,41.2
133.9,102,0,33.7,23,38,80,212.0,837,41.2
135.2,102,0,33.7,23,38,80,210.2,833,41.2
136.5,102,0,33.2,23,38,80,208.0,840,41.2
137.8,102,2,34.4,23,38,80,208.0,947,41.2
139.1,102,4,32.5,23,38,80,209.2,1259,40.8
140.4,102,6,30.2,23,38,80,212.0,1518,40.8
141.7,102,8,26.1,23,38,80,212.5,1237,40.8
143.0,102,9,22.3,23,38,80,216.0,1259,40.8
144.3,102,9,24.2,23,38,80,216.0,1135,40.8
145.6,102,9,32.0,23,38,80,215.7,1281,40.8
146.9,102,10,48.1,23,38,80,222.0,1580,40.6
148.2,102,12,62.7,23,38,80,226.7,1641,40.2
149.5,101,15,67.5,23,38,81,235.2,1606,40.0
150.8,101,19,67.4,23,38,81,243.9,1617,39.9
152.1,101,21,67.0,23,38,81,249.5,1602,39.6
153.4,101,21,64.5,23,38,81,255.6,1521,39.5
154.7,101,24,63.5,22,38,81,265.8,1409,39.2
156.0,101,26,61.1,22,38,81,273.8,1325,39.2
157.3,101,27,57.6,22,37,81,284.0,1325,39.2
158.6,101,28,55.7,22,37,81,288.1,1313,39.2
159.9,101,29,54.3,22,37,82,291.7,1312,39.2
161.2,101,30,47.1,22,37,82,300.9,1249,39.2
162.5,101,30,47.8,22,37,82,304.0,1225,39.3
163.8,101,31,36.4,21,36,83,308.1,1212,39.6
165.1,101,31,26.8,21,36,83,312.0,1175,39.6
166.4,102,30,24.3,21,36,83,310.4,1191,39.6
167.7,102,30,25.4,21,36,83,309.5,1190,39.7
169.0,102,29,26.9,21,36,83,312.0,1094,40.0
170.3,102,29,25.2,21,36,83,312.0,1101,40.0
171.6,102,29,22.8,21,36,83,312.8,1295,40.0
172.9,102,29,22.3,21,36,83,316.0,1237,40.0
174.2,102,29,22.7,21,36,83,316.0,1250,40.0
175.5,102,28,22.7,21,36,83,316.0,1237,40.3
176.8,102,27,22.7,21,36,83,315.9,1237,40.4
178.1,102,25,22.7,21,36,83,319.8,1248,40.7
179.4,102,23,23.0,21,36,83,320.0,1228,40.8
180.7,102,20,23.5,21,36,84,319.9,1204,41.1
182.0,102,18,23.6,21,36,84,320.0,1180,41.5
183.3,102,16,24.4,20,36,84,320.0,1139,41.6
184.6,102,13,25.4,20,35,84,316.6,1106,41.9
185.9,102,10,26.4,20,35,84,316.0,1118,42.2
187.2,102,7,25.2,20,35,84,316.0,1055,42.4
188.5,102,6,28.2,20,35,84,316.0,966,42.5
189.8,102,4,31.7,20,35,84,313.7,904,42.7
191.1,102,5,50.2,20,35,84,313.7,1262,42.6
192.4,102,8,55.4,20,35,84,316.9,2133,42.4
193.7,102,12,58.9,20,35,84,320.7,2201,42.4
195.0,102,16,63.8,20,35,84,325.9,1729,42.0
196.3,102,19,66.2,20,35,84,336.3,1776,41.6
197.6,102,22,65.7,20,35,84,340.1,1850,41.6
198.9,101,24,61.1,20,35,84,343.9,1839,41.3
200.2,101,25,55.3,20,35,84,355.3,1664,41.2
201.5,101,27,56.5,20,35,84,359.2,1534,41.2
202.8,101,29,46.3,20,35,85,365.8,1430,41.2
204.1,101,29,47.8,19,34,85,370.2,1337,41.2
205.4,101,29,26.8,19,34,85,373.6,1232,41.1
206.7,102,29,29.3,19,34,85,376.0,1146,40.8
208.0,102,29,40.5,19,34,86,376.9,1185,40.8
209.3,102,29,45.0,19,34,86,380.4,1237,40.8
210.6,102,30,42.7,19,34,86,384.1,1250,40.8
211.9,102,30,40.8,19,34,86,387.9,1206,40.5
213.2,101,31,42.7,19,34,86,391.5,1220,40.4
214.5,101,31,47.0,19,34,86,395.2,1261,40.4
215.8,101,32,46.5,19,34,86,398.9,1283,40.4
217.1,101,32,49.4,19,34,86,402.4,1300,40.4
218.4,101,33,50.0,19,34,87,406.0,1297,40.4
219.7,102,34,41.5,19,34,87,409.6,1262,40.4
221.0,102,34,42.3,18,34,87,413.2,1234,40.4
222.3,102,34,39.9,18,33,87,416.0,1277,40.0
223.6,102,34,39.1,18,33,87,416.8,1155,40.0
224.9,102,34,41.6,18,33,87,420.0,1200,40.0
226.2,101,34,38.5,18,33,87,420.0,1200,40.0
227.5,101,33,31.6,18,33,87,423.3,1200,40.0
228.8,101,32,24.3,18,33,87,421.1,1200,40.0
230.1,102,30,24.3,18,33,87,417.5,1179,40.0
231.4,101,30,28.2,18,33,87,416.0,1162,40.0
232.7,101,29,24.5,18,33,87,416.0,1200,40.1
234.0,101,29,23.3,18,33,87,416.0,1296,40.4
235.3,100,29,25.1,18,33,87,416.0,1281,40.4
236.6,100,28,26.9,18,33,87,416.0,1298,40.4
237.9,100,27,31.4,18,33,87,416.4,1138,40.4
239.2,100,27,40.9,18,33,87,420.0,1201,40.0
240.5,100,27,48.8,18,33,87,420.1,1275,40.0
241.8,100,27,49.2,18,33,87,423.9,1297,40.0
243.1,100,27,48.5,18,33,87,427.2,1308,39.8
244.4,100,27,47.7,18,33,87,430.5,1306,39.6
245.7,100,27,42.4,18,33,87,434.3,1257,39.6
247.0,101,27,24.8,18,33,87,433.7,1211,39.6
248.3,102,25,23.5,18,33,87,428.6,1221,39.7
249.6,102,22,24.1,18,33,87,423.0,1244,40.0
250.9,102,20,25.3,18,33,87,420.0,1385,39.6
252.2,101,19,30.0,17,33,87,420.0,1294,39.6
253.5,100,19,37.4,17,33,87,420.0,1500,40.0
254.8,100,20,46.1,17,32,87,420.0,1412,40.0
256.1,100,22,54.0,17,32,87,420.3,1319,40.0
257.4,100,23,56.7,17,32,87,424.2,1335,39.7
258.7,100,24,55.5,17,32,87,427.6,1328,39.6
260.0,100,26,54.8,17,32,87,433.5,1332,39.6
261.3,100,27,54.0,17,32,87,438.2,1349,39.6
262.6,100,29,47.1,17,32,87,441.7,1306,39.6
263.9,100,30,43.4,17,32,87,444.0,1186,39.6
265.2,101,30,34.2,17,32,87,444.0,1154,39.6
266.5,102,30,25.5,17,32,87,444.0,1250,39.6
267.8,102,30,23.1,17,32,87,444.0,1248,40.0
269.1,102,29,23.0,17,32,87,444.0,1225,40.0
270.4,102,28,23.5,17,32,87,443.9,1235,40.0
271.7,102,27,23.4,17,32,87,444.0,1247,40.3
273.0,102,24,22.7,17,32,87,444.0,1250,40.6
274.3,102,20,22.9,17,32,87,440.6,1214,41.0
275.6,102,17,24.3,17,32,87,440.0,1155,41.2
276.9,102,15,25.7,17,32,87,440.0,1183,41.2
278.2,101,15,55.5,17,32,87,441.2,1483,41.1
279.5,101,16,64.0,17,32,87,444.0,1898,40.8
280.8,101,18,65.8,17,32,87,444.2,1575,40.8
282.1,101,20,67.2,17,32,87,451.9,1553,40.8
283.4,101,22,66.7,17,32,87,452.0,1560,40.5
284.7,101,23,66.4,17,32,87,456.3,1527,40.4
286.0,101,24,65.2,17,32,87,464.1,1501,40.1
287.3,100,26,61.7,17,32,87,468.0,1429,40.0
288.6,100,27,57.2,17,32,87,467.7,1374,40.0
289.9,100,27,51.9,17,32,87,474.9,1342,39.7
291.2,100,28,42.6,15,30,87,476.0,1241,39.6
292.5,100,29,34.5,15,30,87,476.0,1132,39.6
293.8,100,28,28.1,15,30,87,476.0,1166,39.7
295.1,101,27,23.6,15,30,87,476.0,1305,39.9
296.4,101,27,22.7,15,30,87,474.4,1258,39.7
297.7,101,26,22.7,15,30,87,472.0,1250,40.0
299.0,101,25,22.7,15,30,87,472.0,1246,40.0
300.3,101,24,22.7,15,30,87,471.4,1225,40.4
301.6,101,22,23.1,15,30,87,468.0,1225,40.7
302.9,101,18,23.8,15,30,87,468.0,1175,41.1
304.2,101,14,24.8,15,30,87,468.0,1143,41.5
305.5,101,9,32.2,15,30,87,463.4,1031,41.8
306.8,101,7,58.8,15,30,87,464.0,1482,41.8
308.1,100,10,29.0,15,30,87,464.0,1851,41.6
309.4,100,11,26.0,15,30,87,462.3,1535,41.6
310.7,100,11,23.3,15,30,87,460.0,1395,41.6
312.0,101,10,23.7,15,30,87,459.1,1208,41.6
313.3,100,10,34.0,15,31,87,456.0,1478,41.6
314.6,100,11,39.2,15,32,87,456.0,1655,41.6
315.9,100,12,29.5,15,32,87,455.7,1175,41.6
317.2,101,12,23.8,15,32,87,452.0,1200,41.3
318.5,101,10,24.6,15,32,87,451.9,1160,41.5
319.8,101,7,25.9,15,32,87,449.2,1150,41.6
321.1,101,5,25.9,15,32,87,446.1,1145,41.6
322.4,101,4,25.9,15,32,87,444.0,1116,41.6
323.7,101,3,28.5,15,32,87,443.4,1014,41.6
325.0,102,2,32.3,15,32,87,440.0,887,42.0
326.3,102,1,33.9,15,32,87,435.9,865,42.0
327.6,102,1,34.3,15,33,87,432.2,830,42.0
328.9,102,0,33.6,15,33,87,428.7,844,42.0
330.2,102,0,32.8,15,33,87,425.1,850,42.0
331.5,102,0,29.8,15,33,87,421.6,829,42.0
332.8,102,0,32.3,15,33,87,418.0,801,42.0
334.1,102,0,35.3,15,33,87,414.2,792,42.0
335.4,102,0,33.8,15,33,87,410.6,803,42.0
336.7,102,0,32.9,15,33,87,407.3,812,42.0
338.0,102,0,32.9,15,33,87,404.0,812,42.0
339.3,102,0,33.4,15,33,87,400.5,812,42.0
340.6,102,0,34.4,15,33,87,397.0,829,42.0
341.9,102,0,32.2,15,34,87,393.4,845,42.0
343.2,102,0,34.9,15,34,87,389.7,827,42.0
344.5,102,0,35.3,15,34,87,388.0,795,42.0
345.8,102,0,34.0,15,34,87,384.3,795,42.0
347.1,102,0,32.5,15,34,87,380.0,820,42.0
348.4,102,0,30.9,15,34,87,378.3,834,42.0
349.7,102,0,30.0,15,34,87,374.9,810,42.0
351.0,102,0,31.0,15,34,87,371.8,750,42.0
352.3,101,0,32.4,15,34,87,367.8,780,42.0
353.6,101,0,32.9,15,34,87,365.2,795,42.0
354.9,102,1,32.9,15,34,87,361.8,794,42.0
356.2,102,1,32.9,15,34,87,358.1,792,42.0
357.5,102,1,32.9,15,34,87,356.0,800,42.0
358.8,101,0,32.9,15,34,87,354.1,800,42.0
360.1,101,0,32.9,15,34,87,350.6,800,42.0
361.4,102,0,32.9,15,34,88,346.9,802,42.0
362.7,102,0,28.8,15,34,88,343.4,812,42.0
364.0,102,0,23.4,15,34,88,340.0,860,41.7
365.3,102,0,16.2,15,35,88,340.0,275,41.6
366.6,102,0,0.0,15,35,88,335.5,112,41.6
367.9,102,0,0.0,15,35,88,336.0,0,41.6
369.2,102,0,0.0,15,35,88,336.0,0,41.6
370.5,102,0,0.0,15,35,88,335.7,1,41.6
371.8,102,0,0.1,15,35,88,336.0,0,41.6
373.1,102,0,0.0,15,35,88,335.4,2,41.6
374.4,102,0,0.1,15,35,88,336.0,0,41.6
375.7,102,0,0.0,15,35,87,328.1,21,41.6
377.0,102,0,0.0,15,35,87,329.1,18,41.6
378.3,102,0,0.6,15,35,88,330.2,15,41.6
379.6,102,0,0.4,15,35,88,331.2,13,41.6
380.9,102,0,0.3,15,35,88,332.3,10,41.6
382.2,102,0,0.2,15,35,88,333.3,8,41.6
383.5,102,0,0.1,15,35,88,334.3,5,41.6
384.8,102,0,0.0,15,35,88,335.4,2,41.6
386.1,102,0,35,88,336.0,0,41.6
387.4,102,0,41.6
