BlueDriver Data Log
Oct 2, 2018 7:12:16 AM
Time (s),Engine Coolant Temperature (°C),Catalyst Temperature Bank 1 - Sensor 1 (°C),Absolute Throttle Position B (%),Evap. System Vapor Pressure (Pa),Fuel Level Input (%),Barometric Pressure (kPa),Vehicle Speed (km/h),Absolute Load Value (%),Ambient Air Temperature (°C),Long Term Fuel Trim Bank 1 (%),Commanded Throttle Actuator (%),Commanded Equivalence Ratio (λ),Timing Advance for #1 cylinder (°),Accelerator Pedal Position E (%),Short Term Fuel Trim Bank 1 (%),Calculated Engine Load Value (%),Accelerator Pedal Position D (%),Engine RPM (rpm),Mass Air Flow Rate (g/s),Relative Throttle Position (%),Control Module Voltage (V),Intake Air Temperature (°C),Commanded Evaporative Purge (%),Absolute Throttle Position (%)
0.0,,,,,,,,,,,,,,,,,,,,,,,,
3.0,87,600.7,7.5,36.5,82.7,99,99,37.4,12,-0.8,10.3,1.012,30.4,,,,,,,,,,,
6.0,87,596.0,9.4,7.6,82.7,98,103,39.2,12,-0.8,11.0,1.002,29.0,11.8,-1.6,48.5,12.1,1957,13.32,6.1,13.040,12,93.6,8.2
9.0,87,588.8,7.2,19.9,82.9,99,106,33.6,12,-2.1,10.4,0.971,29.7,11.7,-0.4,47.2,12.5,2029,14.27,8.4,13.040,12,86.1,6.2
12.0,87,582.1,5.3,44.3,83.1,100,110,21.2,12,-5.2,8.0,0.896,38.0,8.6,7.1,30.0,8.7,2064,9.05,5.5,13.083,12,85.5,6.0
15.0,86,576.8,8.5,17.4,82.8,99,111,44.1,12,-3.6,15.2,0.921,31.1,12.2,5.8,41.3,11.6,2189,12.36,6.5,13.110,12,87.5,7.2
18.0,86,577.8,17.4,10.6,82.7,99,112,74.0,12,-0.8,26.6,0.995,13.3,22.2,-2.2,84.4,22.3,2469,28.59,22.8,13.040,12,88.2,27.4
21.0,86,580.2,30.3,4.5,82.7,100,114,74.1,12,-0.8,27.6,0.996,13.7,22.1,-1.8,85.8,22.7,2464,29.51,24.9,13.015,12,86.8,31.1
24.0,86,584.0,27.0,5.3,82.8,100,116,72.8,12,-0.8,28.2,1.000,17.3,19.8,-0.8,78.4,20.0,2221,24.83,20.8,12.892,12,89.2,24.9
27.0,86,588.2,20.8,19.3,83.1,99,118,61.4,12,-0.8,23.7,0.996,17.3,19.8,0.9,79.4,20.2,2231,25.33,20.9,12.930,12,68.9,24.7
30.0,86,592.9,17.1,9.1,83.1,99,116,46.9,12,-0.8,18.9,1.000,19.8,18.2,1.9,74.1,18.9,2210,24.12,18.7,13.040,12,1.9,16.3
33.0,86,591.3,17.7,0.0,83.1,100,114,25.2,12,-0.8,12.8,1.013,27.1,12.8,-0.1,48.9,12.8,2101,14.54,9.1,12.946,12,0.0,14.9
36.0,86,588.0,15.6,0.5,83.1,100,111,52.5,12,-0.8,16.5,1.004,23.7,14.0,0.0,54.9,13.8,2102,15.65,10.1,12.921,12,0.0,13.7
39.0,86,585.1,9.1,0.0,83.1,100,109,36.4,12,-3.1,12.5,0.997,27.5,13.0,0.7,52.8,14.5,2071,17.25,11.7,13.040,12,0.9,16.0
42.0,86,582.0,11.1,0.0,83.1,100,107,29.0,12,-4.3,8.1,0.995,37.5,9.5,2.2,30.4,13.3,2012,16.39,10.9,13.040,12,65.2,15.3
45.0,86,580.0,17.0,0.0,83.2,99,104,60.5,12,-0.8,17.3,0.995,19.7,16.0,-0.0,68.9,15.3,1987,18.17,12.6,13.040,12,93.7,16.2
48.0,86,580.0,18.8,0.2,83.5,99,104,62.2,12,-0.8,19.2,0.998,17.7,17.2,-0.8,74.5,17.5,2042,20.83,15.5,13.040,12,92.7,18.9
51.0,86,583.1,22.3,4.3,83.2,99,105,66.7,12,-0.8,21.6,1.001,16.1,18.4,-0.9,79.6,19.2,2137,23.60,19.2,13.040,12,90.2,23.0
54.0,86,586.2,22.7,6.5,83.1,99,107,69.0,12,-0.8,23.1,1.002,15.5,19.1,0.7,79.5,19.2,2137,23.80,19.1,13.040,12,90.2,23.4
57.0,86,588.0,22.0,5.1,83.0,99,108,66.9,12,-0.8,21.9,1.000,15.6,18.3,-0.8,77.9,18.3,2092,23.06,18.4,13.040,12,90.8,22.8
60.0,86,588.0,21.8,0.1,82.7,99,108,61.8,12,-0.8,18.7,0.999,18.6,16.7,-0.3,72.7,17.0,2069,21.00,16.0,13.040,12,91.9,21.0
63.0,86,588.1,18.7,2.5,82.7,99,108,63.9,12,-0.8,19.4,1.006,18.9,16.3,-0.6,70.0,16.1,2062,19.31,12.9,13.040,12,93.4,17.9
66.0,86,588.0,16.9,4.5,82.9,99,108,63.8,12,-0.8,19.9,1.010,17.5,17.3,-1.5,73.7,16.9,2062,20.07,11.4,13.040,12,94.1,14.8
69.0,86,586.7,14.0,6.3,83.1,99,108,59.5,12,-0.8,19.6,1.002,17.6,17.3,-0.8,73.8,16.8,2034,18.67,6.4,13.040,12,51.1,10.3
72.0,86,583.6,10.2,4.0,83.1,100,104,40.0,12,-0.8,12.2,1.003,23.5,14.3,-1.3,61.1,14.6,1972,15.74,3.1,13.040,12,13.7,4.7
75.0,86,580.1,5.1,0.4,82.8,100,100,21.7,12,-3.7,8.7,0.995,33.1,11.8,-0.9,45.8,12.5,1895,13.07,3.3,13.040,12,33.3,5.4
78.0,86,577.3,9.2,7.0,82.9,99,98,33.3,12,-3.7,10.3,0.992,33.9,12.1,-0.4,43.3,12.7,1858,13.24,7.6,13.040,12,95.3,12.2
81.0,86,576.0,14.2,10.6,83.2,98,98,51.6,12,-0.8,16.6,1.000,19.3,16.1,-1.6,71.7,16.5,1974,19.70,14.4,13.098,12,93.1,16.8
84.0,86,576.0,18.5,8.4,83.5,99,100,32.9,12,-0.8,10.2,1.013,30.5,12.7,-2.7,56.2,15.0,1915,18.01,13.7,13.120,12,92.5,19.3
87.0,86,576.1,19.1,0.4,83.5,99,100,54.5,12,-0.8,15.6,1.003,24.0,13.8,-1.0,54.1,13.2,1884,15.71,11.5,13.102,12,93.9,17.1
90.0,86,573.1,13.2,20.5,83.5,98,99,52.4,12,-0.8,16.0,0.998,20.3,15.2,0.9,59.1,11.7,1894,13.62,7.5,13.040,12,95.3,11.0
93.0,86,572.0,12.5,17.0,83.5,98,98,45.1,12,-0.8,11.8,1.000,26.8,11.7,-1.5,49.0,11.4,1850,12.15,7.5,13.040,12,95.3,11.5
96.0,86,572.0,12.3,0.0,83.6,98,98,53.8,12,-0.8,15.3,0.997,20.6,14.9,-0.0,66.1,14.0,1850,15.08,7.0,13.040,12,95.3,11.8
99.0,86,571.7,5.1,0.1,83.9,99,96,13.5,12,-4.3,8.0,0.998,29.6,8.3,0.9,39.5,9.2,1803,11.50,4.3,13.040,12,72.1,10.1
102.0,86,556.3,5.1,0.0,83.6,100,92,14.3,12,-4.7,4.9,0.947,20.7,2.5,1.0,16.8,2.7,1720,4.99,1.2,13.016,12,10.4,5.1
105.0,86,551.1,12.6,43.2,83.7,100,89,35.5,12,-2.9,9.6,0.910,0.7,2.6,0.0,21.0,1.0,1643,5.40,4.7,12.881,12,38.0,14.1
108.0,86,551.2,21.3,54.5,83.9,100,89,68.2,12,-0.8,23.6,0.999,9.5,20.0,-0.0,85.8,20.8,1937,19.59,17.6,12.987,12,68.4,21.2
111.0,86,558.0,26.5,7.2,83.9,99,92,74.4,12,-0.8,27.0,0.996,12.3,21.1,2.5,85.2,21.0,2107,24.58,22.4,13.040,12,89.8,26.2
114.0,86,568.1,21.5,22.0,83.9,99,93,70.1,12,-0.8,24.2,0.998,14.0,20.2,2.3,82.8,20.4,2165,24.80,21.1,13.040,12,89.9,25.0
117.0,86,570.9,22.4,7.4,83.7,99,95,67.9,12,-0.8,21.9,0.999,16.5,13.7,0.9,68.7,15.8,1986,20.49,17.9,13.040,12,91.0,23.0
120.0,86,568.1,15.0,23.7,83.5,99,95,56.4,12,-1.4,19.3,0.984,22.5,0.6,3.9,20.8,0.0,1812,4.21,0.8,13.040,12,28.0,11.3
123.0,86,564.0,8.6,47.4,83.5,100,92,22.7,12,-3.9,8.6,0.884,34.5,12.5,6.1,47.0,12.0,1804,13.80,10.7,13.040,12,42.0,12.0
126.0,86,564.0,22.7,0.1,83.5,99,94,68.0,12,-1.6,15.9,0.954,24.0,15.0,4.1,65.1,16.7,1844,19.26,17.1,13.040,12,92.4,21.4
129.0,86,567.0,18.8,1.7,83.5,99,95,63.3,12,-0.8,18.4,0.993,17.4,16.8,1.8,73.8,16.9,1890,19.08,15.3,13.042,12,92.9,16.9
132.0,86,570.3,18.8,5.2,83.5,99,96,61.5,12,-0.8,18.7,0.997,17.6,16.7,0.8,73.2,16.9,1850,18.81,15.7,13.120,12,92.9,19.2
135.0,86,572.0,16.9,28.1,83.5,99,96,61.9,12,-0.8,21.1,0.999,15.0,18.4,0.8,77.9,18.4,1958,20.76,17.0,13.069,12,92.3,20.8
138.0,86,572.0,10.8,72.8,83.5,99,98,43.9,12,-0.8,15.3,1.012,17.6,16.8,-0.2,70.8,17.0,1910,19.61,16.0,13.040,12,92.2,20.9
141.0,86,572.1,13.7,40.3,83.5,99,98,50.5,12,-0.8,15.1,1.005,19.7,15.6,-0.5,66.4,15.8,1846,17.76,13.8,13.025,12,93.3,18.8
144.0,86,574.5,19.0,16.7,83.5,99,98,60.4,12,-0.8,17.6,0.999,19.4,15.6,0.0,68.2,15.6,1845,17.08,12.5,12.960,12,93.3,18.3
147.0,86,577.6,23.4,0.0,83.5,99,98,70.0,12,-0.8,23.2,0.996,13.5,19.2,-0.0,81.4,20.0,2024,22.97,18.3,13.013,12,91.6,21.9
150.0,86,580.6,25.1,0.3,83.5,99,98,71.3,12,-0.8,24.6,0.995,12.8,19.7,0.5,82.1,20.2,2072,23.66,20.8,13.040,12,90.1,25.2
153.0,86,584.1,25.4,4.4,83.2,99,99,71.9,12,-0.8,25.2,0.998,12.7,20.2,1.1,82.7,20.5,2124,24.46,21.1,13.040,12,84.8,25.5
156.0,86,586.6,25.7,1.7,83.3,99,100,72.2,12,-0.8,25.6,1.000,12.9,20.4,1.5,83.1,20.8,2151,24.96,22.0,13.040,12,0.3,25.8
159.0,86,589.6,25.9,0.0,83.5,100,100,72.2,12,-0.8,25.9,0.999,12.5,20.4,0.8,83.0,20.8,2161,24.60,21.7,12.932,12,0.0,25.9
162.0,86,592.7,25.2,5.3,83.5,100,100,72.1,12,-0.8,25.4,0.997,12.9,20.4,0.8,82.4,20.6,2148,24.83,16.8,12.946,12,0.0,23.8
165.0,86,596.0,20.4,83.1,83.5,99,100,60.0,12,-0.8,22.2,0.999,13.7,19.9,0.5,81.7,20.0,2055,23.96,13.7,13.026,12,6.8,19.2
168.0,86,596.0,24.9,33.5,83.5,99,100,62.8,12,-0.8,22.3,0.999,14.9,15.7,0.6,72.2,16.6,1883,20.30,21.6,12.960,12,90.2,26.6
171.0,86,596.0,20.8,12.6,83.5,99,99,60.7,12,-1.7,23.3,0.996,17.7,3.4,3.0,26.3,0.0,1850,4.42,5.8,12.960,12,71.8,19.0
174.0,86,594.0,12.0,25.4,83.5,98,98,19.9,12,-5.5,7.1,0.999,40.0,9.0,-3.1,30.7,6.2,1801,7.03,3.5,13.004,12,76.2,13.2
177.0,86,588.0,12.9,0.1,83.5,99,94,62.5,12,-2.3,14.2,0.994,27.8,12.6,-2.0,49.4,12.0,1808,11.98,7.6,13.040,12,93.3,12.8
180.0,86,588.0,16.4,5.8,83.7,99,94,62.7,12,-0.8,19.7,0.995,17.0,16.7,-0.5,73.0,16.7,1871,18.39,14.2,13.040,12,93.3,18.4
183.0,86,589.8,18.5,14.8,83.9,99,94,62.9,12,-0.8,22.0,1.001,14.6,18.4,0.8,79.1,18.4,1950,20.96,18.3,13.040,12,92.1,20.8
186.0,86,592.0,19.1,21.7,83.9,99,94,63.5,12,-0.8,19.6,1.002,17.1,17.3,1.4,76.0,17.7,1911,20.06,17.0,13.040,12,92.0,21.6
189.0,86,592.0,18.8,0.2,83.5,99,94,64.1,12,-0.8,19.3,1.002,16.7,16.9,0.5,74.5,17.3,1897,19.47,15.7,13.058,12,92.9,20.0
192.0,86,592.0,19.6,6.3,83.7,99,93,66.5,12,-0.8,21.0,1.003,15.8,17.6,-0.6,76.0,17.7,1935,20.00,16.0,13.117,14,92.9,20.0
195.0,86,593.9,22.3,7.0,83.9,99,93,69.6,12,-0.8,24.1,1.005,14.0,19.6,-0.0,81.9,19.6,2075,23.47,20.3,13.040,14,91.2,22.8
198.0,86,596.9,25.4,2.9,83.9,99,94,71.4,12,-0.8,25.1,1.000,13.6,19.9,1.8,82.0,20.2,2100,23.90,20.6,13.040,14,90.0,25.2
201.0,86,600.4,26.7,0.4,83.9,99,96,72.1,12,-0.8,26.3,0.996,14.2,20.8,2.3,82.4,21.0,2173,24.75,21.5,13.040,14,89.7,26.2
204.0,86,604.0,27.0,8.0,83.6,99,97,72.2,12,-0.8,26.9,0.997,14.3,21.5,1.8,83.4,21.8,2257,25.93,22.8,13.040,14,89.4,27.1
207.0,86,606.5,28.2,4.5,83.5,99,99,73.4,12,-0.8,27.6,0.999,13.7,22.2,0.6,84.9,22.4,2314,27.25,23.1,13.040,14,88.2,27.6
210.0,86,610.8,29.0,3.7,83.5,99,100,75.2,12,-0.8,29.0,1.003,12.5,23.1,-0.8,87.0,23.1,2385,27.90,23.9,13.040,14,88.0,28.4
213.0,86,616.3,29.0,8.6,83.5,99,98,74.4,12,-0.8,28.9,0.999,12.2,23.1,-0.3,86.4,23.1,2374,28.03,24.3,13.040,14,87.9,29.0
216.0,86,620.0,28.9,0.2,83.5,99,97,67.3,12,-0.8,24.1,1.000,13.4,21.4,-0.3,84.4,21.6,2230,25.28,20.8,13.040,14,87.8,28.2
219.0,86,620.0,13.5,0.0,83.5,99,94,42.4,12,-2.0,16.2,1.001,19.0,17.5,-1.6,76.2,17.4,1872,17.15,6.8,13.040,14,83.1,12.5
222.0,86,616.1,10.3,0.0,83.4,99,91,29.5,12,-3.0,10.0,0.999,29.0,12.2,-4.6,52.9,12.2,1687,12.51,7.8,13.040,14,91.3,13.3
225.0,86,610.0,15.1,5.7,83.1,98,90,55.5,12,-0.0,10.6,0.991,23.0,12.9,-0.8,56.6,13.5,1704,13.71,9.5,13.040,14,84.2,11.8
228.0,86,604.0,11.4,34.2,83.1,98,94,46.3,12,0.0,11.9,0.997,23.8,12.7,-0.8,56.7,13.4,1759,14.05,10.0,13.040,14,74.0,9.4
231.0,86,601.0,7.7,10.5,83.1,99,97,30.2,12,-2.5,10.2,0.992,29.1,11.7,-0.6,51.0,12.4,1836,13.52,8.6,13.040,14,94.9,12.5
234.0,86,598.2,11.3,0.0,83.0,99,101,16.1,12,-4.5,7.6,0.983,39.0,9.6,-0.0,34.5,12.2,1900,13.05,8.2,13.040,14,93.9,15.8
237.0,86,595.4,16.6,0.0,82.7,98,104,19.6,12,-0.8,9.8,1.003,24.5,16.1,-2.3,58.6,14.7,1939,16.49,11.3,13.040,14,92.9,18.4
240.0,86,592.0,6.3,0.2,83.5,99,104,18.0,12,-3.6,8.7,0.999,25.4,9.0,-0.4,49.2,10.2,1937,14.36,11.1,13.040,14,85.5,18.5
243.0,86,584.4,5.6,0.0,83.5,99,101,15.9,12,-5.5,7.6,0.964,29.5,1.6,3.4,17.7,1.2,1882,4.32,0.8,13.040,14,0.3,4.7
246.0,86,578.4,8.9,0.0,83.5,99,97,23.1,12,-4.7,8.4,0.896,38.9,8.4,9.4,28.2,11.0,1825,13.29,7.3,13.040,14,57.1,10.6
249.0,86,576.9,15.3,0.0,83.5,98,96,54.1,12,-0.8,16.1,0.997,20.0,15.7,0.8,59.3,15.2,1799,16.42,14.8,13.040,14,92.7,19.3
252.0,86,580.0,17.9,0.0,83.5,99,90,39.9,12,-0.2,13.7,1.006,20.9,15.0,-0.1,67.2,15.5,1739,16.78,16.4,13.040,14,81.3,25.7
255.0,86,580.1,30.9,8.0,83.2,99,88,61.0,12,-0.4,23.1,1.004,16.3,18.8,-0.5,72.9,17.7,1819,17.76,14.2,13.040,14,51.0,26.3
258.0,86,584.4,32.2,4.0,83.1,99,86,77.4,12,-0.8,33.2,0.998,8.9,25.8,0.0,90.1,26.2,2190,26.99,29.0,13.040,14,78.6,31.6
261.0,86,592.0,32.3,1.1,83.0,99,87,76.7,12,-0.8,32.9,0.999,11.5,25.1,-0.0,88.1,23.5,2335,27.90,26.4,13.090,14,88.0,31.8
264.0,86,600.5,28.9,4.4,82.7,99,90,74.5,12,-0.8,30.5,0.998,11.5,23.3,1.0,84.1,21.7,2194,26.11,24.4,13.087,14,88.3,29.4
267.0,86,604.0,21.6,7.1,82.7,99,93,69.2,12,-0.8,23.9,1.004,14.7,20.0,0.9,78.6,19.2,2050,23.04,21.9,13.048,14,80.7,27.4
270.0,86,604.0,15.7,2.4,82.5,99,94,56.8,12,-0.8,17.1,1.010,19.6,16.4,-0.4,71.6,16.8,1976,19.96,16.3,13.079,14,26.8,20.4
273.0,86,602.2,14.0,323.1,82.4,99,94,48.2,12,-0.8,13.3,1.011,23.4,13.7,-1.6,60.0,13.7,1762,14.67,10.6,13.050,14,18.7,17.1
276.0,86,600.0,15.4,1073.8,82.4,99,94,53.3,12,-0.8,15.3,0.996,22.0,14.5,0.2,62.0,14.3,1787,15.24,11.3,13.050,14,14.8,15.2
279.0,86,599.8,15.7,2581.1,82.0,99,94,55.3,12,-0.8,15.3,0.999,21.1,15.0,-0.1,65.8,15.1,1789,16.01,12.3,13.053,14,35.0,16.0
282.0,87,596.0,16.9,700.9,82.0,98,94,58.0,12,-0.8,16.3,0.998,19.9,15.4,-0.2,68.9,15.7,1775,16.61,13.3,13.040,14,94.1,17.3
285.0,87,596.0,17.1,0.0,82.0,98,94,60.1,12,-0.8,17.5,0.999,18.9,15.8,0.6,69.6,15.7,1775,16.58,13.3,13.040,14,46.9,17.5
288.0,87,596.0,17.5,0.0,82.0,99,94,61.2,12,-0.8,18.4,1.013,18.0,16.5,-1.6,72.1,16.5,1810,17.69,14.5,13.040,14,14.6,18.3
291.0,87,596.0,18.4,0.0,82.0,99,96,61.8,12,-0.8,18.7,1.003,17.7,16.5,-0.7,72.2,16.5,1836,18.22,15.0,13.014,14,0.0,18.9
294.0,87,596.0,17.3,2.6,82.0,99,97,62.0,12,-0.8,18.6,0.999,17.9,16.4,0.0,71.9,16.4,1850,18.15,14.5,12.968,14,1.3,17.6
297.0,87,596.0,17.6,8.2,81.8,99,98,61.8,12,-0.8,18.3,1.000,18.5,16.1,0.1,71.0,16.1,1850,18.16,14.5,13.040,14,93.7,17.9
300.0,87,596.0,17.7,11.8,81.6,98,98,61.2,12,-0.8,18.0,0.997,18.5,16.1,1.6,70.5,16.1,1882,18.26,14.3,12.997,14,74.1,16.9
303.0,87,596.0,16.5,0.0,81.6,98,102,59.9,12,-0.8,18.0,0.999,18.8,16.1,1.6,70.8,16.3,1921,18.52,14.3,12.981,14,44.8,15.8
306.0,87,592.0,12.5,0.0,81.6,99,103,55.1,12,-0.8,16.9,1.000,19.9,15.7,1.3,68.8,16.2,1959,18.68,14.7,13.040,14,22.4,18.4
309.0,87,592.0,8.6,179.4,81.6,99,104,42.4,12,-0.8,15.2,1.002,21.6,14.9,0.4,63.5,15.3,1987,17.91,13.3,13.040,14,19.4,17.6
312.0,87,589.1,5.9,246.5,81.6,99,104,26.6,12,-0.8,13.6,1.013,22.5,14.9,-3.9,63.9,14.9,1977,15.88,7.2,13.040,14,60.7,15.6
315.0,87,583.6,5.2,0.1,81.6,99,102,31.4,12,-0.8,11.8,1.013,25.6,12.6,-4.4,54.2,14.0,1962,13.18,3.1,13.040,14,67.0,11.7
318.0,87,580.1,6.3,3.6,81.6,99,97,27.3,12,-3.3,10.2,0.997,24.5,12.5,-5.0,52.4,13.6,1947,11.92,2.5,13.040,14,0.0,5.1
321.0,87,577.5,10.7,2.9,81.6,99,92,36.4,12,-4.1,10.7,0.982,21.0,13.8,-4.8,62.2,14.2,1933,15.33,7.8,13.040,14,70.5,10.2
324.0,87,574.5,12.2,11.2,81.6,98,89,55.2,12,-0.7,16.0,0.993,21.0,12.5,-0.0,47.5,9.0,1651,11.02,7.8,12.932,14,47.5,11.2
327.0,87,572.0,10.7,27.8,81.6,99,86,34.5,12,-0.0,10.2,0.997,17.9,16.2,-2.0,67.0,14.7,1691,14.51,14.1,12.951,14,38.0,14.4
330.0,87,572.0,25.9,0.1,81.6,99,87,60.4,12,-0.5,19.5,0.997,13.6,19.1,-1.5,80.4,18.8,1836,18.84,19.2,13.040,14,91.6,25.1
333.0,87,574.7,22.9,0.0,81.6,99,90,66.4,12,-0.8,21.3,0.997,13.9,18.8,0.5,79.6,18.4,2063,18.60,12.2,13.040,14,93.7,17.3
336.0,87,577.7,20.1,0.0,81.6,98,93,58.4,12,-0.8,13.8,0.998,22.4,13.7,-0.8,62.4,14.9,1775,16.93,13.0,13.040,14,79.2,17.7
339.0,87,580.0,18.5,0.0,81.6,99,96,60.4,12,-0.8,18.8,0.996,19.0,15.4,1.3,67.5,15.6,1909,18.20,13.7,13.040,14,53.3,18.4
342.0,87,580.0,19.2,0.0,81.6,99,99,61.0,12,-0.8,18.8,0.998,19.0,16.1,1.3,70.7,16.3,2014,19.48,14.0,13.061,14,23.7,18.6
345.0,87,583.0,9.7,780.3,81.6,99,101,42.8,12,-2.9,14.9,1.001,20.2,15.3,-0.9,68.9,15.9,2018,19.57,13.3,13.117,14,22.4,13.3
348.0,87,580.1,11.6,648.5,81.6,99,102,31.6,12,-4.7,10.8,1.002,22.8,12.9,-3.9,58.4,12.9,1900,15.27,8.2,13.040,14,58.0,11.4
351.0,87,576.7,18.9,0.0,81.6,98,100,62.7,12,-0.8,19.2,0.990,18.0,15.4,-0.3,67.6,15.5,1942,18.59,13.3,13.004,14,81.9,14.8
354.0,87,580.0,25.1,0.1,81.6,99,99,68.8,12,-0.8,22.8,0.994,15.3,18.3,1.3,76.9,18.6,2019,22.36,19.5,12.972,14,90.9,24.7
357.0,87,582.3,19.1,0.0,81.6,99,96,63.0,12,-0.8,22.9,0.999,13.3,20.0,0.6,82.0,20.7,2110,24.83,22.4,13.040,14,89.8,24.7
360.0,87,584.0,14.0,8.2,81.6,99,94,45.8,12,-0.8,16.5,1.005,19.5,14.9,-0.8,67.8,14.1,1750,17.90,15.1,13.040,14,51.2,19.9
363.0,87,583.7,13.7,38.5,81.6,99,92,29.0,12,-3.9,9.0,1.001,30.1,11.1,-1.7,47.4,11.4,1719,12.16,8.9,13.040,14,34.9,14.4
366.0,87,576.0,16.5,9.5,81.6,98,91,44.8,12,-1.8,9.2,0.993,29.7,11.3,-2.3,43.7,11.2,1700,10.28,7.2,13.040,14,95.7,12.5
369.0,87,576.0,14.5,14.0,81.4,98,91,57.7,12,0.0,14.2,0.990,18.3,16.3,-2.2,73.7,17.0,1740,17.30,15.3,13.040,14,94.1,14.3
372.0,87,577.4,16.1,20.8,81.2,98,93,61.3,12,-0.0,19.9,1.003,14.5,18.0,-0.8,78.3,18.4,1850,19.21,17.4,13.040,14,92.9,18.8
375.0,87,580.0,22.5,1.4,81.2,99,96,48.6,12,-0.8,17.3,1.000,15.2,17.8,-1.3,77.1,18.2,1856,19.71,17.9,13.040,14,91.9,22.5
378.0,87,580.0,16.9,20.1,81.2,99,97,51.6,12,-0.8,11.1,0.998,10.9,12.8,1.0,69.0,15.5,1852,17.16,15.3,13.040,14,88.0,21.7
381.0,87,577.4,10.4,8.3,81.2,99,97,45.3,12,-0.8,6.9,1.002,7.6,4.5,5.5,50.9,9.0,1821,10.25,7.5,13.040,14,11.6,12.5
384.0,87,572.6,6.0,0.0,81.2,99,95,31.4,12,-1.3,8.1,1.010,18.0,0.1,5.5,20.4,0.0,1750,5.19,2.4,13.040,14,7.9,8.8
387.0,87,566.3,6.4,12.6,81.2,99,92,20.4,12,-3.9,7.8,0.979,39.5,3.1,2.2,22.5,3.0,1696,5.44,1.0,13.040,14,15.6,6.3
390.0,87,560.0,10.6,78.0,81.2,99,88,49.3,12,-1.4,14.0,0.999,29.6,6.9,-1.0,35.3,7.2,1658,7.52,3.0,13.040,14,28.0,6.8
393.0,87,560.0,11.7,27.6,81.2,99,88,62.0,12,0.0,17.7,1.011,19.4,12.3,-3.1,55.4,12.5,1660,12.40,8.5,13.040,14,12.3,13.7
396.0,87,561.9,19.2,0.0,81.1,99,89,64.6,12,-0.1,18.5,1.008,17.7,16.2,-3.0,72.5,18.0,1737,18.55,20.8,12.978,14,65.8,22.8
399.0,87,565.9,27.0,1.2,80.8,99,90,72.2,12,-0.8,25.1,1.013,14.5,19.2,-0.0,77.8,19.1,1902,20.91,20.3,13.045,14,91.2,26.3
402.0,87,572.0,23.9,7.0,80.4,98,92,70.9,12,-0.8,19.6,1.006,18.9,17.0,0.4,75.1,19.2,1897,21.23,20.8,13.073,14,91.4,24.7
405.0,87,576.0,27.0,1.7,80.4,99,93,72.5,12,-0.8,21.7,0.999,19.7,16.2,1.1,71.6,18.2,1803,19.28,21.4,12.969,14,91.4,26.7
408.0,87,576.0,27.6,0.0,80.6,99,93,73.7,12,-0.8,25.9,0.995,17.5,17.3,1.9,74.1,17.2,1873,18.46,15.4,13.040,14,91.4,23.1
411.0,87,577.8,25.3,9.2,80.7,99,91,72.1,12,-0.8,26.0,0.993,20.3,16.1,3.1,72.2,18.8,1750,18.99,20.0,13.040,14,46.8,19.5
414.0,87,580.9,22.2,18.8,80.4,99,90,66.7,12,-0.8,21.2,0.994,15.0,18.4,1.9,77.4,18.5,1877,20.28,19.1,13.084,14,49.9,19.3
417.0,87,584.0,21.6,0.0,80.4,99,92,40.8,12,-0.2,16.4,1.002,18.7,16.5,-0.4,73.0,17.0,1862,19.02,16.4,13.094,14,73.3,21.4
420.0,87,584.0,14.1,0.0,80.4,99,93,28.0,12,-1.8,10.6,0.600,12.4,12.5,-1.7,57.6,13.9,1756,15.13,12.2,13.040,14,0.1,18.4
423.0,87,582.0,14.2,0.0,80.5,99,93,27.9,12,-3.0,8.3,0.168,-5.4,6.7,-0.0,24.3,7.5,1725,7.85,3.5,13.040,14,0.0,15.8
426.0,87,580.0,17.9,0.7,80.8,99,92,60.4,12,-0.0,18.0,0.995,18.5,15.3,-1.2,58.4,13.4,1768,13.86,9.0,13.040,14,9.5,15.9
429.0,87,580.0,17.7,4.7,80.4,99,96,59.6,12,0.0,17.7,0.999,18.5,16.0,-1.6,71.6,16.5,1799,17.64,14.1,13.040,14,23.0,18.3
432.0,87,580.0,20.4,62.2,80.4,98,97,64.6,12,-0.4,19.6,0.999,17.1,17.2,-1.1,72.0,16.8,1824,18.28,16.0,13.040,14,30.7,20.8
435.0,87,582.4,19.9,46.4,80.4,98,99,64.3,12,-0.8,21.0,0.998,15.2,18.3,0.0,69.8,15.3,1862,17.24,13.7,13.040,14,26.5,20.0
438.0,87,582.6,19.2,40.5,80.4,99,100,58.0,12,-0.8,19.4,0.999,16.5,17.3,0.8,73.1,3.7,1872,8.60,5.6,13.040,14,16.8,17.1
441.0,87,580.8,20.0,51.2,80.4,99,100,69.8,12,-0.8,24.7,0.988,13.1,19.3,0.2,79.0,13.8,2005,16.43,12.8,13.040,14,40.8,19.4
444.0,87,584.0,28.6,0.0,80.4,98,102,70.4,12,-0.8,24.7,1.001,14.4,18.6,0.4,75.6,18.9,2026,22.89,22.2,13.040,14,89.8,26.5
447.0,87,587.0,25.0,8.1,80.4,98,102,68.6,12,-0.8,23.7,1.007,16.0,17.8,0.4,71.4,17.1,1957,20.12,18.8,13.040,14,91.4,19.2
450.0,87,590.2,23.7,9.2,80.4,98,102,67.4,12,-0.8,22.7,0.999,15.1,18.9,-0.7,79.9,19.2,2050,22.41,19.6,12.960,14,91.1,22.5
453.0,87,592.0,25.5,7.9,80.4,98,102,69.6,12,-0.8,23.8,0.995,16.0,15.3,0.8,58.8,15.9,1950,20.18,19.6,13.013,14,90.6,25.9
456.0,87,592.6,29.1,11.4,80.4,98,102,73.7,12,-0.8,29.8,0.993,12.8,20.9,1.3,76.3,20.5,2182,24.24,22.2,13.040,14,89.4,28.9
459.0,87,596.0,33.3,0.1,80.0,98,103,74.7,12,-0.8,33.2,0.996,12.1,25.0,1.0,86.7,25.0,2438,29.19,26.5,13.040,14,87.5,31.8
462.0,87,600.6,35.4,2.1,80.0,98,106,75.3,12,-0.8,36.2,0.998,13.1,27.0,-0.1,86.6,27.1,2587,31.67,31.8,13.040,14,86.7,37.2
465.0,87,606.2,37.1,3.3,80.0,99,108,75.3,12,-0.8,36.5,0.999,13.5,25.9,-0.8,85.8,26.3,2596,31.60,30.9,13.040,14,86.7,36.6
468.0,87,612.0,36.5,0.0,80.0,99,110,75.2,12,-0.8,36.8,0.999,13.5,26.4,-0.3,86.3,26.7,2628,31.81,30.7,13.040,14,86.6,35.8
471.0,87,615.1,34.7,0.0,79.7,98,112,74.4,12,-0.8,35.5,0.998,14.0,25.9,0.2,86.2,26.6,2655,32.01,31.4,13.040,14,86.3,36.1
474.0,87,616.0,33.7,0.0,79.6,98,115,73.4,12,-0.8,33.2,0.997,14.9,24.2,0.6,84.7,24.7,2625,31.10,27.5,13.040,14,86.3,34.0
477.0,87,617.5,31.4,0.0,79.6,98,116,73.0,12,-0.8,31.3,1.000,14.5,23.5,-2.3,83.5,22.4,2555,28.63,22.5,12.989,13,88.9,29.1
480.0,87,620.0,27.0,0.7,79.6,98,114,73.7,12,-0.8,29.4,1.010,13.4,23.5,-1.3,85.0,22.6,2486,26.17,18.6,12.994,13,68.9,23.9
483.0,87,620.0,21.6,7.1,79.6,99,114,67.7,12,-0.8,25.8,1.007,14.0,22.5,-0.1,84.5,22.3,2359,24.81,18.3,13.006,14,33.5,21.0
486.0,87,617.3,24.7,10.3,79.6,98,114,49.7,12,-0.8,22.3,1.005,15.4,21.0,0.7,82.1,21.4,2186,24.99,22.6,12.880,14,89.8,27.1
489.0,87,616.0,25.6,7.4,79.5,98,114,39.1,12,-0.8,21.4,1.012,16.5,20.0,-0.0,80.4,20.4,2175,24.20,20.4,13.002,14,90.1,25.7
492.0,87,614.4,21.4,0.0,79.2,98,116,69.8,12,-0.8,25.5,1.000,15.0,20.3,0.5,81.2,20.4,2190,24.12,20.2,12.961,14,62.3,18.6
495.0,87,608.0,5.9,0.1,79.2,99,115,42.1,12,-0.8,19.6,0.988,18.3,18.6,0.1,76.7,18.7,2179,22.60,18.8,12.914,14,15.9,6.9
498.0,87,605.4,14.4,0.0,79.2,99,113,43.6,12,-0.8,17.3,0.983,20.7,16.8,-0.8,70.6,16.0,2136,19.68,14.9,13.040,14,26.0,20.0
501.0,87,604.0,21.0,4.7,79.2,99,112,62.9,12,-0.8,18.6,0.991,19.1,18.0,-0.8,76.1,18.0,2125,22.52,17.7,13.040,14,68.0,21.5
504.0,87,603.0,19.2,21.7,79.2,98,112,65.9,12,-0.8,10.6,0.995,37.0,10.2,-1.4,54.1,14.5,2092,17.29,12.6,12.996,14,73.3,16.2
507.0,87,599.9,7.8,62.2,79.2,97,108,35.3,12,-0.8,10.6,1.006,33.8,10.6,-2.0,43.4,12.0,2037,13.15,7.8,12.960,14,49.7,6.7
510.0,87,592.0,11.9,21.9,79.2,97,106,43.8,12,-0.8,13.4,1.005,27.3,12.7,-1.9,48.5,12.4,1993,12.66,6.7,12.960,14,54.1,6.7
513.0,87,592.0,10.5,0.0,79.2,98,103,51.0,12,-0.8,17.5,0.994,18.1,17.3,-0.8,73.7,18.4,2025,21.70,18.4,13.017,14,77.9,16.3
516.0,87,590.5,5.8,0.0,79.2,99,102,45.5,12,-0.8,13.3,1.005,25.5,8.4,-0.2,39.6,11.8,1941,13.57,9.6,12.961,14,54.0,15.8
519.0,87,583.7,5.5,0.0,79.2,99,100,20.1,12,-4.2,7.3,0.336,2.7,2.3,0.0,19.3,4.2,1859,6.18,1.3,12.930,14,0.0,4.7
522.0,87,572.0,4.7,0.0,79.5,99,96,13.8,12,-4.6,5.9,0.419,6.9,0.0,2.9,16.1,2.3,1804,5.77,2.1,13.040,14,0.6,4.7
525.0,87,566.8,14.8,29.6,79.6,99,95,15.7,12,-4.5,7.3,0.912,34.4,0.0,6.8,18.5,7.5,1752,10.40,9.0,13.040,14,21.3,16.1
528.0,87,560.5,15.5,35.2,79.6,98,96,18.5,12,-5.3,7.4,0.985,39.3,0.0,1.6,18.8,7.5,1775,6.41,4.9,13.040,14,11.3,12.2
531.0,86,554.4,6.0,0.0,79.6,98,94,20.4,12,-3.9,4.7,0.979,32.0,5.1,1.6,17.7,3.2,1750,5.00,2.1,13.001,14,3.3,6.6
534.0,86,548.0,4.7,0.0,79.6,99,90,14.8,12,-3.9,4.7,0.336,6.7,7.3,0.8,20.4,6.2,1715,7.56,4.4,12.981,14,0.0,7.3
537.0,86,541.9,20.1,0.0,79.3,99,89,47.8,12,-2.3,14.8,0.413,-4.1,13.1,0.0,41.2,14.2,1778,14.78,13.5,13.040,14,0.0,21.6
540.0,86,546.7,26.7,0.0,79.2,99,89,73.4,12,-0.8,27.1,0.989,9.3,21.3,0.1,86.7,21.2,2100,25.10,23.1,13.040,14,0.0,25.9
543.0,86,556.1,28.4,0.0,79.2,99,91,73.2,12,-0.8,28.6,1.004,11.5,22.4,0.8,86.7,23.1,2265,27.16,24.1,13.089,14,0.0,28.7
546.0,86,565.1,29.8,0.0,79.2,99,94,75.3,12,-0.8,29.4,0.998,12.2,22.9,0.8,87.4,23.3,2361,28.18,24.7,13.086,14,29.9,29.7
549.0,86,572.0,29.8,0.0,79.2,98,96,75.3,12,-0.8,29.7,0.998,12.2,22.9,0.0,87.1,22.3,2352,27.09,23.5,13.040,14,88.8,28.4
552.0,86,578.1,26.7,0.0,79.2,98,97,72.8,12,-0.8,27.8,0.996,12.5,22.0,-0.1,85.5,20.9,2275,25.08,20.9,13.044,14,91.4,22.7
555.0,86,582.2,25.9,0.0,79.0,98,99,70.6,12,-0.8,25.7,0.994,13.8,20.5,1.7,83.1,21.2,2162,24.85,22.0,13.120,14,90.3,25.2
558.0,86,586.5,27.0,0.0,78.8,98,100,70.8,12,-0.8,26.3,1.000,15.5,21.6,2.3,83.8,22.4,2199,25.84,23.0,13.120,14,89.6,27.5
561.0,86,592.2,29.0,0.0,78.8,98,102,73.6,12,-0.8,28.3,1.004,13.6,22.5,0.6,85.4,23.0,2307,27.10,22.3,13.092,14,89.5,28.8
564.0,86,596.0,27.8,3.1,78.8,98,102,72.5,12,-0.8,27.9,1.008,13.6,22.7,-0.1,85.6,22.6,2385,27.15,20.3,13.040,14,89.8,27.8
567.0,86,598.0,27.3,2.4,78.8,98,102,71.4,12,-0.8,25.3,1.010,16.5,21.3,1.6,82.7,20.0,2287,22.85,19.6,13.040,14,90.1,26.3
570.0,86,600.0,25.4,0.0,78.8,98,102,71.4,12,-0.8,19.2,0.996,24.5,14.1,2.3,68.0,16.8,2044,19.62,16.5,13.040,14,77.0,24.2
573.0,86,600.0,18.0,0.1,78.8,98,101,61.7,12,-0.8,18.4,1.003,18.6,16.9,0.2,71.6,17.3,1912,19.09,16.2,13.040,14,62.4,22.4
576.0,86,600.0,26.1,0.0,78.8,98,99,65.8,12,-0.8,23.2,1.005,12.6,21.1,-1.6,85.6,21.1,1969,22.52,21.5,13.037,14,91.0,25.5
579.0,87,603.9,31.0,0.0,78.7,98,99,74.7,12,-0.8,31.2,1.001,11.6,24.7,0.8,87.8,25.1,2362,27.83,27.1,12.880,14,88.8,29.5
582.0,87,609.0,31.5,0.0,78.4,98,100,75.3,12,-0.8,32.5,0.999,13.0,25.1,0.2,87.8,25.1,2445,28.86,25.2,12.969,14,88.5,30.1
585.0,87,612.0,27.5,0.0,78.4,98,100,71.7,12,-0.8,28.5,1.000,13.6,23.4,1.2,86.1,23.9,2384,28.07,23.9,13.040,14,89.2,28.2
588.0,87,615.1,29.5,1.3,78.4,98,101,72.3,12,-0.8,28.4,1.001,13.6,22.4,1.6,84.8,22.6,2287,26.51,24.0,13.040,14,88.6,30.2
591.0,87,616.0,22.2,0.9,78.4,98,101,66.7,12,-0.8,25.9,0.999,14.7,22.4,0.0,86.2,23.5,2437,28.57,24.7,13.040,14,49.9,15.8
594.0,87,614.9,15.8,9.0,78.4,98,100,51.3,12,-0.8,12.2,0.994,27.5,12.2,1.6,52.2,15.7,2044,18.68,15.4,13.040,14,28.7,13.0
597.0,87,612.0,19.6,41.2,78.4,98,96,62.7,12,-0.8,17.1,0.997,21.3,15.1,0.3,63.7,15.4,1862,16.29,13.8,13.040,14,37.6,20.4
600.0,87,612.0,24.3,17.7,78.4,98,96,66.8,12,-0.8,21.5,0.998,19.5,16.4,0.1,70.8,17.0,1853,18.58,19.9,13.040,14,91.0,25.9
603.0,87,609.7,15.4,5.7,78.6,98,95,55.8,12,-1.9,20.5,0.998,24.4,14.2,2.0,58.4,10.6,1812,7.96,1.2,13.040,14,33.4,9.8
606.0,87,605.4,8.4,7.4,78.8,98,94,23.2,12,-5.3,5.9,1.004,35.0,11.4,-2.3,48.2,12.9,1786,11.81,6.9,13.040,14,55.2,10.9
609.0,87,599.9,13.7,18.2,78.8,97,96,50.2,12,-0.8,12.0,0.993,28.1,12.4,-0.3,49.8,6.9,1797,10.09,6.8,13.040,14,76.8,16.0
612.0,87,592.0,8.1,14.7,78.8,98,97,33.4,12,-3.0,11.5,0.944,28.1,12.6,3.2,49.3,2.6,1825,6.36,1.6,13.035,15,0.0,4.7
615.0,87,590.0,9.4,7.4,78.8,98,98,22.5,12,-4.5,7.9,0.902,38.6,10.9,7.3,42.2,12.5,1825,13.58,9.4,12.960,15,8.4,10.4
618.0,87,586.0,13.7,183.6,78.8,98,98,35.5,12,-0.8,8.2,0.996,39.5,9.8,-3.1,35.7,11.1,1816,12.10,8.3,13.002,15,12.2,13.5
621.0,87,580.0,15.3,954.7,78.8,98,94,61.2,12,-0.8,16.1,0.999,25.9,14.1,-1.8,56.5,14.5,1852,15.06,11.5,13.040,15,29.3,15.6
624.0,87,583.4,24.3,239.3,78.8,98,94,67.9,12,-0.8,23.2,0.996,14.9,19.0,0.1,78.7,19.4,1975,21.74,20.1,13.040,15,91.4,23.9
627.0,87,586.7,27.2,1.5,78.8,98,95,72.2,12,-0.8,27.1,0.997,12.4,21.8,1.3,85.6,21.7,2193,25.35,22.7,13.040,15,89.8,26.5
630.0,87,591.5,27.8,2.2,78.7,98,96,72.4,12,-0.8,27.9,1.006,13.5,22.4,-0.0,85.9,22.7,2350,27.23,23.5,13.040,14,89.1,27.7
633.0,87,596.8,24.6,1.6,78.4,98,98,72.9,12,-0.8,28.2,1.002,14.0,22.4,0.6,85.9,22.7,2358,27.20,22.9,13.040,14,67.3,25.2
636.0,87,600.0,5.5,0.0,78.4,98,98,31.4,12,-3.8,15.0,1.000,27.1,11.5,0.1,56.5,13.3,2130,18.85,16.1,13.040,14,26.7,17.4
639.0,87,594.3,7.0,0.0,78.4,98,95,30.9,12,-3.4,10.4,1.003,33.7,4.0,-1.9,28.8,2.6,1768,5.47,1.5,13.040,14,0.1,4.7
642.0,87,590.3,13.0,0.0,78.4,98,92,50.3,12,-0.1,17.2,1.011,16.0,18.0,-6.2,77.6,18.0,1812,18.29,17.3,13.040,14,57.1,14.7
645.0,87,588.6,21.5,0.0,78.4,98,92,63.5,12,-0.8,20.4,0.997,16.4,17.5,-2.6,76.6,17.8,1872,19.10,16.9,13.040,14,68.4,21.2
648.0,87,592.0,20.4,0.0,78.4,98,93,64.6,12,-0.8,20.4,0.999,17.5,16.4,-0.5,72.9,16.4,1876,17.94,14.5,13.040,15,25.3,19.2
651.0,87,589.1,11.9,536.7,78.4,98,95,44.3,12,-2.6,15.3,0.998,23.7,13.2,0.3,60.6,13.3,1808,13.55,9.1,13.040,15,7.9,9.8
654.0,87,584.5,8.0,515.0,78.4,97,96,20.8,12,-5.0,6.4,0.992,39.5,5.5,1.6,23.1,5.9,1775,6.03,2.0,13.040,15,50.8,7.7
657.0,87,579.5,8.3,31.7,78.4,96,94,37.6,12,-0.8,12.5,1.013,28.3,10.6,-3.6,45.9,10.4,1782,10.57,5.4,13.040,15,84.0,8.6
660.0,87,576.0,13.7,4.3,78.0,96,95,45.5,12,-0.8,13.2,1.001,23.8,13.1,-3.0,59.4,13.3,1800,14.32,9.5,13.040,15,90.9,13.8
663.0,87,576.0,14.9,1.7,78.0,97,96,51.4,12,-0.8,14.1,0.994,23.4,13.4,1.3,60.2,13.3,1825,14.60,9.8,13.040,15,40.5,15.7
666.0,87,576.0,15.5,3.2,78.0,98,96,54.4,12,-0.8,15.1,1.000,22.9,13.7,-0.0,58.8,13.7,1825,14.66,10.4,13.040,15,15.9,15.2
669.0,87,576.0,16.1,7.8,78.0,98,96,55.7,12,-0.8,16.9,1.004,20.0,14.9,-0.6,65.0,14.8,1832,16.52,12.9,13.040,15,0.0,16.5
672.0,87,576.0,20.8,0.0,78.0,98,96,64.4,12,-0.8,21.6,1.003,15.8,17.4,-1.2,74.1,17.1,1880,19.46,16.4,13.040,15,11.2,20.1
675.0,87,578.8,23.4,7.1,78.0,97,97,68.6,12,-0.8,24.7,1.001,12.8,19.7,-1.1,82.0,19.7,1977,22.78,20.0,13.040,15,91.4,24.3
678.0,87,581.8,24.5,10.9,78.1,97,99,69.1,12,-0.8,24.3,0.999,15.0,20.0,0.8,82.0,20.4,2137,23.85,20.8,13.040,14,91.4,24.3
681.0,87,584.7,24.2,9.8,78.4,97,100,66.7,12,-0.8,22.4,1.013,16.0,19.4,-0.3,81.0,19.7,2093,22.94,20.0,13.040,14,91.3,24.2
684.0,87,588.0,23.9,4.3,78.4,97,100,67.7,12,-0.8,23.3,1.005,15.6,19.4,0.1,81.0,19.5,2077,22.48,19.5,13.040,14,91.0,24.0
687.0,87,590.4,25.3,1.9,78.6,97,101,68.8,12,-0.8,24.4,0.998,15.2,19.7,1.6,82.0,20.0,2112,23.17,21.2,13.040,14,89.8,26.3
690.0,87,592.9,26.6,2.2,78.8,97,102,69.9,12,-0.8,25.9,1.000,16.0,20.4,2.3,82.8,9.0,2027,22.73,21.6,13.040,14,89.9,26.7
693.0,87,596.0,27.5,11.3,78.8,97,102,71.3,12,-0.8,26.5,0.997,16.0,20.9,2.3,82.9,3.0,1981,22.54,22.0,13.040,14,90.2,27.5
696.0,87,597.7,27.6,7.5,78.7,97,102,71.4,12,-0.8,26.7,0.995,16.0,21.6,2.3,83.1,22.0,2262,25.63,22.8,13.040,14,89.7,27.7
699.0,87,600.0,27.2,2.2,78.4,97,102,71.4,12,-0.8,23.1,0.998,17.4,18.2,1.3,76.0,19.2,2076,22.23,19.8,13.040,14,90.3,26.0
702.0,87,600.0,23.9,16.5,78.4,97,102,69.2,12,-0.8,20.5,0.994,18.5,16.5,1.2,71.6,17.0,1925,19.21,16.4,13.040,14,90.9,22.3
705.0,87,600.0,21.8,14.3,78.2,97,101,69.6,12,-0.8,21.0,0.992,17.6,17.4,1.2,73.3,17.0,1919,19.18,16.1,13.040,14,80.4,20.8
708.0,87,601.8,23.7,10.7,78.1,97,100,71.4,12,-0.8,25.0,0.995,14.0,20.0,-0.0,82.0,20.4,2087,23.49,21.0,13.040,14,86.2,24.7
711.0,87,604.0,27.0,11.4,78.4,97,98,71.4,12,-0.8,27.1,0.995,16.5,20.9,2.6,82.0,20.6,2155,23.69,20.2,12.965,14,66.4,25.0
714.0,87,604.0,22.7,47.2,78.4,97,96,70.3,12,-0.8,26.9,0.995,14.0,21.6,2.9,83.6,21.4,2165,24.05,19.4,12.880,14,32.3,20.7
717.0,87,606.8,28.2,18.6,78.6,97,96,71.6,12,-0.8,28.8,0.998,11.9,22.8,1.3,86.4,22.9,2135,24.84,24.8,12.880,15,89.4,29.8
720.0,87,610.3,32.7,1.6,78.8,97,96,74.5,12,-0.8,32.5,1.002,12.9,25.5,0.0,88.6,25.9,2412,28.94,28.2,13.015,15,88.0,32.4
723.0,87,615.4,34.4,1.6,78.8,97,96,75.9,12,-0.8,33.9,1.000,12.5,25.9,0.8,87.5,26.3,2455,29.62,29.1,12.981,14,87.5,34.3
726.0,87,621.0,35.0,1.6,78.8,97,98,75.2,12,-0.8,35.3,1.001,12.0,26.5,0.2,88.3,26.6,2471,29.83,30.1,13.006,14,87.5,35.3
729.0,87,624.3,35.3,8.8,78.8,97,98,73.7,12,-0.8,32.3,1.000,13.3,25.2,0.0,88.0,25.8,2468,29.28,29.4,13.040,15,87.5,35.3
732.0,87,628.0,34.1,8.8,78.8,97,98,73.2,12,-0.8,31.2,0.998,14.0,24.3,0.3,87.2,25.0,2462,28.65,27.4,13.048,15,87.5,34.0
735.0,87,630.5,34.1,3.9,78.6,97,98,73.5,12,-0.8,32.3,0.998,13.7,24.7,0.7,86.9,24.9,2462,28.70,26.7,13.098,15,87.8,31.8
738.0,87,633.6,34.9,0.0,78.4,97,98,74.6,12,-0.8,35.3,1.000,12.5,27.1,-0.0,89.0,27.1,2461,29.66,29.8,13.058,15,87.1,34.1
741.0,87,636.6,36.0,0.2,78.4,97,98,75.3,12,-0.8,35.7,1.000,12.5,27.1,0.0,88.3,27.1,2462,29.58,30.8,13.040,15,87.0,36.1
744.0,87,640.0,35.3,1.9,78.4,97,98,75.3,12,-0.8,35.5,1.000,12.5,27.1,0.3,88.1,27.2,2462,29.56,30.7,13.040,15,87.5,36.1
747.0,87,640.0,36.0,1.3,78.2,97,98,75.0,12,-0.8,35.6,1.000,12.4,27.2,0.7,88.6,27.5,2462,29.79,31.0,13.040,15,86.7,36.1
750.0,87,641.4,36.5,2.1,77.9,97,98,74.6,12,-0.8,36.4,0.999,12.0,27.8,-0.0,88.2,28.2,2474,29.66,31.5,13.040,15,87.1,36.5
753.0,87,644.0,35.8,6.0,77.6,97,98,75.3,12,-0.8,34.1,1.000,14.0,23.0,-0.5,82.1,22.1,2236,24.04,27.1,13.040,15,88.5,34.2
756.0,87,644.0,10.2,1.5,77.6,97,97,60.7,12,-0.8,20.6,1.004,12.8,12.6,1.4,57.8,12.2,1946,15.15,17.6,13.040,15,87.3,24.7
759.0,87,635.3,7.4,0.0,77.8,97,92,39.4,12,-1.5,5.7,0.841,7.2,0.6,5.2,17.6,0.2,1712,4.14,1.2,13.040,15,0.1,5.1
762.0,87,624.9,9.0,12.6,78.0,97,86,14.5,12,-3.9,4.7,0.001,-10.9,6.7,0.8,25.5,11.4,1625,9.17,5.3,13.040,15,0.2,11.5
765.0,87,616.0,23.1,61.5,78.0,97,84,69.7,12,-1.9,17.5,0.582,0.9,12.9,1.4,47.2,14.5,1717,15.35,11.7,13.023,15,10.4,20.4
768.0,87,616.0,20.6,23.8,77.8,97,87,51.5,12,-0.5,21.1,0.995,16.2,15.6,2.6,76.4,18.8,2009,22.28,21.6,12.960,15,90.2,25.1
771.0,87,612.6,13.4,0.0,77.7,97,90,24.1,12,-0.5,12.0,0.935,26.7,0.0,3.9,20.0,0.0,1700,4.13,5.8,13.019,15,33.9,13.0
774.0,87,602.3,4.7,0.0,78.0,97,92,13.3,12,-3.9,4.7,0.001,-11.5,0.0,0.9,17.1,0.0,1700,4.13,0.8,13.083,15,0.0,4.7
777.0,87,583.1,4.7,0.0,78.0,97,92,13.3,12,-3.9,5.0,0.000,-11.5,0.0,0.0,15.5,0.0,1799,4.14,0.8,13.070,16,0.0,4.7
780.0,87,564.0,4.7,0.0,78.0,97,93,12.5,12,-4.6,5.1,0.000,-11.7,0.0,0.0,14.5,0.0,1951,4.15,0.8,12.964,16,0.0,4.7
783.0,86,553.4,4.9,0.0,78.2,97,94,11.8,12,-5.5,5.1,0.000,-11.9,0.0,0.0,13.3,0.0,2087,4.30,0.4,13.040,16,0.0,5.0
786.0,86,539.2,5.1,0.0,78.5,97,94,11.8,12,-5.5,5.1,0.000,-11.5,0.0,-0.0,13.3,0.0,2106,4.31,0.7,13.040,16,0.0,5.1
789.0,86,526.9,5.1,0.0,78.8,98,94,11.8,12,-5.5,5.4,0.000,17.8,1.9,2.8,14.0,1.7,2131,4.50,0.8,13.040,16,7.3,5.1
792.0,85,516.1,4.3,0.0,78.8,97,98,11.8,12,-5.5,5.1,0.000,15.7,2.7,3.2,14.1,2.8,2119,4.60,0.8,13.040,16,26.3,5.1
795.0,85,507.3,4.7,0.0,79.0,97,101,11.8,12,-5.5,4.9,0.000,-12.1,1.9,0.0,13.3,2.0,2012,4.14,0.8,13.040,16,0.1,5.1
798.0,85,494.5,5.2,0.0,79.2,98,102,11.8,12,-5.5,5.5,0.001,-9.0,0.0,-0.0,13.3,0.6,2247,4.66,0.6,13.040,16,0.0,5.3
801.0,85,479.1,5.5,0.0,79.2,98,104,11.8,12,-5.5,5.5,0.000,-8.4,0.0,0.0,13.7,0.0,2362,4.98,0.4,13.013,16,0.0,5.5
804.0,85,460.1,5.5,0.0,79.2,98,104,11.8,12,-5.5,5.5,0.000,-8.2,0.0,0.0,14.1,0.0,2346,4.98,0.4,12.969,16,0.0,5.5
807.0,85,451.0,5.5,0.0,79.2,98,104,11.8,12,-5.5,5.5,0.000,-8.4,0.0,0.0,14.1,0.0,2287,4.78,0.4,13.040,16,0.0,5.5
810.0,85,438.4,5.5,0.0,79.2,98,104,11.8,12,-5.5,5.5,0.000,-8.0,0.0,-0.0,13.8,0.0,2344,4.91,0.4,13.040,16,0.0,5.5
813.0,85,425.5,5.5,0.0,79.2,98,104,11.8,12,-5.5,5.5,0.001,-8.4,0.0,0.0,13.7,0.0,2305,4.85,0.4,13.005,16,0.0,5.5
816.0,85,412.0,5.5,0.0,79.6,98,101,11.8,12,-5.5,5.5,0.000,-8.8,0.0,0.0,13.7,0.0,2276,4.77,0.5,12.960,16,0.0,5.5
819.0,85,400.8,5.5,0.0,79.6,98,100,11.8,12,-5.5,5.5,0.000,-8.8,0.0,0.0,13.7,0.0,2302,4.80,0.8,12.960,16,0.0,5.5
822.0,85,388.4,5.5,0.0,79.5,98,101,11.8,12,-5.5,5.5,0.000,-8.5,0.0,0.0,13.7,0.0,2312,4.80,0.4,13.023,16,0.0,5.5
825.0,85,377.0,5.5,0.0,79.2,98,102,11.8,12,-5.5,5.5,0.000,-8.5,0.0,-0.0,13.7,0.0,2321,4.86,0.4,13.040,16,0.0,5.5
828.0,85,368.0,5.5,0.0,79.6,98,104,11.8,12,-5.5,5.5,0.000,-8.2,0.9,0.0,13.7,0.7,2336,4.91,0.4,13.040,16,0.0,5.5
831.0,84,358.0,5.5,0.0,79.3,99,105,11.8,12,-5.5,5.7,0.000,-8.0,2.0,0.0,13.8,1.9,2359,4.98,0.5,13.040,16,0.0,5.5
834.0,84,346.3,5.5,0.0,79.4,99,107,11.8,12,-5.5,5.8,0.000,-7.9,2.2,0.0,14.1,2.4,2388,5.09,0.8,13.040,16,0.1,5.5
837.0,84,335.6,5.5,0.0,79.6,99,108,11.8,12,-5.5,5.5,0.000,-7.5,0.0,-0.0,14.1,0.0,2400,5.04,0.8,13.040,16,0.0,5.5
840.0,84,326.4,5.5,0.0,79.6,99,110,11.8,12,-5.5,5.5,0.000,-7.1,0.0,0.0,14.1,0.0,2400,5.05,0.6,13.007,16,0.0,5.5
843.0,84,316.1,5.5,0.0,80.0,99,106,11.8,12,-5.5,5.5,0.000,-7.8,0.0,0.0,13.9,0.0,2383,5.03,0.4,12.975,16,0.0,5.5
846.0,84,307.5,5.5,0.0,80.0,99,105,11.8,12,-5.5,5.5,0.000,-8.4,0.0,0.0,13.6,0.0,2354,4.95,0.4,13.040,16,0.0,5.5
849.0,84,300.3,5.5,0.0,80.0,99,106,11.8,12,-5.5,5.5,0.000,-8.0,0.0,-0.0,13.3,0.0,2375,4.96,0.4,13.040,16,0.0,5.5
852.0,84,293.3,5.5,0.0,80.0,99,108,11.8,12,-5.5,5.5,0.001,-7.0,0.0,0.0,13.6,0.0,2392,5.00,0.4,12.960,16,0.0,5.5
855.0,84,284.0,5.5,0.0,79.6,99,110,11.8,12,-5.5,5.5,0.000,-6.4,0.0,0.0,13.5,0.0,2411,5.08,0.4,12.880,17,0.0,5.5
858.0,84,274.9,5.5,0.0,79.6,99,109,11.8,12,-5.5,5.5,0.000,-6.5,0.0,0.0,13.3,0.0,2421,5.15,0.4,12.880,16,0.0,5.5
861.0,84,265.7,5.5,0.0,79.6,99,109,11.8,12,-5.5,5.5,0.000,-7.4,0.0,0.0,13.3,0.0,2400,5.06,0.4,13.056,16,0.0,5.5
864.0,84,258.8,5.3,0.0,79.6,99,110,11.7,12,-5.5,5.5,0.000,-6.5,0.0,-0.0,13.6,0.0,2419,5.05,0.7,13.063,16,0.0,5.5
867.0,84,254.7,4.7,0.0,79.6,99,110,11.0,12,-5.5,4.9,0.000,-10.3,0.0,0.0,13.0,0.0,2213,4.54,0.8,13.040,16,0.0,5.3
870.0,84,244.1,4.7,0.0,79.6,99,103,11.0,12,-5.5,4.7,0.000,-12.2,0.0,0.0,12.6,0.0,1969,4.01,0.7,13.024,16,0.0,4.7
873.0,84,241.4,4.7,0.0,79.8,99,98,11.7,12,-5.5,4.7,0.000,-12.4,0.0,0.0,13.1,0.0,1822,3.91,0.4,12.960,16,0.1,4.7
876.0,84,236.5,4.7,0.0,80.0,99,95,12.5,12,-5.5,4.7,0.000,-12.0,0.0,-0.0,14.5,0.0,1787,4.04,0.7,12.960,16,0.0,4.7
879.0,84,231.0,4.9,0.0,80.0,100,92,12.6,12,-5.5,4.7,0.000,-12.0,0.0,0.0,14.5,1.4,1704,3.95,0.6,13.001,16,0.0,5.0
882.0,84,228.1,5.5,0.0,80.0,99,88,18.8,12,-4.4,5.5,0.554,15.8,3.2,4.1,18.9,3.8,1662,4.73,1.2,13.021,16,1.1,6.2
885.0,84,233.3,9.1,9.0,79.8,99,89,28.7,12,-2.3,8.3,0.929,36.3,7.6,6.4,29.4,7.2,1678,6.79,3.3,12.960,16,7.9,11.0
888.0,84,245.4,12.5,316.6,79.6,99,90,42.9,12,0.0,12.4,1.011,25.5,12.5,-3.1,55.7,12.5,1800,13.80,9.4,12.907,16,10.9,12.7
891.0,84,262.9,14.3,1050.2,79.6,99,92,53.3,12,-0.0,14.9,0.999,23.1,13.6,-2.2,59.2,13.2,1814,14.63,9.9,12.944,16,13.2,13.8
894.0,84,280.1,12.9,1622.1,79.6,99,95,49.7,12,-0.5,11.3,0.999,23.1,13.4,-2.2,59.7,13.4,1836,15.13,10.1,13.040,16,15.4,12.8
897.0,84,289.6,10.5,785.1,79.6,98,97,41.9,12,-0.8,8.7,0.999,26.7,12.0,-3.1,54.0,12.5,1861,14.35,8.2,13.040,16,62.4,7.5
900.0,84,297.2,8.1,45.7,79.6,97,98,31.3,12,-1.0,8.9,0.999,35.5,9.4,-3.1,27.5,5.1,1825,8.15,3.6,13.040,16,70.6,7.1
903.0,84,299.8,6.7,36.8,79.6,97,98,22.7,12,-5.5,4.3,0.994,6.3,4.1,-1.5,20.6,2.7,1836,4.96,1.0,13.040,16,62.8,6.4
906.0,85,296.3,5.3,12.3,79.4,99,99,16.9,12,-5.5,5.0,0.946,4.7,2.1,3.7,16.3,1.5,1854,4.56,1.1,13.040,16,0.0,4.7
909.0,85,298.1,6.4,29.0,79.2,99,100,16.4,12,-4.4,6.4,0.904,39.9,7.5,14.8,25.5,7.8,1875,7.59,3.5,13.040,16,53.7,7.1
912.0,85,302.5,8.2,55.3,79.2,97,100,27.5,12,-0.8,8.2,1.013,38.0,9.0,-3.9,31.1,8.7,1901,8.33,3.8,13.040,17,84.4,8.2
915.0,85,307.2,8.1,11.2,79.2,98,100,13.3,12,-4.4,5.6,0.291,6.4,3.7,-1.7,22.5,4.5,1877,6.63,2.5,13.040,17,74.7,7.5
918.0,85,296.3,4.7,3.2,78.9,99,97,12.9,12,-5.5,4.7,0.499,4.1,1.3,3.2,14.9,0.9,1818,4.04,0.4,13.040,17,0.0,4.7
921.0,85,296.0,5.5,9.0,78.8,100,94,16.2,12,-4.2,5.3,1.101,35.7,4.4,11.7,18.8,4.3,1737,4.21,0.4,13.040,17,0.0,4.7
924.0,85,298.4,8.1,14.6,78.8,99,94,27.6,12,-0.0,7.8,1.013,39.0,9.4,2.3,31.4,8.1,1790,7.46,2.9,12.992,17,46.4,7.5
927.0,85,307.1,14.6,0.0,78.8,98,96,58.0,12,-0.7,15.5,1.001,23.0,15.5,-0.2,62.6,15.2,1916,16.32,12.1,12.960,17,94.2,15.7
930.0,85,328.1,29.0,0.0,78.8,99,101,71.0,12,-0.8,25.0,1.003,14.1,20.8,-1.6,83.4,21.0,2185,25.60,22.8,12.977,17,89.0,28.1
933.0,85,347.7,30.1,0.0,78.6,99,105,75.7,12,-0.8,30.0,1.005,12.3,23.0,-1.2,87.9,23.1,2477,29.91,24.9,13.040,17,86.7,30.6
936.0,85,369.7,28.9,0.0,78.5,99,110,73.9,12,-0.8,29.3,0.998,13.1,22.7,-0.0,86.7,21.6,2487,28.10,22.0,13.040,16,88.0,28.3
939.0,85,390.6,24.8,1.6,78.8,99,114,69.6,12,-0.8,25.1,0.992,17.0,20.4,1.8,81.4,19.9,2282,25.37,19.2,13.040,16,90.6,23.2
942.0,85,408.9,18.5,8.8,78.8,99,116,62.0,12,-0.8,22.4,0.998,18.2,19.0,1.9,77.6,18.8,2209,23.68,17.3,13.012,16,92.6,18.4
945.0,86,428.2,21.6,2.2,78.8,99,118,63.7,12,-0.8,21.4,1.001,19.4,18.0,1.6,75.2,18.2,2244,23.27,17.2,12.967,17,91.8,21.6
948.0,86,436.3,15.3,0.0,78.9,99,120,51.1,12,-1.8,19.3,1.000,21.1,17.8,1.6,73.7,17.6,2275,22.85,16.5,13.040,17,91.5,21.3
951.0,86,445.0,9.8,0.0,79.2,99,120,12.5,12,-5.5,9.4,1.002,35.5,11.8,-2.1,51.0,13.5,2241,16.70,11.4,13.040,17,92.5,17.8
954.0,86,448.0,12.5,0.0,78.8,98,118,33.5,12,-2.2,11.3,1.006,32.7,11.6,-1.5,41.8,11.2,2230,12.34,6.3,13.040,17,87.4,11.4
957.0,86,451.2,8.9,45.1,78.8,98,118,32.7,12,-0.8,11.1,1.007,32.0,11.3,-1.1,39.7,10.7,2237,10.92,3.7,13.040,17,58.4,5.5
960.0,86,454.4,7.9,45.1,79.0,98,119,27.2,12,-0.8,9.7,1.004,35.3,10.6,-3.7,36.7,10.8,2237,12.07,5.9,13.040,17,75.6,7.5
963.0,86,456.0,7.2,17.6,79.1,98,119,25.8,12,-1.2,9.1,0.955,37.5,7.1,-0.8,21.2,3.1,2237,6.45,2.1,12.990,17,39.2,6.7
966.0,86,454.5,5.1,0.0,78.8,100,114,11.0,12,-5.5,4.7,0.001,4.1,2.6,-0.3,16.3,1.4,2117,4.32,0.4,12.990,17,0.0,5.0
969.0,86,440.1,4.7,0.0,78.8,100,106,11.5,12,-5.5,4.7,0.000,-12.4,0.0,0.0,13.2,0.0,1963,4.00,0.4,13.020,17,0.0,4.7
972.0,86,430.1,4.7,0.0,78.8,100,99,13.0,12,-5.0,6.0,0.239,-5.0,2.2,0.6,18.2,1.0,1841,4.28,0.4,12.880,17,0.1,4.7
975.0,86,425.5,5.3,0.0,78.8,100,95,17.8,12,-3.7,8.8,0.887,28.0,12.9,4.7,57.3,13.7,1912,15.55,7.5,12.880,17,54.5,10.4
978.0,86,426.8,6.1,0.0,78.8,99,98,33.7,12,-0.8,5.1,1.013,13.0,3.6,1.4,28.6,5.2,1999,9.31,5.6,12.953,17,61.7,12.1
981.0,86,420.1,4.7,0.0,78.8,100,97,20.4,12,-3.7,5.3,0.939,23.4,2.7,5.7,15.6,1.0,1970,4.09,0.7,13.040,17,0.0,4.7
984.0,86,417.4,5.2,0.0,78.6,100,96,16.4,12,-5.5,6.3,0.914,36.0,7.4,9.5,23.1,3.7,1789,4.22,0.4,13.040,17,0.1,4.7
987.0,86,419.1,6.7,0.0,78.4,100,96,21.9,12,-5.0,7.6,0.980,31.5,14.1,-3.9,58.8,14.1,1837,15.69,7.3,13.040,17,55.6,7.5
990.0,86,424.0,8.8,0.0,78.4,100,98,34.5,12,-0.8,5.1,1.013,27.4,7.2,-1.3,31.2,7.8,1933,9.59,6.4,13.040,17,69.9,8.2
993.0,86,424.1,6.3,0.0,78.4,100,100,40.1,12,-0.8,10.5,1.012,23.9,9.1,-1.8,35.8,7.6,1981,7.38,2.9,13.040,17,30.6,5.6
996.0,86,429.5,11.5,8.2,78.4,99,103,45.4,12,-0.8,13.9,1.005,22.9,13.8,-2.8,58.7,12.6,1963,12.09,5.6,13.040,17,95.3,14.1
999.0,86,435.5,12.7,14.1,78.4,99,107,47.2,12,-0.8,13.6,0.992,25.0,12.9,0.8,47.5,11.0,2037,11.80,6.3,13.040,17,95.3,11.9
1002.0,86,441.6,11.3,14.6,78.4,98,110,43.1,12,-0.8,13.3,0.993,25.5,14.1,0.8,54.5,12.9,2106,14.93,8.9,12.996,17,94.6,12.4
1005.0,86,448.2,14.9,7.0,78.0,99,116,50.0,12,-0.8,14.7,0.996,25.2,13.6,1.6,48.9,10.9,2155,14.73,9.4,13.015,17,90.6,14.0
1008.0,86,456.1,11.6,32.5,78.3,98,116,36.2,12,-0.8,9.6,0.994,10.3,7.9,1.4,32.1,5.6,2210,10.63,6.2,13.108,17,72.8,7.7
1011.0,86,453.4,9.0,34.1,78.4,99,115,27.1,12,-2.7,5.9,0.996,1.9,1.4,0.9,14.8,0.4,2284,4.84,0.4,13.040,17,2.8,6.7
1014.0,86,452.0,8.1,21.3,78.4,100,114,26.3,12,-4.8,8.7,1.013,38.5,7.1,5.5,23.1,3.1,2125,6.34,2.3,13.040,17,58.5,7.6
1017.0,86,452.7,8.9,0.7,78.4,98,112,28.2,12,-0.8,12.2,1.008,25.7,10.2,-1.0,31.3,5.2,2102,6.58,2.9,13.002,17,95.2,9.5
1020.0,86,456.0,10.6,10.5,78.8,99,111,16.6,12,-3.9,7.7,1.075,25.0,11.2,-0.6,35.5,9.0,2077,9.60,4.9,12.982,17,94.7,12.5
1023.0,86,453.1,15.2,7.1,78.8,99,111,32.9,12,-3.5,7.7,1.076,28.3,11.3,2.4,37.9,12.9,2069,14.92,9.8,13.043,17,93.7,15.3
1026.0,86,459.3,18.4,3.3,78.8,99,112,58.0,12,-0.8,13.0,1.001,28.8,12.2,-0.0,46.7,12.9,2112,16.32,10.2,13.120,18,92.8,17.4
1029.0,86,469.4,20.1,0.3,78.8,99,114,63.5,12,-0.8,20.0,0.994,20.5,16.5,0.6,63.2,15.6,2161,19.80,13.3,13.037,18,92.1,19.3
1032.0,86,476.0,20.4,3.5,78.8,99,116,62.9,12,-0.8,20.3,0.992,20.5,16.7,1.2,70.6,16.7,2207,20.81,14.0,12.984,18,92.1,19.7
1035.0,86,485.1,14.2,13.1,79.0,99,117,49.6,12,-0.8,16.9,0.995,22.3,16.1,1.0,67.4,15.2,2233,17.14,9.6,13.040,18,93.7,14.9
1038.0,86,488.0,9.0,9.1,79.0,100,117,37.4,12,-0.8,13.2,0.998,25.5,14.3,-0.9,55.3,10.2,2212,6.74,0.8,13.040,18,26.9,8.2
1041.0,86,491.8,12.1,0.0,78.8,101,116,39.7,12,-0.8,15.7,0.979,22.0,16.5,-2.3,75.3,16.8,2282,19.30,12.5,12.992,18,43.3,14.2
1044.0,86,500.8,26.4,0.0,78.8,100,116,75.3,12,-0.8,27.8,0.994,15.5,20.2,-1.9,80.8,20.9,2391,27.33,21.4,12.988,18,89.0,26.3
1047.0,86,516.1,29.8,0.0,78.8,100,115,74.4,12,-0.8,29.7,0.999,12.6,23.2,-0.9,85.7,23.2,2511,30.25,24.7,13.040,18,87.5,29.8
1050.0,86,522.2,32.3,0.0,78.8,100,113,74.2,12,-0.8,32.6,0.997,13.5,24.8,0.8,85.1,25.1,2612,31.55,27.8,13.040,18,86.4,32.4
1053.0,86,531.8,35.4,0.0,78.8,100,110,75.3,12,-0.8,35.7,1.003,13.5,26.3,-0.8,85.9,26.2,2620,31.80,29.9,13.000,18,86.1,35.1
1056.0,86,544.0,37.6,0.0,78.8,100,108,75.9,12,-0.8,36.7,1.002,13.5,26.7,-0.4,86.7,27.0,2630,31.96,32.0,12.978,18,86.3,37.4
1059.0,86,550.2,37.9,1.7,78.8,100,108,76.5,12,-0.8,37.6,1.002,13.5,27.3,-0.2,87.0,27.6,2635,32.02,32.7,13.040,18,86.3,38.0
1062.0,86,559.2,39.7,1.3,78.8,100,109,77.1,12,-0.8,38.6,1.002,13.8,27.8,-0.8,86.7,28.2,2625,32.25,34.5,13.040,18,86.0,39.5
1065.0,86,568.4,39.7,2.4,78.8,100,110,76.8,12,-0.8,40.0,1.000,15.5,28.2,-0.8,86.7,28.6,2841,34.51,33.2,12.991,18,85.3,38.8
1068.0,86,576.3,36.2,8.8,78.8,100,112,70.6,12,-0.8,31.4,0.997,18.2,24.9,-0.8,82.5,25.5,2886,33.34,29.3,12.989,18,85.5,34.9
1071.0,86,580.0,26.3,6.6,78.8,100,115,66.0,12,-0.8,24.9,0.998,22.3,19.7,-0.5,72.3,20.4,2670,27.02,21.1,13.040,18,84.6,26.1
1074.0,86,577.4,13.2,2.5,78.8,100,115,42.7,12,-0.8,17.5,0.964,25.7,15.0,1.4,59.9,15.1,2200,15.77,5.1,13.040,19,47.5,5.5
1077.0,86,576.0,13.2,0.0,78.7,100,114,28.6,12,-0.8,15.8,0.897,24.1,15.3,8.6,64.3,17.3,2200,22.59,15.4,13.098,19,60.6,16.6
1080.0,86,576.8,26.6,0.3,78.4,100,116,71.4,12,-0.8,28.2,1.004,12.0,22.4,1.2,78.6,20.9,2361,26.57,22.0,13.041,19,40.3,26.5
1083.0,86,580.0,30.6,2.5,78.4,100,118,70.2,12,-0.8,26.8,0.995,15.0,21.2,-0.0,79.5,19.8,2359,25.76,22.5,12.960,19,0.0,29.7
1086.0,86,582.9,26.8,4.3,78.4,100,117,70.7,12,-0.8,26.2,0.993,16.6,20.3,1.4,75.3,17.1,2247,21.37,16.0,12.960,19,0.0,24.3
1089.0,86,586.0,24.4,3.0,78.4,100,117,69.8,12,-0.8,25.8,0.999,15.0,20.9,0.8,81.8,21.2,2350,26.82,21.6,13.023,19,63.7,24.8
1092.0,86,588.0,21.6,6.2,78.5,99,120,63.8,12,-0.8,22.0,1.000,19.5,17.6,-0.0,72.5,18.8,2306,24.11,17.2,12.996,19,91.3,21.4
1095.0,86,587.8,14.9,34.2,78.8,99,122,18.8,12,-4.4,12.6,1.002,25.5,16.0,-1.8,64.3,16.8,2311,21.55,13.1,12.960,19,86.7,15.6
1098.0,86,584.0,11.0,40.6,78.8,98,123,30.5,12,-2.8,9.8,1.001,31.6,12.2,-2.8,44.9,12.6,2334,16.98,9.7,12.973,19,65.0,10.9
1101.0,86,581.6,9.1,46.5,78.8,98,124,30.8,12,-2.4,8.8,0.999,35.1,7.5,-2.1,20.1,5.4,2325,7.30,2.7,13.040,19,26.3,7.8
1104.0,86,577.2,7.1,35.2,78.8,99,124,20.6,12,-5.5,5.5,0.997,35.5,4.3,-0.8,17.6,4.7,2312,6.39,1.4,13.040,19,50.9,6.2
1107.0,86,570.7,7.4,0.8,78.8,100,122,11.8,12,-5.5,5.5,0.234,31.0,6.2,2.6,18.3,7.4,2292,9.51,0.8,13.040,19,77.1,8.6
1110.0,86,564.0,20.0,7.8,78.8,99,122,46.7,12,-3.5,6.2,0.557,32.6,7.3,1.8,20.2,7.6,2275,10.90,0.8,13.040,19,91.1,16.3
1113.0,86,561.3,10.8,3.1,78.8,99,121,42.1,12,-3.6,7.7,1.010,32.8,9.0,-2.8,28.6,5.7,2289,7.25,0.8,13.040,19,77.6,6.3
1116.0,86,560.0,9.4,0.0,78.8,99,120,27.6,12,-4.8,10.4,1.005,22.5,14.1,-4.7,55.7,14.5,2412,18.29,7.8,13.082,19,87.1,11.5
1119.0,86,560.9,17.7,0.0,78.8,99,118,56.5,12,-0.8,18.0,0.995,21.4,17.2,-1.5,70.8,18.2,2352,22.66,15.4,13.109,19,91.5,19.5
1122.0,86,564.0,27.8,0.0,78.4,100,116,68.8,12,-0.8,25.1,0.997,16.9,20.9,-0.4,81.5,22.2,2420,27.65,22.8,13.101,19,88.0,28.4
1125.0,86,569.5,35.6,0.5,78.4,100,117,75.5,12,-0.8,33.2,0.999,13.5,24.5,-1.0,85.6,25.4,2639,31.58,29.4,13.040,19,84.7,38.0
1128.0,86,575.4,36.3,9.0,78.4,100,118,76.8,12,-0.8,39.2,1.001,15.0,27.5,-1.6,86.3,27.8,2787,35.08,32.9,13.040,19,84.7,39.0
1131.0,86,580.8,28.7,23.6,78.4,100,118,73.7,12,-0.8,30.6,0.999,16.9,20.9,-1.0,77.9,20.5,2455,22.91,21.3,13.040,19,88.3,30.0
1134.0,86,584.0,13.7,29.0,78.0,99,118,62.0,12,-0.8,25.0,1.003,18.6,18.4,-0.4,74.2,17.3,2245,17.27,11.0,13.003,19,93.4,14.7
1137.0,86,584.0,20.1,10.6,78.0,100,119,62.2,12,-0.8,22.2,1.005,19.4,18.6,0.0,75.2,18.6,2247,23.58,17.6,12.880,19,91.4,22.0
1140.0,86,586.0,23.5,3.9,77.9,100,121,66.9,12,-0.8,23.2,1.002,18.9,19.2,-0.0,76.5,19.6,2300,24.78,18.8,12.880,19,90.6,23.2
1143.0,86,589.2,24.3,8.1,77.6,100,122,67.6,12,-0.8,24.3,0.998,17.0,20.2,0.0,79.8,20.5,2326,25.77,20.0,12.971,19,89.5,24.6
1146.0,86,592.0,25.4,2.5,77.6,100,122,69.8,12,-0.8,24.6,0.999,17.6,20.2,0.5,79.5,20.4,2331,25.48,19.7,13.040,19,89.0,24.9
1149.0,86,592.0,23.5,0.0,77.6,100,122,68.4,12,-0.8,24.1,1.002,18.4,19.9,0.5,78.4,19.9,2331,24.66,18.1,13.040,19,90.2,22.7
1152.0,86,594.3,23.7,0.0,77.6,100,124,67.2,12,-0.8,23.2,1.004,19.6,19.1,0.0,77.3,19.5,2350,25.35,18.8,13.040,19,89.9,23.3
1155.0,86,596.0,21.2,3.0,77.6,100,126,66.1,12,-0.8,22.0,1.000,24.0,14.9,-0.0,54.5,13.7,2385,20.05,13.4,13.040,19,90.6,18.7
1158.0,86,596.0,14.4,12.2,77.6,99,128,58.8,12,-0.8,22.5,1.008,21.5,17.5,-1.8,67.0,16.6,2430,20.96,12.7,13.040,19,91.0,15.5
1161.0,86,596.0,25.1,2.4,77.6,100,129,66.6,12,-0.8,25.3,1.004,17.8,20.4,-2.2,79.4,20.3,2488,26.98,19.0,13.040,19,89.7,24.0
1164.0,86,598.6,28.1,6.8,77.6,100,130,71.3,12,-0.8,28.2,0.998,15.6,22.2,-0.8,82.8,22.7,2562,29.79,24.3,13.040,19,87.5,29.8
1167.0,86,601.7,30.0,7.8,77.6,100,129,71.8,12,-0.8,28.1,1.001,17.7,22.7,-0.8,81.2,22.7,2650,30.19,24.3,13.040,19,87.5,29.8
1170.0,86,604.0,28.7,2.5,77.6,100,128,70.6,12,-0.8,20.0,0.997,24.5,16.1,-0.2,69.5,18.6,2507,25.38,19.1,13.006,19,89.2,26.0
1173.0,86,604.0,18.4,8.8,77.6,99,127,61.3,12,-1.8,19.2,0.999,23.8,16.3,0.0,64.3,11.5,2396,17.26,10.7,12.960,19,85.5,17.8
1176.0,86,599.0,15.8,65.2,77.6,99,125,58.9,12,-1.8,18.9,1.004,22.8,16.5,0.4,65.9,4.7,2362,6.77,0.8,12.960,19,0.1,5.5
1179.0,86,596.0,14.1,74.1,77.6,100,124,60.7,12,-0.8,19.2,1.013,22.0,16.5,2.3,68.2,16.5,2362,21.75,7.8,13.011,19,52.0,11.8
1182.0,86,596.0,14.4,0.0,77.6,100,124,57.3,12,-0.8,16.5,1.003,24.1,15.7,1.4,64.4,15.8,2343,20.32,11.6,13.070,19,66.3,16.7
1185.0,86,596.0,20.0,0.0,77.6,101,123,66.4,12,-0.8,22.0,1.004,19.7,18.1,-0.6,68.9,17.3,2365,21.08,13.9,13.109,19,0.0,14.9
1188.0,86,598.4,26.6,0.0,77.6,101,122,73.0,12,-0.8,28.2,1.006,14.7,20.7,-3.0,81.7,22.3,2487,29.21,24.7,13.040,19,0.1,26.3
1191.0,86,598.6,27.4,0.0,77.5,101,121,72.8,12,-0.8,30.7,0.998,27.5,6.3,-1.6,19.6,5.1,2306,12.13,9.6,12.991,19,0.0,22.7
1194.0,86,596.4,18.9,0.1,77.3,100,118,59.6,12,-0.8,23.1,0.990,19.9,15.9,0.2,56.4,16.0,2256,15.95,12.1,12.960,19,22.8,17.8
1197.0,86,600.0,30.6,2.5,77.3,100,118,67.7,12,-0.8,26.2,0.993,15.2,22.4,0.9,86.0,25.3,2330,27.45,25.8,12.950,19,87.8,30.2
1200.0,86,602.3,27.2,9.3,77.3,100,119,72.3,12,-0.8,28.4,0.995,14.3,23.0,-0.6,84.2,23.5,2562,29.72,25.1,12.880,19,87.8,29.9
1203.0,86,605.4,26.3,11.4,77.2,100,120,70.2,12,-0.8,26.2,0.991,16.0,21.6,3.1,82.4,22.6,2377,27.72,24.0,12.986,19,87.8,29.4
1206.0,86,608.6,30.6,0.5,76.9,100,120,72.9,12,-0.8,31.4,0.997,15.6,23.1,1.6,82.8,23.0,2499,28.83,24.4,13.040,19,87.3,29.7
1209.0,86,612.0,31.0,5.2,76.9,100,121,72.9,12,-0.8,31.2,0.997,15.7,23.7,0.1,82.7,23.6,2658,30.57,25.6,13.040,19,86.3,31.4
1212.0,86,612.0,31.3,3.5,76.9,100,122,72.9,12,-0.8,31.0,0.999,16.0,23.4,-1.0,82.1,23.8,2667,30.59,25.8,13.040,19,86.7,31.4
1215.0,86,614.2,31.0,2.5,76.9,100,123,72.4,12,-0.8,30.6,1.002,16.0,23.0,-1.5,82.7,23.1,2625,30.03,23.9,13.040,19,87.5,30.3
1218.0,86,617.4,30.0,4.1,76.9,100,125,69.2,12,-0.9,28.6,0.999,16.0,22.4,-0.0,82.4,23.1,2596,29.76,24.2,13.040,19,87.8,29.8
1221.0,86,618.5,26.7,8.4,76.9,100,128,50.2,12,-2.3,12.9,0.996,23.9,16.8,1.0,59.7,10.1,2467,17.65,13.6,13.040,19,60.9,23.1
1224.0,86,608.0,5.1,0.0,76.9,100,124,24.3,12,-4.3,8.3,0.439,8.5,7.5,0.9,32.4,0.0,2316,5.73,0.7,13.040,19,0.0,5.5
1227.0,86,591.3,5.1,0.0,77.1,101,119,11.8,12,-5.5,5.1,0.340,1.9,2.5,0.9,17.4,1.4,2207,5.25,0.4,13.040,19,0.0,5.1
1230.0,86,580.5,14.2,0.0,77.3,101,116,22.2,12,-4.9,6.6,1.117,36.0,11.0,4.7,39.2,12.9,2150,18.12,10.4,13.040,19,54.1,14.8
1233.0,86,577.4,27.1,0.0,77.3,100,114,72.9,12,-0.8,27.1,1.002,20.3,18.1,0.6,66.1,18.1,2307,23.42,17.6,13.040,19,90.4,23.8
1236.0,86,584.0,27.1,0.0,77.6,100,116,73.5,12,-0.8,27.3,0.998,14.8,21.6,-0.9,83.5,22.0,2450,27.40,17.5,13.057,19,83.2,26.2
1239.0,86,584.0,14.2,57.6,77.6,99,116,42.7,12,-3.0,17.9,1.045,19.6,18.2,0.0,69.1,19.7,2411,23.65,4.5,13.118,19,38.8,11.0
1242.0,86,579.7,14.2,46.8,77.6,99,115,32.3,12,-4.3,9.5,1.093,27.4,10.1,0.1,26.3,11.2,2125,12.13,8.6,13.040,19,77.8,17.5
1245.0,86,577.2,20.4,0.4,77.6,100,114,68.8,12,-0.8,23.5,0.991,16.5,20.0,1.6,80.0,20.0,2170,20.51,15.6,13.040,19,91.8,22.2
1248.0,86,579.8,22.7,1.8,77.6,100,116,66.7,12,-0.8,20.6,0.999,22.5,16.4,1.6,66.2,16.9,2199,21.06,14.4,13.068,19,66.5,20.1
1251.0,86,576.0,18.4,54.0,77.6,99,117,61.0,12,-0.8,14.0,0.997,30.1,13.3,-0.3,51.1,13.6,2205,16.47,5.6,13.110,19,2.8,6.3
1254.0,86,576.0,13.2,34.0,77.6,99,116,46.7,12,-0.8,9.4,0.994,34.8,12.4,-4.0,44.3,12.6,2187,14.65,8.2,13.040,19,56.5,7.5
1257.0,86,576.0,14.4,0.0,77.5,99,114,34.9,12,-0.8,13.7,1.006,23.0,17.6,-4.7,76.5,18.4,2159,20.86,15.9,13.040,19,72.7,16.0
1260.0,86,576.2,27.8,0.0,77.3,100,114,74.5,12,-0.8,24.9,1.008,16.4,21.2,-3.3,81.3,21.1,2329,26.35,22.5,13.040,19,89.3,26.7
1263.0,86,584.0,6.3,0.0,77.3,100,115,37.5,12,-3.3,17.4,1.059,19.4,16.8,-1.0,67.0,19.4,2446,25.91,22.8,13.046,19,87.5,29.8
1266.0,86,574.1,5.4,0.0,77.3,100,113,11.9,12,-5.5,6.6,1.060,29.5,6.9,1.7,22.8,5.6,2081,4.79,0.8,13.120,19,14.9,9.7
1269.0,86,566.4,8.1,4.2,77.3,100,108,18.1,12,-5.2,10.3,0.884,29.5,13.3,2.3,54.5,14.1,2000,16.42,7.9,13.120,19,57.4,10.7
1272.0,86,562.9,12.9,13.4,77.3,99,106,51.8,12,-0.8,13.7,0.996,27.3,9.3,2.3,32.6,9.2,1965,10.18,6.1,13.086,19,60.5,11.6
1275.0,86,556.0,7.1,25.2,77.6,100,103,51.8,12,-0.8,14.1,1.005,25.3,10.7,1.1,35.2,9.5,1952,8.50,3.8,13.028,20,6.4,5.1
1278.0,86,556.0,17.9,11.1,77.5,100,103,59.8,12,-0.8,17.8,1.006,22.1,16.0,-0.4,64.9,17.0,2009,20.57,17.3,12.960,20,91.0,23.9
1281.0,86,559.3,25.5,0.0,77.3,100,105,71.9,12,-0.8,25.9,0.988,15.0,20.8,1.6,82.0,21.2,2287,26.01,20.2,13.017,19,90.0,25.1
1284.0,86,565.6,25.6,0.0,77.3,100,110,70.6,12,-0.8,25.9,0.999,15.8,20.8,0.4,81.7,21.2,2313,26.08,21.2,13.040,19,89.1,25.9
1287.0,86,572.0,25.9,0.0,77.3,100,116,70.6,12,-0.8,25.6,0.998,16.0,20.3,0.9,78.0,18.7,2273,22.24,17.2,13.040,19,89.6,24.0
1290.0,86,572.0,17.7,13.3,77.0,99,115,63.6,12,-0.8,21.9,1.002,17.9,18.6,0.2,72.3,16.1,2196,17.53,9.8,13.040,19,93.7,14.9
1293.0,86,572.0,19.3,10.6,76.9,99,113,61.3,12,-0.8,19.1,1.006,20.7,16.2,-2.9,66.7,16.1,2137,20.78,14.5,13.040,19,93.1,18.2
1296.0,86,574.0,25.7,0.2,76.8,100,110,72.9,12,-0.8,27.8,0.992,13.0,22.4,1.6,84.3,20.9,2300,24.93,19.7,12.952,19,90.5,23.4
1299.0,86,580.0,29.0,0.8,76.5,100,112,73.5,12,-0.8,28.8,0.996,13.3,22.8,0.4,84.5,22.9,2436,28.25,23.9,12.902,19,87.7,28.5
1302.0,86,583.1,29.6,5.8,76.5,100,113,73.7,12,-0.8,29.4,0.998,13.7,23.0,-0.8,84.4,23.0,2521,29.69,24.6,12.964,19,87.5,29.8
1305.0,86,588.5,27.7,8.7,76.5,100,115,73.0,12,-0.8,28.9,0.998,14.1,22.7,-0.8,83.5,22.7,2500,28.56,23.1,13.040,19,88.3,26.4
1308.0,86,592.0,24.0,13.3,76.5,100,118,67.9,12,-0.8,26.1,1.000,14.5,22.4,-0.8,84.3,22.7,2454,28.69,23.6,13.040,19,67.9,19.2
1311.0,86,592.0,19.6,23.5,76.5,99,120,47.1,12,-0.8,13.3,0.991,21.9,17.3,0.1,62.4,18.4,2357,24.34,19.3,13.040,19,56.5,13.2
1314.0,86,592.0,18.7,6.3,76.5,100,119,30.2,12,-3.0,10.2,0.995,30.1,12.3,-0.3,39.5,13.9,2251,18.23,12.0,13.040,19,92.2,18.4
1317.0,86,589.7,19.7,0.0,76.5,100,118,30.2,12,-4.3,8.7,0.998,36.0,9.3,-2.6,29.4,13.3,2200,17.20,14.1,13.040,19,91.9,20.1
1320.0,86,586.7,18.6,2.9,76.5,99,118,60.7,12,-0.8,16.9,0.992,30.5,11.4,2.3,41.2,11.8,2209,15.12,10.4,13.040,19,92.8,17.0
1323.0,86,584.0,13.5,10.4,76.5,98,118,45.5,12,-0.8,9.8,1.006,34.6,10.6,-1.6,38.1,12.0,2212,14.12,8.3,13.040,19,93.7,12.4
1326.0,86,584.0,10.6,7.8,76.5,98,119,38.4,12,-0.8,10.5,1.005,34.5,10.7,-3.0,37.8,11.9,2230,13.63,7.6,13.040,19,92.3,10.2
1329.0,86,581.5,7.6,3.5,76.5,99,120,25.7,12,-2.4,9.1,0.712,23.0,9.3,-1.4,38.0,10.5,2271,13.05,6.7,13.040,19,38.4,5.5
1332.0,86,570.8,5.8,1.3,76.6,101,119,13.5,12,-5.1,5.5,0.020,-10.0,0.0,-0.0,13.3,0.0,2175,6.63,2.6,13.040,19,17.7,5.3
1335.0,86,556.0,7.8,3.8,76.9,101,114,25.1,12,-0.8,12.9,0.884,14.4,9.8,1.5,36.5,7.7,2168,10.63,5.5,12.971,19,0.0,8.6
1338.0,86,556.0,18.0,0.0,76.9,101,114,48.9,12,-0.8,15.9,0.951,22.0,13.9,1.2,52.8,13.5,2149,16.34,10.8,12.916,20,7.7,16.6
1341.0,86,556.0,18.9,10.0,77.2,100,113,61.1,12,-0.8,18.8,0.998,20.0,15.2,-0.2,60.0,14.6,2135,17.07,11.0,13.029,20,56.5,13.7
1344.0,86,558.1,21.8,7.3,77.3,99,113,66.0,12,-0.8,21.5,1.003,16.9,18.6,-0.6,78.0,18.8,2175,23.81,18.4,12.880,19,81.7,20.6
1347.0,86,561.1,24.3,0.0,77.3,100,114,70.5,12,-0.8,25.5,0.997,16.5,20.0,1.6,78.8,20.0,2212,24.03,17.0,12.973,19,91.4,22.6
1350.0,86,564.6,24.5,0.0,77.3,100,116,69.8,12,-0.8,26.1,0.998,15.5,20.8,1.1,81.3,20.9,2305,25.73,18.7,13.040,19,90.6,23.3
1353.0,86,572.0,29.0,1.8,77.0,100,117,72.9,12,-0.8,28.0,0.997,14.8,21.8,0.5,83.2,22.0,2435,27.96,21.8,13.058,19,88.0,27.9
1356.0,86,574.6,26.0,7.5,76.9,100,117,71.2,12,-0.8,27.1,0.997,15.3,22.0,0.4,82.6,22.3,2538,29.27,19.6,13.137,19,91.0,22.7
1359.0,86,577.6,24.9,8.3,76.8,100,116,67.5,12,-0.8,22.7,0.997,18.5,18.8,2.3,76.5,19.2,2225,24.06,19.0,13.070,19,90.5,23.8
1362.0,86,580.0,24.9,4.1,76.5,100,118,71.4,12,-0.8,25.5,1.003,18.5,18.5,1.8,74.4,18.7,2248,23.78,16.7,13.074,19,89.0,20.9
1365.0,86,580.0,13.7,36.0,76.5,99,118,55.7,12,-0.8,19.0,1.003,22.1,16.5,0.9,66.3,16.8,2257,21.43,13.3,13.118,19,87.4,13.0
1368.0,86,580.0,14.7,17.1,76.5,99,118,54.3,12,-0.8,16.5,1.003,24.8,14.8,0.2,58.4,14.8,2250,17.77,9.9,13.120,19,93.7,14.9
1371.0,86,580.0,17.1,3.2,76.5,99,118,60.8,12,-0.8,18.8,1.002,22.9,15.7,0.8,62.7,16.1,2250,20.15,14.1,13.000,19,61.9,17.6
1374.0,86,581.0,20.2,0.0,76.5,100,118,64.0,12,-0.8,22.0,0.995,19.5,17.8,0.8,70.6,17.7,2258,22.16,16.1,13.003,19,55.0,20.4
1377.0,86,584.0,22.4,0.0,76.5,100,118,48.6,12,-0.8,16.8,0.998,23.2,16.2,1.2,64.8,16.5,2252,20.92,15.0,13.040,19,60.9,21.3
1380.0,86,581.1,16.7,7.8,76.5,100,118,46.3,12,-0.8,14.5,0.999,25.4,14.6,1.1,57.1,14.7,2235,17.43,9.5,13.040,19,25.5,13.3
1383.0,86,580.0,16.9,22.3,76.5,100,118,48.0,12,-0.8,15.4,1.000,23.8,16.1,-0.8,67.5,17.3,2225,21.81,15.7,13.040,19,44.7,17.7
1386.0,86,581.0,21.1,31.5,76.5,100,118,62.0,12,-0.8,20.4,0.999,20.5,17.6,-0.2,71.9,18.0,2241,23.05,17.0,13.040,19,60.6,21.2
1389.0,86,584.0,23.5,5.2,76.5,100,120,68.8,12,-0.8,24.3,0.999,17.4,19.8,0.0,78.0,19.7,2273,25.01,19.1,13.015,19,72.2,22.9
1392.0,86,587.3,25.1,1.2,76.8,100,121,68.7,12,-0.8,25.1,0.997,16.8,20.7,0.3,80.9,21.0,2307,26.40,21.0,12.973,19,88.3,25.9
1395.0,86,588.0,24.7,1.5,76.7,100,122,68.1,12,-0.8,24.3,0.995,18.4,20.0,0.7,78.9,20.4,2326,25.40,20.0,13.040,19,84.7,24.3
1398.0,86,589.8,23.6,4.7,76.6,100,122,68.2,12,-0.8,23.5,0.998,18.2,20.0,-0.0,79.6,20.4,2337,25.46,20.0,13.040,19,84.2,24.1
1401.0,86,592.0,21.0,16.2,76.8,100,124,64.3,12,-0.8,16.9,1.003,27.0,15.2,-0.6,58.4,14.9,2329,19.38,13.8,13.040,19,57.8,19.8
1404.0,86,592.0,14.5,54.2,76.5,100,124,45.5,12,-0.8,15.5,0.999,26.7,14.6,0.1,56.5,14.5,2353,19.59,12.3,13.040,19,38.4,16.1
1407.0,86,592.0,22.8,15.0,76.5,100,126,60.9,12,-0.8,20.7,0.995,21.7,17.5,-0.0,68.2,18.5,2432,26.55,19.5,13.040,19,75.8,23.7
1410.0,86,594.4,28.3,1.6,76.5,100,128,72.4,12,-0.8,28.2,0.996,14.8,22.2,-1.6,83.8,23.5,2562,30.84,25.9,13.040,19,86.7,31.0
1413.0,86,597.5,29.7,3.7,76.5,100,128,72.4,12,-0.8,30.9,1.005,16.5,23.1,-1.6,82.4,23.5,2732,31.79,25.9,12.985,19,86.5,31.2
1416.0,86,600.5,27.5,11.6,76.5,100,128,69.8,12,-0.8,25.9,1.007,16.0,22.4,-2.1,83.1,22.8,2575,30.14,25.3,12.994,19,86.7,31.2
1419.0,86,604.0,31.8,0.0,76.5,100,128,72.3,12,-0.8,29.7,1.003,16.0,23.0,-1.4,83.2,23.2,2556,29.81,25.2,13.043,19,87.4,30.7
1422.0,86,609.3,32.7,5.2,76.5,100,128,73.1,12,-0.8,32.7,0.998,16.2,24.1,-0.3,82.7,24.6,2817,33.40,27.8,13.059,19,85.5,33.3
1425.0,86,612.0,33.0,5.4,76.5,100,128,72.0,12,-0.8,32.1,0.997,17.0,23.5,-1.6,82.4,23.9,2737,31.84,27.0,13.045,19,85.7,33.3
1428.0,86,612.9,30.4,0.0,76.5,100,128,71.4,12,-0.8,31.8,0.998,17.5,22.0,-0.4,79.8,22.1,2567,28.76,21.8,13.040,19,71.3,28.2
1431.0,86,616.0,21.8,0.0,76.5,100,128,68.1,12,-0.8,27.2,1.000,17.5,21.6,-0.9,80.8,22.0,2451,27.43,20.3,13.040,19,60.8,22.3
1434.0,86,616.0,29.8,0.0,76.5,101,127,70.8,12,-0.8,27.3,1.001,16.4,21.8,-1.3,82.1,22.2,2451,27.51,23.4,13.040,19,85.4,29.0
1437.0,86,613.5,15.9,0.0,76.7,101,124,49.2,12,-2.3,22.1,0.752,17.8,20.5,0.2,77.0,20.7,2500,25.45,18.0,13.040,19,0.0,11.1
1440.0,86,608.9,11.5,0.0,76.9,101,122,21.2,12,-4.9,6.3,0.063,30.0,12.2,7.0,37.3,14.1,2262,19.23,17.5,13.040,19,0.0,15.5
1443.0,86,603.5,22.7,0.0,76.9,101,120,65.9,12,-0.8,17.6,1.003,24.9,14.9,2.8,53.4,15.3,2270,19.34,14.0,13.040,19,4.9,19.2
1446.0,86,600.0,16.1,0.0,76.9,100,119,34.4,12,-3.7,10.3,0.451,6.7,8.8,0.5,42.4,11.8,2241,15.32,10.5,13.040,19,17.7,10.3
1449.0,86,597.5,19.1,25.1,76.7,100,116,39.5,12,-3.8,11.0,0.292,-4.0,3.7,0.1,22.0,6.4,2180,6.86,11.4,13.040,19,46.3,19.2
1452.0,86,596.0,17.1,31.8,76.5,100,114,63.3,12,-0.8,23.5,0.999,18.0,19.6,0.8,77.6,19.2,2225,21.10,5.0,13.040,19,26.6,14.1
1455.0,86,596.0,11.2,0.0,76.5,100,114,46.3,12,-0.8,22.4,1.005,17.0,20.1,-2.2,79.6,20.6,2239,23.88,12.1,13.040,19,35.8,15.9
1458.0,86,596.0,36.9,0.0,76.5,100,115,67.9,12,-0.8,32.6,1.002,15.3,23.7,-1.9,83.1,23.8,2408,28.66,27.7,13.026,19,87.5,31.7
1461.0,86,601.4,37.9,2.1,76.5,100,116,76.1,12,-0.8,36.6,0.999,15.5,25.5,0.5,82.3,25.6,2683,32.80,34.9,12.960,19,84.7,40.0
1464.0,86,604.0,28.9,2.3,76.6,100,115,74.4,12,-0.8,32.0,1.001,19.3,18.0,-0.8,62.0,13.3,2175,16.73,16.2,13.015,19,50.3,25.1
1467.0,86,604.0,19.2,0.0,76.9,100,112,71.4,12,-0.8,29.0,1.013,10.5,23.0,-0.2,79.6,22.0,2302,24.31,20.4,13.000,19,51.0,23.3
1470.0,86,604.0,42.7,0.0,76.9,100,112,76.4,12,-0.8,37.4,1.005,13.1,27.3,-0.4,87.1,27.6,2599,31.88,30.1,12.983,19,86.5,37.5
1473.0,86,606.9,34.4,0.0,76.9,100,113,76.9,12,-0.8,38.4,1.001,14.8,28.8,-0.6,86.9,28.6,2888,35.35,28.9,13.040,19,87.8,25.1
1476.0,86,609.9,30.3,0.0,76.8,100,115,74.1,12,-0.8,31.2,1.001,13.1,25.9,-0.0,85.9,25.1,2612,30.75,27.1,13.040,19,87.1,30.0
1479.0,86,612.0,29.0,2.3,76.5,100,116,70.6,12,-0.8,26.3,0.998,15.0,21.6,1.2,83.2,23.0,2394,27.85,24.4,13.083,19,87.3,30.9
1482.0,86,612.0,25.5,17.5,76.5,100,120,37.2,12,-4.1,12.4,0.366,1.0,12.0,0.8,50.0,15.7,2259,19.18,18.3,13.097,19,80.8,26.5
1485.0,86,605.7,21.2,5.4,76.3,100,121,44.6,12,-3.3,11.4,0.401,0.9,7.5,0.0,28.1,10.0,2260,10.85,10.5,13.040,19,46.7,19.2
1488.0,86,604.0,14.3,0.0,76.1,100,123,54.0,12,-0.8,18.4,0.996,22.7,16.5,-0.1,67.1,17.3,2350,22.19,17.3,13.040,19,72.4,22.5
1491.0,86,604.0,9.6,0.0,76.0,100,127,39.4,12,-0.9,16.7,1.010,24.5,16.5,-1.6,65.5,17.0,2405,22.73,15.3,13.040,19,75.0,23.3
1494.0,86,603.5,10.1,0.0,75.7,100,130,34.5,12,-2.3,6.7,0.992,3.2,6.0,-0.6,35.8,7.6,2412,14.46,10.9,13.040,19,48.9,18.4
1497.0,86,596.0,5.5,0.0,75.4,101,129,19.4,12,0.1,6.2,1.057,10.8,6.6,0.0,30.8,5.5,2404,9.65,5.8,13.040,19,3.7,6.1
1500.0,86,587.7,13.8,32.9,75.1,100,127,16.3,12,-1.3,8.7,1.073,28.6,15.2,-0.7,58.6,15.8,2409,20.82,4.3,13.040,20,15.3,10.2
1503.0,86,584.0,12.3,36.0,74.8,100,125,22.7,12,-4.5,12.2,0.986,23.0,15.5,-2.7,62.7,16.1,2387,19.44,3.1,12.915,20,4.6,7.1
1506.0,86,582.8,7.4,11.3,74.5,100,124,28.8,12,-0.8,7.5,0.979,36.5,8.6,4.7,26.3,13.4,2333,19.10,2.9,13.021,20,19.2,11.5
1509.0,86,579.6,12.9,0.0,74.5,100,122,56.5,12,-0.8,10.9,0.986,37.2,7.6,0.7,24.4,9.7,2293,13.51,3.4,13.088,20,36.8,17.2
1512.0,86,576.0,12.2,0.0,74.5,100,122,50.7,12,-0.8,15.0,0.993,29.6,11.6,-1.3,41.3,10.8,2286,11.10,5.9,13.040,20,33.7,15.1
1515.0,86,576.0,12.4,0.0,74.5,100,122,42.1,12,-0.8,16.3,0.997,20.7,16.8,-0.7,69.6,16.9,2311,19.31,11.4,13.040,20,19.2,11.4
1518.0,86,576.0,14.9,0.0,74.6,100,122,38.7,12,-0.8,13.7,0.996,23.5,13.3,-0.0,50.2,10.6,2262,13.31,9.8,13.040,20,26.3,13.7
1521.0,86,576.0,19.0,0.0,74.9,100,120,67.5,12,-0.8,25.5,0.998,17.2,19.2,0.0,71.9,17.5,2340,19.91,14.6,13.040,20,22.0,13.2
1524.0,86,576.0,12.2,0.0,74.9,100,120,31.1,12,-3.6,14.5,1.062,23.9,16.6,1.3,62.5,18.6,2346,24.62,19.5,13.025,20,4.8,7.4
1527.0,86,573.5,16.6,0.0,74.9,100,120,33.3,12,-3.9,7.3,1.085,33.2,11.0,2.5,33.0,12.5,2227,16.24,11.8,12.960,20,33.7,16.1
1530.0,86,572.0,17.3,3.1,74.9,100,120,61.0,12,-0.8,10.7,0.992,29.5,15.3,-1.6,61.6,15.7,2275,20.30,11.8,13.011,20,21.7,11.7
1533.0,86,572.0,12.3,12.5,74.9,100,120,36.9,12,-0.8,12.2,0.986,30.9,13.2,1.5,52.2,14.5,2275,18.31,10.7,13.006,20,16.6,9.6
1536.0,86,572.0,14.1,56.0,74.9,100,122,57.1,12,-0.8,19.3,1.001,22.3,16.7,1.0,62.0,17.0,2333,20.42,12.9,12.979,20,35.5,15.0
1539.0,86,574.9,20.9,23.3,74.9,100,124,67.8,12,-0.8,24.0,1.009,14.7,21.5,-1.4,83.0,22.0,2434,28.22,22.3,13.040,20,88.6,24.7
1542.0,86,577.8,23.4,4.1,74.9,100,126,67.1,12,-0.8,22.1,1.001,19.1,19.6,-0.8,78.8,20.0,2412,26.62,19.6,13.040,20,34.5,24.2
1545.0,86,577.7,19.8,0.0,74.9,101,126,54.1,12,-0.8,5.9,0.986,-8.5,5.8,-0.3,36.9,7.6,2338,14.21,10.1,12.965,20,0.0,17.9
1548.0,86,568.0,5.1,0.0,74.9,101,120,24.6,12,-3.8,5.4,1.064,10.7,4.2,3.5,20.0,3.8,2247,7.16,3.1,12.913,20,2.5,5.6
1551.0,86,562.9,11.2,0.0,75.1,101,117,21.5,12,-3.7,7.3,1.078,27.5,10.5,7.2,34.4,11.5,2167,13.24,10.6,13.040,20,34.1,16.5
1554.0,86,560.0,14.6,0.2,75.3,100,116,35.7,12,-0.8,11.5,0.995,21.5,14.9,-0.0,61.6,16.1,2237,21.01,13.0,13.040,20,28.9,13.8
1557.0,86,560.0,12.7,0.8,75.3,100,114,43.1,12,-0.8,12.9,0.991,25.3,13.3,1.0,53.4,14.1,2184,17.96,12.4,13.040,20,26.2,12.3
1560.0,86,560.0,9.8,0.0,75.3,100,113,47.0,12,-0.8,14.3,1.001,25.5,13.4,0.2,52.1,13.2,2137,15.26,10.1,13.040,20,30.0,14.9
1563.0,86,560.0,19.9,2.1,75.3,100,112,58.5,12,-0.8,19.6,1.010,21.6,16.3,-2.1,63.1,15.5,2154,17.79,11.8,13.040,20,38.8,18.5
1566.0,86,562.5,27.7,6.4,75.2,100,112,75.3,12,-0.8,31.4,1.005,12.5,24.3,-0.8,85.9,24.3,2599,26.91,20.5,13.089,20,65.3,21.6
1569.0,86,568.2,24.3,13.0,74.9,100,114,67.5,12,-0.8,25.5,0.999,15.8,21.0,0.6,80.7,19.6,2379,25.45,21.7,13.091,20,85.2,23.4
1572.0,86,572.0,23.5,20.0,74.9,100,114,69.0,12,-0.8,24.4,0.994,17.5,19.7,1.6,78.0,17.3,2200,20.63,16.7,13.040,20,77.1,23.2
1575.0,86,574.5,25.1,9.9,74.9,100,115,70.4,12,-0.8,25.7,0.994,16.8,20.7,1.3,80.5,20.6,2298,25.62,21.6,13.040,20,89.4,26.3
1578.0,86,577.5,27.0,0.0,74.9,100,116,71.7,12,-0.8,27.0,1.000,14.0,22.0,-0.8,83.9,22.4,2437,28.14,22.3,13.040,20,88.5,27.1
1581.0,86,580.5,27.3,0.0,74.9,100,118,73.7,12,-0.8,23.9,0.999,19.2,15.7,0.7,60.8,16.9,2315,20.38,14.4,13.040,20,67.3,23.7
1584.0,86,584.0,18.8,0.0,74.5,100,117,67.6,12,-0.8,22.9,0.998,19.7,15.7,1.0,57.0,15.2,2203,14.60,5.3,13.040,20,22.5,13.2
1587.0,86,584.0,24.6,0.0,74.5,100,116,66.1,12,-0.8,23.1,0.998,16.8,20.7,0.0,81.8,22.0,2212,26.02,23.5,13.040,20,88.6,29.0
1590.0,86,585.5,27.0,0.0,74.4,100,116,70.8,12,-0.8,26.7,0.999,15.5,19.2,-0.0,74.1,18.0,2203,23.65,19.3,13.040,20,73.7,25.0
1593.0,86,588.0,22.2,1.4,74.1,100,116,66.7,12,-0.8,24.7,0.997,17.0,15.8,1.6,67.4,17.1,2214,22.02,16.5,13.040,20,59.0,21.0
1596.0,86,588.0,21.2,11.2,74.1,100,114,65.5,12,-0.8,23.3,0.999,17.8,16.5,1.2,69.1,17.3,2210,21.83,15.0,13.040,20,50.2,18.7
1599.0,86,588.0,11.1,4.0,73.9,100,114,45.0,12,-0.8,18.3,1.002,17.7,18.1,-1.1,74.4,18.2,2179,22.60,13.4,13.040,20,37.3,11.0
1602.0,86,586.1,12.6,0.0,73.7,100,114,34.4,12,-0.8,12.5,1.005,17.2,17.3,-4.7,71.0,17.3,2137,21.34,16.1,13.040,20,49.7,17.2
1605.0,86,584.0,22.0,2.4,73.8,100,114,63.4,12,-0.8,20.4,0.994,25.0,12.4,0.9,51.0,14.0,2146,17.19,13.9,13.040,20,61.2,21.4
1608.0,86,584.6,27.4,11.0,74.1,100,114,72.9,12,-0.8,26.0,1.000,17.4,18.3,0.6,66.2,18.4,2317,21.79,17.7,13.040,20,72.5,24.8
1611.0,86,592.0,32.5,0.0,73.8,100,116,73.3,12,-0.8,30.7,1.001,13.8,23.8,-0.6,85.2,24.1,2560,30.68,26.1,13.040,20,86.7,31.8
1614.0,86,594.4,33.2,1.4,73.7,100,120,72.3,12,-0.8,29.2,0.998,16.8,23.6,-0.1,83.6,24.4,2727,32.30,27.8,13.040,20,86.4,33.3
1617.0,86,597.4,30.6,1.7,73.7,100,122,69.7,12,-0.8,17.1,0.997,21.0,19.2,-0.8,76.1,19.6,2337,25.19,21.9,13.040,20,83.9,28.6
1620.0,86,600.0,24.3,0.0,73.7,100,124,69.0,12,-0.8,24.3,0.998,18.9,19.7,-0.3,78.2,20.1,2344,25.60,19.6,13.040,20,83.8,24.0
1623.0,86,599.9,24.7,0.0,73.3,100,122,26.3,12,-4.0,12.4,1.074,24.8,12.1,0.4,50.1,14.2,2296,19.07,14.8,13.040,20,74.7,21.7
1626.0,86,596.0,19.2,0.0,73.3,100,119,35.9,12,-3.3,11.3,1.071,27.2,8.7,0.3,30.4,8.9,2212,8.91,3.8,13.040,20,15.3,7.1
1629.0,86,594.0,19.2,4.5,73.3,100,117,56.6,12,-0.8,18.2,0.997,21.9,16.1,-0.8,65.9,16.5,2212,20.92,14.5,13.040,20,36.3,14.8
1632.0,86,592.0,18.4,8.4,73.2,100,118,58.2,12,-0.8,19.2,0.999,21.0,16.5,0.5,67.4,16.8,2240,21.34,14.7,12.951,20,46.3,19.0
1635.0,86,592.0,16.0,0.0,72.9,100,120,47.1,12,-0.8,16.8,1.002,23.8,15.4,0.8,62.8,16.2,2257,20.48,13.9,12.971,20,44.8,19.0
1638.0,86,592.0,19.6,0.0,72.9,100,120,56.2,12,-0.8,18.0,1.001,23.4,15.8,0.8,63.1,16.3,2270,20.58,13.6,13.106,20,43.0,18.7
1641.0,86,592.0,21.8,15.9,72.9,100,121,63.2,12,-0.8,20.9,0.999,21.0,17.5,0.7,69.8,17.5,2290,23.07,17.6,13.040,20,66.3,22.4
1644.0,86,593.5,17.6,18.0,72.9,100,122,60.6,12,-0.8,23.3,0.998,19.0,20.0,-0.0,78.8,20.0,2337,24.94,19.0,12.932,20,74.5,22.0
1647.0,86,595.2,7.9,0.0,72.9,100,122,33.7,12,-0.8,13.3,1.002,26.2,14.3,1.1,54.5,14.3,2310,17.04,11.5,12.948,20,53.9,17.1
1650.0,86,588.0,9.4,0.0,72.9,100,121,33.7,12,-0.8,13.5,0.990,27.3,12.8,1.3,45.4,12.1,2295,11.92,4.0,13.040,20,0.0,5.5
1653.0,86,585.4,10.1,0.0,72.9,100,120,33.7,12,-0.8,13.6,0.984,26.1,14.3,0.8,55.2,15.6,2309,19.77,12.9,13.040,20,0.0,16.9
1656.0,86,584.0,9.1,0.0,72.9,101,119,29.4,12,-1.6,12.5,0.995,28.5,14.7,0.8,56.9,14.9,2275,18.56,11.8,13.102,20,0.0,9.9
1659.0,86,581.8,8.5,0.0,72.9,101,118,16.9,12,-5.5,7.5,0.991,38.0,7.8,0.8,32.3,11.2,2206,14.12,9.6,13.074,20,10.2,9.0
1662.0,86,575.2,12.6,0.2,72.9,100,116,33.7,12,-2.0,10.9,0.993,33.1,10.1,0.4,33.3,5.1,2158,8.84,5.5,13.067,20,17.1,11.0
1665.0,86,564.0,5.5,9.5,73.2,101,114,21.5,12,-3.0,10.1,0.948,33.1,11.9,2.0,43.2,3.1,2142,6.79,1.7,13.115,20,0.0,5.1
1668.0,86,564.0,10.5,20.8,73.2,101,113,22.7,12,-4.6,9.3,0.900,38.4,12.2,7.0,45.5,14.1,2162,17.56,11.0,13.040,20,23.3,12.4
1671.0,86,564.0,15.6,31.7,72.9,100,114,54.9,12,-0.8,18.4,1.003,21.5,16.5,2.1,59.7,15.7,2201,19.49,12.7,13.040,20,31.1,15.0
1674.0,86,564.0,12.9,10.5,72.9,100,116,44.9,12,-0.8,15.8,0.999,24.0,15.7,0.8,62.4,16.0,2230,20.24,13.7,13.040,20,31.8,14.0
1677.0,86,564.0,21.7,27.0,73.2,100,119,59.8,12,-0.8,20.5,0.998,21.1,17.8,0.6,66.1,17.6,2308,21.29,14.5,13.040,20,59.2,21.6
1680.0,86,569.3,17.9,14.1,73.1,100,122,71.1,12,-0.8,26.4,1.003,13.0,23.1,-1.5,85.5,23.5,2529,30.07,27.1,13.040,20,81.8,31.0
1683.0,86,573.7,20.5,0.0,72.9,100,124,71.9,12,-0.8,27.0,1.010,13.0,23.1,-0.8,85.5,18.8,2375,17.36,12.9,13.040,20,88.2,29.9
1686.0,86,576.6,29.2,0.0,72.9,100,124,76.9,12,-0.8,36.1,1.000,13.5,25.4,-0.2,86.6,23.6,2556,21.87,13.2,13.003,20,89.0,28.0
1689.0,86,580.0,19.2,0.0,72.9,100,123,47.6,12,-3.6,19.4,0.997,21.3,20.1,0.0,71.7,21.7,2535,23.06,16.3,12.977,20,82.7,28.1
1692.0,86,580.0,16.2,21.5,72.9,100,119,25.6,12,-5.5,7.4,0.993,29.0,13.1,-0.6,49.5,13.5,2234,17.10,11.0,13.040,20,39.2,14.9
1695.0,86,577.2,15.4,26.4,72.9,100,115,18.5,12,-5.4,10.2,0.991,27.0,14.1,-3.9,56.9,10.6,2125,7.67,4.9,13.040,20,24.2,11.6
1698.0,86,572.5,19.1,0.0,72.9,100,110,64.3,12,-0.8,15.5,0.999,21.6,16.8,-3.0,69.5,15.9,2106,15.44,11.0,13.040,20,37.5,14.1
1701.0,86,576.0,29.4,0.0,72.9,100,110,70.4,12,-0.8,21.0,1.005,17.3,19.0,-1.5,79.2,20.2,2103,23.02,21.0,13.040,20,83.6,28.0
1704.0,86,578.3,20.4,27.6,72.9,100,109,74.0,12,-0.8,25.0,1.009,14.8,19.9,-0.1,79.1,19.6,2150,20.98,13.7,13.040,20,27.8,13.3
1707.0,86,580.0,14.9,42.8,72.8,100,108,72.4,12,-0.8,25.9,1.009,14.0,19.2,-0.8,78.4,19.6,2113,22.58,17.6,13.040,20,56.0,18.1
1710.0,86,580.4,19.2,17.5,72.5,100,106,67.5,12,-0.8,25.1,1.007,12.1,21.4,-0.3,82.4,21.5,2157,24.64,22.0,13.040,20,85.2,24.8
1713.0,86,584.0,27.1,13.1,72.5,100,107,67.5,12,-0.8,20.8,0.998,20.3,18.2,0.0,71.1,20.3,2151,23.50,22.2,13.040,20,85.3,28.2
1716.0,86,584.0,21.7,32.4,72.5,100,107,65.3,12,-0.8,18.3,0.994,29.5,12.4,-0.1,47.0,14.4,2001,16.20,10.6,13.040,20,30.2,15.7
1719.0,86,585.4,21.7,37.4,72.5,100,106,63.3,12,-0.8,20.4,1.000,17.5,17.3,-0.8,73.3,17.6,2012,20.45,15.5,13.040,20,63.4,22.9
1722.0,86,588.2,30.2,4.2,72.5,100,106,72.9,12,-0.8,26.9,1.001,14.4,20.7,-0.4,80.2,20.6,2247,24.49,20.5,13.040,20,90.1,29.6
1725.0,86,592.0,30.6,1.3,72.5,100,108,72.9,12,-0.8,29.7,1.001,13.5,23.1,0.2,85.7,23.5,2510,29.53,25.1,13.040,20,87.5,30.2
1728.0,86,593.8,30.3,0.0,72.5,100,112,72.9,12,-0.8,30.1,1.000,15.5,23.1,0.8,83.9,23.5,2550,29.66,24.3,13.040,20,87.5,30.0
1731.0,86,597.4,29.6,1.0,72.5,100,116,72.9,12,-0.8,29.8,1.001,15.5,23.1,-0.4,84.2,23.2,2550,29.49,24.5,13.002,20,87.5,29.8
1734.0,86,604.0,28.6,7.8,72.5,100,120,72.4,12,-0.8,24.7,1.002,18.0,20.4,-0.4,81.5,20.3,2449,26.34,22.6,12.960,20,78.5,27.7
1737.0,86,604.0,22.8,39.1,72.5,100,121,65.9,12,-0.8,20.4,1.002,20.7,17.6,0.0,75.9,16.8,2306,20.91,17.5,12.960,20,40.4,17.3
1740.0,86,604.0,19.8,50.2,72.5,100,123,59.4,12,-0.8,18.5,1.002,22.5,16.5,-0.0,66.3,16.5,2350,21.44,14.5,13.040,20,44.2,18.5
1743.0,86,603.3,19.0,35.8,72.5,100,126,58.8,12,-0.8,19.2,0.999,23.3,16.2,-0.6,65.2,16.5,2381,21.50,14.1,13.080,20,40.3,18.0
1746.0,86,600.0,16.1,0.0,72.5,100,128,58.8,12,-0.8,20.0,1.001,22.7,16.9,-1.6,67.9,17.2,2410,22.67,14.6,13.097,20,36.7,16.9
1749.0,86,600.0,18.1,0.0,72.5,100,129,58.8,12,-1.5,20.4,1.000,22.2,17.5,-1.9,71.2,17.9,2434,24.46,16.5,13.040,20,54.9,20.8
1752.0,86,600.0,12.5,0.0,72.5,100,129,44.3,12,-1.4,17.7,0.844,19.5,16.0,-0.8,69.4,17.6,2475,23.98,15.7,13.059,20,47.1,20.8
1755.0,86,593.6,5.5,0.0,72.5,100,128,11.9,12,1.6,5.5,0.000,-8.0,0.0,-0.0,13.7,4.4,2385,10.93,6.1,13.048,20,23.1,14.0
1758.0,86,575.5,5.5,0.0,72.5,100,124,14.1,12,-3.6,9.1,0.600,18.4,6.4,3.4,25.1,5.2,2328,7.98,2.7,13.040,20,0.0,6.5
1761.0,86,568.0,6.3,0.0,72.3,100,123,18.6,12,-3.5,10.8,0.929,32.8,12.1,3.9,40.7,11.6,2304,12.40,6.8,13.040,20,0.0,11.0
1764.0,86,566.3,10.2,0.0,72.2,100,121,27.1,12,-0.8,11.3,1.003,28.5,14.5,-2.3,56.5,14.5,2325,13.90,9.0,13.040,21,23.4,15.4
1767.0,86,564.7,16.4,0.0,72.2,100,118,41.6,12,-0.8,14.1,0.986,25.5,14.2,0.4,56.2,14.8,2302,16.76,10.9,13.040,21,39.2,18.4
1770.0,86,568.0,18.0,0.0,72.2,100,118,43.8,12,-0.8,13.6,0.990,24.0,15.0,0.9,60.0,15.8,2278,19.96,13.7,13.040,21,44.4,18.7
1773.0,86,568.0,21.3,18.7,72.2,100,118,54.2,12,-0.8,15.4,0.993,22.3,15.7,-0.1,63.3,16.8,2260,21.36,15.6,13.040,21,60.4,22.4
1776.0,86,568.0,18.1,46.5,72.1,100,118,62.7,12,-0.8,18.4,0.996,21.5,14.1,-0.8,49.0,13.3,2237,11.73,9.4,12.926,21,23.4,12.5
1779.0,86,568.0,11.2,75.6,71.8,100,116,49.4,12,-0.8,15.7,0.997,25.5,14.7,-0.8,55.2,14.4,2277,15.94,10.5,12.960,21,13.9,9.6
1782.0,86,568.0,18.0,58.8,71.4,100,118,54.6,12,-0.8,17.7,0.998,23.5,16.0,-0.4,63.2,15.9,2295,19.73,11.5,13.040,21,35.6,16.6
1785.0,86,570.8,19.6,21.5,71.4,100,120,58.8,12,-0.8,19.4,0.998,21.9,17.0,0.0,69.6,17.3,2296,21.75,12.0,13.040,21,43.1,19.2
1788.0,86,572.0,20.3,0.0,71.4,100,123,60.9,12,-0.8,20.2,0.999,21.5,17.3,-0.0,70.6,17.3,2350,22.87,15.7,13.053,21,48.6,19.9
1791.0,86,571.5,18.4,0.0,71.4,100,126,59.6,12,-0.8,18.0,1.002,24.8,11.6,-0.6,41.2,6.3,2327,12.81,8.3,13.059,21,33.1,15.4
1794.0,86,568.0,5.5,0.0,71.4,100,124,24.6,12,-3.9,10.5,0.439,7.9,4.8,-0.4,20.7,0.0,2289,4.98,0.7,13.055,21,0.0,5.4
1797.0,86,550.5,5.2,0.0,71.6,100,121,11.8,12,-5.5,5.3,0.000,-9.7,0.0,0.0,13.3,0.0,2243,4.64,0.4,13.040,21,0.0,5.1
1800.0,86,536.6,7.0,23.2,71.8,100,118,23.5,12,-4.8,7.8,0.160,-6.4,1.5,0.0,15.8,0.4,2200,4.62,0.8,13.040,21,4.7,5.8
1803.0,86,528.7,11.3,53.3,71.8,100,118,54.9,12,-2.3,20.0,1.013,22.5,17.3,-0.0,71.0,17.6,2375,16.81,9.3,12.999,21,27.1,11.9
1806.0,86,532.0,24.7,20.0,71.8,100,122,68.1,12,-1.3,25.1,1.002,17.9,19.8,-0.7,76.3,19.6,2545,26.85,18.7,12.979,21,66.0,24.3
1809.0,86,541.3,28.8,5.7,72.0,100,125,68.5,12,-0.8,25.8,0.998,15.8,21.7,-1.8,82.4,22.3,2637,30.79,24.5,13.040,21,87.5,29.8
1812.0,86,548.0,29.1,1.1,72.1,100,126,65.8,12,-1.1,20.5,1.001,18.6,19.0,-2.2,80.0,20.8,2425,27.52,22.0,13.040,20,88.0,28.3
1815.0,86,552.0,24.8,11.8,71.8,100,126,70.8,12,-2.3,11.0,0.994,8.0,0.0,-0.0,15.3,5.8,2321,12.45,10.2,13.040,20,56.5,20.9
1818.0,86,552.0,11.8,60.5,72.2,100,120,38.4,12,-1.2,13.5,0.984,17.7,8.9,-0.9,38.6,7.6,2263,10.99,5.0,13.040,20,21.1,12.7
1821.0,86,552.0,18.1,40.9,72.2,100,119,49.6,12,-0.8,16.8,0.989,22.5,15.6,-1.1,62.3,15.7,2244,19.42,12.4,13.040,20,41.4,18.8
1824.0,86,554.3,21.3,17.0,72.3,100,117,61.0,12,-0.8,20.3,0.999,20.5,17.2,0.2,71.1,17.6,2225,22.77,15.3,13.040,21,57.3,20.2
1827.0,86,557.3,22.7,0.9,72.5,100,116,67.4,12,-0.8,23.5,0.996,18.0,19.2,2.3,76.1,18.8,2225,23.56,17.0,13.040,21,61.3,21.3
1830.0,86,560.3,22.5,3.4,72.5,100,118,65.9,12,-0.8,21.7,0.998,19.7,18.1,2.3,73.3,17.9,2231,22.68,17.4,13.040,21,59.5,21.1
1833.0,86,564.0,18.0,0.0,72.5,100,118,60.0,12,-0.8,19.6,0.999,21.2,16.9,1.6,69.3,16.8,2241,20.30,13.1,13.040,21,38.3,17.1
1836.0,86,564.0,8.9,0.0,72.7,100,117,33.2,12,-2.9,14.0,0.958,27.0,14.1,3.1,57.9,15.3,2235,16.93,3.0,13.040,21,0.0,5.1
1839.0,86,559.6,11.4,0.0,72.7,100,116,25.9,12,-4.3,10.2,0.905,36.3,9.9,9.4,30.0,10.4,2150,10.75,7.5,13.040,21,23.4,9.1
1842.0,86,557.2,19.7,1.2,72.5,100,116,57.7,12,-0.8,19.2,0.999,20.5,18.0,-0.8,73.3,18.8,2228,19.72,14.9,13.085,21,59.4,17.3
1845.0,86,560.1,25.5,5.2,72.5,100,118,69.8,12,-0.8,23.6,1.000,18.6,19.5,-0.8,77.7,20.1,2310,25.33,20.4,13.096,21,89.2,24.7
1848.0,86,564.0,13.8,17.2,72.5,100,119,52.7,12,-0.8,19.4,0.998,21.6,16.6,0.1,64.2,17.7,2323,23.15,18.7,13.030,21,86.9,22.7
1851.0,86,564.0,11.9,9.7,72.5,100,119,45.8,12,-0.8,14.8,0.996,26.5,11.7,1.5,36.3,10.5,2225,11.39,6.7,12.960,21,18.4,13.5
1854.0,86,564.0,15.2,16.4,72.4,100,118,52.8,12,-0.8,16.5,1.000,24.5,14.9,0.8,59.6,14.9,2237,16.51,10.1,13.012,21,28.0,14.1
1857.0,86,564.4,19.7,54.4,72.2,100,118,62.0,12,-0.8,20.0,0.997,21.7,17.0,0.8,67.0,16.7,2244,20.44,13.8,13.040,21,38.6,17.4
1860.0,86,568.0,15.7,36.0,72.2,100,118,55.6,12,-0.8,18.1,0.998,22.3,16.3,0.5,63.1,15.5,2244,19.61,15.4,13.040,21,45.9,18.8
1863.0,86,568.0,16.7,39.8,72.2,100,119,53.7,12,-0.8,16.6,1.000,24.7,13.1,-0.0,44.3,9.0,2225,8.29,8.6,13.040,21,39.1,17.6
1866.0,86,567.1,15.6,39.3,72.2,100,120,61.2,12,-0.8,18.8,1.000,20.0,0.0,2.3,25.1,2.9,2217,6.04,4.6,13.040,21,25.6,13.6
1869.0,86,564.0,5.1,0.0,72.9,100,117,26.9,12,-4.0,13.4,0.928,23.5,7.7,5.8,36.6,7.0,2243,10.48,4.6,13.040,21,13.5,8.9
1872.0,86,561.3,8.9,16.9,72.9,100,116,29.6,12,-3.6,13.8,0.924,25.0,15.5,6.5,61.8,16.4,2283,20.69,12.6,13.040,21,36.9,16.5
1875.0,86,561.6,14.7,17.9,72.8,100,116,48.7,12,-0.8,19.2,1.000,21.0,17.3,-0.8,70.6,18.0,2262,23.00,16.9,13.040,21,51.5,19.4
1878.0,86,564.0,20.9,0.3,72.5,100,118,60.4,12,-0.8,19.6,0.999,22.7,14.9,0.7,58.7,13.2,2236,15.52,11.9,13.040,21,46.7,18.5
1881.0,86,564.0,16.1,15.8,72.5,100,118,57.7,12,-0.8,18.7,0.998,23.0,14.8,0.6,56.5,11.7,2239,11.36,7.3,13.040,21,19.3,11.2
1884.0,86,564.0,17.4,5.4,72.5,100,119,56.5,12,-0.8,16.8,0.997,25.8,13.3,-0.4,56.9,14.2,2294,19.95,13.5,13.040,21,40.0,18.0
1887.0,86,564.0,14.0,0.0,72.5,100,120,46.3,12,-0.8,13.9,0.998,34.2,5.7,0.8,20.8,5.5,2250,6.54,5.9,13.040,21,23.6,13.2
1890.0,86,562.7,10.5,12.4,72.4,100,120,22.0,12,-0.9,9.8,1.000,36.5,10.2,-0.8,31.0,9.6,2250,10.34,6.9,13.086,21,18.8,11.2
1893.0,86,560.0,11.6,49.0,72.2,100,120,12.5,12,-5.5,9.8,0.994,31.1,12.5,-2.1,45.5,12.8,2298,15.54,11.4,13.065,21,33.4,13.8
1896.0,86,560.0,23.9,13.9,72.2,101,120,44.4,12,-3.0,16.6,0.994,24.6,15.7,-2.4,61.3,15.7,2350,20.76,18.0,12.967,21,76.9,23.5
1899.0,86,564.5,23.7,0.0,72.0,101,119,68.0,12,-0.8,23.4,0.997,18.9,18.8,-0.9,75.7,18.8,2350,24.75,18.4,13.040,21,21.2,22.9
1902.0,86,569.3,23.7,0.0,71.7,101,118,67.5,12,-0.8,23.1,1.003,18.5,19.2,-2.3,76.9,19.1,2303,24.53,19.2,13.040,21,0.0,23.3
1905.0,86,572.3,24.2,0.0,71.4,101,118,67.5,12,-0.8,23.7,1.003,17.9,19.4,-1.5,77.1,19.6,2281,24.74,19.4,13.040,21,21.3,23.9
1908.0,86,576.0,16.1,31.4,71.4,100,119,53.6,12,-0.8,20.2,1.002,20.5,17.8,-0.6,71.0,18.3,2270,22.28,17.9,13.040,21,81.2,23.9
1911.0,86,574.0,13.3,24.7,71.4,100,119,43.6,12,-0.8,15.4,1.000,25.7,14.3,-0.1,54.5,13.3,2250,8.12,2.0,13.040,21,33.0,14.1
1914.0,86,572.0,10.7,1.9,71.4,100,118,46.4,12,-0.8,16.1,1.001,22.5,17.3,-1.6,72.5,17.3,2285,18.70,11.4,13.040,21,38.9,14.3
1917.0,86,572.0,12.2,9.5,71.4,100,118,55.7,12,-0.8,17.6,0.996,23.6,15.8,-0.8,64.0,15.0,2305,18.82,14.0,13.040,21,60.5,20.0
1920.0,86,572.0,13.2,3.5,71.6,100,119,44.2,12,-0.8,11.5,0.995,18.6,10.9,0.0,46.9,9.8,2299,9.86,5.5,13.040,21,22.7,13.3
1923.0,86,570.4,13.8,22.3,71.8,100,120,33.2,12,-0.8,1.3,1.000,3.0,0.0,-0.0,13.7,5.9,2225,6.78,3.9,13.040,21,20.1,12.7
1926.0,86,568.0,14.0,63.6,71.8,100,120,40.8,12,-0.8,13.3,1.012,21.7,8.9,-0.5,34.7,10.2,2296,11.40,5.9,13.040,21,20.8,12.5
1929.0,86,568.0,12.9,0.0,71.8,101,121,22.7,12,-3.5,9.0,0.484,10.9,7.3,-0.5,34.3,8.4,2323,12.97,7.1,13.054,21,23.0,12.8
1932.0,86,555.3,10.5,0.0,72.0,101,121,18.9,12,-3.9,8.0,0.281,-2.0,2.1,0.0,15.9,0.4,2265,4.79,0.8,13.120,21,0.0,5.5
1935.0,86,548.0,10.6,0.0,72.1,101,120,32.2,12,-0.8,13.8,1.012,26.0,12.9,-0.0,46.7,8.6,2387,9.86,3.2,13.013,21,7.6,7.4
1938.0,86,548.0,12.5,0.0,71.8,100,118,47.8,12,-0.8,15.3,0.993,26.0,14.0,0.0,52.7,12.1,2338,13.95,7.2,12.996,21,18.3,10.7
1941.0,86,548.0,7.5,0.0,72.2,101,116,27.5,12,-0.8,15.3,1.005,24.9,15.3,-1.5,60.7,15.7,2310,19.48,12.1,13.018,21,33.5,15.3
1944.0,86,552.0,18.8,7.9,72.2,100,116,45.5,12,-0.8,17.5,1.006,24.5,14.5,-1.5,56.9,16.3,2293,21.91,16.3,12.954,21,60.0,21.6
1947.0,86,552.0,18.7,6.1,72.2,100,116,63.8,12,-0.8,20.7,0.997,24.9,11.4,2.2,32.2,13.3,2175,17.40,14.9,12.880,21,36.9,17.8
1950.0,86,554.1,17.8,0.0,72.2,100,116,59.5,12,-0.8,22.0,1.009,18.0,18.8,-1.6,66.1,17.7,2201,21.68,16.9,12.968,21,57.5,19.5
1953.0,86,560.2,27.3,0.0,72.2,100,114,73.7,12,-0.8,27.5,1.007,14.0,21.8,-1.6,81.3,21.8,2350,26.67,21.6,13.040,21,82.4,26.1
1956.0,86,564.0,34.1,7.0,71.9,100,113,73.7,12,-0.8,31.8,1.004,13.1,24.2,-1.0,84.7,24.6,2547,30.61,27.2,13.040,21,86.7,33.1
1959.0,86,571.3,35.0,3.2,71.8,100,112,74.3,12,-0.8,34.6,1.001,14.4,25.2,0.1,84.6,25.9,2687,32.34,29.0,13.040,20,86.3,35.3
1962.0,86,578.7,35.8,0.0,71.8,100,112,75.3,12,-0.8,36.1,1.000,14.0,25.9,0.8,83.9,26.3,2675,32.10,30.0,13.040,20,86.5,35.7
1965.0,86,584.4,35.3,0.8,71.8,100,112,75.3,12,-0.8,33.7,1.005,14.7,23.6,0.3,81.6,23.2,2481,28.49,26.2,13.060,20,87.6,33.5
1968.0,86,588.0,20.4,29.8,72.1,100,113,56.0,12,-0.8,23.2,1.002,19.9,19.1,0.3,73.1,19.0,2254,23.32,18.6,13.089,20,88.1,24.6
1971.0,86,588.0,19.9,11.8,72.2,100,114,52.1,12,-0.8,16.4,1.000,23.6,15.5,0.5,63.6,16.0,2139,19.51,13.4,13.040,20,49.8,19.6
1974.0,86,588.0,21.3,0.0,72.2,100,114,63.0,12,-0.8,19.9,1.003,17.5,17.6,-0.8,72.9,18.0,2162,22.29,18.0,13.040,20,69.0,21.9
1977.0,87,588.0,22.0,0.0,72.2,100,114,68.2,12,-0.8,23.5,0.999,17.1,18.2,0.3,74.7,18.5,2184,22.81,18.2,13.040,20,72.6,21.1
1980.0,87,588.0,7.8,0.0,72.2,100,115,42.6,12,-0.8,16.0,1.006,23.5,15.6,-0.2,63.3,16.8,2189,21.29,17.0,13.040,20,57.5,15.7
1983.0,87,585.6,13.9,0.0,72.2,100,116,39.4,12,-0.8,12.6,1.008,29.9,12.4,-1.4,44.2,13.0,2162,15.61,11.0,13.040,20,41.2,17.7
1986.0,87,585.3,19.5,0.0,72.1,100,116,62.9,12,-0.8,20.4,0.994,20.0,17.3,1.6,71.8,17.6,2199,20.70,14.6,13.040,20,50.6,19.9
1989.0,87,587.7,20.9,0.0,71.8,100,118,65.1,12,-0.8,21.9,0.998,19.4,18.0,1.6,73.1,18.0,2231,22.78,16.9,13.040,20,58.8,20.9
1992.0,87,584.0,5.5,0.0,71.8,100,118,31.7,12,-3.5,14.4,0.989,26.3,16.3,0.4,65.3,16.1,2246,20.18,16.0,13.040,20,55.3,18.4
1995.0,87,581.6,9.7,30.7,71.8,100,118,23.6,12,-3.8,9.5,0.988,34.1,13.1,-1.3,48.5,11.4,2236,12.08,6.7,13.040,20,27.4,13.4
1998.0,87,580.0,13.2,37.6,71.8,100,118,42.8,12,-0.8,14.0,1.008,27.5,14.1,0.8,56.9,15.7,2225,19.66,11.7,12.926,20,30.3,14.9
2001.0,87,580.0,13.0,0.0,71.9,100,118,50.6,12,-0.8,16.1,0.998,24.0,14.7,0.8,58.3,14.8,2225,16.65,10.4,12.964,20,26.3,13.0
2004.0,87,579.7,10.3,0.0,72.2,100,118,32.9,12,-0.8,12.9,1.000,28.0,13.7,-0.6,52.3,14.1,2237,15.69,9.0,13.067,21,8.3,8.1
2007.0,87,576.0,14.5,0.0,72.2,101,118,39.1,12,-0.8,12.6,0.999,29.8,10.8,-0.4,39.3,9.6,2250,13.43,8.3,13.105,21,0.0,14.2
2010.0,87,570.9,8.8,0.0,72.2,101,116,30.2,12,-2.4,10.9,1.032,31.2,7.4,2.5,23.6,0.9,2243,4.89,0.8,13.040,21,0.0,5.1
2013.0,87,564.5,7.8,0.0,72.2,101,114,19.4,12,-4.8,7.3,1.109,38.0,6.7,8.6,20.8,6.7,2100,6.90,2.5,13.040,21,0.0,7.4
2016.0,86,560.0,12.1,0.0,72.2,101,112,52.5,12,-0.8,16.9,1.009,27.7,12.6,1.5,46.6,12.2,2169,13.95,8.0,13.040,21,11.6,10.8
2019.0,86,560.0,13.7,0.0,72.2,100,114,43.4,12,-0.8,14.0,1.002,28.0,13.2,-0.5,51.2,9.0,2179,14.11,8.7,13.040,21,25.2,13.1
2022.0,86,557.0,10.0,33.6,72.2,100,114,42.4,12,-0.8,15.8,1.004,27.6,13.2,0.0,47.5,3.4,2143,7.82,1.9,13.040,21,0.0,5.9
2025.0,86,558.3,13.9,24.6,72.0,100,115,45.2,12,-0.8,19.2,1.010,21.2,17.4,-2.1,71.6,17.5,2237,22.72,14.1,13.040,21,32.2,15.1
2028.0,86,558.5,15.7,0.0,71.9,100,116,42.1,12,-1.2,14.4,0.998,26.0,15.3,0.8,60.4,15.3,2268,19.73,6.7,13.040,21,27.0,13.4
2031.0,86,556.0,10.3,0.0,72.2,100,118,16.5,12,-5.5,6.7,1.001,33.2,9.4,0.3,37.6,13.2,2223,15.91,5.3,12.974,21,17.4,10.0
2034.0,86,556.0,12.9,0.0,72.2,100,117,29.0,12,-3.0,9.8,0.999,31.7,10.1,-0.5,33.9,12.6,2192,14.58,8.7,12.899,21,23.4,12.5
2037.0,86,556.0,17.2,25.4,72.0,100,116,45.7,12,-0.8,14.7,0.996,24.3,16.3,-1.4,66.0,16.2,2250,21.05,15.3,13.040,21,57.3,18.4
2040.0,86,557.0,19.7,39.1,71.8,100,116,61.3,12,-0.8,19.9,0.998,21.0,17.6,0.8,75.3,19.6,2250,23.62,17.6,13.040,21,68.0,21.9
2043.0,86,560.0,16.1,0.0,71.8,100,116,52.5,12,-0.8,16.1,1.000,23.2,14.9,0.1,60.9,16.2,2225,20.38,15.4,13.040,21,68.1,21.3
2046.0,86,560.0,14.6,27.1,71.8,100,116,48.9,12,-0.8,15.6,1.001,25.7,11.9,-0.8,42.0,11.4,2187,13.27,7.8,13.040,21,22.4,12.9
2049.0,86,560.0,13.8,48.8,71.7,100,116,40.0,12,-0.8,12.9,0.998,27.5,12.9,0.8,47.1,12.8,2196,14.73,8.7,13.040,21,27.4,14.3
2052.0,86,560.0,16.9,0.0,71.4,100,116,58.8,12,-0.8,16.9,1.001,23.6,15.1,-0.5,59.6,15.0,2211,18.23,11.4,13.040,21,37.2,16.8
2055.0,86,563.1,19.8,0.0,71.7,100,117,61.7,12,-0.8,20.0,1.000,20.5,17.2,-0.9,71.0,17.1,2232,22.35,15.5,13.040,21,52.2,20.0
2058.0,86,566.2,21.6,0.0,71.6,100,119,64.6,12,-0.8,21.7,0.997,19.6,17.9,0.8,73.1,18.0,2262,23.39,17.3,13.040,21,64.2,21.7
2061.0,86,568.0,18.0,6.7,71.3,100,120,57.9,12,-1.2,21.2,0.974,20.0,16.5,-0.0,66.7,16.7,2293,21.74,15.0,13.040,21,34.4,14.8
2064.0,86,563.9,8.0,19.4,71.0,101,120,14.8,12,-5.5,5.1,0.000,-4.0,3.8,0.0,28.8,5.6,2231,11.58,7.1,13.080,21,5.1,7.0
2067.0,86,548.0,5.1,0.0,71.4,101,114,11.0,12,-5.5,4.8,0.000,-11.2,0.0,0.0,12.9,0.0,2129,4.34,0.7,13.098,21,0.0,5.0
2070.0,86,532.7,4.8,0.0,71.4,101,109,11.0,12,-5.5,4.7,0.000,-12.4,0.0,0.0,12.6,0.0,2024,4.10,0.4,13.040,21,0.0,4.7
2073.0,86,521.6,8.6,28.8,71.4,101,105,21.7,12,-4.3,7.5,0.199,-8.3,2.1,-0.3,17.4,0.8,1942,4.10,0.4,13.040,21,2.1,6.7
2076.0,86,518.4,14.8,46.2,71.4,100,102,44.7,12,-0.8,17.3,1.013,19.5,18.0,-3.1,76.1,18.4,2150,17.82,11.5,13.040,21,34.9,14.5
2079.0,86,524.3,21.2,0.0,71.4,100,104,65.9,12,-0.8,20.3,1.000,18.5,18.0,-1.1,75.9,18.2,2150,23.15,17.5,13.040,21,63.8,21.5
2082.0,86,528.0,21.2,0.0,71.4,100,107,66.4,12,-0.8,21.6,0.995,17.8,18.4,0.3,76.7,18.3,2150,23.19,17.6,13.040,21,63.6,21.2
2085.0,86,532.9,22.1,0.0,71.4,100,108,67.3,12,-0.8,22.4,0.996,17.4,18.9,0.9,78.4,18.9,2152,23.78,18.8,13.040,21,78.8,22.7
2088.0,86,538.9,23.0,5.2,71.5,100,108,68.2,12,-0.8,23.5,0.997,17.0,19.2,1.6,78.8,19.6,2175,24.10,19.1,13.040,20,81.1,23.1
2091.0,86,543.5,22.0,16.7,71.8,100,110,68.2,12,-0.8,23.1,0.998,17.0,6.0,2.6,39.2,7.6,2094,13.28,12.5,12.974,20,56.6,18.0
2094.0,86,540.0,4.7,0.0,71.8,101,107,29.1,12,-3.7,12.4,0.458,2.4,0.0,1.8,15.3,0.0,1993,4.11,3.6,12.924,20,3.5,5.4
2097.0,86,526.7,4.7,0.0,72.0,101,102,11.4,12,-5.5,4.7,0.000,-12.9,0.0,0.0,13.1,0.0,1898,4.02,0.8,13.120,20,0.0,4.7
2100.0,86,512.8,4.7,0.0,72.2,101,96,12.0,12,-5.2,4.7,0.000,-12.5,0.0,-0.0,14.1,0.0,1800,4.07,0.8,13.062,20,0.0,4.7
2103.0,86,499.9,4.7,0.0,72.2,101,92,12.5,12,-3.9,4.7,0.000,-12.0,0.0,0.0,14.7,0.0,1736,4.06,0.8,13.003,20,0.0,4.7
2106.0,86,484.0,4.7,0.0,72.2,101,86,13.7,12,-3.9,4.7,0.000,-11.5,0.0,0.0,15.6,0.0,1645,4.04,0.8,12.977,20,0.0,4.7
2109.0,86,475.3,4.7,0.0,72.2,101,81,14.9,12,-3.9,4.7,0.000,-10.7,0.0,0.0,17.1,0.0,1528,4.03,0.8,13.040,20,0.0,4.7
2112.0,86,463.4,4.7,0.0,72.3,101,72,16.4,12,-3.9,4.7,0.000,-9.9,0.0,0.0,19.6,0.0,1337,4.00,0.8,13.040,20,0.0,4.7
2115.0,86,451.2,4.7,0.0,72.5,101,62,18.2,12,-3.9,4.7,0.000,-9.0,0.0,-0.0,21.5,0.0,1276,4.04,0.8,12.948,20,0.0,4.7
2118.0,86,440.0,4.7,0.0,72.5,101,46,21.2,12,-3.9,5.0,0.000,-8.7,0.0,0.0,23.9,2.0,1304,4.61,2.6,12.932,20,5.2,6.4
2121.0,86,436.1,14.4,0.0,72.5,100,42,49.5,12,-2.3,12.1,0.470,-0.3,6.3,-1.0,42.1,7.7,1453,8.07,7.1,13.040,21,22.7,13.3
2124.0,86,445.2,19.0,0.0,72.4,100,45,67.7,12,-0.8,19.4,1.004,12.8,17.5,-2.8,79.6,17.5,1724,18.80,16.9,13.040,21,57.8,18.9
2127.0,86,457.5,15.8,0.0,72.2,100,55,62.2,12,-0.9,19.7,0.999,14.5,16.5,-0.0,75.3,16.1,1675,17.27,14.4,13.040,20,36.5,13.1
2130.0,86,466.9,5.1,0.0,72.2,101,62,18.8,12,-3.9,4.7,0.256,-0.5,6.1,0.0,44.1,7.3,1479,10.51,8.0,13.040,20,5.6,5.0
2133.0,86,456.0,4.7,0.0,72.4,101,58,18.3,12,-3.9,4.7,0.000,-8.7,0.0,0.0,21.1,0.0,1307,4.11,0.8,13.040,20,0.0,4.7
2136.0,86,447.1,4.7,0.0,72.7,101,49,18.0,12,-3.9,4.7,0.000,-9.0,0.0,0.0,20.9,0.0,1322,4.06,0.8,13.040,20,0.1,4.7
2139.0,86,435.6,4.7,0.6,73.1,101,36,18.2,12,-3.9,4.7,0.000,-9.0,0.0,-0.0,22.7,0.0,1150,3.96,0.8,13.040,20,0.0,4.7
2142.0,86,423.7,4.7,2.5,74.1,101,14,22.0,12,-4.5,4.1,0.581,1.3,0.0,4.8,25.6,0.0,957,3.48,0.8,13.016,20,0.0,4.6
2145.0,86,412.1,3.5,3.7,74.1,101,6,24.7,12,-3.5,3.7,0.936,3.3,0.0,2.1,29.7,0.0,699,2.80,0.8,12.960,21,0.0,3.9
2148.0,86,405.5,3.5,2.2,74.3,101,0,26.0,12,-2.5,3.5,1.011,-5.1,0.0,-13.1,33.6,0.0,637,2.69,0.8,12.830,21,0.0,3.6
2151.0,86,397.1,5.6,23.3,74.4,101,1,25.7,12,-3.0,3.5,1.000,-1.5,0.0,-8.6,31.4,0.0,618,2.48,0.8,12.853,21,0.0,3.7
2154.0,86,392.6,10.2,84.8,74.1,101,6,42.4,12,-0.0,10.2,0.999,17.6,9.7,-6.6,44.2,8.2,1225,7.96,4.8,12.952,21,7.6,6.5
2157.0,86,396.0,13.7,57.0,74.1,101,21,52.8,12,0.0,12.9,1.000,20.1,14.1,-4.2,58.4,14.4,1614,13.17,9.9,13.040,21,25.2,13.3
2160.0,86,401.0,13.9,25.9,73.9,101,33,55.4,12,0.0,13.3,0.998,15.5,13.7,-2.0,68.6,14.8,1359,13.48,11.8,13.040,21,32.2,14.9
2163.0,86,407.1,10.7,0.0,73.7,101,40,46.0,12,-0.4,11.9,0.946,17.0,12.2,-0.0,64.7,12.2,1237,11.54,7.9,13.093,21,14.4,9.1
2166.0,86,409.9,3.9,0.0,73.7,101,42,14.1,12,-3.9,3.9,0.000,-4.0,3.8,0.0,34.8,4.7,1201,6.53,3.4,13.265,21,0.0,4.0
2169.0,86,400.0,4.3,0.0,73.7,101,35,16.3,12,-3.9,4.9,0.652,7.6,5.1,-0.9,34.9,4.4,1155,5.43,2.5,13.475,21,0.0,4.3
2172.0,86,397.3,4.0,0.0,73.5,101,30,16.2,12,-3.9,4.9,0.736,19.1,9.6,-2.0,58.4,11.3,1108,10.87,9.0,13.600,21,0.0,4.3
2175.0,86,391.3,4.3,0.0,73.3,101,25,16.3,12,-3.9,4.2,0.080,-12.5,0.0,-0.0,19.2,0.0,1062,2.95,2.8,13.709,21,0.0,3.9
2178.0,86,383.6,5.2,1.8,73.3,101,16,22.0,12,-3.9,6.3,0.884,25.1,5.6,5.0,26.4,4.8,1292,4.82,2.1,13.760,21,3.0,4.5
2181.0,86,380.1,7.1,39.5,72.9,101,20,23.0,12,-1.6,4.9,0.944,28.3,4.9,7.0,26.7,5.6,1356,5.66,3.7,13.760,21,9.6,7.1
2184.0,86,377.6,5.6,18.9,72.9,101,20,22.0,12,-1.3,3.9,0.999,12.2,0.0,4.8,18.8,0.0,1059,2.87,0.4,13.760,21,0.0,5.0
2187.0,86,373.2,4.2,0.0,72.8,101,15,20.1,12,-4.2,3.9,1.004,3.0,0.0,-0.8,23.9,0.0,950,3.62,0.4,13.760,21,0.0,4.1
2190.0,86,367.5,3.9,0.0,72.5,101,10,23.5,12,-7.8,4.3,1.008,1.0,0.0,-1.7,27.8,0.0,782,3.37,0.6,13.760,21,0.0,3.9
2193.0,86,360.1,3.5,0.0,72.5,101,4,24.8,12,-7.0,3.9,1.005,0.0,0.0,0.9,28.7,0.0,671,2.72,0.8,13.760,21,0.0,3.9
2196.0,86,356.1,3.1,0.7,72.4,101,0,22.8,12,-6.7,3.3,0.999,0.1,0.0,8.6,22.0,0.0,887,2.29,0.8,13.760,21,0.3,3.1
2199.0,86,350.2,2.2,1.5,72.2,101,0,14.2,12,-8.6,2.7,0.979,2.5,0.0,-2.2,20.5,0.0,767,2.08,0.8,13.678,21,0.2,1.6
2202.0,86,344.0,0.0,0.0,72.2,101,0,0.0,-3,0.5,4.0,0.991,4.7,0.0,-2.7,10.3,0.0,404,1.46,1.0,13.394,21,0.0,0.6
2205.0,86,338.2,4.3,0.0,72.2,101,0,0.0,-3,4.7,4.7,0.999,6.5,0.0,0.0,0.0,0.0,0,0.68,1.6,12.800,21,0.0,6.3
2208.0,86,336.0,6.3,0.0,72.2,101,0,0.0,-3,4.7,4.7,0.999,6.5,0.0,-0.0,0.0,0.0,2,0.70,1.6,12.800,21,0.0,6.3
