BlueDriver Data Log
Sep 24, 2018 7:08:48 AM
Time (s),Accelerator Pedal Position E (%),Mass Air Flow Rate (g/s),Intake Air Temperature (°C),Absolute Throttle Position B (%),O2 Bank 1 - Sensor 2 - Oxygen Sensor Voltage (V),Fuel Level Input (%),Ambient Air Temperature (°C),Calculated Engine Load Value (%),Absolute Throttle Position (%),Engine Coolant Temperature (°C),Catalyst Temperature Bank 1 - Sensor 1 (°C),Absolute Load Value (%),Long Term Fuel Trim Bank 1 (%),Commanded Throttle Actuator (%),Wide Range O2S: Bank 1 - Sensor 1 - Equivalence Ratio (λ),Short Term Fuel Trim Bank 1 (%),Relative Throttle Position (%),Commanded Evaporative Purge (%),Evap. System Vapor Pressure (Pa),Barometric Pressure (kPa),Vehicle Speed (km/h),Wide Range O2S: Bank 1 - Sensor 1 - Voltage (V),Commanded Equivalence Ratio (λ),Timing Advance for #1 cylinder (°),O2 Bank 1 - Sensor 2 - Short Term Fuel Trim (%),Accelerator Pedal Position D (%),Engine RPM (rpm),Control Module Voltage (V)
0.0,,,,,,,,,,,,,,,,,,,,,,,,,,,,
15.1,2.1,5.99,12,6.7,0.370,87.1,12,31.4,6.8,42,110.9,28.4,-1.6,6.9,0.979,2.8,1.6,2.0,0.0,101,53,2.169,0.996,13.3,99.2,4.2,1243,13.001
30.2,8.2,10.34,14,10.2,0.706,87.4,12,46.3,9.8,44,173.3,40.5,-1.6,9.5,0.993,2.0,3.3,12.2,0.0,101,49,2.123,0.995,22.5,99.2,8.3,1570,12.968
45.3,0.0,5.42,13,5.9,0.718,87.2,12,30.5,6.2,46,232.1,22.8,-1.6,5.6,1.016,-0.3,0.5,0.0,0.0,101,39,2.199,1.005,12.0,99.2,0.0,1262,13.003
60.4,13.7,14.27,13,16.0,0.783,87.5,12,77.5,14.3,48,267.4,61.9,-1.3,14.1,0.999,0.2,8.3,34.6,2.5,101,37,2.164,0.993,8.0,99.2,13.2,1373,13.040
75.5,9.8,11.18,12,7.2,0.786,87.1,12,37.5,7.1,52,345.1,35.3,-1.6,8.6,1.645,1.2,0.7,27.5,6.4,100,56,2.053,0.953,20.0,99.2,11.0,1345,12.980
90.6,7.3,9.95,12,10.5,0.211,87.1,12,41.5,8.9,53,320.1,52.8,-1.6,13.2,0.961,-7.0,8.6,7.3,3.4,101,22,2.497,0.720,-0.6,99.2,9.9,1377,13.003
105.7,7.3,8.39,12,10.1,0.846,87.1,12,46.2,10.7,55,404.7,36.3,-1.2,10.0,1.010,-1.5,1.2,9.2,0.0,100,57,2.120,1.004,37.5,99.2,5.8,1365,13.040
120.8,5.3,7.13,12,6.0,0.509,87.2,12,29.7,5.1,57,408.0,22.4,-1.6,5.2,1.869,0.0,1.1,0.5,0.0,101,48,3.089,0.359,4.8,99.2,4.0,1212,13.434
135.9,26.6,28.53,12,35.9,0.731,87.1,12,91.7,38.4,57,448.6,80.3,0.2,41.1,0.999,-2.0,33.8,87.8,28.3,100,53,2.199,0.993,10.8,99.2,24.6,2335,13.760
151.0,25.8,27.88,12,36.2,0.726,87.1,12,87.9,34.1,61,531.2,76.6,0.8,33.9,1.006,-2.3,30.0,90.4,0.0,100,80,2.188,1.000,11.8,99.2,25.2,2148,13.760
166.1,21.8,22.71,12,31.0,0.717,87.1,12,80.0,32.7,66,572.9,76.3,0.7,31.0,0.994,-1.4,28.0,88.9,0.7,100,84,2.203,1.004,18.5,99.2,19.5,1873,13.779
181.2,23.3,25.51,11,29.2,0.708,87.1,11,82.6,29.1,69,591.4,74.2,0.8,29.0,1.005,-2.0,24.5,71.1,0.0,100,82,2.181,0.996,12.0,99.2,23.4,2110,13.760
196.3,27.5,28.92,11,38.9,0.726,87.1,11,88.6,40.7,72,623.0,75.8,-1.6,40.2,0.997,0.9,35.1,85.8,8.6,100,97,2.160,1.003,14.8,99.2,25.8,2292,13.101
211.4,18.0,20.12,11,18.6,0.748,87.1,11,74.6,19.7,77,624.2,56.6,-2.3,13.1,1.006,-0.3,8.3,26.6,0.0,100,97,2.177,1.000,20.5,99.2,17.3,1888,13.071
226.5,17.6,19.32,11,19.3,0.730,87.1,11,76.8,23.5,78,620.9,66.7,-0.8,24.4,1.009,-0.1,22.1,91.5,0.2,100,94,2.179,0.992,10.5,99.2,23.3,2125,13.760
241.6,12.9,14.06,11,13.1,0.705,87.1,11,44.8,6.7,78,609.6,14.1,-3.9,5.0,1.005,0.3,1.1,0.0,0.0,100,99,2.149,0.998,21.2,99.2,12.2,1852,13.762
256.7,7.0,10.47,11,11.1,0.226,87.1,11,30.0,8.8,78,547.2,14.8,-3.8,4.7,1.999,0.0,0.4,0.0,0.0,101,101,3.642,0.000,-11.7,99.2,0.0,1886,13.675
271.8,22.3,25.85,11,24.0,0.727,87.1,11,74.1,27.3,77,557.6,73.6,-0.9,22.4,1.018,2.2,15.9,93.3,21.3,100,104,2.175,1.003,18.7,99.2,22.6,2036,13.840
286.9,24.2,33.92,11,32.2,0.761,87.1,11,83.4,32.2,78,587.6,72.0,-1.6,31.9,0.999,-0.3,26.7,86.0,7.9,100,110,2.183,0.998,17.0,99.2,24.3,2862,13.760
302.0,22.0,35.02,11,27.6,0.764,86.7,11,78.8,28.2,82,611.1,68.1,-1.6,24.2,0.990,-1.3,19.3,88.6,11.1,99,121,2.187,1.000,21.2,99.2,20.6,3027,13.654
317.1,15.4,19.10,11,15.7,0.738,86.7,11,62.5,10.4,84,606.7,47.5,-2.3,17.3,0.994,0.2,11.7,93.7,20.0,99,112,2.189,0.997,28.6,99.2,15.6,2124,13.492
332.2,23.7,30.14,11,32.8,0.754,87.1,11,85.4,32.6,85,610.9,72.9,-1.6,28.7,1.003,1.1,26.5,87.3,0.4,100,113,2.191,1.001,14.2,99.2,24.0,2594,13.023
347.3,21.7,27.28,11,27.9,0.730,87.1,11,83.7,28.6,87,612.0,72.7,-1.6,24.8,0.988,0.9,19.1,90.6,6.6,100,112,2.192,1.003,15.1,99.2,20.7,2256,13.040
362.4,21.2,26.93,11,26.7,0.719,86.9,11,83.8,26.8,87,612.0,71.7,-0.8,26.1,0.995,1.0,21.0,71.8,5.0,100,112,2.196,1.007,14.0,99.2,21.5,2312,12.948
377.5,24.4,31.10,11,32.5,0.755,86.7,11,84.5,32.1,87,618.9,74.3,-1.6,32.1,1.002,0.4,24.7,87.3,14.6,100,114,2.194,0.996,13.6,99.2,24.1,2581,13.040
392.6,24.9,30.46,11,33.6,0.732,87.1,11,86.0,33.0,87,628.0,74.5,-1.6,32.5,0.993,2.2,27.3,87.5,7.6,100,112,2.175,1.004,11.8,99.2,24.7,2485,13.040
407.7,23.8,29.72,11,29.9,0.744,87.1,11,86.1,27.9,87,629.8,74.4,-0.8,29.5,1.001,-0.2,25.4,87.7,0.0,100,112,2.196,0.995,13.5,99.2,24.3,2543,13.099
422.8,27.5,31.75,11,37.7,0.712,87.1,11,87.8,37.0,87,628.0,77.1,-1.3,37.1,1.005,-0.4,32.4,86.5,0.0,100,107,2.194,0.996,12.8,99.2,27.7,2559,13.040
437.9,29.9,36.02,11,43.6,0.748,87.1,11,88.0,43.5,87,636.4,77.7,-1.6,43.5,0.993,0.0,37.3,84.7,3.3,99,107,2.186,1.000,15.3,99.2,30.0,2848,13.040
453.0,0.0,4.29,11,4.7,0.000,87.1,11,13.6,5.7,87,606.1,14.0,-3.9,5.5,1.564,2.9,1.4,1.4,0.0,100,106,3.315,0.185,-8.8,99.2,1.4,1965,12.883
468.1,19.3,23.16,11,23.3,0.763,87.1,11,83.1,24.2,87,592.0,70.0,-1.0,24.2,1.002,0.2,20.2,87.8,0.0,99,105,2.186,0.996,13.3,99.2,19.8,2122,13.047
483.2,20.4,25.23,11,24.3,0.715,87.1,11,80.7,25.3,87,612.0,70.2,-0.8,25.5,0.995,1.5,21.3,89.9,6.4,99,100,2.166,1.003,15.0,99.2,20.2,2183,13.100
498.3,14.9,16.49,11,16.6,0.653,87.1,11,69.7,18.9,87,601.8,65.1,-1.5,20.4,1.004,-1.7,15.9,15.9,6.3,100,98,2.210,0.993,24.2,99.2,13.5,1838,13.040
513.4,16.1,18.93,11,17.9,0.712,87.1,11,71.9,18.3,87,596.5,58.9,-2.3,16.6,1.000,1.2,11.5,94.1,6.6,98,100,2.189,0.998,19.1,99.2,16.5,1893,13.040
528.5,10.9,13.66,11,14.1,0.332,87.8,11,40.4,11.1,87,576.0,29.3,-2.1,13.0,0.874,2.2,9.2,91.4,75.7,99,99,2.079,0.889,13.3,99.2,13.3,1885,12.995
543.6,21.2,24.97,11,27.1,0.739,88.2,11,85.2,28.0,87,592.5,74.4,-0.8,29.3,0.996,1.1,23.4,88.9,15.0,99,97,2.186,1.002,13.9,99.2,21.0,2188,13.040
558.7,7.2,6.99,11,5.8,0.589,87.8,11,19.9,5.3,87,584.4,21.3,-3.7,7.6,0.995,-1.7,3.2,59.5,0.0,98,103,2.423,0.476,5.5,99.2,6.3,1939,13.040
573.8,16.4,16.73,11,20.8,0.691,87.5,11,75.3,18.5,87,568.8,35.6,-3.0,14.7,0.926,-1.5,13.1,94.1,0.0,98,87,2.223,1.004,16.3,99.2,16.6,1701,13.040
588.9,14.0,15.95,11,13.8,0.761,87.5,11,54.6,15.4,87,582.8,57.9,-1.7,19.7,0.997,1.6,16.4,92.1,1.1,99,99,2.198,0.991,19.5,99.2,18.7,2082,13.749
604.0,18.0,20.04,11,21.4,0.728,87.4,11,77.9,22.7,87,564.0,65.7,-1.0,20.0,0.995,-0.7,15.0,93.0,0.0,98,93,2.199,0.999,17.0,99.2,17.1,1890,13.722
619.1,19.5,22.38,11,20.6,0.721,87.1,11,76.4,19.5,87,580.0,33.3,-3.1,11.3,0.989,-0.8,5.6,0.0,0.0,99,98,2.219,1.009,21.1,99.2,20.2,1881,13.840
634.2,11.0,10.70,11,10.3,0.724,87.1,11,38.4,9.1,87,561.3,49.0,-3.1,12.4,1.006,-2.3,7.5,95.5,1.4,97,89,2.198,0.993,28.9,99.2,11.0,1648,13.799
649.3,18.9,23.12,11,22.5,0.709,86.7,11,79.1,23.5,87,575.3,71.5,-0.8,25.3,1.003,-1.0,21.4,90.2,7.3,98,100,2.196,0.993,13.9,99.2,20.7,2207,13.040
664.4,20.1,22.87,11,24.6,0.736,86.3,11,81.1,22.2,87,584.8,67.0,-0.8,21.6,1.005,0.8,12.9,92.7,26.6,98,102,2.210,0.997,15.0,99.2,20.0,2049,12.951
679.5,19.2,23.91,11,17.1,0.730,86.3,11,52.2,18.9,86,602.1,55.1,-1.9,24.7,0.994,-0.8,18.2,89.2,0.6,98,114,2.208,0.999,17.9,99.2,21.4,2297,13.040
694.6,14.2,16.60,11,17.1,0.685,86.3,11,26.8,6.1,87,596.7,34.9,-1.9,15.2,0.990,-2.8,12.5,93.5,37.7,98,110,2.217,0.992,21.2,99.2,12.7,2089,13.040
709.7,21.9,27.30,12,27.8,0.705,86.3,11,84.1,27.9,87,596.5,72.9,-0.9,28.3,0.998,-0.8,23.6,87.8,1.6,98,113,2.193,0.996,13.0,99.2,22.7,2493,13.088
724.8,6.9,7.49,12,7.0,0.436,85.9,11,17.8,4.7,87,591.2,12.5,-3.9,4.8,1.697,-0.2,0.5,0.4,0.0,99,105,3.272,1.042,21.1,99.2,2.7,1975,13.040
739.9,13.4,15.04,12,14.1,0.663,86.3,11,57.3,13.9,86,560.0,28.3,-2.3,6.8,1.026,-0.7,3.9,34.9,0.0,98,97,2.113,0.998,27.0,99.2,12.4,1896,13.040
755.0,15.6,16.74,12,17.6,0.747,86.3,11,70.5,18.4,86,556.0,40.7,-2.5,5.0,1.023,3.9,2.3,21.2,0.5,99,94,2.134,1.000,25.6,99.2,14.5,1773,13.040
770.1,18.9,21.28,12,22.8,0.743,85.9,11,79.4,22.9,86,562.2,69.5,-1.6,24.5,0.993,1.7,21.0,91.2,0.0,98,91,2.173,1.000,12.2,99.2,19.9,1926,13.042
785.2,26.3,29.81,11,34.7,0.723,85.8,11,88.2,34.4,87,596.6,76.5,-1.6,34.9,1.002,0.1,30.2,86.8,5.8,98,98,2.185,0.998,11.8,99.2,26.7,2444,13.040
800.3,24.5,28.29,11,32.3,0.695,85.3,11,86.9,31.5,87,613.7,72.0,-0.8,27.5,1.002,-0.8,23.8,81.7,9.9,98,100,2.187,1.003,12.5,99.2,23.7,2394,13.050
815.4,22.5,23.97,12,29.2,0.705,84.6,11,85.2,28.8,87,618.5,70.4,-0.8,22.0,1.010,0.7,19.6,58.4,4.6,98,101,2.193,0.994,18.5,99.2,20.9,2386,13.040
830.5,7.5,10.32,12,10.2,0.205,85.1,11,27.9,7.1,87,576.3,14.0,-3.9,8.3,0.999,0.0,8.3,1.5,1.7,98,96,2.017,0.970,4.1,99.2,10.5,1871,13.000
845.6,20.8,24.29,12,26.1,0.737,85.1,11,71.5,19.7,86,588.9,69.2,-1.0,24.8,1.001,0.7,21.2,87.8,3.4,98,96,2.190,0.996,15.3,99.2,20.9,2134,13.081
860.7,17.0,18.30,12,18.7,0.632,85.1,11,72.5,19.7,86,584.0,67.8,-1.6,22.7,1.009,-1.2,18.8,57.2,0.0,98,92,2.197,0.988,16.1,99.2,17.9,1872,13.428
875.8,11.7,12.27,12,12.3,0.682,84.8,11,50.2,12.8,86,580.0,51.4,-2.3,16.6,0.990,-0.5,9.6,0.0,0.0,98,100,2.191,0.998,28.1,99.2,10.2,1874,13.799
890.9,15.4,17.42,12,17.8,0.740,84.8,11,70.7,17.2,86,580.0,45.4,-2.3,13.8,0.997,1.7,5.1,15.4,4.8,98,98,2.226,0.988,29.4,99.2,15.3,1864,13.760
906.0,22.4,23.70,12,28.8,0.714,84.7,11,87.3,30.0,86,586.3,66.9,-1.5,24.4,0.995,0.8,20.5,91.6,5.4,97,98,2.190,1.005,12.2,99.2,21.1,1956,13.764
921.1,22.8,25.82,12,28.8,0.721,83.9,11,79.5,23.5,86,591.6,69.9,-0.8,24.4,1.002,0.0,21.1,91.0,0.0,97,95,2.180,0.999,11.0,99.2,23.2,2176,13.624
936.2,24.2,26.15,12,31.8,0.731,83.9,11,87.3,31.9,86,612.6,74.0,-0.9,31.9,1.007,1.6,27.5,88.2,0.9,97,96,2.166,1.002,12.2,99.2,26.3,2379,13.070
951.3,21.2,22.91,12,25.1,0.721,83.9,11,78.7,22.7,86,614.3,69.9,-1.5,25.5,1.006,0.0,18.8,72.6,1.2,97,88,2.173,0.994,11.0,99.2,22.5,2009,13.040
966.4,27.1,29.06,12,35.7,0.706,84.3,11,89.8,35.3,87,631.4,75.4,-1.4,35.1,1.002,0.3,30.5,87.5,2.5,97,90,2.185,1.001,12.0,99.2,27.5,2420,13.040
981.5,3.6,4.65,14,4.9,0.382,83.9,11,17.5,4.7,87,614.6,15.6,-3.9,5.4,1.002,3.0,2.0,16.8,33.2,97,85,2.162,0.732,28.4,99.2,0.0,1598,12.880
996.6,0.9,4.46,14,5.3,0.133,84.3,11,16.8,4.8,87,575.5,12.2,-3.9,4.9,1.999,0.0,0.4,0.0,0.0,97,95,3.581,0.000,-12.4,99.2,0.0,1949,13.455
1011.7,0.0,4.49,15,4.8,0.000,83.9,11,12.9,4.7,84,497.3,11.0,-3.9,5.1,1.999,0.0,0.4,0.0,0.0,98,93,3.683,0.000,-9.5,99.2,0.0,2225,13.760
1026.8,0.4,4.65,15,5.1,0.000,83.9,11,13.3,5.3,84,430.4,11.0,-3.9,5.5,1.999,0.0,0.4,0.0,0.0,98,100,3.744,0.000,-8.5,99.2,0.2,2295,13.801
1041.9,1.1,4.60,15,5.1,0.000,83.9,11,13.3,5.1,84,375.6,11.0,-3.9,5.3,1.999,0.0,0.4,0.0,0.0,99,98,3.744,0.000,-9.0,99.2,0.6,2270,13.760
1057.0,0.0,4.67,14,5.1,0.000,84.8,11,13.2,5.4,84,323.9,11.0,-3.9,5.5,1.999,0.0,0.4,0.0,0.0,99,102,3.730,0.000,-8.5,99.2,0.0,2314,13.595
1072.1,0.0,4.70,14,5.1,0.000,84.9,11,12.9,5.3,84,283.8,11.0,-3.9,5.5,1.999,0.0,0.4,0.0,0.0,99,100,3.729,0.000,-8.5,99.2,0.0,2298,13.650
1087.2,0.0,4.11,14,4.7,0.000,85.1,11,12.5,4.8,84,247.3,11.8,-3.9,5.0,1.999,0.0,0.4,0.0,0.0,100,101,3.615,0.000,-10.1,99.2,0.0,2169,13.776
1102.3,8.2,12.03,15,12.1,0.784,85.4,11,41.4,9.1,83,248.4,33.6,-2.4,10.0,1.003,-1.9,5.2,7.4,10.3,100,94,2.194,0.970,29.7,99.2,8.3,1792,13.702
1117.4,11.2,11.53,14,10.8,0.764,85.1,11,38.4,10.1,84,286.0,39.2,-3.1,11.2,0.995,1.0,7.4,10.3,294.1,100,94,2.179,0.997,38.2,99.2,10.2,1787,13.726
1132.5,15.2,17.53,14,16.0,0.713,84.7,11,60.4,5.7,85,299.0,32.4,-2.9,10.3,0.956,2.0,5.3,87.4,75.5,98,98,2.106,1.008,22.1,99.2,14.3,1905,13.242
1147.6,14.3,16.68,14,15.4,0.781,83.9,11,60.7,15.4,85,335.3,54.3,-2.2,15.6,0.997,0.8,10.9,18.5,0.3,100,100,2.177,0.992,22.3,99.2,14.9,1948,13.040
1162.7,16.1,20.40,14,18.1,0.716,83.9,11,70.4,19.1,86,410.7,64.4,-1.7,20.9,1.003,0.1,16.9,92.0,0.0,99,115,2.191,1.000,20.5,99.2,16.6,2183,13.050
1177.8,9.4,9.79,14,8.1,0.627,83.9,11,25.0,7.0,86,451.9,23.1,-3.8,7.7,1.000,-1.9,3.9,75.6,374.1,99,115,2.190,1.004,34.9,99.2,10.5,2175,13.040
1192.9,1.2,4.15,14,4.8,0.000,84.3,11,13.7,5.3,86,438.6,12.8,-3.9,5.1,1.737,2.2,1.0,11.1,14.2,100,108,3.586,0.038,-12.5,99.2,0.4,2015,13.030
1208.0,6.3,5.85,14,6.1,0.076,84.8,11,20.3,6.6,86,411.3,22.3,-3.1,7.8,1.511,0.4,3.3,35.3,5.4,100,102,3.320,0.225,-6.9,99.2,4.9,1898,13.016
1223.1,12.8,13.62,14,10.0,0.755,84.3,11,35.6,9.3,86,430.3,32.4,-2.3,10.0,0.991,-0.6,6.3,95.2,24.5,98,114,2.162,1.004,30.8,99.2,13.0,2184,13.052
1238.2,9.9,14.37,14,13.3,0.563,84.0,11,51.4,11.5,86,471.9,14.8,-3.8,9.6,0.994,-1.2,7.5,58.2,13.3,100,121,2.281,0.339,5.1,99.2,6.0,2269,13.040
1253.3,17.0,22.24,15,19.7,0.716,84.7,11,70.0,19.2,86,476.0,60.3,-2.0,18.9,0.997,-0.1,14.7,92.6,24.2,100,116,2.190,1.000,19.9,99.2,17.7,2274,13.040
1268.4,21.5,27.47,15,26.6,0.733,84.3,11,84.0,26.9,86,525.4,74.2,-1.6,26.6,1.005,-0.3,22.1,88.5,9.0,100,115,2.199,0.997,14.0,99.2,21.6,2362,13.040
1283.5,24.1,30.48,15,32.1,0.724,84.7,11,85.3,31.7,86,567.2,75.0,-1.6,30.4,0.998,1.2,25.1,87.8,3.9,100,107,2.181,1.001,12.5,99.2,24.1,2529,12.912
1298.6,21.2,27.03,16,26.3,0.706,83.9,11,83.1,24.3,86,587.5,64.2,-0.8,22.9,0.999,0.9,19.6,74.1,0.0,100,116,2.184,0.995,16.0,99.2,21.3,2341,13.040
1313.7,14.6,17.81,16,15.8,0.702,83.7,11,57.2,15.5,86,584.0,50.6,-2.3,15.8,1.002,1.0,11.6,0.0,0.0,101,116,2.176,0.997,24.2,99.2,14.7,2188,13.040
1328.8,19.2,26.24,16,23.0,0.715,83.9,11,75.8,22.6,86,586.7,64.0,-1.9,19.8,0.992,-1.6,16.2,60.6,1372.9,101,130,2.194,1.003,20.1,99.2,19.1,2467,13.057
1343.9,21.6,28.68,17,27.6,0.696,83.9,11,81.6,24.3,86,599.4,65.0,-1.0,23.6,1.001,-0.6,19.4,83.5,2.7,100,126,2.192,0.997,17.8,99.2,20.9,2502,13.069
1359.0,22.0,28.10,17,28.1,0.708,83.9,11,82.2,27.2,86,600.8,72.3,-0.9,26.8,0.995,-0.7,22.2,88.6,0.0,100,122,2.178,1.002,14.4,99.2,21.7,2427,13.018
1374.1,17.7,24.04,17,21.2,0.705,83.9,11,73.9,22.9,86,608.0,66.9,-1.2,23.1,1.001,-1.6,18.6,49.9,6.3,100,127,2.175,1.000,21.1,99.2,17.9,2419,13.040
1389.2,19.0,25.20,17,22.6,0.697,84.0,11,76.3,22.5,86,608.0,65.9,-1.6,22.7,0.996,-0.9,17.9,89.9,28.7,100,126,2.190,1.001,19.7,99.2,18.8,2387,12.960
1404.3,22.6,29.75,17,29.4,0.705,84.3,11,82.4,29.3,86,616.0,72.6,-1.6,29.1,1.007,-0.2,24.0,87.7,3.5,100,126,2.186,1.000,15.0,99.2,22.7,2607,12.969
1419.4,22.0,28.72,17,27.8,0.702,83.9,11,82.6,28.1,86,620.4,72.9,-1.6,28.2,1.002,-0.8,23.5,0.0,1.5,101,124,2.169,0.999,14.8,99.2,22.4,2500,13.003
1434.5,19.0,25.89,17,24.2,0.703,83.5,11,79.3,25.6,86,624.0,71.2,-1.6,24.8,0.997,0.0,20.4,89.0,14.1,100,126,2.175,1.000,18.9,99.2,17.4,2392,13.040
1449.6,15.3,20.11,17,18.7,0.770,83.5,11,67.5,19.3,86,612.0,62.1,-2.0,20.2,0.985,2.1,16.2,11.4,0.0,101,124,2.380,0.505,22.9,99.2,15.1,2337,13.065
1464.7,15.1,17.98,17,11.6,0.397,83.3,11,58.2,14.2,86,596.0,49.1,-2.6,17.8,1.153,0.7,15.5,29.4,42.6,101,118,2.206,1.002,18.4,99.2,14.2,2243,13.040
1479.8,24.4,32.93,17,33.5,0.712,83.4,11,82.3,28.2,86,598.1,62.1,-1.9,27.0,1.002,-0.2,25.6,87.0,14.0,100,118,2.191,0.994,14.2,99.2,24.7,2731,13.040
1494.9,10.0,12.00,17,8.7,0.675,83.5,11,16.7,9.0,86,600.4,42.3,-2.3,14.2,1.017,1.4,7.3,28.7,4.5,100,120,2.176,0.994,31.2,99.2,11.8,2272,13.040
1510.0,26.2,33.11,17,36.3,0.725,84.3,11,86.0,35.5,86,589.1,74.1,-1.6,31.9,0.998,0.8,27.1,86.7,0.0,100,114,2.199,0.997,13.9,99.2,26.5,2663,13.040
1525.1,20.9,28.65,17,26.6,0.700,84.0,11,81.5,29.4,86,610.1,73.7,-2.4,32.2,0.997,0.1,26.1,27.7,0.5,101,128,2.193,0.998,21.4,99.2,20.7,3265,13.040
1540.2,24.3,33.80,17,32.2,0.705,83.5,11,79.1,32.1,86,620.0,70.4,-1.6,31.7,1.006,0.8,25.9,86.5,1.4,100,139,2.180,1.001,21.1,99.2,24.6,2994,12.973
1555.3,23.3,30.47,17,30.2,0.694,83.9,11,82.3,31.0,86,620.0,72.1,-1.6,30.6,1.000,0.7,25.1,86.5,0.5,100,134,2.190,0.999,17.5,99.2,23.2,2692,13.040
1570.4,24.2,32.75,17,32.6,0.717,83.3,11,81.7,31.6,86,628.0,73.1,-1.6,30.7,1.003,0.4,25.7,86.6,0.0,100,132,2.194,0.997,17.0,99.2,23.3,2677,13.045
1585.5,16.1,22.01,17,19.3,0.700,83.1,11,65.3,20.0,86,624.6,60.2,-1.0,20.7,0.999,-0.6,15.6,26.4,6.0,100,131,2.181,1.002,23.2,99.2,16.0,2474,13.040
1600.6,17.3,23.27,17,19.9,0.703,83.5,11,67.7,18.4,86,616.0,56.3,-0.8,18.9,1.000,-1.3,14.7,49.5,23.1,100,126,2.179,0.998,22.0,99.2,17.3,2402,12.913
1615.7,20.5,26.97,17,25.2,0.680,82.7,11,79.9,23.8,86,608.0,66.2,-1.4,22.9,0.998,-1.6,18.3,0.0,0.0,101,127,2.200,1.005,17.6,99.2,20.4,2412,13.040
1630.8,23.1,30.60,17,29.7,0.707,82.6,11,82.7,29.3,86,616.8,73.1,-1.6,28.7,1.000,0.8,25.1,87.5,0.3,100,126,2.188,1.000,14.6,99.2,23.2,2622,13.040
1645.9,23.9,32.36,17,32.3,0.698,82.6,11,80.5,25.7,86,625.9,66.4,-1.6,27.5,1.000,0.5,24.4,75.7,12.7,100,128,2.178,1.001,16.4,99.2,24.6,2787,13.040
1661.0,20.1,26.57,17,26.2,0.704,82.0,11,84.3,28.0,86,628.0,74.3,-1.6,26.8,1.001,0.2,10.6,36.4,0.0,100,126,2.203,1.000,22.0,99.2,19.8,2506,13.065
1676.1,22.3,27.86,17,29.5,0.709,82.4,11,83.5,30.0,86,624.0,73.5,-1.0,30.6,1.001,0.0,25.8,87.5,0.1,100,116,2.180,0.995,13.7,99.2,23.3,2486,12.919
1691.2,0.4,5.59,18,6.4,0.093,82.4,11,15.8,5.3,86,600.5,11.8,-3.9,5.3,1.999,0.0,0.4,0.0,0.0,101,123,3.684,0.000,-9.2,99.2,0.7,2281,13.040
1706.3,6.8,8.86,18,12.0,0.567,82.7,11,36.8,14.0,86,576.0,47.7,-2.3,15.6,0.993,1.7,11.1,25.3,14.0,101,120,2.592,0.422,5.1,99.2,9.7,2273,13.040
1721.4,15.9,19.63,18,17.8,0.461,83.1,11,53.8,15.7,86,544.9,45.9,-2.0,9.7,1.010,4.2,3.3,3.9,1.0,101,110,2.053,1.008,24.6,99.2,16.3,2263,13.040
1736.5,11.6,14.23,18,12.7,0.630,82.7,11,38.9,9.2,86,548.0,25.4,-3.4,7.9,1.002,0.6,2.8,3.5,861.2,101,114,2.704,0.599,19.6,99.2,9.3,2142,13.040
1751.6,16.3,21.30,18,17.2,0.740,83.1,11,62.3,16.3,86,540.3,55.2,-2.3,16.9,0.991,1.6,13.5,42.5,4.1,101,112,2.172,1.001,19.8,99.2,16.6,2160,13.005
1766.7,15.9,19.13,18,18.0,0.691,82.1,11,66.5,19.6,86,557.8,62.8,-1.4,22.4,1.001,0.3,18.8,74.9,8.5,100,116,2.196,1.003,16.8,99.2,18.4,2201,13.036
1781.8,23.6,29.80,18,30.7,0.730,81.5,11,86.6,30.3,86,563.3,70.8,-1.7,27.7,0.992,0.6,23.0,88.6,9.8,100,109,2.200,1.002,12.5,99.2,23.3,2446,12.990
1796.9,23.4,27.67,18,28.2,0.720,81.2,11,82.4,31.8,86,591.4,73.2,-1.3,33.4,1.000,0.8,26.3,69.2,0.0,100,116,2.169,0.998,14.0,99.2,24.8,2646,13.040
1812.0,19.0,23.79,18,22.5,0.710,80.8,11,75.7,22.3,86,592.0,66.1,-0.8,22.5,1.001,0.0,18.5,75.1,16.5,100,117,2.189,1.000,18.5,99.2,19.3,2219,13.040
1827.1,23.9,31.16,18,28.1,0.705,80.8,11,81.2,29.8,86,604.7,74.1,-1.5,36.0,1.000,-0.0,32.1,84.3,0.0,100,124,2.179,0.999,14.7,99.2,25.9,2655,13.047
1842.2,13.5,14.80,18,9.3,0.727,80.4,11,30.6,11.8,86,603.4,40.3,-2.3,16.9,0.990,0.9,12.6,39.5,22.2,100,125,2.168,0.994,22.4,99.2,17.2,2384,13.040
1857.3,11.1,14.96,18,13.9,0.648,79.6,11,53.4,15.3,86,596.0,48.0,-2.3,15.3,0.997,2.2,11.8,39.2,16.8,100,124,2.199,1.000,23.3,99.2,16.0,2349,12.986
1872.4,6.7,11.51,18,8.4,0.607,79.8,11,23.6,11.1,86,573.3,47.0,-2.6,15.7,1.137,0.0,12.0,36.8,0.8,100,120,2.206,0.993,24.0,99.2,12.4,2261,13.040
1887.5,21.1,28.00,18,25.7,0.707,79.6,11,77.4,25.9,86,549.6,71.2,-1.2,26.1,1.001,-2.5,22.5,88.0,2.5,100,116,2.190,0.993,14.7,99.2,22.2,2519,13.040
1902.6,21.9,26.54,18,26.8,0.789,79.5,11,80.8,25.1,86,576.0,70.7,-0.8,25.5,1.002,0.9,23.8,88.9,0.0,100,114,2.191,0.993,16.8,99.2,20.5,2298,13.040
1917.7,26.2,30.81,18,31.0,0.710,79.2,11,87.0,33.1,86,594.7,76.4,-1.6,29.8,1.005,1.0,27.7,76.6,1.6,100,112,2.187,0.997,13.2,99.2,26.8,2550,13.040
1932.8,21.2,26.00,18,26.3,0.719,79.2,11,81.2,26.6,86,596.0,70.5,-0.8,25.7,0.998,0.7,19.0,68.1,2.1,100,115,2.192,0.997,14.9,99.2,21.2,2246,12.985
1947.9,0.0,5.33,18,5.3,0.374,79.4,11,14.5,7.1,86,592.9,18.2,-3.9,7.9,1.186,-1.4,4.0,13.2,0.0,100,124,2.172,0.998,28.8,99.2,13.9,2329,13.064
1963.0,15.0,18.62,18,16.3,0.689,79.9,11,67.7,19.4,86,568.0,52.3,-2.3,12.7,1.016,2.8,8.0,22.7,9.7,100,118,2.192,0.999,27.0,99.2,14.4,2262,13.040
1978.1,23.2,30.93,18,31.2,0.741,79.6,11,83.1,32.9,86,583.5,74.6,-1.6,33.6,0.999,0.3,27.9,43.6,1.6,100,121,2.202,0.997,16.1,99.2,22.9,2545,13.040
1993.2,12.1,13.60,18,12.3,0.633,79.2,11,35.6,11.0,86,575.5,37.8,-2.4,12.9,0.998,2.5,7.9,21.7,0.0,100,120,2.192,0.997,30.9,99.2,11.8,2261,13.040
2008.3,9.2,9.22,19,9.4,0.721,79.2,11,34.4,10.7,86,541.8,34.8,-3.1,11.6,0.987,0.3,5.9,17.8,14.0,101,118,2.184,1.010,33.2,99.2,7.2,2200,13.120
2023.4,20.6,25.96,19,24.7,0.709,79.2,11,80.1,24.5,86,530.5,68.8,-1.1,24.4,1.005,-1.0,20.7,81.7,0.0,100,106,2.197,1.002,14.8,99.2,20.9,2310,12.880
2038.5,19.6,25.62,18,23.8,0.701,79.2,11,69.6,18.9,86,564.9,63.4,-1.0,19.6,1.003,0.2,7.6,20.5,0.1,100,114,2.169,1.002,18.6,99.2,18.9,2287,12.931
2053.6,2.5,5.99,19,5.7,0.026,79.2,11,13.0,4.7,86,544.7,11.6,-3.9,4.7,1.720,0.0,0.4,0.0,0.0,101,107,3.593,0.000,-11.2,99.2,1.8,1986,13.100
2068.7,13.7,15.71,19,15.5,0.719,78.8,11,59.7,17.4,86,540.0,59.6,-2.3,14.5,1.031,1.7,12.7,36.7,30.4,100,106,2.185,0.992,26.8,99.2,11.1,2017,13.040
2083.8,14.1,16.53,19,15.1,0.719,78.8,11,65.2,18.2,86,538.3,58.6,-2.3,17.6,1.004,-0.4,13.1,37.6,18.0,100,109,2.206,0.993,24.6,99.2,13.6,2078,13.040
2098.9,18.4,23.72,19,22.1,0.712,78.8,11,74.2,21.8,86,547.9,64.4,-0.8,21.3,1.007,0.8,17.0,63.5,32.0,100,117,2.189,0.997,19.1,99.2,18.4,2243,13.040
2114.0,18.3,23.37,19,21.0,0.707,78.6,11,71.4,20.3,86,560.9,50.8,-2.3,16.5,1.005,2.3,13.1,38.9,50.5,100,118,2.166,1.003,19.3,99.2,18.3,2246,13.040
2129.1,13.9,16.31,19,14.5,0.699,78.8,11,51.8,14.8,86,560.0,45.8,-2.3,14.3,0.995,1.6,9.8,28.2,0.0,101,117,2.180,1.003,26.7,99.2,12.1,2215,13.040
2144.2,11.6,12.98,19,11.5,0.864,78.8,11,24.4,6.8,86,547.7,17.7,-3.9,9.0,0.984,0.2,4.6,12.9,13.3,101,120,2.506,0.723,33.9,99.2,9.0,2255,13.040
2159.3,18.9,23.98,19,22.6,0.731,78.8,11,75.7,22.9,86,530.7,68.0,-0.8,23.3,1.006,-0.7,18.7,0.0,0.0,101,110,2.199,0.995,17.9,99.2,19.0,2219,13.040
2174.4,17.9,21.73,19,21.5,0.750,78.6,11,74.9,22.3,86,561.4,68.6,-0.8,24.2,0.996,0.3,20.6,84.8,3.1,100,104,2.186,0.998,18.8,99.2,17.0,2002,12.324
2189.5,14.3,15.46,19,15.0,0.765,78.8,11,58.2,13.8,87,544.0,43.6,-2.7,11.9,0.969,2.8,7.7,21.6,1.8,101,95,2.079,1.006,23.8,99.2,13.1,1820,13.040
2204.6,13.0,14.06,19,14.2,0.679,78.8,11,60.8,14.9,87,543.2,35.3,-2.1,11.0,0.994,-1.6,3.2,8.8,0.0,101,96,2.191,0.997,37.8,99.2,8.8,1812,13.040
2219.7,8.2,7.59,19,7.7,0.664,79.2,11,28.4,7.7,87,529.8,24.7,-3.9,8.0,0.989,0.7,4.3,11.8,0.0,101,98,2.147,0.985,37.8,99.2,8.4,1828,13.117
2234.8,11.4,13.00,19,11.6,0.673,79.2,11,38.2,10.2,87,528.0,41.5,-2.5,12.3,0.996,1.4,8.1,22.2,21.5,101,100,2.223,0.998,13.6,99.2,10.5,1896,12.945
2249.9,13.9,15.87,19,11.6,0.710,79.2,11,47.0,12.8,87,523.7,48.9,-2.4,12.9,1.000,3.8,5.8,14.9,0.0,101,103,2.098,1.008,22.8,99.2,13.8,1983,13.040
2265.0,14.4,16.75,19,15.5,0.796,78.8,11,62.7,16.1,86,516.0,57.3,-2.3,17.4,0.994,1.3,13.4,42.0,36.0,101,100,2.210,0.993,8.3,99.2,4.8,1867,13.040
2280.1,13.2,14.97,19,14.0,0.730,78.8,11,57.2,13.2,86,524.0,48.0,-2.4,12.4,1.013,2.8,5.0,12.1,4.7,101,102,2.095,0.992,30.7,99.2,11.5,1893,12.999
2295.2,3.1,6.65,19,7.4,0.299,79.2,11,30.2,8.7,86,509.5,26.0,-2.9,5.2,1.324,3.4,0.7,0.4,4.3,101,98,3.124,0.048,-12.2,99.2,0.7,1828,13.040
2310.3,8.8,11.57,19,11.1,0.593,79.6,11,47.6,11.0,86,515.9,22.9,-3.6,7.3,0.970,0.0,4.3,9.9,0.0,101,99,3.001,0.384,16.4,99.2,8.7,1865,12.948
2325.4,8.8,10.25,19,10.0,0.663,79.6,11,37.9,9.5,86,512.0,38.7,-2.7,11.3,1.180,1.9,8.2,21.9,0.0,101,94,2.177,1.001,23.9,99.2,8.0,1777,13.040
2340.5,2.2,3.98,19,4.7,0.051,79.6,11,17.9,4.8,86,474.3,17.5,-3.9,5.5,0.953,4.0,1.7,7.1,3.5,101,79,2.094,0.967,30.7,99.2,1.8,1477,13.040
2355.6,6.4,8.57,19,8.0,0.337,80.0,11,30.4,6.5,86,427.5,23.0,-8.2,4.4,1.006,0.0,0.8,0.0,0.0,101,13,2.326,0.671,3.5,99.2,4.8,1001,13.040
2370.7,8.9,7.97,19,9.8,0.741,79.6,11,43.2,9.4,86,456.5,41.3,-3.1,14.5,1.369,0.9,11.0,0.0,5.2,101,52,2.518,0.778,15.3,99.2,7.4,1573,13.095
2385.8,0.0,2.95,19,3.5,0.000,78.8,11,17.2,3.5,86,428.6,14.0,-3.9,3.8,1.999,0.0,0.7,0.0,0.0,101,60,3.669,0.000,-11.5,99.2,0.0,1199,13.040
2400.9,7.2,7.25,19,5.4,0.517,78.8,11,26.5,3.8,86,390.7,20.0,-3.9,4.8,0.929,4.3,1.5,6.2,0.0,101,18,1.998,0.850,32.4,99.2,9.3,1195,12.977
2416.0,6.8,5.53,20,4.2,0.716,78.8,11,20.5,3.8,86,369.5,17.0,-5.9,4.1,0.975,-0.6,1.3,0.0,0.0,101,13,2.169,0.997,31.5,99.2,6.1,1288,13.040
2431.1,0.0,3.27,19,19.0,0.110,79.6,8,14.7,3.3,86,343.7,14.0,-9.4,2.4,0.925,-0.2,0.1,0.0,0.0,101,0,2.163,0.999,5.7,99.2,0.0,572,12.878
2446.2,0.0,5.23,20,55.3,0.135,79.6,-4,0.0,6.3,86,332.0,0.0,6.2,6.7,0.978,0.0,1.6,0.0,0.0,101,0,2.161,0.999,9.0,99.2,0.0,300,12.720
2461.3,0.0,5.23,20,55.3,0.135,79.6,-4,0.0,6.3,86,332.0,0.0,6.2,6.7,0.978,-0.0,1.7,0.0,0.0,101,0,2.161,0.999,9.0,99.2,0.0,300,12.720
2476.4,0.0,5.23,20,55.3,0.135,86,332.0,0.0,6.2,6.7,0.978,-0.0,1.6,0.0,0.0,101,0,2.161,0.999,9.0,99.2,0.0,300,12.720
