BlueDriver Data Log
Dec 15, 2018 3:25:14 PM
Time (s),Accelerator Pedal Position E (%),Mass Air Flow Rate (g/s),Intake Air Temperature (°C),O2 Bank 1 - Sensor 2 - Oxygen Sensor Voltage (V),Absolute Throttle Position B (%),Fuel Level Input (%),Ambient Air Temperature (°C),Calculated Engine Load Value (%),Absolute Throttle Position (%),Engine Coolant Temperature (°C),Catalyst Temperature Bank 1 - Sensor 1 (°C),Absolute Load Value (%),Long Term Fuel Trim Bank 1 (%),Commanded Throttle Actuator (%),Wide Range O2S: Bank 1 - Sensor 1 - Equivalence Ratio (λ),Short Term Fuel Trim Bank 1 (%),Relative Throttle Position (%),Commanded Evaporative Purge (%),Evap. System Vapor Pressure (Pa),Barometric Pressure (kPa),Vehicle Speed (km/h),Wide Range O2S: Bank 1 - Sensor 1 - Voltage (V),Timing Advance for #1 cylinder (°),Commanded Equivalence Ratio (λ),O2 Bank 1 - Sensor 2 - Short Term Fuel Trim (%),Engine RPM (rpm),Accelerator Pedal Position D (%),Control Module Voltage (V)
0.0,,,,,,,,,,,,,,,,,,,,,,,,,,,,
17.2,18.3,18.26,37,0.275,19.1,77.3,22,68.0,18.3,68,4.0,55.5,0.3,17.3,0.998,0.6,14.7,7.1,0.0,102,23,2.148,13.9,0.996,99.2,1738,18.5,13.549
34.4,4.4,6.34,34,0.278,6.3,77.4,18,26.3,5.1,72,4.0,17.2,-6.8,3.6,1.364,0.0,0.8,0.0,3.7,102,17,2.751,11.4,0.506,99.2,1217,5.3,12.834
51.6,0.0,2.70,32,0.280,3.7,78.0,17,21.4,3.8,75,4.0,17.2,-1.6,3.9,1.999,0.0,0.4,0.0,0.0,102,18,3.193,-2.7,0.663,99.2,946,0.0,12.960
68.8,18.1,18.41,31,0.295,19.8,78.0,17,76.6,20.4,75,4.0,66.4,0.7,20.0,0.994,-1.1,16.6,8.7,0.7,101,31,2.196,15.3,0.996,99.2,1757,18.2,12.960
86.0,0.0,3.10,29,0.270,4.2,78.1,14,17.7,3.9,79,100.0,15.0,-2.3,4.3,1.999,0.0,0.8,0.0,0.0,102,40,3.685,-11.0,0.000,99.2,1150,0.0,12.960
103.2,0.0,1.86,30,0.275,2.7,78.8,14,25.2,2.7,79,96.0,20.6,-7.0,4.2,1.019,1.5,2.0,0.5,2.0,102,1,2.244,3.8,0.998,99.2,650,1.2,12.874
120.4,0.0,2.84,28,0.829,3.9,78.0,13,16.6,3.5,80,162.7,15.2,-2.3,3.9,1.013,3.4,1.0,0.2,0.0,102,36,2.189,27.3,1.008,99.2,1235,2.6,12.949
137.6,17.9,17.99,26,0.745,21.6,78.4,11,77.3,22.0,81,231.9,68.4,0.8,20.9,0.990,-1.1,16.3,68.7,0.0,101,46,2.172,16.0,1.001,99.2,1648,17.6,12.960
154.8,10.9,9.49,26,0.869,11.0,79.2,11,51.5,10.3,84,299.1,35.7,-1.8,8.3,1.336,-0.5,4.9,3.9,0.0,101,56,2.942,6.4,1.080,99.2,1235,10.5,12.979
172.0,0.0,2.82,26,0.000,3.5,79.6,11,15.7,3.5,85,297.4,13.3,-2.3,3.9,1.999,0.0,0.8,0.0,0.0,102,37,3.660,-12.0,0.000,99.2,1208,0.0,12.960
189.2,0.0,1.90,26,0.852,2.7,80.8,11,24.7,2.7,85,272.4,18.8,-5.5,2.7,0.980,-4.0,1.2,0.0,0.0,102,0,2.104,1.2,1.012,99.2,587,0.0,12.779
206.4,10.2,10.02,26,0.746,11.4,80.3,10,29.0,9.0,85,282.6,47.2,-3.0,10.9,1.013,-3.3,7.7,3.0,0.0,102,26,2.233,46.7,1.011,99.2,1087,10.1,12.880
223.6,5.0,5.55,24,0.130,4.2,79.7,9,19.1,3.8,85,310.9,14.0,-2.3,3.9,1.999,0.0,0.9,0.2,0.0,102,46,3.301,-4.5,0.241,99.2,1235,3.5,12.989
240.8,2.8,5.31,24,0.427,6.6,80.4,9,40.4,9.6,85,291.2,56.2,-1.6,13.2,0.948,-0.4,10.2,6.5,5.7,102,28,2.228,15.9,0.888,99.2,1357,10.3,12.960
258.0,4.8,5.96,23,0.324,7.7,79.6,8,39.3,8.4,85,349.2,40.2,-1.8,10.0,1.203,-0.7,7.7,9.2,0.0,102,56,2.204,22.1,0.994,99.2,1246,0.4,12.924
275.2,8.9,7.74,23,0.734,7.8,79.6,8,42.6,10.4,86,355.9,49.6,-1.8,12.8,1.003,-1.7,10.9,23.2,0.0,101,46,2.204,15.1,0.993,99.2,1360,3.8,12.960
292.4,2.7,4.04,23,0.357,4.4,79.6,8,20.3,3.7,86,378.9,16.9,-2.3,4.9,1.148,0.0,2.2,0.0,0.0,102,48,2.203,36.1,0.989,99.2,1193,1.6,12.840
309.6,0.0,1.97,23,0.451,2.7,80.4,8,25.1,2.7,86,346.5,19.6,-7.8,2.7,0.949,-3.0,1.2,0.0,4.4,102,1,2.080,5.5,0.985,99.2,578,0.0,12.693
326.8,0.0,1.97,24,0.711,2.7,80.3,8,24.8,2.7,86,324.0,19.5,-8.5,2.7,0.998,-1.9,0.9,0.0,1.7,102,0,2.194,3.4,1.002,99.2,582,0.0,12.880
344.0,11.1,9.52,24,0.776,10.3,79.5,8,44.3,10.2,86,299.7,39.7,-2.5,10.0,1.016,-1.8,6.5,5.5,0.0,101,13,2.148,28.2,1.003,99.2,1408,10.7,12.863
361.2,9.4,7.53,22,0.710,8.9,79.6,6,41.0,9.0,86,367.3,41.0,-1.4,10.6,1.004,-0.3,8.6,28.4,21.7,101,51,2.202,18.5,0.998,99.2,1393,9.7,12.994
378.4,0.0,2.49,23,0.024,3.3,80.0,6,19.3,3.5,87,348.5,15.5,-7.2,0.8,1.999,0.0,0.8,0.0,0.0,102,17,2.678,1.9,0.526,99.2,928,0.0,12.920
395.6,0.0,2.00,23,0.723,2.7,80.4,6,25.5,2.7,87,318.3,18.8,-9.4,2.7,1.002,2.7,1.2,0.0,0.0,102,0,2.155,1.3,1.000,99.2,592,0.0,12.934
412.8,5.1,5.82,23,0.688,5.5,79.9,6,35.4,7.1,87,292.2,35.2,-2.3,9.3,0.968,-3.1,6.8,2.7,0.0,102,6,2.177,15.9,1.004,99.2,1181,7.1,12.916
430.0,13.1,12.60,21,0.731,12.3,79.2,6,58.1,12.4,87,380.1,36.8,-1.1,7.7,1.028,3.9,7.3,33.1,0.9,102,56,2.548,0.4,0.547,99.2,1465,15.6,12.880
447.2,17.6,15.94,21,0.854,21.7,79.6,6,81.8,22.2,87,383.2,64.2,0.3,19.2,1.199,-3.0,14.4,0.0,13.6,102,36,2.780,9.4,1.058,99.2,1396,16.5,12.865
464.4,5.0,6.80,21,0.179,9.1,79.6,6,49.0,11.0,87,404.1,45.3,-1.7,11.8,1.108,-3.2,6.2,6.4,3.9,102,40,2.661,1.5,0.587,99.2,1373,7.5,13.040
481.6,0.0,2.71,21,0.000,3.5,79.7,6,16.7,3.5,87,405.6,13.3,-2.3,3.5,1.969,0.0,0.8,0.0,0.0,102,28,3.524,-12.8,0.000,99.2,1142,0.0,12.960
498.8,0.9,2.92,21,0.722,10.7,80.8,6,29.1,4.6,86,370.4,23.5,-9.2,4.5,1.020,10.5,1.7,2.0,14.1,102,4,2.206,13.4,0.997,99.2,836,2.4,12.880
516.0,0.1,3.02,21,0.745,3.6,80.8,6,17.3,5.3,86,365.5,28.2,-1.3,4.4,1.066,1.6,1.0,2.4,10.8,101,25,2.239,10.4,0.989,99.2,1196,1.2,12.960
533.2,0.0,2.81,21,0.707,3.5,80.4,6,16.2,3.5,86,349.7,16.2,-2.3,4.9,0.988,-0.0,2.4,2.2,0.0,102,21,2.192,31.0,1.003,99.2,1360,0.0,12.960
550.4,9.4,8.27,21,0.737,10.8,80.9,6,52.5,12.3,86,363.9,46.7,-0.2,14.6,1.037,1.0,12.6,65.2,5.6,101,39,2.149,16.7,1.002,99.2,1501,9.6,12.960
567.6,0.0,2.10,21,0.059,3.0,81.2,6,21.8,2.5,86,349.0,14.5,-10.2,2.7,0.996,15.0,1.2,0.0,0.0,102,11,1.827,13.4,0.856,99.2,725,0.0,12.892
584.8,0.0,1.93,23,0.716,2.7,80.6,6,25.1,2.7,86,318.8,18.8,-10.2,2.7,0.999,0.3,0.8,3.9,2.3,102,0,2.201,3.0,1.000,99.2,598,0.0,12.960
602.0,0.0,1.84,23,0.685,2.7,80.0,6,24.7,2.7,87,294.2,18.8,-10.2,2.7,1.001,0.9,0.8,3.9,0.0,102,0,2.228,0.5,0.999,99.2,607,0.0,12.919
619.2,13.0,13.57,24,0.481,16.4,79.6,6,59.4,16.9,87,298.3,62.7,-1.0,15.8,1.020,-1.0,12.3,94.8,49.0,100,27,2.196,13.8,0.988,99.2,1573,15.0,12.896
636.4,8.0,6.02,23,0.696,7.6,79.5,6,42.3,9.7,87,381.9,41.7,-1.6,6.2,0.999,1.8,14.1,59.3,1.6,101,55,2.225,7.5,0.677,99.2,1515,6.5,12.960
653.6,2.7,3.92,23,0.297,5.2,79.2,6,26.8,5.9,87,409.8,27.6,-1.8,6.7,1.161,0.7,1.5,0.0,0.0,102,62,2.282,-10.0,0.001,99.2,1187,0.8,12.962
670.8,0.0,1.99,23,0.690,2.7,79.6,6,23.7,2.7,87,372.3,18.3,-10.2,2.7,0.911,0.1,0.8,0.0,0.0,102,3,1.970,4.8,0.890,99.2,575,0.0,12.804
688.0,0.0,1.86,24,0.708,2.7,79.7,6,25.0,2.7,87,340.9,18.8,-10.2,2.7,1.015,3.2,0.8,4.1,0.0,101,0,2.182,3.4,1.001,99.2,600,0.0,12.807
705.2,0.0,1.87,24,0.690,2.4,79.6,6,24.2,2.4,87,313.5,18.3,-10.2,2.7,0.981,5.3,0.8,3.9,0.0,102,0,2.185,6.7,1.001,99.2,600,0.0,12.874
722.4,0.0,1.91,25,0.740,2.7,78.8,6,24.7,2.7,87,286.1,18.8,-10.2,2.7,0.996,1.6,0.8,4.1,0.0,102,0,2.209,1.9,1.003,99.2,591,0.0,13.004
739.6,0.0,1.99,25,0.712,2.8,78.3,6,25.2,2.8,87,263.9,18.8,-10.2,2.7,0.997,4.5,0.8,4.0,5.0,102,0,2.203,1.5,1.007,99.2,582,0.0,12.837
756.8,4.9,5.92,26,0.755,5.5,78.4,6,36.6,9.7,87,268.8,44.6,-1.6,9.6,1.012,-2.4,3.7,8.4,0.8,101,23,2.204,37.3,0.999,99.2,1433,7.0,12.992
774.0,0.0,2.77,25,0.433,3.5,78.5,6,19.0,3.5,87,275.4,15.0,-1.6,3.9,0.972,4.0,0.8,0.3,1.5,102,27,2.143,3.6,1.004,99.2,936,0.0,13.052
791.2,8.6,7.77,26,0.799,7.5,79.0,6,39.3,7.0,87,261.4,29.6,-7.7,5.4,1.007,0.3,2.2,13.8,3.8,102,0,2.190,18.1,0.993,99.2,1370,9.6,12.982
808.4,18.1,18.35,24,0.757,21.4,78.2,6,75.8,21.6,87,358.3,55.7,0.0,16.5,1.002,5.7,14.9,77.0,9.7,101,58,2.187,14.7,0.999,99.2,1725,18.1,12.947
825.6,15.9,15.91,24,0.728,16.9,77.6,6,68.6,16.7,87,432.0,59.6,-1.6,16.9,0.999,0.6,12.6,87.8,0.0,100,74,2.172,15.5,0.997,99.2,1742,16.3,12.960
842.8,15.9,16.01,24,0.698,16.2,77.5,6,50.3,12.9,87,477.1,59.4,-1.6,16.5,0.999,-1.2,14.0,94.0,0.0,100,84,2.194,14.8,0.995,99.2,1659,16.1,12.960
860.0,19.0,19.64,23,0.716,22.2,77.3,6,76.3,21.5,87,520.4,60.6,-0.7,19.3,0.998,-1.0,20.3,92.1,0.0,101,76,2.201,11.0,0.996,99.2,1773,19.4,12.973
877.2,0.0,2.94,23,0.039,3.7,77.4,6,15.5,3.8,87,532.2,13.3,-2.3,3.9,1.999,0.0,0.8,0.0,0.0,101,58,3.600,-8.6,0.144,99.2,1255,2.8,12.960
894.4,1.8,2.26,23,0.804,3.0,78.1,6,25.6,3.4,87,482.0,20.2,-10.2,2.9,1.031,-1.4,0.4,1.1,0.0,101,0,2.163,5.1,1.004,99.2,698,2.1,12.771
911.6,0.0,2.31,24,0.743,3.1,78.8,6,26.3,3.3,87,434.4,20.2,-10.2,3.5,0.997,0.0,0.8,3.0,1.3,101,0,2.223,5.5,1.003,99.2,733,0.0,12.960
928.8,4.7,5.99,25,0.351,6.1,79.1,6,34.9,5.1,87,396.2,29.8,-8.6,8.7,0.901,2.9,4.9,81.2,111.1,100,4,2.190,29.7,1.005,99.2,1287,6.2,12.960
946.0,19.9,20.28,25,0.710,24.2,78.4,6,80.9,24.2,87,436.5,70.4,0.8,24.8,1.004,2.4,33.4,90.4,0.0,101,48,2.177,8.9,1.008,99.2,1740,19.8,13.002
963.2,20.8,22.89,23,0.721,26.3,78.3,6,82.1,26.3,88,524.3,72.9,1.6,26.2,0.994,1.6,22.3,90.2,0.6,101,75,2.193,11.1,0.999,99.2,2001,21.0,12.919
980.4,2.2,4.16,21,0.724,4.1,78.8,6,11.7,5.0,88,568.6,22.0,-1.4,10.0,1.712,0.7,8.7,35.1,12.5,101,87,2.042,28.0,0.953,99.2,1663,11.5,12.960
997.6,1.0,5.78,23,0.410,4.9,78.8,6,16.3,5.0,87,553.2,13.5,-2.3,7.4,0.971,7.1,6.7,49.9,79.7,101,102,2.008,25.1,0.990,99.2,2096,13.2,12.960
1014.8,25.7,26.92,23,0.723,31.8,78.4,6,84.6,30.1,86,571.1,74.1,1.6,31.0,1.001,-1.2,28.1,88.2,4.8,101,91,2.184,10.0,0.995,99.2,2216,26.3,12.880
1032.0,26.2,28.85,20,0.700,34.0,78.0,5,86.8,34.1,86,624.0,75.7,1.6,33.9,1.000,-0.8,29.4,86.7,5.5,100,86,2.190,11.6,1.001,99.2,2379,26.3,12.960
1049.2,26.3,28.90,20,0.701,34.1,77.4,5,87.0,34.1,86,655.8,75.3,1.6,33.9,1.003,-0.8,29.4,87.2,0.0,100,94,2.187,11.6,0.996,99.2,2412,26.3,12.960
1066.4,14.2,15.32,20,0.723,4.5,77.3,5,28.5,7.9,87,646.4,22.8,-2.2,7.0,0.999,-3.9,6.1,95.2,69.3,99,98,2.216,25.9,1.007,99.2,1850,13.2,13.012
1083.6,15.3,18.15,21,0.703,17.2,77.6,5,63.8,16.8,86,616.1,52.5,-0.2,15.3,1.150,1.3,10.6,13.9,0.0,101,105,2.129,22.9,0.990,99.2,2063,15.3,12.924
1100.8,18.6,21.45,20,0.700,22.3,76.9,5,76.6,22.8,86,620.8,67.5,1.6,22.3,1.000,0.8,18.1,91.4,0.2,100,92,2.207,14.8,1.001,99.2,1994,18.4,12.934
1118.0,16.2,17.63,20,0.704,15.9,76.5,4,60.5,16.1,87,632.0,54.7,-1.4,16.6,1.005,2.0,15.2,23.1,0.1,100,92,2.181,14.9,0.999,99.2,1943,19.3,12.880
1135.2,5.2,5.10,20,0.816,5.2,76.3,4,13.9,4.9,87,593.8,16.9,-2.3,5.4,1.102,-2.2,2.0,66.3,0.0,99,99,2.176,38.9,0.975,99.2,1861,6.6,12.985
1152.4,4.1,5.75,20,0.037,6.3,76.1,4,17.2,5.6,85,527.9,10.2,-2.3,4.7,1.999,0.0,0.8,0.0,0.0,101,107,3.654,-12.5,0.000,99.2,2021,3.7,12.960
1169.6,23.5,27.32,20,0.720,28.9,76.5,4,83.8,27.7,85,544.9,72.6,1.6,27.5,1.006,-0.8,23.4,88.6,1.5,100,98,2.176,11.8,0.996,99.2,2279,23.5,12.960
1186.8,22.5,29.63,19,0.710,26.5,76.5,4,78.8,19.9,86,605.4,60.8,0.4,25.7,0.973,0.0,22.1,66.6,0.0,100,90,2.193,17.0,1.002,99.2,2586,23.6,12.960
1204.0,27.1,29.57,19,0.705,35.3,76.1,4,87.5,35.1,86,638.2,76.1,1.6,35.2,0.999,0.0,30.4,86.7,5.0,100,91,2.186,12.0,0.999,99.2,2425,27.4,12.938
1221.2,18.1,19.11,19,0.672,21.6,76.5,4,73.3,21.5,87,636.0,64.8,0.8,20.7,1.001,1.1,16.8,61.6,2.9,99,90,2.169,16.2,0.998,99.2,1858,17.9,13.054
1238.4,19.1,21.68,19,0.709,23.4,76.1,4,76.5,23.1,87,640.0,67.6,1.6,22.8,1.002,0.5,19.3,91.4,0.0,99,94,2.201,15.2,0.996,99.2,2012,19.2,12.960
1255.6,16.2,17.57,19,0.705,19.3,76.1,4,73.2,20.9,87,633.3,65.1,1.6,21.2,0.998,-0.1,17.3,92.0,0.0,99,98,2.183,16.5,0.994,99.2,1861,13.9,12.973
1272.8,17.2,17.39,19,0.715,13.5,75.7,4,58.7,17.6,87,628.0,44.4,0.6,12.0,1.001,1.5,10.6,17.7,6.3,100,98,2.109,27.1,0.999,99.2,1869,16.8,12.960
1290.0,16.9,18.50,19,0.668,19.0,75.6,4,68.4,14.8,87,612.0,59.9,-1.6,18.2,1.002,1.7,15.5,23.8,979.5,100,90,2.192,17.3,0.999,99.2,1842,17.2,13.442
1307.2,7.4,8.29,19,0.299,10.4,75.9,4,42.3,13.1,87,609.6,53.1,-0.4,16.5,0.996,-0.3,13.6,90.4,1.8,99,94,2.214,18.9,0.989,99.2,1746,2.7,13.698
1324.4,3.5,4.11,19,0.570,4.4,76.2,4,15.8,3.5,87,579.6,15.4,-2.3,5.9,0.968,-2.3,3.3,32.9,8.4,100,83,2.126,39.1,0.979,99.2,1534,4.6,13.794
1341.6,0.0,2.68,19,0.000,3.5,77.0,4,14.6,3.5,86,528.9,11.8,-2.3,3.5,1.999,0.0,0.8,0.0,0.0,100,44,3.702,-13.0,0.000,99.2,1226,0.0,13.760
1358.8,23.2,22.84,19,0.696,29.8,76.5,4,86.0,27.3,86,512.5,68.0,0.7,25.4,0.953,-2.4,22.4,54.5,4.1,100,41,2.206,7.4,1.004,99.2,1741,22.7,13.223
1376.0,18.4,20.08,18,0.730,22.4,76.1,3,77.7,22.1,86,577.8,67.2,1.3,22.0,1.001,-0.9,18.3,92.0,2.7,99,78,2.190,15.3,0.998,99.2,1853,18.5,12.976
1393.2,19.6,22.27,18,0.725,24.7,75.7,3,80.4,24.0,87,602.8,68.7,1.6,23.7,0.999,0.0,19.7,91.4,8.8,99,93,2.194,15.1,1.000,99.2,2019,19.2,13.040
1410.4,16.8,17.52,18,0.715,19.8,75.3,3,73.0,19.0,87,604.0,54.1,1.0,17.9,0.974,-1.3,14.2,93.5,19.4,98,95,2.198,19.0,1.005,99.2,1833,17.2,12.960
1427.6,6.4,5.60,18,0.568,16.3,74.9,3,77.1,24.5,87,624.0,71.5,1.2,27.9,1.006,-0.6,24.2,89.4,7.3,99,89,2.194,15.0,0.994,99.2,1740,1.7,13.033
1444.8,12.0,11.74,18,0.797,12.9,74.5,3,55.4,14.1,87,620.4,41.5,-1.8,7.8,1.041,2.2,4.9,54.0,0.0,98,92,2.262,29.4,0.976,99.2,1730,11.2,12.885
1462.0,0.0,3.44,18,0.000,4.3,75.3,3,11.6,4.3,86,554.6,10.2,-2.3,4.6,1.999,0.0,0.8,0.0,0.0,100,98,3.650,-13.0,0.000,99.2,1891,0.0,13.040
1479.2,1.1,3.77,19,0.000,5.7,74.5,3,15.7,5.5,85,483.5,10.5,-2.3,4.7,1.999,0.0,0.5,0.0,0.0,100,104,3.639,-12.2,0.000,99.2,1996,0.0,13.000
1496.4,0.0,4.04,19,0.000,4.8,74.4,3,12.2,4.7,85,433.7,10.3,-2.3,5.1,1.999,0.0,0.4,0.0,0.0,101,110,3.740,-11.2,0.000,99.2,2092,0.0,13.012
1513.6,6.6,6.74,18,0.707,4.3,74.1,3,12.2,4.7,84,382.4,10.5,-2.3,4.7,1.999,0.0,1.4,8.4,21.2,101,106,2.937,31.2,0.911,99.2,1969,6.5,13.025
1530.8,0.9,3.49,18,0.755,4.6,74.5,3,21.0,8.5,84,398.7,31.2,0.0,10.0,0.989,1.6,6.9,95.3,44.6,99,95,2.175,27.2,0.999,99.2,1927,12.2,13.040
1548.0,1.6,6.45,18,0.739,9.9,74.5,2,50.5,13.5,86,452.0,52.5,0.0,14.5,1.004,-0.5,11.1,94.1,3.0,99,97,2.196,21.4,1.000,99.2,1884,14.6,13.040
1565.2,18.8,22.46,18,0.741,22.7,74.5,2,77.9,22.5,86,509.9,67.9,1.6,22.6,0.997,-0.5,18.7,91.4,1.1,100,97,2.173,16.0,0.998,99.2,2050,18.8,12.960
1582.4,16.5,18.90,18,0.672,18.7,73.9,2,69.0,18.2,86,534.4,60.0,-0.2,17.7,1.001,-0.2,13.6,37.8,1.4,100,100,2.180,20.7,1.002,99.2,1914,16.4,13.040
1599.6,19.2,22.67,18,0.695,23.1,73.7,2,77.9,23.2,86,565.0,68.7,0.8,23.1,0.999,0.0,19.2,79.2,13.1,100,104,2.188,15.5,1.009,99.2,2084,19.2,13.040
1616.8,16.9,19.64,18,0.701,19.7,73.3,2,71.8,19.8,86,584.0,62.0,0.8,19.8,0.999,0.0,16.1,54.3,36.6,100,106,2.232,25.8,0.990,99.2,2025,16.4,13.040
1634.0,18.8,21.45,18,0.713,22.5,73.3,2,76.5,21.9,86,591.8,65.9,0.0,21.6,1.001,-0.4,17.6,0.0,0.0,100,95,2.174,12.2,1.003,99.2,1996,19.4,12.992
1651.2,24.4,28.34,18,0.696,31.4,72.9,2,86.3,31.4,86,618.9,74.5,0.9,31.0,1.001,-0.8,26.4,87.8,2.1,100,93,2.192,12.3,0.997,99.2,2407,24.7,13.011
1668.4,28.9,31.78,18,0.720,40.4,72.5,2,87.4,39.8,86,650.6,76.1,1.0,40.0,1.003,-0.5,34.9,86.2,3.1,99,86,2.193,13.5,0.997,99.2,2614,29.0,13.040
1685.6,27.9,29.53,18,0.720,37.9,72.2,2,86.2,38.7,86,674.8,74.2,0.8,35.3,1.004,0.9,27.3,87.8,16.8,99,95,2.193,14.8,1.001,99.2,2300,26.4,12.973
1702.8,0.0,3.50,19,0.000,4.3,73.3,2,11.8,4.3,87,612.9,10.2,-3.1,4.3,1.999,0.0,0.4,0.0,0.0,100,102,3.673,-13.0,0.000,99.2,1887,0.0,13.077
1720.0,0.0,3.57,19,0.000,4.3,74.9,2,11.8,4.3,85,535.0,10.2,-3.1,4.7,1.999,0.0,0.5,0.0,0.0,100,102,3.734,-12.5,0.000,99.2,1912,0.0,13.071
1737.2,9.2,10.82,19,0.043,11.4,76.3,2,38.0,9.6,85,471.1,20.6,-2.5,6.0,1.893,-0.4,1.7,0.9,0.0,100,91,3.658,-12.5,0.000,99.2,1706,0.0,13.016
1754.4,20.8,25.34,19,0.765,25.7,76.4,2,82.5,26.2,85,518.6,72.7,0.1,26.6,1.000,1.5,22.1,87.7,1.2,100,99,2.185,14.6,0.997,99.2,2211,21.4,13.010
1771.6,19.1,21.55,18,0.735,22.4,76.1,2,78.0,24.4,86,549.3,73.4,0.9,26.6,1.005,-0.1,22.0,83.7,14.9,100,96,2.196,15.1,0.994,99.2,2013,19.6,12.993
1788.8,23.7,25.74,18,0.727,31.6,75.6,2,86.3,34.4,86,580.4,77.4,0.8,36.4,1.005,0.7,31.1,86.9,7.3,100,96,2.171,12.6,1.000,99.2,2073,21.8,12.999
1806.0,14.4,20.03,18,0.727,22.4,74.8,2,72.2,26.4,86,603.8,71.4,1.5,27.5,0.999,0.3,22.2,89.4,5.8,99,99,2.183,15.3,1.000,99.2,2201,21.3,13.036
1823.2,15.2,16.37,18,0.641,14.1,74.5,2,55.6,14.4,86,604.0,34.5,0.0,10.1,0.979,-1.9,7.1,16.9,12.7,100,98,2.223,28.4,1.011,99.2,1843,14.0,13.040
1840.4,0.0,5.24,18,0.705,15.6,74.1,2,68.8,19.7,86,608.0,32.3,-1.8,11.6,1.083,-0.7,10.6,43.9,5.1,99,110,2.137,19.8,0.989,99.2,2103,12.2,13.013
1857.6,11.1,11.52,18,0.671,12.2,75.6,2,42.0,11.4,86,561.8,30.4,-2.0,7.6,1.576,-0.3,1.0,0.0,0.0,100,104,3.358,-4.4,0.143,99.2,1997,7.3,13.040
1874.8,5.6,5.71,18,0.698,9.1,75.1,2,36.0,13.6,86,558.7,56.5,-0.8,17.6,1.012,-0.8,14.1,44.0,4.7,100,104,2.207,18.0,0.987,99.2,1923,8.7,13.024
1892.0,7.9,6.95,18,0.458,8.2,75.3,2,38.7,12.1,86,548.0,41.3,-0.9,12.5,1.004,-1.7,9.4,24.9,0.0,100,100,2.199,26.8,0.989,99.2,1882,7.3,13.040
1909.2,2.7,5.30,18,0.310,4.9,74.9,2,13.0,4.8,86,545.7,15.4,-3.1,7.8,0.993,6.7,9.6,28.6,5.0,100,102,2.021,21.9,1.011,99.2,2006,5.5,13.015
1926.4,8.1,11.27,18,0.424,12.9,74.9,2,51.9,14.9,86,523.1,54.6,-0.9,17.1,0.994,1.6,11.4,30.1,44.4,100,103,2.184,21.1,1.007,99.2,1925,5.5,13.040
1943.6,13.3,15.14,18,0.773,13.9,74.4,2,51.9,12.8,86,504.0,33.2,-0.8,5.7,1.040,0.5,3.1,10.6,14.6,101,100,2.174,34.2,0.998,99.2,1894,13.1,12.999
1960.8,18.6,22.39,18,0.716,22.2,74.0,2,77.4,23.0,86,528.1,68.1,-0.0,23.2,1.004,0.0,19.0,81.7,12.9,100,101,2.198,16.4,0.995,96.5,2127,18.6,12.909
1978.0,20.8,22.65,18,0.756,25.2,73.3,2,79.3,22.7,86,566.3,63.7,1.1,23.8,0.992,-3.8,19.7,61.7,4.3,100,103,2.195,18.3,0.990,99.2,1957,19.9,13.036
1995.2,18.2,21.72,18,0.728,21.7,73.6,2,84.2,29.7,87,584.0,68.3,0.6,19.1,0.999,1.3,11.0,30.8,40.5,100,106,2.213,18.7,0.933,99.2,2000,14.9,12.960
2012.4,1.9,4.46,18,0.815,4.3,73.3,2,13.1,4.8,86,553.9,18.0,-2.8,7.5,1.833,-0.7,2.8,2.3,0.2,101,96,2.053,37.6,0.902,99.2,1865,13.2,12.981
2029.6,0.0,3.39,18,0.226,3.9,73.5,2,14.5,6.0,86,550.8,19.5,-3.1,6.0,0.984,-2.3,3.4,9.2,0.0,100,92,2.151,38.6,0.980,99.2,1744,11.5,13.099
2046.8,4.5,4.83,19,0.449,4.9,73.7,2,17.3,5.4,86,538.0,18.2,-3.1,6.8,1.039,6.8,8.1,19.6,38.7,100,86,1.976,22.1,1.008,99.2,1612,9.4,12.979
2064.0,0.0,2.69,19,0.000,3.5,74.9,2,13.1,3.7,86,492.3,11.5,-3.1,3.5,1.915,0.0,0.8,0.0,0.0,101,39,3.556,-13.0,0.000,99.2,1385,0.0,13.040
2081.2,0.0,2.86,19,0.625,3.6,76.1,2,26.9,4.5,86,444.9,20.8,-7.3,5.0,0.883,1.6,2.1,3.2,0.0,101,4,1.838,0.8,0.884,99.2,639,0.0,13.040
2098.4,22.5,24.27,19,0.720,28.9,75.0,2,87.5,29.3,86,485.7,75.6,1.1,29.5,1.006,-0.6,24.5,80.0,0.3,100,54,2.190,8.5,0.998,99.2,2008,22.6,12.960
2115.6,4.7,7.28,19,0.379,8.9,73.5,2,35.7,4.5,87,536.9,17.5,-3.1,5.6,0.981,-1.0,3.9,6.6,0.6,100,76,2.097,37.8,1.013,99.2,1466,12.8,13.040
2132.8,15.8,15.21,19,0.732,16.4,73.3,2,73.6,14.3,87,541.7,46.4,-1.6,14.6,0.997,-4.5,18.9,93.0,31.9,100,74,2.232,12.5,0.987,99.2,1584,16.8,13.040
2150.0,16.9,15.88,19,0.754,16.5,72.9,2,68.8,20.2,87,568.0,55.3,-1.5,12.5,1.024,3.6,11.7,30.8,2.3,100,76,2.169,15.9,0.997,99.2,1450,14.3,13.040
2167.2,9.4,9.35,19,0.748,11.7,72.5,2,40.5,10.9,87,552.7,51.6,-0.9,14.6,1.025,-3.7,15.1,49.5,34.0,100,68,2.192,14.0,1.001,99.2,1474,15.4,13.000
2184.4,0.0,2.78,19,0.505,3.5,72.3,2,14.0,5.2,87,559.9,28.0,-2.9,8.5,0.991,-3.9,7.0,17.9,66.2,100,73,2.200,16.1,0.997,99.2,1364,2.7,12.957
2201.6,15.0,14.86,19,0.746,15.8,72.9,2,68.9,15.8,87,531.6,60.1,-0.8,15.7,0.988,0.5,13.2,34.8,14.0,100,57,2.179,16.1,1.005,99.2,1545,15.1,13.040
2218.8,13.2,12.91,19,0.555,14.2,72.3,2,61.6,14.6,87,567.6,26.3,-2.7,5.6,1.014,3.7,3.2,6.9,21.1,100,59,2.665,0.9,0.455,99.2,1619,10.4,13.040
2236.0,9.6,7.70,19,0.890,3.9,72.5,2,26.7,4.0,87,521.2,13.6,-3.1,3.6,1.280,0.0,0.8,2.7,0.0,100,30,2.867,15.8,1.063,99.2,1216,9.5,13.040
2253.2,25.9,27.70,19,0.722,32.8,72.2,2,87.2,32.6,87,553.5,76.6,1.6,32.4,1.008,0.0,28.2,88.0,4.7,100,74,2.177,10.7,0.997,99.2,2291,25.9,13.042
2270.4,8.2,6.42,19,0.237,8.4,71.8,2,35.5,9.2,87,569.5,27.8,-1.3,8.6,0.998,-3.8,7.0,16.1,12.2,100,93,2.138,34.1,0.983,99.2,1758,8.1,13.023
2287.6,14.6,17.06,20,0.718,15.4,72.5,2,55.9,14.4,86,544.0,43.7,-1.2,9.9,1.060,3.2,5.2,11.7,0.0,100,97,2.062,33.0,0.999,99.2,1852,14.7,13.040
2304.8,12.2,14.39,19,0.674,8.3,72.5,2,35.2,11.7,86,540.0,29.0,-1.6,7.9,0.989,-2.4,5.9,16.3,1.9,100,100,2.325,19.4,0.927,99.2,1997,14.1,13.038
2322.0,10.7,10.96,19,0.511,15.1,72.2,2,50.8,14.0,86,536.0,53.9,-1.6,12.6,1.001,1.7,8.8,22.3,32.0,100,98,2.173,25.9,1.006,99.2,1927,12.8,12.960
2339.2,3.3,6.61,19,0.172,8.5,71.8,2,34.3,10.7,86,530.4,48.1,-0.8,16.2,0.969,2.4,8.0,16.0,7.8,100,100,2.003,8.7,0.996,99.2,1861,0.7,13.040
2356.4,12.1,11.57,19,0.509,11.1,72.9,2,32.9,7.0,86,512.0,25.4,-2.7,9.5,0.974,-1.7,6.2,14.1,3.3,100,94,2.185,37.0,0.945,99.2,1801,9.8,12.960
2373.6,7.3,6.28,19,0.670,6.4,73.3,2,21.6,10.8,86,508.7,41.7,-2.0,12.9,1.001,-1.0,9.3,12.9,0.0,101,59,2.156,23.0,0.998,99.2,1845,7.6,13.064
2390.8,6.2,6.02,19,0.687,5.9,73.3,2,19.9,9.0,86,506.4,43.1,-1.6,14.6,1.012,-3.5,11.2,29.8,0.0,100,99,2.192,21.3,0.987,99.2,1944,15.9,12.967
2408.0,2.3,5.60,19,0.199,7.1,73.2,2,26.7,5.8,86,528.3,22.9,-2.5,9.5,0.905,-1.3,6.9,17.1,0.0,101,99,2.197,32.2,1.006,99.2,1864,0.9,12.953
2425.2,17.3,20.34,19,0.700,20.4,73.1,2,73.3,19.6,86,535.1,57.9,-1.1,18.9,0.995,1.8,15.8,53.3,4.3,100,100,2.183,17.1,1.011,99.2,2019,17.3,13.030
2442.4,8.6,8.18,19,0.068,8.5,73.3,2,33.5,14.8,86,536.0,60.0,-0.8,17.5,1.011,-3.7,13.8,40.0,0.8,101,96,2.185,21.9,0.988,99.2,1803,4.9,12.984
2459.6,9.7,9.28,19,0.431,11.0,72.9,2,45.0,11.8,86,546.3,20.4,-2.7,5.5,0.976,-0.3,1.3,1.0,0.0,101,96,2.157,30.6,0.899,99.2,1792,7.2,12.960
2476.8,11.5,15.38,19,0.714,19.2,72.8,2,66.3,23.2,86,556.0,63.7,0.7,19.8,1.000,0.1,17.0,57.4,0.2,100,99,2.182,15.7,1.002,99.2,2004,16.0,13.006
2494.0,0.0,2.80,19,0.000,3.7,11.7,2,11.4,3.6,86,522.0,9.9,-3.1,3.6,1.999,0.0,0.8,0.0,1.2,101,81,3.628,-13.0,0.000,99.2,1517,0.0,13.040
2511.2,11.4,10.09,19,0.760,12.7,72.9,2,32.3,11.9,86,486.8,47.3,-3.1,12.2,1.000,-1.3,9.5,21.7,17.7,101,47,2.207,18.5,1.003,99.2,1399,8.2,12.975
2528.4,23.9,20.61,19,0.785,35.0,72.2,2,83.1,29.7,86,488.9,61.1,-0.4,23.5,1.371,0.5,18.8,51.6,4.9,101,43,2.117,7.8,1.006,99.2,1613,18.6,12.960
2545.6,0.4,2.74,19,0.000,3.5,72.4,2,16.2,3.5,86,479.8,13.5,-3.1,3.5,1.999,0.0,0.8,0.0,0.0,101,24,3.614,-10.1,0.292,99.2,1093,0.7,12.960
2562.8,11.4,11.90,19,0.678,12.9,72.9,2,62.6,13.5,86,476.9,56.5,-1.8,14.0,0.998,-0.5,11.1,19.4,0.0,101,44,2.140,17.4,0.996,99.2,1445,9.6,12.994
2580.0,1.4,2.73,19,0.895,3.5,74.1,2,33.3,8.8,86,443.7,33.7,-4.6,9.0,0.980,-0.9,6.1,14.5,22.2,101,11,1.944,10.9,0.917,99.2,998,3.8,13.007
2597.2,8.7,8.84,20,0.634,10.6,72.5,2,56.8,10.9,86,471.2,48.1,-1.6,11.3,1.005,-0.9,8.5,19.0,0.0,101,50,2.205,20.1,0.995,99.2,1329,6.7,12.960
2614.4,0.0,2.74,20,0.000,3.5,72.5,2,15.4,3.5,87,458.7,13.3,-3.1,3.5,1.999,0.0,0.8,0.0,0.0,101,48,3.553,-12.5,0.000,99.2,1217,0.0,13.040
2631.6,11.8,10.43,20,0.815,10.1,73.3,2,38.5,9.4,87,420.0,29.5,-2.7,8.2,0.998,-2.5,4.7,0.0,0.0,101,15,2.171,24.1,1.005,99.2,1465,12.3,12.955
2648.8,7.2,7.50,20,0.469,8.9,73.3,2,47.1,4.9,86,440.0,16.4,-3.1,3.9,1.078,0.0,1.0,0.0,0.0,101,43,2.916,-1.2,0.373,99.2,1275,5.1,12.960
2666.0,0.0,2.46,20,0.800,3.3,73.3,2,18.6,3.4,86,399.5,14.1,-3.1,3.5,1.013,-2.7,0.8,0.0,0.0,101,17,2.249,5.3,1.005,99.2,960,0.0,12.924
2683.2,2.2,3.28,20,0.764,4.1,72.5,2,19.9,4.2,86,372.0,17.6,-2.3,4.4,1.031,1.1,1.0,0.0,0.0,101,9,2.192,22.4,1.008,99.2,1207,1.5,12.962
2700.4,0.0,2.48,20,0.786,3.1,72.1,2,28.3,3.2,86,341.1,21.4,-10.2,3.2,1.024,0.0,0.8,0.0,0.0,101,3,2.195,4.0,0.996,99.2,737,0.0,13.108
2717.6,0.0,2.38,21,0.695,3.1,71.4,2,24.1,3.4,87,310.5,18.6,-10.2,3.5,1.004,-2.0,0.8,0.0,0.0,101,4,2.208,5.4,1.000,99.2,754,0.0,13.414
2734.8,0.0,2.30,23,0.765,3.3,70.6,2,27.9,3.1,87,286.3,21.2,-10.2,3.1,1.030,-5.2,0.8,0.0,0.0,101,0,2.235,-2.7,1.002,99.2,679,0.0,13.011
2752.0,0.0,0.95,23,0.790,6.3,70.6,2,0.0,6.3,87,276.0,0.0,7.0,6.7,1.423,0.0,1.6,0.0,0.0,101,0,2.553,9.0,0.999,99.2,275,0.0,12.800
2769.2,0.0,0.95,23,0.790,6.3,70.6,2,0.0,6.3,87,276.0,0.0,7.0,6.7,1.423,0.0,1.6,0.0,0.0,101,0,2.553,9.0,0.999,99.2,275,0.0,12.800
