BlueDriver Data Log
Nov 1, 2018 5:23:34 PM
Time (s),Engine Coolant Temperature (°C),Catalyst Temperature Bank 1 - Sensor 1 (°C),Absolute Throttle Position B (%),Evap. System Vapor Pressure (Pa),Fuel Level Input (%),Barometric Pressure (kPa),Vehicle Speed (km/h),Absolute Load Value (%),Ambient Air Temperature (°C),Long Term Fuel Trim Bank 1 (%),Commanded Throttle Actuator (%),Commanded Equivalence Ratio (λ),Timing Advance for #1 cylinder (°),Accelerator Pedal Position E (%),Short Term Fuel Trim Bank 1 (%),Calculated Engine Load Value (%),Accelerator Pedal Position D (%),Engine RPM (rpm),Mass Air Flow Rate (g/s),Relative Throttle Position (%),Control Module Voltage (V),Intake Air Temperature (°C),Commanded Evaporative Purge (%),Absolute Throttle Position (%)
0.0,,,,,,,,,,,,,,,,,,,,,,,,
3.0,87,632.0,18.9,12.1,25.3,100,124,61.8,27,-0.3,22.3,1.008,17.7,,,,,,,,,,,
6.0,87,632.0,16.1,27.7,24.9,100,127,56.6,27,-1.0,20.1,1.006,20.4,19.1,-0.2,75.9,19.8,2422,25.54,18.3,13.040,28,,
9.0,87,632.0,16.7,25.4,24.6,100,131,52.5,27,-1.6,17.9,1.003,23.2,17.5,-0.7,71.2,18.0,2463,24.69,17.4,13.040,28,91.5,19.6
12.0,87,631.9,18.8,12.0,24.4,100,132,54.2,27,-1.3,16.7,1.001,26.1,15.2,0.3,59.1,15.5,2480,20.97,13.8,13.040,28,86.8,16.2
15.0,87,628.5,11.8,14.5,24.0,100,132,42.4,27,-1.1,13.6,0.844,24.4,12.4,1.6,44.8,12.7,2484,15.36,6.7,13.040,28,67.7,9.2
18.0,87,623.4,6.1,14.5,23.5,101,128,14.0,27,0.8,6.6,0.068,-6.3,2.1,0.0,25.3,5.2,2396,9.49,3.2,13.040,28,42.3,6.2
21.0,87,601.3,5.9,0.1,23.8,102,123,11.8,27,-1.6,5.5,0.000,-9.0,0.0,0.0,13.7,0.0,2282,4.79,0.4,13.040,28,0.1,5.2
24.0,86,590.4,10.9,0.0,24.3,102,118,23.5,27,-3.2,7.7,0.159,-7.9,0.6,-0.0,15.8,0.2,2141,5.84,1.2,13.040,28,0.0,5.6
27.0,86,579.4,16.4,0.0,25.1,101,112,56.7,27,-0.8,17.1,1.013,19.8,16.3,-2.9,48.2,9.8,2122,11.94,1.3,13.006,28,4.1,5.5
30.0,86,577.6,5.3,0.1,25.5,101,109,32.4,27,-0.8,17.6,1.011,20.0,19.3,-2.4,71.6,18.7,2198,19.70,4.8,12.960,28,12.2,4.9
33.0,86,580.2,16.1,1.2,25.3,101,106,22.5,27,-0.8,20.0,1.004,19.9,28.9,0.0,88.3,29.2,2609,32.93,35.3,12.967,28,46.5,22.5
36.0,86,589.1,40.6,4.1,24.7,101,107,73.7,27,-0.7,36.0,1.004,12.7,28.8,0.4,87.4,29.3,2679,33.77,36.4,12.960,28,84.7,44.0
39.0,86,592.8,36.5,9.3,24.6,101,106,74.4,27,-0.8,37.2,1.003,18.5,26.9,1.5,80.7,26.8,2974,35.00,28.8,12.964,27,85.1,39.4
42.0,86,600.0,28.6,19.1,24.3,101,110,69.7,27,-0.8,33.0,1.002,21.1,23.4,1.6,78.4,24.6,2662,31.40,28.0,12.960,27,85.9,34.4
45.0,86,605.6,30.7,9.5,24.1,101,111,71.9,27,-0.8,31.3,1.000,21.3,20.3,1.6,76.1,20.9,2127,23.98,24.5,12.962,27,87.8,31.3
48.0,86,609.7,29.7,5.8,23.8,101,112,73.9,27,-0.8,32.5,0.998,15.0,22.7,1.6,80.0,21.6,2314,25.69,21.5,13.040,27,89.0,28.5
51.0,86,612.6,25.9,9.9,23.5,101,114,71.3,27,0.0,26.2,0.994,14.3,21.5,2.0,79.8,21.4,2259,25.39,21.6,13.008,27,89.9,25.6
54.0,87,616.1,23.1,0.8,23.5,100,115,68.4,27,0.0,24.5,0.995,14.0,20.2,1.7,78.5,20.7,2205,24.71,21.1,12.972,27,90.2,23.9
57.0,87,616.0,23.3,4.0,23.7,100,117,66.7,27,0.0,23.1,0.998,14.3,19.1,0.9,76.2,19.5,2191,23.66,19.2,13.040,28,91.0,23.5
60.0,87,616.0,23.1,5.6,24.0,100,118,66.4,27,0.0,23.1,0.998,15.5,18.4,1.6,73.8,18.4,2253,23.61,17.8,13.040,28,91.2,22.4
63.0,87,616.0,21.6,0.0,24.7,100,120,62.7,27,0.0,20.9,1.000,18.2,18.4,0.3,73.7,18.4,2283,23.72,17.1,13.040,28,91.1,21.2
66.0,87,619.0,23.3,0.0,25.1,100,122,66.1,27,0.0,22.8,1.001,19.0,19.0,-0.6,74.7,18.4,2328,23.69,17.0,13.040,28,90.2,23.5
69.0,87,616.7,16.6,0.0,25.5,101,124,68.6,27,0.0,26.7,1.001,16.0,20.8,0.0,78.8,18.4,2351,20.82,2.1,13.040,28,40.4,13.9
72.0,87,611.9,5.1,0.0,25.9,101,116,13.0,27,-2.4,14.1,1.069,22.1,14.2,1.4,54.7,15.8,2259,18.66,3.9,13.022,28,14.6,7.7
75.0,87,600.7,16.3,0.0,25.7,101,115,30.8,27,-2.8,10.1,1.092,25.6,9.2,2.6,26.9,12.1,2100,14.73,10.3,12.961,28,92.9,21.6
78.0,87,601.1,26.6,0.2,25.4,100,112,68.1,27,-0.0,23.2,1.004,14.5,20.8,-0.8,81.6,22.4,2195,23.02,21.0,12.960,28,89.9,27.1
81.0,87,604.1,35.2,0.8,25.1,101,112,75.1,27,-0.8,36.2,1.000,15.4,19.9,0.5,79.6,17.9,2181,23.30,22.4,12.985,28,87.8,31.8
84.0,87,606.5,29.2,0.4,25.1,101,112,74.1,27,-0.5,34.4,0.996,15.1,20.4,1.7,78.9,14.6,2151,19.83,14.5,13.040,28,91.8,20.4
87.0,87,610.2,27.0,0.3,25.1,100,112,72.3,27,0.0,29.4,0.991,12.0,25.0,2.3,85.8,26.2,2425,29.38,23.5,13.040,28,89.0,27.2
90.0,87,616.0,34.4,1.8,24.7,101,112,73.6,27,-0.5,33.1,0.996,13.0,25.5,2.3,84.5,26.1,2523,30.25,29.6,13.040,28,86.3,35.0
93.0,87,618.6,35.0,0.7,24.5,101,114,73.7,27,-0.8,35.2,0.999,14.6,25.1,2.3,82.1,25.2,2689,31.84,30.2,13.040,28,86.3,35.6
96.0,87,621.6,30.2,8.1,24.1,101,116,70.6,27,-0.8,33.6,1.000,16.5,22.4,2.3,78.8,20.0,2710,23.50,22.2,12.984,28,88.7,29.1
99.0,87,624.0,21.6,21.4,23.5,100,116,54.1,27,-0.8,16.5,0.997,23.7,14.3,2.3,55.1,16.4,2390,19.95,15.0,12.930,28,90.6,23.7
102.0,87,624.1,22.0,0.0,23.9,100,116,60.6,27,-0.4,19.4,0.996,21.2,14.2,1.8,54.7,16.1,2191,18.83,10.6,12.880,28,91.4,22.0
105.0,87,624.0,18.3,0.0,24.0,100,116,61.8,27,-0.1,23.0,0.994,13.5,19.2,0.8,77.3,19.6,2202,23.88,10.9,12.985,28,91.0,22.5
108.0,87,624.2,6.6,0.0,24.3,101,116,13.4,27,-3.7,5.6,0.657,5.6,13.6,0.6,59.9,14.6,2172,19.46,10.6,13.117,28,90.2,23.5
111.0,87,619.9,7.2,0.0,24.3,101,116,12.0,27,-3.8,5.1,0.023,-11.2,0.6,0.0,14.3,0.7,2098,4.62,0.7,13.039,28,66.0,19.0
114.0,87,592.9,26.2,0.1,25.5,100,109,18.1,27,-3.6,6.1,0.060,-11.9,0.0,0.0,12.5,0.1,2089,4.02,0.6,12.882,28,1.5,5.8
117.0,87,592.3,26.3,0.0,25.5,100,108,64.3,27,-0.8,22.4,0.994,15.1,8.0,0.5,33.5,6.5,2162,9.85,5.1,12.911,28,12.9,8.3
120.0,87,601.2,26.5,2358.1,25.5,100,108,64.4,27,-0.8,22.4,0.994,15.0,20.0,1.6,80.3,21.6,2351,26.52,21.5,13.040,28,88.3,26.1
123.0,87,600.5,26.6,0.0,25.1,101,110,70.4,27,-0.4,23.9,0.997,15.0,20.0,1.4,78.3,21.1,2342,26.46,21.6,13.040,28,88.2,26.3
126.0,87,601.0,22.6,0.0,25.1,101,110,70.6,27,0.0,25.9,1.001,15.0,20.0,0.0,51.4,11.6,2093,18.53,19.8,13.040,28,89.0,20.5
129.0,87,604.2,6.0,0.0,25.1,101,110,37.5,27,-2.1,15.1,0.998,8.9,12.2,0.0,42.0,9.1,2065,16.51,17.0,13.042,28,90.2,11.4
132.0,87,596.4,7.4,0.3,25.1,101,108,24.9,27,-3.5,5.9,0.996,0.7,0.0,0.0,12.1,0.1,1955,3.88,0.7,13.097,28,43.3,7.8
135.0,87,584.2,10.2,0.8,25.1,101,102,51.1,27,-0.8,16.2,1.013,20.9,8.6,-0.5,31.6,6.4,1977,8.46,3.9,13.087,28,4.5,4.4
138.0,87,584.0,7.9,0.5,24.8,101,103,42.2,27,-1.6,13.6,1.006,15.4,12.3,-0.7,61.3,16.9,2040,20.77,16.5,13.040,28,68.6,6.6
141.0,87,583.7,5.1,0.0,24.3,101,104,22.3,27,-3.9,5.7,0.979,-11.1,0.3,0.0,37.7,9.7,1990,14.34,11.3,13.015,28,54.2,6.2
144.0,87,572.6,4.6,0.0,24.3,101,102,17.0,27,-3.9,5.6,0.957,-2.6,1.4,0.5,15.7,1.9,1925,3.82,0.8,12.960,28,0.4,6.0
147.0,87,569.9,5.5,4.9,24.2,101,100,11.4,27,-3.9,5.9,0.885,38.8,9.9,3.9,37.4,11.5,1933,12.22,4.3,12.999,28,37.9,8.1
150.0,86,564.5,9.9,23.3,23.5,99,102,36.5,27,-2.2,8.3,0.934,35.7,10.4,0.3,39.2,11.6,1929,12.28,8.0,13.040,28,94.1,11.8
153.0,86,564.0,8.0,15.3,23.5,99,102,33.1,27,-1.1,10.2,1.009,29.5,11.8,-8.6,46.4,12.2,1952,13.94,12.9,13.040,28,93.4,14.2
156.0,86,563.2,5.1,0.0,23.5,101,104,19.8,27,-3.9,5.3,0.979,30.1,10.5,-4.5,39.3,11.1,1944,12.03,9.7,13.040,28,74.7,13.7
159.0,86,552.8,4.9,0.0,24.1,101,103,15.5,27,-3.9,4.9,0.980,30.6,10.0,-1.0,33.9,10.0,1937,9.59,3.9,13.040,28,15.3,4.8
162.0,86,552.0,8.5,0.0,24.7,101,102,11.6,27,-3.9,4.3,0.993,30.7,15.4,-3.8,65.4,16.2,1938,19.51,8.9,13.040,28,37.0,9.3
165.0,86,553.5,27.7,0.0,25.1,101,99,73.5,27,-2.4,13.1,0.993,31.0,15.3,-3.9,65.2,16.1,1929,19.39,17.3,13.040,28,91.4,21.6
168.0,86,552.1,27.8,0.0,25.1,101,98,73.6,27,0.0,28.9,0.992,20.6,19.2,-1.2,73.4,19.1,2083,22.45,19.5,13.040,28,90.8,22.7
171.0,86,561.1,29.7,0.4,24.7,101,99,74.6,27,-0.2,30.1,0.994,11.7,23.7,2.2,85.5,23.9,2362,28.56,25.9,13.040,28,86.7,30.9
174.0,86,570.6,31.2,0.7,24.3,101,100,76.1,27,-0.8,32.9,0.999,12.5,25.1,1.6,86.2,25.0,2482,29.87,24.2,12.995,28,88.5,29.7
177.0,86,580.0,30.6,0.0,23.9,101,100,75.5,27,-0.2,31.6,1.000,12.2,25.3,1.6,85.6,24.3,2513,29.38,23.2,12.979,28,90.9,27.7
180.0,86,586.8,31.5,0.0,23.5,101,101,75.3,27,0.0,31.7,0.999,11.5,25.8,1.6,84.3,22.0,2462,26.58,23.5,13.040,28,89.8,30.1
183.0,86,594.3,32.1,0.0,23.1,101,102,75.3,27,0.0,33.3,0.995,10.0,25.9,2.1,85.1,24.7,2432,27.79,26.3,13.040,28,88.5,31.5
186.0,86,604.0,31.8,0.0,22.7,101,105,74.7,27,-0.5,32.1,0.997,11.1,23.9,1.6,83.2,24.6,2325,27.60,27.5,13.040,27,86.8,33.3
189.0,86,606.8,13.6,0.0,22.9,101,105,44.2,27,-2.1,21.4,0.644,5.0,16.0,0.6,66.4,17.9,2111,23.06,22.5,13.040,27,89.4,28.2
192.0,86,599.2,4.6,0.0,23.6,101,96,13.1,27,-3.6,5.3,0.000,-11.6,0.0,0.0,14.2,0.0,1764,3.54,0.9,13.040,27,31.1,13.5
195.0,87,584.7,3.9,0.0,24.7,101,74,12.6,27,-2.3,4.0,0.004,-12.3,0.1,0.0,15.2,0.0,1466,3.22,0.6,13.040,27,0.0,3.9
198.0,87,568.1,3.9,0.0,25.1,101,67,14.7,27,-2.3,5.1,0.500,11.9,5.1,0.4,31.1,4.1,1254,5.07,2.5,13.022,28,3.7,4.5
201.0,87,565.2,9.0,15.4,25.1,100,65,33.5,27,-1.7,8.7,0.930,30.0,12.2,-0.5,58.7,12.3,1273,10.44,9.0,12.961,28,38.9,12.2
204.0,87,565.9,17.2,15.0,24.8,100,67,58.1,27,-0.6,15.1,1.012,10.5,16.2,-5.5,78.4,17.3,1539,17.40,18.8,13.040,28,72.5,20.0
207.0,87,570.9,24.2,0.0,24.3,101,70,70.6,27,0.0,24.3,1.003,11.0,19.2,0.0,79.5,18.6,1780,19.69,19.2,13.040,28,91.5,24.7
210.0,87,580.0,23.9,0.0,23.9,100,78,70.6,27,0.0,23.5,1.002,12.1,19.0,0.0,79.1,19.2,1927,21.21,19.6,13.040,28,90.8,24.1
213.0,87,585.8,26.6,0.0,23.7,101,82,72.1,27,0.0,25.2,0.999,12.9,19.7,0.6,78.8,19.7,1990,21.92,19.8,13.037,28,89.8,25.9
216.0,87,593.6,26.6,3.2,23.4,101,88,73.5,27,0.0,28.6,0.995,12.5,22.4,3.1,82.4,22.4,2250,26.06,23.5,12.960,28,89.0,27.0
219.0,87,601.5,25.4,7.4,23.1,101,94,72.9,27,0.0,31.0,0.998,10.5,21.9,2.6,80.4,21.7,2201,25.40,23.3,12.960,28,88.6,27.8
222.0,87,608.1,27.1,5.2,23.1,101,98,71.9,27,0.0,29.0,1.000,11.8,21.8,2.0,80.0,21.6,2208,25.31,23.1,12.971,28,88.6,27.8
225.0,87,610.6,28.0,3.7,23.1,101,102,72.3,27,0.0,27.9,1.001,13.5,22.1,1.5,81.7,22.4,2327,26.71,23.1,13.040,28,88.2,28.2
228.0,87,613.8,28.8,1.5,23.1,101,105,73.5,27,-0.1,28.6,1.002,13.5,22.7,0.8,83.5,22.7,2437,27.98,23.7,13.040,28,87.3,28.7
231.0,87,618.0,29.4,1.4,23.1,101,106,72.9,27,-0.8,28.6,1.000,14.0,22.7,1.4,82.9,22.7,2437,28.00,23.9,13.040,28,87.0,29.2
234.0,87,624.0,30.6,7.0,23.1,101,110,74.4,27,-0.8,29.6,1.001,13.4,23.1,2.0,82.7,23.1,2468,28.53,24.3,13.040,28,87.5,29.5
237.0,87,627.1,30.6,2.2,22.9,101,110,74.1,27,-0.8,31.0,1.002,12.7,24.4,2.3,83.2,24.1,2534,29.86,25.6,13.040,27,87.5,30.6
240.0,87,630.1,32.9,0.0,22.6,101,111,73.5,27,-0.8,32.9,1.001,12.3,26.6,2.3,84.7,26.7,2637,31.64,30.2,13.040,27,86.6,33.8
243.0,87,633.1,33.9,0.9,22.5,101,112,72.9,27,-0.8,35.2,0.998,15.0,25.9,3.1,83.5,26.1,2655,31.07,25.5,13.040,27,87.4,31.5
246.0,87,636.3,29.9,4.2,22.7,101,114,72.9,27,0.0,30.2,1.001,11.9,25.1,2.6,83.7,25.2,2576,30.19,24.7,13.040,27,88.1,28.6
249.0,87,640.0,33.3,5.0,22.7,101,114,72.9,27,-0.5,31.9,1.000,11.8,24.9,2.6,83.5,24.8,2535,29.80,27.5,13.040,27,86.7,32.8
252.0,87,640.0,32.6,2.2,22.7,101,115,72.6,27,-0.8,32.9,0.999,13.4,24.8,3.1,82.3,24.9,2603,30.37,27.5,13.040,27,86.3,31.0
255.0,87,641.6,31.3,0.0,22.7,101,116,72.2,27,-0.8,31.4,0.998,13.0,23.1,3.1,79.6,22.4,2475,27.47,24.1,12.931,27,87.5,29.4
258.0,87,644.0,28.9,0.0,22.7,100,116,72.2,27,-0.8,25.9,0.996,15.7,17.1,3.1,64.6,18.8,2303,23.95,17.1,12.954,27,89.3,26.5
261.0,87,644.0,23.9,0.0,22.7,100,116,68.0,27,-0.2,24.3,0.996,14.0,17.3,2.4,67.1,18.1,2205,22.28,13.7,13.040,27,91.3,21.8
264.0,87,640.0,17.2,13.7,23.0,100,116,63.7,27,-0.4,22.6,1.000,12.9,19.6,1.4,78.1,19.8,2212,23.75,19.3,13.033,27,92.9,11.8
267.0,87,640.0,20.2,9.4,23.1,100,117,63.2,27,-0.6,22.4,1.004,14.1,19.9,0.9,78.4,20.4,2212,24.37,20.4,12.960,27,90.5,21.3
270.0,87,640.0,27.2,0.0,23.1,100,118,68.0,27,-0.0,24.8,0.998,12.0,22.7,3.1,77.3,22.8,2313,26.54,23.7,12.960,27,88.6,28.1
273.0,87,640.0,32.0,0.0,23.1,101,120,72.9,27,-0.8,33.3,0.997,13.8,23.8,2.6,79.5,23.3,2573,25.24,19.3,12.994,27,88.8,29.5
276.0,87,640.0,27.1,0.0,23.1,100,123,71.8,27,-0.3,29.8,1.001,13.5,23.5,1.6,81.3,22.9,2671,25.07,14.9,13.040,27,90.9,25.3
279.0,87,642.7,28.8,0.0,22.9,100,127,69.6,27,-0.3,26.3,1.003,13.8,22.1,1.0,81.2,22.4,2532,29.01,24.3,13.040,27,87.5,29.8
282.0,87,644.0,28.3,0.6,22.7,100,131,67.2,27,-0.8,24.2,1.000,17.5,20.0,1.6,77.3,20.8,2500,27.32,21.4,13.040,27,88.2,27.4
285.0,87,644.0,22.6,1.6,22.7,100,134,65.9,27,-0.8,23.1,1.000,18.5,19.1,1.6,74.4,19.3,2530,25.96,18.8,13.040,27,81.4,19.4
288.0,87,644.0,5.5,0.0,23.1,101,133,28.7,27,0.2,12.8,1.065,23.8,13.1,4.3,51.0,15.3,2516,20.90,14.3,13.003,27,71.3,7.0
291.0,87,636.3,10.1,12.2,23.7,101,131,28.5,27,-0.0,8.9,1.091,28.7,7.4,6.5,20.7,10.0,2451,11.96,5.9,12.880,27,90.2,11.0
294.0,87,630.5,10.6,14.3,24.4,100,130,44.8,27,-1.4,16.5,1.009,24.5,14.1,-3.1,52.5,13.3,2487,14.62,5.9,12.983,27,60.4,8.0
297.0,86,626.7,6.5,2.4,24.7,101,130,14.1,27,0.8,5.9,1.096,31.8,7.2,2.7,27.8,8.5,2444,10.69,4.8,13.040,27,47.1,6.6
300.0,86,620.0,7.8,31.4,25.5,100,128,19.3,27,0.8,5.1,1.055,12.7,2.3,3.1,13.8,3.4,2387,5.99,2.8,13.040,27,58.2,8.7
303.0,86,606.5,6.6,13.3,25.7,101,123,17.5,27,-1.2,4.9,0.657,-8.7,0.0,0.0,12.8,0.0,2318,4.67,0.4,13.040,28,0.2,5.5
306.0,86,589.7,5.4,0.5,26.0,101,115,12.7,27,-3.9,5.1,0.051,-10.5,0.0,0.0,12.6,0.0,2126,4.15,0.4,13.040,28,0.0,5.0
309.0,86,575.1,8.0,7.2,26.3,101,106,10.2,27,-3.9,4.7,1.119,21.4,6.4,4.3,21.2,9.5,2003,12.25,7.1,13.040,28,0.0,10.4
312.0,86,572.0,24.7,66.7,26.3,101,103,24.6,27,-1.8,4.7,1.050,8.4,4.6,3.3,19.5,8.8,1915,13.32,10.0,13.040,28,4.1,20.0
315.0,86,569.2,21.9,49.9,26.3,101,100,49.3,27,-0.5,12.5,1.002,-6.1,5.2,-0.5,26.3,3.7,1935,6.22,2.0,13.039,28,28.7,14.1
318.0,86,569.7,15.0,25.6,26.2,101,98,58.8,27,-0.5,23.5,0.946,11.5,20.4,-2.3,81.6,20.8,2126,24.60,21.6,12.960,28,14.3,9.3
321.0,86,570.8,7.7,1.3,25.9,101,98,14.9,27,-3.9,5.5,0.002,-4.9,5.4,-0.7,36.6,11.3,1909,15.09,14.1,12.996,28,25.8,8.5
324.0,86,564.1,18.0,14.8,25.9,100,95,50.0,27,-2.0,14.4,0.560,2.2,8.7,-2.1,41.5,10.6,1835,11.19,8.7,13.040,28,61.2,13.4
327.0,86,566.7,20.9,6.0,25.5,101,96,66.5,27,-0.5,16.0,1.004,19.3,14.0,-4.2,66.2,15.5,1955,20.06,18.8,13.040,28,91.0,22.4
330.0,86,566.2,15.1,0.0,25.2,101,97,56.5,27,-0.4,6.5,0.887,34.0,0.0,-2.3,16.5,0.4,1801,4.25,4.5,13.040,28,33.4,11.2
333.0,86,561.2,6.0,0.4,25.5,101,94,11.8,27,-2.3,5.1,0.001,-10.4,0.0,-0.6,16.8,0.1,1720,4.30,0.6,13.040,28,8.7,7.2
336.0,86,552.0,15.3,2.5,25.9,101,90,44.1,27,-1.3,11.7,0.627,5.6,7.4,-2.2,39.6,6.9,1719,9.25,5.3,13.018,28,32.1,14.0
339.0,86,554.8,15.3,16.9,25.5,101,91,54.3,27,-0.8,15.8,1.012,18.3,15.7,-4.5,70.3,16.9,1785,18.00,16.7,12.961,28,92.2,22.4
342.0,86,557.8,20.1,17.8,25.0,101,92,56.4,27,-0.7,17.9,1.011,13.5,18.4,-3.9,79.2,18.8,1776,20.05,22.0,13.040,28,91.0,24.9
345.0,86,561.9,27.5,2.5,24.7,101,94,73.7,27,0.0,27.1,0.998,12.0,20.6,-0.2,81.7,20.5,2037,23.09,22.3,13.040,28,89.7,26.8
348.0,86,572.1,27.1,11.2,24.3,101,97,72.1,27,0.0,25.3,0.999,10.8,20.7,0.9,81.6,20.9,2178,24.92,21.9,13.040,28,88.7,26.9
351.0,86,577.1,26.1,4.6,24.1,101,100,71.0,27,0.0,24.2,0.999,10.1,19.7,0.1,79.2,19.7,2078,23.11,18.8,13.040,28,90.2,24.7
354.0,86,583.2,22.8,1.8,23.7,101,102,60.2,27,-0.5,23.5,0.998,12.0,20.0,0.8,79.2,20.4,2125,23.88,20.2,13.040,28,90.2,24.5
357.0,86,588.0,18.5,5.2,23.1,101,104,14.1,27,-3.9,11.8,0.995,21.3,17.2,-2.4,71.9,18.4,2019,21.92,19.9,13.006,28,90.6,23.7
360.0,87,588.0,22.4,5.2,23.1,100,104,51.2,27,-1.4,16.2,0.991,26.2,14.8,-0.5,62.0,15.9,1954,18.78,17.1,12.974,28,84.0,21.9
363.0,87,588.0,18.2,25.7,22.9,101,104,61.8,27,-0.3,18.3,0.991,28.1,10.4,3.7,48.0,11.8,1956,14.36,10.6,13.040,28,15.0,15.3
366.0,87,586.1,11.3,23.8,22.8,101,103,46.4,27,-1.4,15.1,0.870,27.2,0.4,3.1,22.0,0.8,1913,4.37,2.5,13.040,28,16.2,9.7
369.0,87,579.5,5.9,2.6,23.1,101,100,13.3,27,-3.9,5.5,0.002,-11.4,0.1,0.9,16.4,0.3,1850,3.95,0.4,13.040,28,10.4,5.6
372.0,87,564.0,9.8,21.0,23.9,101,97,47.3,27,-1.9,14.0,0.590,1.9,7.4,-0.7,36.3,6.3,1847,8.42,2.0,12.992,28,0.0,4.6
375.0,87,564.0,14.3,8.4,23.9,101,98,64.4,27,-0.5,21.1,1.009,14.1,17.2,-1.6,72.1,17.3,1922,18.65,7.1,12.800,28,0.1,7.5
378.0,87,567.7,21.2,0.0,23.8,101,100,68.4,27,0.0,24.7,1.002,10.2,20.4,-1.6,82.0,20.8,2062,23.69,19.3,12.920,28,59.1,19.8
381.0,87,573.0,27.0,0.7,23.4,101,102,71.5,27,0.0,27.1,0.997,14.5,21.8,1.6,81.4,21.4,2237,22.61,18.4,13.005,28,62.3,25.5
384.0,87,576.4,26.6,3.5,23.1,101,106,72.2,27,0.0,26.8,0.993,12.9,21.5,2.3,81.0,21.4,2270,23.50,16.9,13.059,28,47.4,23.5
387.0,87,584.1,24.3,0.8,22.6,101,107,70.2,27,0.0,25.5,0.992,12.8,20.4,1.5,79.7,19.7,2186,23.17,18.6,13.087,28,91.0,23.5
390.0,87,586.5,21.8,18.7,22.4,101,108,66.5,27,-0.3,22.9,0.996,14.7,18.7,0.1,76.2,15.9,2073,16.38,11.8,12.960,28,38.4,20.8
393.0,87,588.0,19.2,212.5,22.4,101,108,62.0,27,-0.8,19.8,1.001,17.0,16.5,0.8,68.2,14.1,2051,14.93,12.1,12.960,28,25.4,19.6
396.0,87,588.0,17.5,669.9,22.4,101,110,58.0,27,-0.8,17.6,0.998,17.3,16.2,1.7,67.1,15.0,2056,16.63,10.9,12.988,28,21.5,17.9
399.0,87,588.1,14.9,2110.0,22.6,101,109,52.1,27,-0.8,15.9,1.000,19.7,15.6,1.4,66.2,15.9,2059,18.78,9.7,13.040,28,14.2,13.3
402.0,87,588.0,17.2,964.5,22.9,101,109,45.1,27,-0.8,13.9,1.001,23.2,13.3,-0.2,61.0,14.9,2049,19.26,14.1,13.040,28,92.9,17.4
405.0,87,586.3,13.2,0.0,23.2,100,110,33.6,27,-1.3,11.4,1.011,26.0,6.3,-1.6,27.1,0.0,2037,4.51,5.5,13.040,28,88.7,13.1
408.0,87,582.3,4.2,0.0,23.5,101,110,10.2,27,-3.9,4.7,1.119,28.0,7.7,5.0,23.9,4.9,2021,5.45,2.5,13.040,28,68.3,8.8
411.0,87,576.0,3.9,0.0,23.9,101,108,10.2,27,-3.9,4.7,0.438,5.6,4.0,4.0,18.5,5.9,1993,5.72,1.9,13.018,28,37.7,7.2
414.0,87,569.8,9.3,0.0,24.4,101,106,29.4,27,-2.4,10.4,0.440,-0.5,5.4,-0.7,24.0,5.0,1981,5.91,1.9,12.966,28,13.3,7.5
417.0,87,568.0,14.2,20.5,24.7,101,105,50.4,27,-0.8,17.2,1.010,19.6,15.8,-2.0,54.9,11.0,2066,10.86,4.7,13.040,28,13.6,13.5
420.0,87,569.7,20.4,26.6,24.7,101,107,54.9,27,-0.8,16.9,1.002,18.0,18.0,0.0,74.9,19.2,2125,23.84,17.1,12.925,28,58.0,21.2
423.0,86,572.0,24.6,6.1,24.7,101,110,32.2,27,-0.8,5.5,0.999,26.7,13.2,-1.1,44.8,7.3,2081,12.90,10.5,12.958,28,58.9,21.9
426.0,86,572.0,15.7,7.0,25.1,101,110,25.6,27,-0.8,8.1,0.996,23.5,6.2,-0.9,22.5,2.3,2050,4.76,1.2,13.040,27,0.0,12.9
429.0,86,569.4,14.0,3.0,25.1,101,109,26.7,27,-0.8,8.4,0.989,20.9,1.5,0.1,14.5,6.7,2047,5.78,3.5,13.040,27,0.2,12.5
432.0,86,568.0,13.9,17.1,25.1,101,108,31.7,27,-0.8,5.9,0.980,32.0,7.8,0.8,23.6,10.6,2001,12.89,8.5,13.040,27,0.0,14.5
435.0,86,567.4,15.8,55.3,25.1,101,108,28.2,27,-0.8,6.3,0.999,36.3,9.3,-1.1,29.7,11.0,2006,12.51,9.7,13.040,27,5.4,15.9
438.0,86,564.1,16.5,0.0,25.1,101,108,49.4,27,-0.8,13.9,1.001,28.6,13.1,-2.3,46.0,13.3,2033,14.29,10.3,13.030,28,16.7,15.3
441.0,86,568.6,14.0,0.0,24.9,101,108,48.6,27,-1.7,18.0,1.002,16.4,17.3,-2.3,73.3,18.3,2100,22.20,17.3,12.960,28,67.6,19.1
444.0,86,572.0,13.6,0.0,24.7,101,108,19.2,27,-3.9,8.6,0.994,30.5,13.3,-2.3,51.5,13.7,2057,21.12,16.8,13.003,28,50.3,20.8
447.0,86,572.0,19.6,0.0,24.3,101,108,64.3,27,-1.7,6.8,0.989,14.6,5.9,-1.1,33.3,7.4,2021,14.58,12.3,13.040,28,25.9,20.1
450.0,86,569.0,20.2,0.0,24.3,101,108,63.4,27,-0.4,11.6,0.991,9.2,4.5,0.2,26.1,3.3,2012,6.43,1.6,13.040,28,14.9,15.7
453.0,86,568.0,16.6,0.0,24.3,101,108,58.3,27,-0.2,19.1,0.995,20.3,14.2,0.9,56.1,14.1,2062,16.09,2.0,13.040,28,4.3,8.1
456.0,86,567.0,11.4,0.0,24.4,101,108,45.3,27,-0.8,16.9,0.979,23.5,15.3,3.1,58.8,3.6,2071,8.56,1.3,13.040,28,2.4,5.8
459.0,86,564.0,7.8,0.0,25.1,101,106,15.8,27,-3.0,9.1,1.001,29.8,10.8,2.7,40.3,4.1,2023,6.46,3.3,13.016,28,13.5,8.9
462.0,86,564.0,6.7,0.0,25.1,101,105,42.0,27,-2.2,14.1,1.013,27.4,11.2,1.7,32.4,11.4,1993,11.25,9.4,12.961,28,56.5,19.2
465.0,86,566.0,19.9,0.8,25.0,101,105,63.9,27,-0.2,22.8,1.009,11.4,23.5,-0.8,85.5,25.5,2312,28.26,29.0,13.040,28,77.1,30.4
468.0,86,569.0,34.9,1.5,24.6,101,106,47.8,27,-0.8,5.1,0.989,32.5,11.8,-0.8,47.0,13.4,2066,18.07,23.9,13.040,28,87.6,33.3
471.0,86,572.0,31.4,0.0,23.9,101,104,68.1,27,-0.2,22.0,0.996,22.0,18.3,0.3,56.1,15.1,2168,18.76,20.3,13.040,27,89.5,27.8
474.0,86,580.5,30.6,0.0,23.4,101,105,74.5,27,0.0,28.4,0.999,16.5,21.7,1.6,79.2,23.0,2439,29.47,21.9,13.040,27,90.2,24.3
477.0,86,586.0,27.3,7.9,23.0,101,107,72.4,27,0.0,24.0,0.997,25.2,13.4,1.5,53.3,14.9,2012,19.80,16.9,13.101,27,79.5,23.5
480.0,86,588.0,19.4,14.5,22.6,101,108,64.3,27,-0.0,24.7,0.997,12.0,20.0,-0.8,80.8,18.9,2090,22.72,19.3,13.077,27,81.5,24.3
483.0,86,588.0,4.7,0.0,22.0,101,108,11.1,27,-3.9,10.5,1.077,22.0,16.1,5.4,62.0,17.8,2080,21.44,19.6,13.040,27,85.4,25.4
486.0,86,585.0,17.5,14.9,21.5,101,108,18.3,27,-3.9,4.7,0.657,21.2,11.6,7.6,38.1,14.4,2020,17.09,15.6,13.040,27,64.3,22.7
489.0,86,581.9,17.9,31.0,21.0,101,107,33.2,27,-3.1,7.5,0.169,7.3,8.2,0.5,23.5,12.8,2000,14.78,11.0,13.040,27,28.7,12.4
492.0,86,581.1,14.8,33.5,20.7,101,106,52.8,27,-0.8,17.6,0.979,9.5,0.0,7.8,14.2,4.7,1991,8.07,9.5,12.994,28,21.6,13.8
495.0,86,584.0,20.8,0.0,20.4,101,104,64.3,27,0.0,21.6,1.000,10.9,11.9,2.9,48.3,13.8,2108,14.27,15.1,12.983,28,37.2,22.1
498.0,86,589.5,30.0,0.0,20.4,101,106,69.8,27,-0.3,28.1,1.009,12.7,23.0,-0.7,83.6,24.6,2331,27.77,27.7,13.040,28,86.7,33.3
501.0,86,593.8,35.2,0.0,20.4,101,109,74.9,27,-0.8,35.3,1.003,14.5,25.9,2.3,83.9,25.9,2712,32.57,30.2,13.040,28,86.4,34.8
504.0,86,597.8,34.6,0.0,20.5,101,112,73.8,27,-0.8,35.7,0.997,15.5,25.6,2.3,82.8,22.3,2515,27.58,22.9,13.040,28,88.4,32.0
507.0,86,604.0,29.8,0.0,21.2,101,116,76.1,27,-0.8,34.3,0.998,14.1,25.7,1.9,82.7,23.2,2507,27.10,20.9,13.017,27,90.0,28.3
510.0,86,610.0,20.9,0.0,21.5,101,116,71.4,27,-0.4,29.0,1.001,14.8,22.4,1.8,75.9,23.6,2558,29.90,28.6,12.959,27,86.3,35.3
513.0,86,612.0,20.4,5.8,21.9,101,115,69.0,27,0.0,25.5,1.004,17.6,14.6,2.3,53.4,14.6,2187,20.47,15.7,12.880,27,44.7,25.1
516.0,86,613.1,24.7,11.5,22.4,101,114,72.1,27,0.0,31.8,0.996,11.0,23.1,2.3,82.4,19.2,2320,23.27,18.2,12.926,28,57.8,23.5
519.0,86,616.3,27.7,5.9,22.7,101,112,71.4,27,0.0,28.3,1.001,13.0,22.4,0.9,81.7,21.0,2382,26.19,22.3,13.001,28,88.7,28.3
522.0,87,620.0,32.5,0.0,22.5,101,112,72.4,27,-0.4,28.7,1.001,14.2,22.2,0.8,81.3,22.1,2403,27.78,26.0,13.067,28,86.7,32.2
525.0,87,622.4,33.4,0.0,22.4,101,112,74.2,27,-0.8,31.5,0.999,14.2,22.9,2.3,81.7,21.9,2420,26.62,23.9,12.960,28,87.5,31.3
528.0,87,625.5,33.4,2.0,22.5,101,112,75.6,27,-0.8,35.3,0.999,12.5,25.9,2.3,82.7,26.3,2637,30.53,29.1,13.013,27,86.8,34.3
531.0,87,628.6,31.4,6.8,22.7,101,112,72.9,27,-0.8,34.5,1.000,13.2,25.6,1.9,82.7,26.1,2658,31.51,30.3,13.040,27,87.3,34.0
534.0,87,632.0,27.8,3.5,22.7,101,115,71.9,27,-0.8,26.4,1.001,12.4,23.7,1.0,81.9,24.3,2542,29.57,27.3,13.040,27,89.3,27.5
537.0,87,632.0,24.4,17.8,22.3,101,117,69.0,27,-0.5,21.7,1.001,11.2,21.1,0.2,80.0,21.1,2252,25.20,22.0,13.040,27,88.6,27.1
540.0,87,632.0,18.8,16.8,21.7,101,118,55.5,27,-0.6,21.8,0.999,12.0,20.4,1.6,77.3,20.4,2287,25.19,16.0,13.040,27,34.5,20.4
543.0,87,631.1,12.4,0.0,20.8,101,120,14.1,27,-3.9,9.0,0.994,32.9,11.4,-1.8,47.9,16.3,2280,20.00,11.8,13.040,27,0.0,15.4
546.0,87,628.0,6.7,0.0,20.4,101,120,12.4,27,-3.9,6.5,0.375,10.2,6.0,-1.5,24.7,10.6,2250,12.39,7.0,13.040,27,0.0,13.6
549.0,87,616.3,5.6,0.0,20.2,101,118,11.4,27,-3.9,5.4,0.320,3.7,4.9,2.3,16.0,6.3,2203,5.67,1.0,13.040,28,0.1,5.1
552.0,87,606.3,12.6,19.4,19.9,101,115,24.3,27,-3.2,8.4,0.898,35.7,8.6,9.4,24.3,8.2,2150,8.37,5.9,13.040,28,8.1,11.1
555.0,87,600.9,22.9,37.6,19.6,101,114,68.2,27,0.0,23.5,1.007,13.5,17.2,1.2,62.0,16.5,2206,18.30,14.0,13.040,28,46.9,19.1
558.0,86,604.2,27.8,0.0,19.6,101,116,73.1,27,-0.5,27.4,1.003,13.2,21.8,-0.8,81.0,22.1,2373,27.02,22.8,13.046,28,89.0,27.1
561.0,86,612.0,17.1,0.0,19.9,101,116,65.2,27,-0.8,26.2,1.002,13.6,22.3,-0.2,83.2,23.0,2472,29.68,26.8,13.058,28,86.3,32.9
564.0,86,612.0,17.5,20.9,20.0,101,115,43.3,27,-0.8,20.3,1.006,16.2,18.7,-0.5,76.0,19.9,2198,24.47,20.4,13.040,28,89.1,26.6
567.0,86,612.0,20.4,36.7,20.2,101,114,22.8,27,-0.8,14.1,1.013,24.5,11.4,1.6,42.0,12.9,2150,18.34,14.9,13.040,28,53.1,22.5
570.0,86,611.2,19.3,28.6,20.8,101,114,39.2,27,-0.8,13.7,0.995,24.9,13.3,2.1,48.6,5.1,2143,10.56,6.9,13.004,28,20.2,16.5
573.0,86,608.0,9.8,0.0,20.8,101,114,55.5,27,-0.3,18.8,1.006,19.8,16.3,0.1,58.2,5.5,2145,9.77,1.9,12.977,28,7.2,7.6
576.0,86,605.4,6.9,0.0,20.6,101,113,42.8,27,-1.4,16.4,0.973,18.7,16.5,-0.7,62.3,15.3,2155,19.70,5.5,13.040,28,11.5,5.5
579.0,86,601.1,8.1,0.0,20.3,101,112,15.3,27,-3.7,5.7,0.885,33.5,6.7,13.3,19.7,6.7,2051,6.57,5.0,12.988,28,57.2,9.1
582.0,86,596.0,14.0,0.0,20.0,101,110,24.3,27,-0.8,10.2,1.009,30.1,10.0,3.1,34.5,9.8,2056,10.35,6.0,12.960,28,70.4,12.8
585.0,86,596.0,5.1,0.0,19.7,101,109,30.5,27,-0.8,15.9,0.993,22.1,15.0,-3.1,57.2,15.5,2099,17.33,11.5,12.973,28,18.8,14.4
588.0,86,596.0,22.5,0.0,19.4,101,110,51.1,27,-0.8,24.5,0.985,14.6,19.5,-2.4,76.0,20.4,2174,25.08,24.6,13.040,28,87.8,30.6
591.0,86,597.8,31.0,2.0,19.2,101,113,74.7,27,-0.8,32.8,0.998,14.9,20.9,0.8,65.1,12.2,2162,20.69,16.9,12.981,28,89.3,28.9
594.0,86,601.8,29.1,5.0,19.2,101,116,75.3,27,-0.8,32.2,0.997,12.5,24.7,1.4,78.2,20.4,2427,26.57,22.7,12.960,28,88.6,29.6
597.0,86,608.0,26.3,4.2,19.6,101,119,44.6,27,-0.8,23.7,1.001,13.9,21.3,1.9,78.7,21.5,2463,26.69,24.4,12.983,27,72.3,29.9
600.0,86,608.0,23.2,46.2,19.6,101,120,53.2,27,-0.4,22.5,1.005,13.5,20.3,1.8,75.9,19.4,2296,21.53,18.7,13.033,27,17.9,17.3
603.0,86,610.5,32.9,27.2,19.6,101,121,71.0,27,-0.3,30.9,1.005,11.7,24.7,1.0,85.1,25.6,2391,29.58,31.4,12.960,27,86.3,33.7
606.0,86,615.2,38.7,3.5,19.7,101,122,75.6,27,-0.8,41.9,0.998,14.5,28.6,2.3,84.7,27.5,2800,33.18,32.5,12.907,27,86.1,38.0
609.0,86,621.3,35.6,9.7,20.0,101,122,73.7,27,-0.8,35.7,1.001,14.5,26.6,2.3,82.9,26.5,2769,33.24,31.8,12.915,27,85.9,37.1
612.0,86,628.0,34.9,3.5,20.4,101,122,72.7,27,-0.8,32.3,1.003,14.7,24.6,1.3,82.0,25.0,2697,31.81,29.4,12.960,27,86.0,35.8
615.0,86,630.4,32.5,2.1,20.4,101,122,71.6,27,-0.8,27.2,1.004,16.0,22.2,-0.1,80.2,22.7,2584,29.77,25.1,12.960,27,87.5,30.6
618.0,86,632.0,27.3,11.8,20.4,101,122,69.4,27,-0.8,20.4,1.004,20.0,17.3,-0.8,64.7,14.9,2325,19.81,18.3,12.960,27,52.7,25.1
621.0,86,631.5,18.8,39.4,20.4,101,122,59.6,27,-0.8,20.1,0.999,19.3,17.0,1.1,65.9,16.0,2312,20.94,14.4,12.928,27,18.0,16.3
624.0,86,628.0,5.5,0.0,20.7,101,119,37.7,27,-2.5,14.5,0.988,27.2,12.3,1.7,50.5,15.0,2263,19.75,12.1,12.907,27,6.0,6.5
627.0,86,622.9,7.9,19.8,21.0,100,116,30.3,27,-2.9,10.8,0.984,34.5,7.4,-0.2,26.5,11.3,2175,12.65,7.1,13.040,27,94.1,11.0
630.0,86,620.0,16.2,21.9,21.2,100,114,45.1,27,-0.7,14.5,0.999,22.5,14.9,-6.2,60.0,15.3,2162,18.60,14.0,13.040,27,92.2,17.5
633.0,86,619.0,23.0,0.0,21.2,101,114,70.7,27,0.0,14.5,0.986,33.6,9.8,-1.1,38.8,12.4,2138,15.01,9.2,13.000,27,53.5,15.3
636.0,86,615.6,7.5,0.0,20.8,101,110,17.4,27,-2.8,7.7,0.342,8.4,6.1,1.5,21.9,6.1,2078,8.81,2.1,12.982,27,0.0,4.6
639.0,86,604.0,5.2,0.0,21.0,101,103,13.5,27,-3.9,4.5,0.000,-12.7,4.8,1.7,13.3,1.8,1979,4.36,1.5,13.040,27,0.0,4.3
642.0,86,598.3,11.4,0.0,21.2,101,98,26.4,27,-3.0,8.7,0.153,-11.5,6.6,-0.0,14.5,9.0,1812,7.81,13.3,13.040,27,16.9,14.1
645.0,86,593.5,22.2,0.2,21.2,101,98,70.6,27,0.0,26.7,1.003,10.5,22.0,-0.8,61.7,17.9,2027,18.49,19.4,13.040,27,29.8,22.6
648.0,86,600.0,30.2,1.8,20.8,101,99,71.1,27,0.0,25.3,1.003,11.0,19.9,-0.5,80.7,21.8,2086,23.87,24.5,13.028,27,33.4,27.0
651.0,86,600.0,26.0,0.8,20.6,101,100,46.4,27,-0.3,22.5,1.006,11.6,17.8,-0.6,77.5,20.8,1967,19.36,20.8,12.960,27,0.1,23.9
654.0,86,600.0,23.7,0.0,20.3,101,100,24.0,27,-0.7,19.5,1.012,12.0,20.0,-3.9,81.6,20.8,2037,23.39,22.8,13.016,27,0.0,25.9
657.0,86,601.1,25.4,0.0,20.0,101,102,72.2,27,0.0,28.2,0.995,12.4,21.7,0.3,82.3,22.5,2211,25.90,24.5,13.040,27,0.0,28.6
660.0,86,608.0,31.4,0.0,20.0,101,105,74.5,27,-0.5,30.8,0.995,13.0,23.4,1.6,82.9,24.0,2437,28.82,26.1,13.040,27,15.6,31.0
663.0,86,614.3,32.5,0.0,20.3,101,109,73.6,27,-0.8,32.7,0.998,13.0,24.8,0.3,83.8,25.1,2617,30.89,27.9,13.040,27,86.7,32.9
666.0,86,618.2,35.1,1.6,20.6,101,113,73.0,27,-0.8,34.2,1.002,12.4,25.9,-0.5,85.7,26.3,2638,31.47,31.8,13.040,27,86.1,35.8
669.0,86,622.3,36.7,3.1,20.9,101,116,74.6,27,-0.8,36.9,0.999,14.5,26.3,2.3,83.1,26.3,2749,32.71,31.0,13.063,27,86.1,35.9
672.0,86,628.2,35.0,1.8,21.2,101,120,75.3,26,-0.8,38.0,0.997,14.8,26.5,2.3,83.1,26.7,2775,33.81,31.5,13.066,27,86.1,35.7
675.0,86,632.0,38.8,0.5,20.9,101,122,75.3,26,-0.8,38.2,0.997,15.2,26.3,1.8,82.3,26.0,2809,33.74,32.4,13.040,26,85.5,38.4
678.0,86,634.0,35.0,5.9,20.6,101,125,74.0,26,-0.8,36.1,0.999,15.8,25.3,0.8,80.4,23.1,2837,30.50,28.2,13.040,26,86.1,35.0
681.0,86,637.0,30.8,10.4,20.4,101,126,71.2,26,-0.8,30.6,0.997,18.0,22.4,0.8,78.2,22.8,2656,29.74,26.6,13.040,26,86.8,31.8
684.0,86,640.0,30.1,0.0,20.4,101,128,69.0,26,-0.8,25.5,0.999,16.2,22.8,0.4,80.5,23.1,2582,29.44,25.4,13.040,26,87.5,29.6
687.0,86,640.0,25.9,14.8,19.9,101,127,68.1,26,-0.8,23.3,1.002,18.1,20.6,0.0,76.8,21.8,2541,28.47,24.6,13.040,26,87.5,29.0
690.0,86,640.0,22.0,11.9,19.4,101,125,63.0,26,-0.8,22.2,1.004,23.7,14.9,0.0,58.0,15.3,2362,19.74,12.5,13.040,26,39.8,21.2
693.0,86,639.1,18.3,171.4,19.2,101,122,53.0,26,-0.8,17.6,1.002,19.5,15.7,1.6,60.4,16.5,2301,20.72,14.1,13.040,26,23.5,19.0
696.0,86,636.0,22.4,1030.3,19.2,101,120,65.1,26,-0.2,21.5,1.005,15.9,17.9,0.3,68.5,18.4,2269,22.79,16.9,13.040,27,40.3,22.5
699.0,86,636.0,26.2,291.3,19.2,101,120,68.6,26,0.0,25.0,1.006,14.0,19.7,-1.0,75.2,18.6,2262,22.47,19.6,13.040,27,88.6,27.5
702.0,86,636.0,24.8,4.4,19.2,101,119,69.7,26,0.0,27.2,1.004,14.8,20.3,-1.4,75.3,14.7,2262,12.49,16.5,13.040,27,90.5,23.6
705.0,86,637.1,21.0,7.6,19.3,100,118,66.0,26,0.0,27.5,1.002,13.5,22.7,0.8,83.1,23.5,2364,23.57,21.5,13.040,27,89.6,24.0
708.0,86,639.8,18.0,0.0,19.6,101,118,66.7,26,0.0,25.5,1.003,13.2,21.5,0.3,80.5,22.3,2347,26.93,23.4,13.040,27,75.9,23.8
711.0,86,636.0,18.4,0.0,19.6,101,118,60.9,26,-0.4,16.4,0.999,20.4,15.1,0.0,60.3,19.4,2272,24.23,20.7,13.040,27,39.2,11.4
714.0,86,636.0,23.0,8.5,19.8,101,119,61.9,26,-0.8,12.8,0.995,29.5,7.4,0.1,21.2,14.1,2212,18.34,15.7,13.040,27,31.5,17.6
717.0,86,636.0,29.7,15.7,20.0,101,121,74.3,26,-0.8,32.9,0.994,13.5,25.9,1.6,83.5,23.0,2566,27.95,25.6,13.040,27,55.5,28.2
720.0,86,636.3,35.5,7.0,20.0,101,128,71.4,26,-0.8,32.4,1.008,18.0,22.5,1.1,79.8,21.9,2587,28.94,25.5,13.040,27,85.7,34.7
723.0,86,640.0,26.3,6.2,20.3,101,132,71.4,26,-0.8,32.0,1.005,17.3,22.1,1.3,78.8,20.4,2537,27.00,20.0,13.028,27,88.5,24.9
726.0,86,642.4,31.1,5.6,20.2,101,134,71.7,26,-0.8,32.8,0.997,13.8,25.0,2.3,82.5,25.2,2711,31.63,28.6,12.960,26,85.9,34.5
729.0,86,644.0,34.1,7.7,20.1,101,133,71.8,26,-0.8,35.3,0.998,17.0,26.3,2.3,81.2,26.7,2886,33.83,29.4,13.009,26,85.3,35.1
732.0,86,644.3,32.0,14.0,20.4,101,130,66.7,26,-0.8,27.9,1.008,15.7,23.3,0.6,80.4,24.4,2676,30.97,26.7,13.040,26,85.5,34.0
735.0,86,648.0,27.8,16.5,20.1,101,129,64.8,26,-1.2,22.1,1.006,17.8,19.4,-0.0,69.1,16.7,2421,25.16,20.2,13.040,26,87.2,27.5
738.0,86,645.6,22.2,7.6,19.8,101,127,61.1,26,-1.6,19.7,0.999,21.0,16.4,1.3,46.4,2.3,2363,15.10,10.6,13.040,27,17.4,19.3
741.0,86,642.5,19.0,65.7,19.6,101,126,58.0,26,-1.6,21.0,1.002,17.5,17.6,0.0,69.8,17.6,2387,20.49,13.3,12.988,27,22.3,18.8
744.0,86,640.0,21.8,184.2,19.6,101,126,61.2,26,-1.6,23.5,1.002,15.6,19.3,-1.1,74.3,19.4,2395,24.34,17.5,12.996,27,48.8,22.3
747.0,86,640.0,27.1,0.0,20.0,101,126,69.1,26,-1.0,15.8,0.999,12.3,11.7,-0.8,48.6,14.6,2380,20.62,16.7,13.040,27,86.2,23.0
750.0,86,634.1,13.2,0.0,20.3,101,124,53.2,26,-0.8,14.0,0.990,12.8,8.0,0.2,29.7,9.5,2348,11.61,6.5,13.040,27,74.1,5.1
753.0,86,632.0,16.3,0.0,20.6,101,123,48.9,26,-0.6,19.5,0.982,17.9,17.5,0.8,70.0,18.0,2337,23.47,17.6,13.040,27,41.9,18.6
756.0,86,629.8,25.1,1.5,20.9,101,124,71.8,26,0.0,27.5,0.996,13.5,19.6,0.8,76.1,18.4,2347,16.66,8.0,13.040,27,15.2,15.7
759.0,86,624.0,22.7,7.0,21.2,101,120,64.3,26,0.0,22.2,0.999,16.9,16.8,1.3,62.8,15.4,2295,14.22,4.5,13.040,27,0.0,8.1
762.0,86,624.0,20.7,1.9,21.5,101,118,64.3,26,-0.4,20.9,1.000,17.3,15.8,1.6,57.2,13.9,2228,16.51,10.8,13.025,27,0.6,15.7
765.0,86,624.0,21.3,0.0,21.4,101,116,66.3,26,-0.6,23.1,1.000,14.2,18.2,1.6,71.8,17.8,2203,22.62,17.3,12.880,27,37.4,20.8
768.0,86,625.4,23.8,2.6,21.1,101,116,69.5,26,0.0,26.4,0.994,12.5,22.4,1.6,82.4,22.4,2412,26.26,21.4,12.933,27,65.0,25.0
771.0,86,628.0,26.5,9.8,20.8,101,118,67.5,26,0.0,22.0,0.999,14.6,20.3,1.1,77.5,20.3,2328,25.49,20.5,12.993,27,68.9,26.0
774.0,86,628.0,17.3,25.2,20.5,101,119,59.0,26,-0.5,17.1,0.996,20.6,17.0,1.7,66.3,17.3,2258,22.17,16.1,13.040,27,25.8,21.5
777.0,86,622.7,15.4,10.9,20.4,101,119,53.2,26,-0.5,17.4,0.996,23.3,15.4,2.6,56.2,15.4,2256,18.44,11.1,13.040,27,13.8,9.4
780.0,86,621.5,20.4,0.0,20.3,101,118,54.2,26,-0.0,24.9,1.002,12.0,21.2,0.0,80.4,22.7,2325,26.89,24.7,12.986,27,56.6,21.9
783.0,86,624.0,32.0,1.7,20.0,101,118,72.2,26,-0.8,32.9,0.998,15.1,17.0,3.0,65.3,14.5,2521,16.89,14.7,12.993,27,64.3,26.5
786.0,86,624.0,26.3,41.2,19.7,101,116,72.2,26,-0.3,31.3,0.991,14.0,18.8,3.3,66.7,14.2,2640,13.62,5.3,13.040,27,17.5,13.6
789.0,86,624.0,18.1,24.7,19.3,101,116,67.2,26,-0.4,26.4,0.992,12.4,21.9,1.1,81.6,23.4,2462,29.18,16.2,13.040,27,5.9,9.0
792.0,86,624.0,22.7,10.2,19.2,101,116,65.3,26,-0.5,21.6,0.999,14.5,19.1,0.1,76.0,20.3,2212,24.47,22.0,13.040,27,71.1,23.1
795.0,86,624.0,20.6,2.2,19.2,101,116,64.1,26,-0.1,20.7,1.000,17.0,18.4,0.8,74.5,18.8,2212,23.50,19.2,13.040,27,54.5,24.6
798.0,86,624.0,13.2,2.3,19.3,101,116,50.3,26,-0.8,19.6,1.002,17.0,17.5,0.8,70.6,18.2,2204,23.37,18.4,13.040,27,60.6,23.7
801.0,86,623.7,25.0,11.6,19.6,101,118,62.7,26,-0.8,9.3,0.992,24.8,11.4,-2.0,42.5,14.0,2188,16.56,11.9,13.013,27,68.6,22.1
804.0,86,620.0,13.7,36.0,19.9,101,117,50.8,26,-0.8,11.7,0.991,24.1,11.4,-2.5,38.3,13.1,2184,9.54,0.9,12.967,27,8.6,11.4
807.0,86,617.8,15.2,18.0,20.0,101,116,49.2,26,-0.8,19.3,0.993,16.4,17.6,0.1,74.1,19.2,2212,15.81,2.0,13.040,27,8.3,12.2
810.0,86,614.7,15.3,0.0,20.0,101,116,63.3,26,-0.8,22.4,0.986,13.0,20.0,0.8,77.6,20.5,2222,22.31,15.1,13.040,27,50.3,12.7
813.0,86,612.0,13.7,6.5,20.0,101,118,52.5,26,-0.8,17.5,1.007,19.7,16.4,0.8,65.6,17.4,2225,21.90,16.6,12.960,27,60.4,14.2
816.0,86,611.6,18.6,43.6,20.0,101,118,59.4,26,-0.8,8.6,0.997,9.1,8.1,0.3,39.9,12.8,2201,15.60,9.6,12.940,27,12.6,13.8
819.0,86,608.0,6.3,0.0,20.3,101,115,33.5,26,-0.8,10.4,0.985,13.8,9.3,0.0,36.1,12.3,2202,13.30,7.7,13.024,27,2.0,6.3
822.0,86,605.1,11.2,0.0,20.4,101,114,28.8,26,-0.8,13.4,0.987,24.3,14.9,0.2,56.6,16.0,2256,20.23,13.7,12.960,28,14.1,14.1
825.0,86,604.0,17.4,445.0,20.2,101,115,44.6,26,-0.8,13.4,1.002,26.2,14.7,0.7,58.2,15.3,2212,18.89,12.5,13.021,28,18.4,17.4
828.0,86,604.0,20.8,1075.6,20.0,101,116,63.0,26,-0.8,12.2,1.003,37.5,11.4,-1.6,42.4,13.4,2188,16.95,12.1,12.998,28,19.9,18.6
831.0,86,604.0,16.5,1346.8,20.0,100,116,54.1,26,-0.8,15.4,1.006,29.0,13.5,-1.6,51.4,13.7,2175,16.94,12.0,12.983,28,30.0,17.8
834.0,86,604.0,19.6,445.7,20.0,100,115,59.1,26,-0.8,18.4,1.005,21.5,15.6,-1.4,63.5,15.2,2175,18.78,12.4,13.040,28,92.9,19.6
837.0,86,604.0,17.5,8.6,20.0,100,114,59.5,26,-0.8,19.7,1.001,19.6,16.3,-0.8,67.7,14.9,2175,16.67,10.6,13.040,28,93.2,17.1
840.0,86,603.0,14.8,16.2,20.0,100,114,45.0,26,-0.8,16.1,1.002,26.0,13.7,0.0,52.9,14.3,2175,16.72,12.4,13.040,28,92.8,16.6
843.0,86,600.0,18.8,0.0,20.0,100,116,62.7,26,-0.8,18.6,0.994,21.0,15.3,0.8,60.2,15.4,2195,18.39,14.1,13.040,28,92.1,18.3
846.0,86,602.7,21.2,0.0,19.8,100,117,66.3,26,-0.5,22.5,0.991,15.3,17.8,1.3,69.8,15.3,2225,20.49,15.3,13.040,28,91.8,20.4
849.0,86,604.0,23.1,0.0,19.5,100,118,70.0,26,0.0,26.8,0.998,11.5,21.2,0.0,73.7,1.6,2225,5.96,7.8,12.991,28,93.0,17.0
852.0,86,604.0,23.9,0.0,19.2,100,116,66.7,26,0.0,22.0,0.991,13.7,19.5,1.4,73.5,10.6,2225,12.99,8.2,12.935,28,93.4,16.2
855.0,86,604.0,25.3,0.0,18.9,101,115,69.8,26,0.0,24.5,0.997,13.7,19.8,1.3,76.2,19.5,2274,22.60,16.6,12.880,27,91.0,25.5
858.0,86,608.2,30.1,0.0,18.7,101,113,72.9,26,-0.2,28.9,1.005,11.6,22.9,-0.7,83.5,22.7,2437,28.78,26.3,12.880,27,87.9,30.3
861.0,86,614.4,35.8,0.0,18.3,101,110,74.5,26,-0.8,35.3,1.000,13.0,26.3,1.6,84.3,25.7,2606,31.36,29.8,12.970,27,86.3,35.0
864.0,86,620.3,38.1,0.0,18.0,101,112,75.3,26,-0.8,37.1,1.001,13.6,26.8,1.6,84.3,26.9,2687,32.73,32.5,13.040,27,64.5,36.8
867.0,86,624.0,30.2,0.0,17.7,101,115,74.3,26,-0.8,35.5,1.002,14.6,25.2,1.3,82.3,24.5,2599,30.45,29.8,13.040,27,0.0,32.5
870.0,86,626.5,22.3,0.0,17.6,101,118,59.1,26,-0.8,27.8,1.001,18.2,20.8,1.2,74.8,18.4,2348,23.62,16.1,13.040,27,0.1,26.0
873.0,86,625.1,12.9,0.0,17.8,101,121,31.3,26,-1.0,12.5,0.996,31.5,11.4,3.9,39.6,12.2,2300,14.43,6.9,13.040,27,0.0,15.0
876.0,86,619.4,5.4,0.5,18.4,101,118,11.0,26,-3.9,8.6,0.914,34.2,10.6,5.3,35.8,11.3,2220,12.69,1.8,12.981,27,25.0,6.5
879.0,86,612.0,12.5,35.0,19.0,100,114,33.2,26,-1.9,9.8,0.957,31.3,11.6,0.8,42.1,12.7,2141,14.39,5.6,12.910,27,94.5,10.8
882.0,86,612.0,24.7,12.0,19.4,101,111,58.9,26,-0.4,13.0,1.003,22.6,15.3,-4.9,60.9,17.2,2135,22.34,18.7,13.040,27,91.0,23.9
885.0,86,612.0,20.1,12.8,19.8,101,110,60.6,26,-0.2,13.9,0.990,14.7,20.3,-0.8,82.4,22.0,2187,25.38,22.7,13.040,27,89.9,17.0
888.0,86,610.9,8.4,22.7,20.1,101,110,25.9,26,-0.8,5.9,0.996,37.0,6.3,-0.1,32.4,10.7,2100,13.64,11.1,13.040,27,92.1,11.0
891.0,86,607.6,4.5,0.0,20.4,100,110,10.2,26,-3.1,5.9,0.989,36.1,5.8,0.9,18.8,6.1,2078,6.77,2.6,13.040,27,90.4,7.7
894.0,86,596.1,16.1,0.0,20.6,100,112,31.8,26,-2.5,8.1,0.989,29.4,9.6,0.2,31.6,8.2,2127,7.70,1.6,13.040,28,71.8,7.5
897.0,86,597.5,23.4,0.0,20.6,100,115,55.8,26,-0.8,12.6,0.995,15.0,20.4,-3.9,80.8,22.0,2312,26.46,18.7,12.984,28,79.9,23.2
900.0,86,600.8,37.3,0.0,20.0,101,118,73.7,26,-0.8,32.9,0.993,15.7,22.9,-0.0,81.3,22.9,2540,27.55,22.3,12.992,28,87.0,31.9
903.0,86,608.0,19.6,1.8,20.3,100,118,61.9,26,-0.8,26.8,0.995,15.8,22.3,2.0,80.0,22.3,2604,27.65,19.2,13.035,27,89.8,18.4
906.0,86,608.0,21.2,1.8,20.2,100,117,59.0,26,-0.6,21.2,0.997,15.7,19.0,1.5,76.5,19.5,2235,24.02,18.8,12.960,27,90.7,21.0
909.0,86,608.0,22.2,1.6,20.0,100,116,65.5,26,-0.0,21.2,0.998,17.0,17.6,0.8,71.8,17.6,2187,21.97,9.7,13.007,27,92.2,20.2
912.0,86,608.2,21.0,0.8,20.0,100,114,62.0,26,-0.8,19.4,1.001,17.0,18.1,-0.1,73.8,18.2,2156,22.45,10.7,13.040,27,92.1,20.7
915.0,86,612.0,31.4,0.3,19.7,101,112,68.0,26,-0.8,24.3,1.004,16.0,20.0,-0.1,76.9,19.3,2166,24.23,22.0,13.036,28,88.6,28.6
918.0,86,613.8,30.9,0.0,19.5,101,109,72.9,26,-0.7,30.4,1.006,14.0,23.5,1.6,81.2,20.8,2325,25.17,21.6,12.960,27,89.1,28.1
921.0,86,616.6,29.8,0.0,19.2,101,108,72.9,26,0.0,29.4,0.997,11.5,23.2,2.1,82.5,22.5,2355,26.42,22.6,12.997,27,89.4,27.5
924.0,86,620.0,26.7,0.0,18.9,101,107,71.8,26,0.0,27.7,1.001,11.0,22.6,2.3,82.5,23.1,2319,26.77,23.6,13.040,27,89.3,26.9
927.0,86,623.0,27.8,5.3,18.6,101,106,71.8,26,0.0,27.2,1.005,11.4,22.1,2.1,81.7,22.4,2244,25.84,23.8,13.037,27,88.6,28.2
930.0,86,625.9,28.0,4.6,18.4,101,107,71.8,26,0.0,25.8,1.005,14.4,22.3,1.6,82.0,22.7,2362,27.05,23.1,12.960,27,88.4,28.0
933.0,87,627.2,27.0,0.0,18.4,101,110,70.6,26,0.0,15.7,1.000,29.0,13.3,2.1,61.1,18.0,2197,22.19,18.8,12.960,27,89.5,25.9
936.0,87,624.0,23.1,0.0,18.4,100,113,43.5,26,-0.5,9.0,0.995,31.8,11.7,0.7,43.4,14.3,2120,17.41,13.6,12.983,27,91.6,22.6
939.0,87,624.0,26.4,0.0,18.9,101,115,47.9,26,-0.8,6.0,0.995,35.3,10.2,-1.3,33.9,12.4,2146,14.52,9.6,13.040,27,92.2,23.5
942.0,87,622.2,19.4,0.0,19.2,101,114,51.8,26,-1.4,6.9,1.001,38.5,10.2,-3.1,37.6,12.2,2125,13.39,7.1,13.040,27,93.4,17.4
945.0,87,618.0,9.5,4.5,19.2,100,110,17.3,26,-3.9,7.8,1.013,38.0,10.2,-5.3,33.9,4.1,2037,7.75,3.9,13.040,27,59.5,10.5
948.0,87,608.0,19.6,39.5,19.6,101,104,51.6,26,-1.4,16.4,1.008,25.9,14.2,-4.4,50.9,7.6,2020,10.01,5.6,13.040,27,10.7,7.0
951.0,87,610.7,23.1,16.5,19.4,101,106,67.3,26,0.0,20.6,1.002,16.2,17.5,-1.4,72.1,18.0,2072,21.94,19.0,13.040,27,89.8,25.1
954.0,87,610.2,17.7,0.0,18.9,100,108,59.0,26,-0.6,17.4,0.996,23.0,14.1,2.3,56.5,12.9,2050,12.62,1.2,12.926,27,34.4,13.0
957.0,87,605.6,6.0,0.0,18.0,101,108,17.3,26,-3.9,6.7,0.979,20.0,4.0,2.9,27.7,4.6,2011,7.52,0.8,12.915,27,0.0,4.7
960.0,87,596.0,4.7,0.0,17.6,101,108,12.1,26,-3.9,5.5,0.427,2.9,0.0,1.7,12.7,0.0,1987,3.70,0.4,12.974,27,0.0,4.7
963.0,87,582.4,4.7,0.0,17.2,101,107,10.2,26,-3.9,4.8,0.000,-13.0,0.0,0.0,12.2,0.0,1985,3.78,0.4,13.040,28,0.0,4.7
966.0,87,567.1,4.9,0.0,16.8,101,106,10.8,26,-3.9,5.1,0.000,-13.0,0.0,0.0,14.1,0.0,1975,4.58,0.4,12.981,28,0.0,5.0
969.0,86,553.4,5.6,1.1,16.5,101,106,12.7,26,-3.9,5.5,0.000,-11.5,1.6,0.0,14.7,1.4,1983,4.41,0.8,13.002,28,4.8,6.1
972.0,86,544.0,8.2,7.8,16.5,101,108,29.0,26,-1.7,8.3,0.635,5.6,2.8,-0.8,15.3,3.9,2043,5.58,2.7,13.040,28,24.4,7.1
975.0,86,540.1,6.6,2.4,17.2,101,107,20.0,26,-2.2,8.1,1.052,21.3,4.7,-1.0,17.1,6.9,2091,8.29,6.0,13.038,28,75.3,5.5
978.0,86,540.0,10.8,11.2,17.7,101,106,21.3,26,-3.4,6.0,1.105,28.4,7.8,0.7,21.6,11.0,1987,13.72,9.0,12.880,28,87.9,11.1
981.0,86,541.1,16.7,19.9,18.0,100,106,57.3,26,-0.8,9.0,1.000,27.0,14.5,-6.2,54.1,14.7,2043,17.42,11.8,12.964,28,93.3,15.9
984.0,86,544.3,18.5,0.8,18.4,100,106,59.1,26,-0.8,8.4,0.997,28.2,14.3,-3.2,61.1,15.6,2043,18.91,13.3,13.016,28,92.9,18.4
987.0,86,552.1,22.0,0.2,18.4,100,106,49.5,26,-0.8,10.3,0.997,27.6,14.4,-0.8,59.1,14.8,2000,16.74,11.0,12.967,28,92.9,18.4
990.0,86,552.0,18.9,11.6,18.4,100,105,37.5,26,-0.8,12.8,1.001,25.1,14.7,-0.8,67.5,15.7,2000,12.93,4.3,13.040,28,93.7,18.1
993.0,86,552.0,14.1,41.9,18.3,100,104,28.2,26,-0.8,12.2,1.013,26.0,0.0,0.4,32.7,5.2,1944,7.05,2.4,13.040,28,59.8,14.1
996.0,86,552.0,7.8,117.8,17.3,101,98,29.4,26,-0.8,11.9,0.992,23.0,7.1,-2.2,36.7,6.4,1912,8.58,4.2,12.998,28,16.9,8.6
999.0,86,552.0,18.9,40.6,17.1,101,98,49.1,26,-0.4,16.4,0.982,18.8,15.4,-4.1,64.3,16.0,1938,18.39,12.6,12.886,28,91.4,22.7
1002.0,86,556.3,23.9,2.0,16.6,101,99,68.4,26,0.0,22.9,0.990,14.9,18.0,0.8,76.5,19.2,2087,22.37,18.8,13.040,28,91.1,23.5
1005.0,86,562.8,22.9,3.2,16.0,101,100,68.6,26,0.0,23.4,0.999,13.0,2.7,2.3,37.8,8.9,1920,13.42,14.6,13.040,28,92.2,20.5
1008.0,86,568.4,21.0,1.0,15.7,101,98,65.9,26,0.0,22.0,0.992,12.7,12.9,0.9,57.2,13.1,1934,15.72,14.9,13.040,28,92.6,18.6
1011.0,86,572.0,23.9,6.0,16.3,101,98,68.9,26,0.0,23.9,0.997,12.3,19.6,0.6,79.0,19.4,2043,22.61,19.5,13.040,28,91.0,23.5
1014.0,87,576.8,17.9,2.7,16.5,101,98,47.2,26,-1.3,21.4,1.004,14.9,19.7,0.8,78.3,20.4,2137,24.52,21.2,13.040,28,89.8,25.1
1017.0,87,580.0,17.7,0.0,16.6,101,98,25.0,26,-3.5,12.5,1.008,28.5,13.7,-4.7,55.3,14.9,1825,15.78,15.7,13.040,28,91.9,22.1
1020.0,87,581.5,25.8,0.8,16.9,101,96,72.9,26,0.0,26.7,0.996,14.0,19.5,-0.8,74.0,19.3,1997,20.59,18.1,13.040,28,91.8,22.5
1023.0,87,588.0,27.5,7.0,16.9,101,94,71.8,26,0.0,27.4,0.998,11.1,22.0,1.9,82.2,22.0,2166,24.97,23.1,13.040,28,89.2,27.8
1026.0,87,593.4,29.7,2.8,17.1,101,94,71.8,26,0.0,27.7,1.000,13.2,21.6,2.8,80.5,22.4,2243,26.36,24.3,13.040,28,88.2,29.8
1029.0,87,599.7,25.1,2.4,17.0,101,93,71.1,26,0.0,26.8,1.001,14.8,19.2,1.6,75.7,20.4,2000,22.40,22.7,13.040,28,53.1,19.0
1032.0,87,604.0,19.9,4.5,16.4,100,92,66.9,26,-0.0,23.1,1.002,10.5,18.8,0.9,76.0,18.9,1864,19.56,19.6,13.040,28,64.1,17.7
1035.0,87,604.5,27.0,0.0,16.1,100,90,59.6,26,-0.8,11.1,1.000,26.7,16.4,-0.3,72.1,19.1,1744,18.84,19.1,13.040,28,91.5,25.8
1038.0,87,608.0,32.9,0.0,16.9,101,90,71.6,26,-0.3,22.8,0.998,21.1,19.8,0.3,76.0,20.8,1886,21.44,21.4,13.040,28,90.7,31.5
1041.0,87,613.8,25.6,25.2,17.1,100,91,73.5,26,0.0,30.3,1.003,9.6,24.7,1.4,84.5,23.2,2235,25.93,24.4,13.040,28,88.6,29.0
1044.0,87,617.9,27.4,24.7,17.3,100,92,71.8,26,0.0,26.4,1.011,10.1,24.7,0.8,85.5,25.5,2137,25.96,29.0,13.040,27,88.1,32.1
1047.0,87,620.8,30.6,4.6,17.3,101,92,75.7,26,0.0,29.4,1.000,15.5,17.3,0.8,66.3,18.0,2284,20.27,17.4,13.040,27,87.0,25.8
1050.0,87,624.0,11.8,31.5,17.6,100,88,42.4,26,-0.6,17.2,1.008,29.2,12.6,-3.7,47.7,13.8,2043,15.47,8.4,13.040,27,87.3,14.2
1053.0,87,621.1,22.4,10.6,17.4,100,87,44.5,26,-0.8,8.5,1.002,37.0,12.4,-6.1,46.4,14.2,1633,14.52,12.8,13.040,27,93.3,22.7
1056.0,87,620.0,24.6,12.5,17.0,100,85,53.6,26,-0.4,9.8,0.986,29.7,16.6,-2.0,73.3,18.1,1662,17.77,17.6,13.040,28,25.3,14.2
1059.0,87,621.2,23.3,24.7,16.4,100,85,70.6,26,0.8,26.2,0.986,8.5,21.6,2.3,83.5,21.6,1914,21.19,21.3,12.949,28,41.9,17.9
1062.0,87,624.0,27.1,13.0,15.7,100,90,70.6,26,0.0,20.0,0.994,11.4,19.6,1.1,79.0,20.3,2018,22.22,22.2,12.903,28,89.5,26.6
1065.0,87,627.0,24.8,4.0,15.4,100,92,69.3,26,0.0,21.2,0.996,15.0,15.5,0.4,68.2,18.5,1977,21.02,19.7,12.961,28,90.2,23.9
1068.0,87,625.8,24.9,0.0,15.0,100,93,69.5,26,0.0,24.0,0.994,17.0,10.8,1.7,49.7,17.6,1775,18.49,22.0,13.040,28,91.1,25.3
1071.0,87,625.4,27.3,0.0,14.4,100,92,72.3,26,0.0,28.2,0.993,9.5,23.1,3.1,84.3,22.3,2063,23.53,24.6,12.989,28,89.9,28.0
1074.0,87,628.8,30.1,2.0,14.1,100,92,72.9,26,0.0,30.6,0.999,10.4,23.6,2.7,83.7,23.3,2241,25.54,22.8,12.989,28,84.9,26.5
1077.0,87,636.0,22.7,64.9,13.8,100,92,69.3,26,0.4,28.2,1.003,10.0,22.8,1.7,82.4,22.5,2250,24.91,18.2,13.040,28,74.9,14.9
1080.0,87,633.9,25.2,38.4,13.7,100,93,67.6,26,0.6,24.9,1.004,8.0,20.4,0.0,80.4,20.4,1875,20.91,22.0,13.040,28,85.0,23.6
1083.0,87,633.1,27.3,4.5,13.7,100,94,69.5,26,0.0,22.7,1.000,7.5,19.6,0.0,79.5,20.4,1961,21.74,21.8,13.040,28,89.8,27.2
1086.0,87,635.8,25.8,8.8,14.1,100,98,50.2,26,-0.6,12.7,1.000,11.5,17.8,-0.9,74.3,19.3,1939,21.09,21.0,13.013,28,90.2,25.1
1089.0,87,632.0,22.7,3.4,14.7,100,98,56.4,26,-0.4,16.1,1.006,12.2,17.3,-1.3,71.1,18.0,1862,19.35,19.0,12.968,28,89.8,22.4
1092.0,87,629.4,22.3,2.8,14.9,101,98,62.8,26,0.0,19.7,1.010,12.8,15.9,-0.7,67.0,17.2,1860,18.16,12.5,13.040,28,0.0,19.8
1095.0,87,626.2,14.4,2.4,15.5,101,97,51.2,26,-0.4,9.5,0.862,20.7,3.7,0.0,20.7,9.8,1825,13.50,4.0,12.979,28,0.0,10.0
1098.0,87,619.2,4.2,0.7,16.6,101,93,11.0,26,-2.3,3.9,0.000,-13.0,0.0,0.0,11.9,2.8,1724,6.88,1.1,12.917,28,0.0,4.4
1101.0,87,603.5,3.9,0.0,17.3,101,86,11.0,26,-2.3,4.2,0.593,2.0,0.0,4.3,12.4,0.0,1623,3.05,0.4,12.880,28,0.0,3.9
1104.0,87,588.0,3.9,0.0,17.3,101,82,11.0,26,-2.3,4.1,0.480,1.6,0.2,5.1,13.2,0.4,1529,3.05,0.4,12.895,28,0.0,3.9
1107.0,87,579.3,4.5,0.0,17.6,101,78,13.4,26,-2.3,4.2,0.000,-12.3,0.3,0.0,14.4,1.1,1436,3.09,0.4,13.040,28,0.1,4.5
1110.0,87,567.2,5.1,0.0,18.1,101,73,18.3,26,-2.3,5.1,0.000,-8.5,0.0,0.0,22.4,0.0,1326,3.99,0.4,13.040,28,0.0,4.9
1113.0,87,554.4,5.0,0.0,18.8,101,64,23.5,26,-2.3,4.8,0.000,-8.8,0.0,0.0,22.4,0.0,1285,3.88,0.6,13.040,28,0.0,4.8
1116.0,87,540.0,3.9,0.0,19.7,101,42,17.3,26,-2.3,4.2,0.000,-10.2,0.0,0.0,20.4,0.0,1237,3.27,0.8,13.040,28,0.0,3.9
1119.0,86,529.5,3.4,0.0,20.6,101,22,15.1,26,-3.7,3.8,0.278,-2.2,0.0,0.0,18.8,0.0,1170,3.08,0.8,13.040,28,0.0,3.9
1122.0,86,518.9,4.1,0.0,21.2,101,8,22.8,26,-5.5,4.2,0.892,24.0,0.0,0.0,26.7,0.0,676,2.48,0.8,13.040,29,0.0,3.9
1125.0,86,511.2,6.6,0.0,21.1,101,2,50.8,26,-0.8,11.0,1.001,22.0,10.0,-4.0,47.2,8.7,1296,8.59,4.4,13.000,29,0.0,6.9
1128.0,86,507.9,11.4,0.0,20.4,101,14,32.2,26,-0.8,11.3,1.003,21.7,6.3,-2.3,47.3,8.9,1479,9.66,5.5,12.984,29,0.0,11.5
1131.0,86,500.1,6.7,0.0,19.9,101,15,23.9,26,-0.8,8.5,1.002,25.6,1.1,0.6,33.8,3.4,1216,4.76,1.5,13.025,30,0.0,10.2
1134.0,86,496.0,7.5,0.0,19.6,101,15,20.0,26,-0.8,4.6,0.999,32.4,3.4,0.3,22.9,3.1,1175,3.70,0.8,12.800,30,0.0,9.4
1137.0,86,490.2,9.4,0.0,19.6,101,14,24.3,26,-0.8,4.3,0.996,19.0,2.4,5.5,18.1,6.7,1210,4.87,3.5,12.929,30,0.0,9.2
1140.0,86,483.9,5.5,0.0,19.2,101,14,22.5,26,-0.8,4.8,1.001,16.0,1.0,2.5,22.1,3.4,1152,4.98,3.7,13.040,30,0.0,8.6
1143.0,86,476.1,5.8,0.0,19.2,101,10,26.2,26,-2.0,5.7,1.001,22.2,1.8,-0.5,27.6,1.7,1104,4.42,0.7,13.040,32,0.0,5.5
1146.0,86,473.6,5.9,0.0,19.2,101,9,27.0,26,-2.8,6.5,0.999,34.1,5.2,-1.1,31.0,6.7,1252,5.54,2.7,13.040,32,0.0,4.9
1149.0,86,469.1,5.4,0.0,19.1,101,10,22.7,26,-2.3,7.0,1.000,30.5,5.9,2.3,22.0,7.1,1376,5.39,2.5,13.040,32,0.0,5.1
1152.0,87,463.2,4.4,0.0,18.8,101,10,16.5,26,-2.3,4.3,1.000,35.6,3.6,-0.5,22.7,3.1,1260,4.50,1.7,13.040,32,1.4,5.2
1155.0,87,456.1,5.5,0.0,18.5,101,9,23.0,26,-2.3,5.1,1.002,25.3,1.5,-2.3,25.6,0.0,1166,4.04,0.7,13.050,32,4.5,4.3
1158.0,87,451.2,5.9,0.0,18.2,101,7,27.6,26,-2.3,6.0,1.002,9.7,0.6,-2.1,30.5,0.1,1176,5.09,0.0,13.120,33,0.1,6.3
1161.0,87,445.0,5.9,0.0,17.9,101,6,27.1,26,-2.3,6.2,0.998,24.5,5.1,0.0,29.0,3.5,1288,4.48,0.5,13.068,33,0.0,5.6
1164.0,87,438.8,5.1,0.0,17.6,101,8,18.0,26,-2.3,4.7,1.013,17.1,1.5,2.1,23.6,1.3,1207,3.91,0.6,13.005,33,2.4,4.8
1167.0,87,432.1,4.7,0.0,17.6,101,8,19.2,26,-2.3,4.7,1.011,25.9,2.1,0.2,21.6,1.4,1183,3.79,0.6,12.960,33,5.8,4.3
1170.0,87,429.2,5.5,0.0,17.4,101,8,21.2,26,-2.3,5.2,1.007,36.0,5.1,-2.9,24.8,3.6,1246,4.39,1.1,12.962,34,0.0,4.7
1173.0,87,426.0,6.1,0.0,17.1,101,8,23.4,26,-1.9,6.2,1.002,35.4,7.4,-2.4,31.9,3.9,1287,5.75,0.4,13.040,34,0.0,5.8
1176.0,87,421.6,5.9,0.0,16.8,101,8,24.4,26,-0.9,7.1,1.001,38.0,9.8,-3.1,34.9,0.0,1355,4.89,0.7,13.040,34,0.0,5.5
1179.0,87,416.9,5.7,0.0,16.5,101,10,18.0,26,-2.3,5.9,0.994,33.1,11.9,-1.6,49.3,9.3,1709,11.10,5.7,13.040,34,27.6,8.9
1182.0,87,424.1,20.8,0.0,16.2,100,23,52.3,26,-0.9,17.2,0.997,21.1,16.7,-1.1,67.6,17.9,1945,18.35,14.5,13.040,35,92.0,20.5
1185.0,87,439.6,26.9,0.0,15.9,100,37,71.4,26,0.0,27.3,1.000,9.8,21.8,-1.2,82.6,22.0,1925,22.17,24.7,13.040,35,89.4,30.6
1188.0,87,458.7,31.0,0.6,15.5,100,50,75.1,26,0.0,31.3,0.998,7.5,23.9,0.8,85.9,24.3,2037,24.07,26.1,13.040,34,89.4,31.3
1191.0,87,478.8,31.8,2.1,14.9,100,60,78.4,26,0.0,37.6,1.003,6.8,24.7,-0.2,86.4,24.8,2100,24.98,27.2,13.040,33,89.1,31.8
1194.0,88,500.1,31.8,7.0,14.9,100,64,76.3,26,0.0,34.5,1.002,7.0,24.9,0.2,86.3,25.0,2150,25.64,27.7,13.040,32,88.6,31.8
1197.0,88,512.4,31.6,3.0,14.7,100,69,75.0,26,0.0,31.7,1.000,7.8,24.6,1.7,85.3,24.7,2158,25.25,27.5,13.040,32,88.6,31.4
1200.0,88,530.1,31.2,3.2,14.5,100,74,74.3,26,0.0,31.4,0.999,9.0,24.3,2.3,84.3,24.7,2237,26.42,26.9,12.981,31,88.6,31.4
1203.0,88,547.1,32.0,7.0,14.5,100,80,73.7,26,0.0,31.4,1.004,8.6,25.6,1.7,84.9,25.6,2246,26.80,28.7,12.960,30,88.4,32.9
1206.0,88,557.1,35.1,0.0,14.9,100,84,74.5,26,0.0,34.1,1.000,9.8,26.7,1.6,86.0,26.8,2314,27.83,30.2,12.989,30,88.0,34.7
1209.0,88,572.0,31.4,0.0,14.6,100,85,73.0,26,0.0,32.5,1.000,10.7,25.7,1.9,85.4,25.7,2351,27.88,29.0,13.040,30,87.7,33.8
1212.0,88,580.0,29.9,3.7,14.7,100,88,71.8,26,0.0,30.1,1.000,11.1,23.8,2.3,83.0,22.7,2301,25.83,24.3,13.040,30,89.4,29.4
1215.0,88,587.9,30.3,4.3,14.8,100,91,71.8,26,0.0,29.4,1.000,11.6,23.6,2.3,82.7,24.7,2312,26.97,26.2,13.040,30,88.6,30.7
1218.0,88,595.4,31.4,3.7,14.5,100,94,72.9,26,0.0,31.8,0.999,12.5,25.1,1.6,83.9,25.0,2379,27.81,26.9,13.040,30,88.0,30.9
1221.0,88,604.1,30.2,12.2,14.1,100,98,72.2,26,0.0,30.8,1.000,12.0,24.5,1.6,83.6,24.4,2397,27.96,25.7,13.040,29,88.2,29.3
1224.0,88,612.0,26.5,11.6,14.1,100,98,70.2,26,0.0,28.3,1.001,11.6,23.5,1.6,82.6,23.4,2356,27.19,22.4,13.040,29,90.2,23.9
1227.0,88,613.7,27.2,7.9,14.2,100,99,69.3,26,-0.2,26.1,1.000,12.0,22.3,1.6,82.0,23.1,2237,25.78,26.3,13.081,29,89.2,28.2
1230.0,88,616.8,30.5,2.1,14.5,100,100,72.9,26,-0.8,29.4,1.000,13.0,18.4,1.6,72.5,18.7,2042,20.82,22.4,12.989,29,89.6,28.8
1233.0,88,620.0,28.2,0.0,14.5,100,100,71.4,26,-0.2,28.8,0.994,11.0,20.6,2.4,74.5,19.5,2095,21.22,20.6,12.949,29,90.7,25.9
1236.0,88,624.0,12.3,8.4,14.8,100,100,44.9,26,-1.9,19.6,0.999,16.5,19.2,0.4,72.1,17.3,2182,22.50,22.0,13.115,29,89.4,27.5
1239.0,88,620.1,10.5,17.0,15.2,100,99,35.4,26,-3.1,12.1,1.009,28.2,12.5,-6.1,49.0,0.0,1812,4.99,1.6,13.040,29,43.0,17.0
1242.0,88,616.8,18.9,20.4,15.7,99,96,66.7,26,0.0,27.8,0.989,8.0,22.0,0.8,72.3,14.6,2001,16.22,14.1,13.040,29,49.8,18.4
1245.0,88,620.0,31.0,4.2,15.7,100,96,72.0,26,0.0,31.2,0.998,9.8,24.1,0.8,84.7,24.4,2223,25.75,26.7,13.023,29,88.3,30.7
1248.0,88,625.1,33.7,6.3,15.5,100,95,74.8,26,-0.3,34.1,1.002,11.5,26.3,1.0,85.8,26.7,2438,29.14,30.6,12.960,29,86.3,35.3
1251.0,88,631.1,35.4,5.2,15.3,100,94,75.2,26,-0.8,35.7,0.997,11.5,26.3,1.6,85.5,26.3,2450,28.75,30.3,13.014,29,87.0,34.2
1254.0,88,637.4,35.8,0.0,15.3,100,92,74.5,26,-0.8,36.9,0.999,10.0,27.9,2.1,85.8,27.9,2471,29.41,31.7,13.040,29,87.1,35.1
1257.0,88,644.0,36.5,0.0,14.9,100,90,74.5,26,-0.8,35.8,1.001,9.8,27.6,2.3,85.9,28.2,2506,29.98,32.2,13.040,29,86.5,37.9
1260.0,88,647.1,34.7,0.0,15.2,99,89,74.0,26,-0.8,35.3,1.000,10.6,26.6,2.3,85.5,27.0,2548,30.09,29.6,13.040,28,87.5,32.9
1263.0,88,652.6,35.8,0.4,15.1,99,88,73.4,26,-0.8,35.8,0.999,11.7,26.4,2.5,84.5,26.7,2587,30.76,31.0,13.040,28,86.6,35.6
1266.0,88,657.5,34.7,2.6,14.9,99,88,72.9,26,-0.8,37.3,1.001,13.0,26.7,3.9,82.7,27.1,2650,31.20,31.5,13.040,28,86.5,34.6
1269.0,88,661.2,30.3,6.6,14.9,99,88,72.9,26,-0.8,33.5,1.003,10.6,25.9,2.5,83.6,26.4,2578,30.46,31.0,13.040,28,86.7,33.6
1272.0,88,668.0,38.8,0.0,14.9,99,87,73.9,26,-0.8,36.4,1.001,10.1,27.7,1.8,84.7,27.7,2551,30.05,31.6,13.040,28,86.7,35.3
1275.0,88,670.3,45.6,0.9,14.7,99,86,74.8,26,-0.8,42.4,0.999,11.5,31.2,2.2,85.6,32.2,2662,32.16,42.4,13.040,28,85.5,46.6
1278.0,88,674.6,47.2,7.7,14.4,99,86,69.7,26,-0.8,49.7,1.001,14.0,32.5,0.8,87.1,32.8,2758,33.45,43.6,13.064,28,85.1,48.6
1281.0,88,680.0,37.6,22.7,14.1,99,86,35.3,26,-0.8,31.4,1.009,13.0,28.5,1.3,86.4,30.0,2640,32.11,39.5,13.033,28,85.2,45.0
1284.0,88,680.0,41.2,4.2,14.1,99,86,63.1,26,-0.8,37.5,1.005,11.8,28.4,1.9,85.9,29.2,2535,30.60,34.0,12.972,28,86.2,41.0
1287.0,88,682.7,44.0,1.6,14.1,99,86,74.9,26,-0.8,43.7,0.999,11.0,31.4,2.3,85.8,31.6,2590,31.49,38.8,13.040,28,85.5,45.1
1290.0,88,687.9,43.7,0.0,14.1,99,85,74.7,26,-0.8,45.1,0.999,11.0,31.4,2.3,85.1,30.6,2612,31.02,36.6,13.040,28,85.8,42.8
1293.0,88,692.0,43.3,0.0,14.0,99,84,75.2,26,-0.8,42.8,1.002,11.0,31.8,1.6,86.1,31.9,2612,31.18,38.3,13.040,28,85.7,43.8
1296.0,88,692.5,47.9,0.1,13.7,99,84,74.5,26,-0.8,48.6,1.000,11.7,32.3,1.6,86.1,32.6,2700,32.65,41.6,13.008,28,85.1,47.2
1299.0,88,696.0,50.2,4.2,14.0,99,85,75.6,26,-0.8,49.3,0.998,13.0,33.0,1.3,86.1,33.3,2792,34.38,44.4,12.978,28,84.3,49.5
1302.0,88,698.8,51.0,4.2,13.9,99,86,75.7,26,-0.8,50.0,0.998,14.1,34.0,0.6,86.5,34.2,2827,35.06,44.7,13.040,28,84.3,51.0
1305.0,88,701.9,50.4,4.6,13.8,99,87,75.3,26,-0.8,49.8,0.998,14.5,34.9,0.0,87.1,34.9,2837,35.29,44.3,13.040,28,84.0,50.0
1308.0,88,704.0,48.9,4.5,14.1,99,88,75.3,26,-0.8,47.5,0.998,14.0,34.5,2.3,87.6,34.9,2846,35.08,43.4,13.040,28,83.9,49.2
1311.0,88,704.0,48.2,0.0,13.7,99,86,74.5,26,-0.8,47.5,0.996,14.3,34.3,2.3,85.6,34.7,2872,35.12,41.5,12.997,28,84.0,48.0
1314.0,88,707.0,42.5,4.2,13.7,99,86,72.8,26,-0.8,42.1,0.997,15.4,31.4,2.1,82.9,32.4,2897,34.97,38.0,12.891,28,84.7,42.4
1317.0,88,708.0,39.2,8.1,13.7,99,86,71.9,26,-0.8,35.8,1.000,16.9,26.0,1.6,81.2,25.9,2887,33.16,29.8,13.040,28,22.5,37.9
1320.0,88,708.0,39.2,8.2,13.7,99,86,73.0,26,-0.8,38.0,1.002,16.0,27.1,1.6,82.0,27.1,2850,33.15,31.5,13.040,28,0.0,38.5
1323.0,88,708.3,42.7,0.0,13.7,99,86,73.7,26,-0.8,43.4,1.003,14.4,29.8,1.6,83.8,29.7,2837,34.01,35.6,12.978,28,21.8,42.1
1326.0,88,712.0,44.7,5.7,13.4,98,86,73.7,26,-0.8,46.2,1.001,13.7,31.7,1.6,84.8,32.0,2834,35.03,40.1,12.907,28,84.7,45.1
1329.0,88,712.0,46.5,3.2,13.1,98,86,74.0,26,-0.8,46.8,1.001,14.1,32.3,1.5,84.3,32.5,2825,35.39,42.0,13.040,28,84.7,47.8
1332.0,88,712.0,46.9,0.0,12.9,98,86,74.5,26,-0.8,45.9,1.002,14.5,32.9,0.8,83.9,32.9,2853,34.81,40.7,13.040,28,84.7,46.3
1335.0,88,712.2,44.7,0.0,12.9,98,86,74.5,26,-0.8,44.7,0.999,15.5,33.1,1.7,85.0,33.1,2894,34.87,39.4,13.040,28,84.7,44.6
1338.0,88,716.0,44.3,0.0,12.9,98,86,74.0,26,-0.8,44.3,1.001,16.2,33.1,2.1,85.4,33.3,2928,35.10,38.3,13.040,28,84.7,44.3
1341.0,88,716.0,44.3,3.6,12.7,98,87,73.2,26,-0.8,44.2,1.001,16.6,33.0,1.5,84.4,33.3,2937,34.78,38.0,13.040,28,84.3,44.3
1344.0,88,716.0,44.4,5.3,12.5,98,88,72.4,26,-0.8,43.9,0.993,17.0,33.3,0.8,85.1,33.3,2937,34.62,39.2,13.040,28,84.5,45.0
1347.0,88,716.0,44.7,1.8,12.5,98,88,73.7,26,-0.8,44.7,1.002,15.4,33.3,1.4,85.7,33.8,2913,34.32,39.8,13.049,28,84.5,45.3
1350.0,88,716.0,44.7,1.8,12.9,98,88,73.7,26,-0.8,44.4,1.001,16.5,33.5,1.6,85.1,34.1,2911,34.02,39.8,13.054,28,84.4,45.2
1353.0,88,715.9,44.7,4.7,12.9,98,89,73.7,26,-0.8,43.9,1.000,17.9,33.7,1.4,83.8,34.1,2946,34.02,39.0,13.040,28,84.7,45.5
1356.0,88,716.0,41.8,4.9,13.0,98,91,72.3,26,-0.8,42.1,0.999,18.8,33.2,0.9,82.3,34.0,3025,35.07,35.3,13.040,27,84.7,42.6
1359.0,88,715.1,33.5,12.2,13.3,98,94,68.9,26,-0.8,36.1,0.996,21.0,28.2,2.3,79.2,27.1,3137,34.77,28.3,12.958,27,87.0,33.3
1362.0,88,712.0,14.1,53.5,13.3,97,98,64.3,26,-0.2,28.2,1.003,13.1,23.6,0.3,79.6,24.0,2672,29.54,22.1,12.923,27,88.8,21.0
1365.0,88,705.7,17.9,26.2,13.8,97,99,62.0,26,0.0,22.5,1.006,9.9,17.6,-1.6,73.5,18.8,1982,20.45,20.0,13.040,28,81.2,19.6
1368.0,88,699.4,17.8,7.8,14.3,97,102,55.5,26,-0.2,18.2,1.003,14.3,11.1,-1.6,52.0,12.8,1913,14.22,12.9,13.040,28,89.5,16.1
1371.0,88,691.8,13.7,0.0,14.7,97,104,43.4,26,-1.0,12.9,0.997,16.0,0.0,-1.6,14.9,0.4,1937,6.65,5.8,13.040,28,46.2,10.7
1374.0,88,681.9,7.2,0.0,15.3,97,104,20.4,26,-3.9,4.7,0.999,-4.4,0.0,-0.6,13.2,0.2,1944,3.81,1.7,13.006,28,7.7,6.3
1377.0,88,668.0,4.7,0.0,16.2,98,104,13.3,26,-3.9,4.7,0.429,-13.0,0.0,0.0,12.2,0.0,1945,3.61,0.8,12.976,28,0.0,4.7
1380.0,87,653.7,4.7,0.0,17.0,98,104,11.0,26,-3.9,5.0,0.000,-12.5,0.0,0.0,12.9,0.0,1931,3.67,0.8,13.040,28,0.0,4.3
1383.0,86,636.4,5.0,0.0,17.5,98,102,12.4,26,-3.9,5.5,0.000,-11.4,0.0,0.0,15.3,0.0,1900,4.48,0.4,13.040,29,0.0,5.0
1386.0,86,620.0,5.3,0.0,18.0,98,98,14.1,26,-3.9,5.5,0.000,-10.0,0.0,0.0,15.6,0.0,1867,4.14,0.6,12.999,29,0.0,5.0
1389.0,86,607.2,4.3,0.0,18.4,98,98,11.1,26,-3.9,4.7,0.000,-11.7,0.0,0.0,13.6,0.0,1840,3.69,0.7,12.981,29,0.0,4.3
1392.0,86,584.0,4.3,0.0,18.6,98,97,9.8,26,-3.9,4.3,0.000,-13.0,0.0,0.0,11.4,0.0,1823,3.24,0.4,13.040,29,0.0,4.3
1395.0,86,576.8,4.3,0.0,18.7,98,96,9.4,26,-3.9,4.4,0.000,-13.0,0.0,0.0,11.4,0.0,1812,3.21,0.8,12.922,29,0.0,4.3
1398.0,86,564.8,4.6,1.3,18.3,98,96,9.6,26,-3.9,5.1,0.000,-12.0,1.2,0.0,14.8,0.5,1788,3.95,0.6,12.918,29,0.0,4.8
1401.0,86,552.0,6.3,9.5,17.6,98,94,24.3,26,-3.9,6.7,0.583,15.1,0.6,0.0,20.0,0.5,1789,4.39,0.5,12.978,29,0.0,5.4
1404.0,86,546.5,5.2,3.6,17.6,98,94,18.0,26,-3.9,6.6,0.660,24.8,0.4,0.0,22.3,0.2,1811,4.17,0.8,13.040,29,0.0,4.7
1407.0,86,536.2,4.5,0.0,17.7,98,93,10.6,26,-3.9,4.6,0.000,-13.0,1.6,0.0,12.5,1.2,1800,3.40,0.8,13.040,29,0.0,4.4
1410.0,86,524.7,4.1,0.0,18.0,99,92,9.4,26,-3.9,4.3,0.000,-13.0,1.6,0.0,11.7,1.8,1774,3.25,0.8,12.994,29,4.8,4.8
1413.0,86,515.9,3.5,0.0,18.0,98,92,10.2,26,-2.7,4.3,0.000,-8.5,2.8,0.0,12.1,3.2,1746,3.75,1.1,12.984,29,13.8,5.6
1416.0,86,508.1,6.3,81.4,18.2,98,93,18.0,26,-2.3,5.7,0.398,4.4,3.8,0.0,14.8,5.0,1730,4.84,1.7,13.040,29,31.4,6.3
1419.0,86,506.1,7.8,107.1,18.5,98,95,26.2,26,-2.0,7.7,1.013,25.5,3.6,-0.2,20.8,5.9,1750,6.06,3.1,13.040,29,35.4,7.5
1422.0,86,501.9,7.3,67.1,18.9,98,96,27.7,26,-0.8,8.6,1.013,38.5,7.1,-11.7,22.6,1.5,1795,4.43,1.4,12.995,29,19.6,6.5
1425.0,86,495.3,4.3,0.0,19.2,99,96,9.4,26,-3.9,5.4,0.299,5.8,2.8,-4.9,16.6,0.0,1818,3.48,0.6,12.988,29,0.0,4.2
1428.0,86,484.1,4.3,0.0,19.8,99,92,9.4,26,-3.0,4.3,0.000,-13.0,0.0,0.0,11.4,0.0,1788,3.21,0.8,13.040,29,0.0,3.9
1431.0,86,477.1,4.1,0.0,20.2,99,88,10.3,26,-2.3,4.5,0.000,-12.4,0.0,0.0,12.1,0.0,1682,3.11,0.8,13.040,29,0.1,3.9
1434.0,86,466.2,4.7,0.0,20.4,99,84,13.6,26,-2.3,5.3,0.034,-10.0,0.0,0.0,18.8,0.0,1562,4.39,0.5,12.984,29,0.0,4.7
1437.0,86,456.7,7.1,0.3,20.4,98,82,24.3,26,-2.3,8.6,1.013,16.0,6.9,-0.5,36.0,6.4,1612,7.57,4.3,12.960,29,31.0,7.7
1440.0,86,460.1,12.9,3.5,19.6,97,85,41.2,26,-1.4,8.4,1.004,29.4,10.5,-1.6,46.3,10.7,1653,10.26,8.2,12.970,29,94.9,12.8
1443.0,86,464.4,10.1,11.6,19.4,97,87,43.3,26,-0.8,8.4,0.995,33.1,10.9,-3.2,46.2,11.0,1662,10.43,6.3,13.040,29,95.3,9.4
1446.0,86,468.0,8.1,15.3,19.1,97,88,30.1,26,-0.9,9.0,1.005,34.5,10.2,-5.5,41.2,10.7,1672,9.78,6.0,12.946,29,95.5,9.4
1449.0,86,468.4,10.0,0.0,18.8,97,90,17.3,26,-2.3,7.8,0.985,37.5,10.7,-1.6,43.0,11.5,1708,11.09,6.9,12.941,29,95.5,10.4
1452.0,86,472.1,12.9,0.0,18.2,97,90,36.5,26,-1.5,10.6,0.990,32.4,11.7,1.3,49.2,12.4,1748,12.98,7.1,13.029,29,89.5,12.6
1455.0,86,474.3,8.6,0.0,17.8,98,90,35.1,26,-1.2,11.4,0.982,23.1,11.7,3.3,57.0,12.8,1775,13.99,1.2,12.960,29,8.7,4.7
1458.0,86,472.3,4.6,0.0,17.7,99,90,12.1,26,-2.3,4.7,0.884,24.0,0.0,16.4,14.5,0.0,1709,6.47,0.9,13.007,29,4.3,4.5
1461.0,86,464.0,4.7,0.1,18.0,99,88,14.9,26,-2.3,6.3,0.884,34.8,6.1,11.0,24.8,6.0,1667,6.70,3.3,12.947,29,29.4,6.1
1464.0,86,464.1,11.0,14.0,17.7,98,88,33.5,26,-1.5,9.8,0.941,32.0,11.5,4.5,42.7,11.9,1699,11.31,7.6,12.839,29,95.2,10.9
1467.0,86,468.9,13.5,7.2,17.4,97,90,42.9,26,-0.8,10.7,0.997,23.7,13.9,-0.2,59.8,14.4,1809,15.59,11.4,13.040,29,94.1,14.9
1470.0,86,475.0,16.3,1.2,17.2,98,92,45.7,26,-0.8,6.0,0.987,34.0,10.2,4.7,34.1,12.2,1700,14.66,10.6,13.040,29,94.1,15.3
1473.0,86,481.7,17.7,2.4,16.9,98,90,62.7,26,-0.8,20.4,0.998,18.9,15.6,3.6,62.1,15.9,1839,17.38,13.8,13.005,29,93.3,17.6
1476.0,86,492.0,15.7,26.2,16.5,98,91,52.5,26,-0.8,16.2,0.992,18.5,16.0,4.8,70.6,16.7,1878,18.31,16.0,12.977,29,90.9,21.5
1479.0,86,494.6,12.2,25.2,16.3,98,92,46.2,26,-0.8,10.5,0.993,20.1,11.4,6.7,62.1,13.5,1758,14.29,9.4,13.040,29,80.8,8.6
1482.0,86,494.4,7.8,16.2,16.3,97,91,38.0,26,-1.0,5.0,0.940,10.7,0.0,4.7,52.9,0.0,1675,3.18,3.2,12.985,29,32.6,5.9
1485.0,86,490.8,4.6,4.8,16.9,99,86,10.2,26,-2.3,4.3,0.000,-13.0,0.9,1.3,25.3,3.1,1620,4.22,1.0,12.997,29,17.8,5.3
1488.0,86,484.0,9.4,50.0,16.9,98,84,34.4,26,-1.2,9.4,0.661,7.9,7.2,-0.8,35.5,8.2,1619,8.07,3.2,13.040,29,54.8,8.6
1491.0,86,487.1,11.9,20.5,16.7,97,86,45.8,26,-0.8,12.3,1.002,23.5,12.4,0.9,58.4,12.4,1672,12.94,7.9,13.040,29,94.9,12.9
1494.0,86,490.2,10.8,27.0,16.5,97,89,44.8,26,-0.8,12.2,0.988,24.5,12.8,7.0,57.3,12.9,1712,13.23,9.0,13.040,29,26.6,8.0
1497.0,86,493.3,9.4,39.2,16.6,98,90,33.0,26,-0.8,9.7,0.986,33.0,11.0,8.6,45.9,11.4,1741,11.21,7.4,13.040,29,49.0,8.4
1500.0,86,495.4,10.5,3.8,16.9,97,92,19.6,26,-0.8,4.7,1.008,36.0,6.2,2.1,26.1,7.1,1721,7.03,3.9,13.040,29,66.5,8.9
1503.0,86,492.0,4.3,0.0,16.9,99,90,12.9,26,-1.8,4.9,0.412,10.5,2.9,-0.4,17.1,3.4,1686,4.32,1.0,13.040,29,8.7,4.0
1506.0,86,480.0,4.9,0.0,17.2,99,89,13.2,26,-2.3,5.3,0.000,-11.1,1.8,0.0,17.6,1.9,1658,4.43,0.4,13.040,29,0.0,5.1
1509.0,86,471.8,4.7,0.0,17.4,99,87,14.6,26,-2.3,5.3,0.000,-9.9,2.1,0.0,18.5,3.1,1637,4.74,0.4,13.040,29,33.9,4.5
1512.0,86,465.5,4.9,24.1,17.6,98,86,15.0,26,-2.2,4.7,0.000,-12.5,0.0,0.0,13.7,0.0,1618,3.80,0.7,13.040,29,28.6,4.9
1515.0,86,460.4,6.9,98.6,17.6,98,86,34.5,26,-0.8,10.6,0.758,13.0,8.5,-1.0,39.6,7.6,1717,9.05,5.2,13.040,29,33.5,7.9
1518.0,86,464.1,15.3,6.0,17.4,98,87,47.6,26,-0.8,13.4,1.001,23.5,14.0,0.2,61.0,14.1,1790,14.80,11.3,13.025,29,94.1,15.3
1521.0,86,471.7,15.8,2.5,17.1,98,88,56.6,26,-0.8,15.9,0.992,20.5,15.0,3.0,66.7,14.9,1736,15.38,12.2,12.960,29,94.1,15.6
1524.0,86,480.7,17.1,0.0,16.8,98,88,58.7,26,-0.8,16.6,1.002,18.5,15.3,2.3,69.0,15.3,1725,16.22,12.4,13.014,29,93.9,16.8
1527.0,86,489.5,18.8,0.0,16.5,98,88,62.0,26,-0.8,18.8,0.999,18.2,16.1,1.3,71.2,16.2,1787,17.21,13.7,12.975,29,93.6,18.0
1530.0,86,500.0,18.8,0.0,16.1,98,88,62.0,26,-0.8,18.8,1.001,18.2,16.5,0.2,72.1,16.9,1844,18.06,15.3,12.880,29,93.3,18.8
1533.0,86,507.2,18.8,1.9,15.7,98,90,61.4,26,-0.8,18.8,1.003,18.6,16.5,-0.7,71.3,16.9,1862,17.73,15.3,12.880,29,93.3,18.8
1536.0,86,514.6,18.7,2.5,15.1,98,92,60.4,26,-0.8,18.8,1.002,19.0,16.5,0.0,70.6,16.5,1850,17.52,15.0,12.976,29,93.3,18.6
1539.0,86,520.5,17.9,0.0,14.5,98,96,60.4,26,-0.8,18.8,1.000,19.0,16.5,1.0,70.8,16.5,1869,17.56,14.7,13.012,29,91.8,17.3
1542.0,86,528.0,6.3,0.0,14.5,98,99,32.2,26,-2.5,12.8,1.058,26.3,14.0,0.4,59.7,14.5,1879,15.80,13.3,12.971,29,88.3,14.0
1545.0,87,525.4,10.3,14.2,14.7,98,100,24.9,26,-2.9,8.4,1.090,33.9,10.8,-2.8,40.9,10.8,1866,10.87,7.8,13.040,28,94.9,12.2
1548.0,87,524.0,11.3,15.2,15.1,98,101,34.5,26,-1.3,10.4,0.897,26.6,11.8,-9.4,47.5,12.2,1925,12.71,7.8,12.979,29,93.6,11.0
1551.0,87,520.3,8.3,0.0,15.8,98,102,10.3,26,-3.9,4.3,0.000,-13.0,2.8,-2.5,21.9,3.8,1892,6.88,3.6,12.960,29,54.9,8.0
1554.0,87,508.0,5.5,0.0,16.5,99,100,17.3,26,-3.9,5.6,0.554,15.0,3.6,3.7,16.3,2.8,1870,4.48,1.1,12.940,29,8.9,4.5
1557.0,87,505.1,6.3,0.0,16.7,98,100,19.9,26,-3.9,6.6,0.931,39.5,7.4,4.0,23.6,6.9,1862,6.42,2.7,12.880,29,72.9,6.3
1560.0,86,504.0,7.2,6.4,16.8,98,100,23.8,26,-3.2,6.7,1.012,37.6,8.0,-10.9,29.0,7.8,1862,7.73,2.7,13.007,29,87.3,7.1
1563.0,86,501.7,7.1,34.0,16.5,97,100,25.9,26,-0.8,5.1,1.009,9.0,0.0,-2.4,16.8,4.7,1896,5.26,2.0,12.948,29,59.4,6.7
1566.0,86,495.8,5.1,96.5,16.5,99,100,14.9,26,-3.9,5.1,0.987,24.7,2.4,0.0,13.6,2.3,1894,3.69,1.1,12.909,29,13.2,5.3
1569.0,86,492.0,4.3,18.1,16.2,99,99,27.9,26,-2.3,8.8,0.933,30.0,7.3,1.5,27.0,4.8,1910,5.74,1.4,12.971,29,4.5,4.4
1572.0,86,492.0,6.7,26.3,15.9,98,99,32.9,26,-0.8,11.3,0.917,28.4,12.0,1.7,48.6,12.2,1996,13.76,6.3,13.040,29,70.2,8.2
1575.0,86,492.0,8.8,31.6,15.7,97,100,29.3,26,-0.8,8.3,1.012,38.0,9.4,-10.9,34.1,9.4,1887,9.96,5.2,13.040,28,84.8,9.1
1578.0,86,491.4,9.2,5.4,15.7,97,102,33.7,26,-0.8,9.8,0.979,34.6,10.3,0.9,38.8,9.9,1895,7.26,2.6,13.040,28,61.0,8.4
1581.0,86,488.0,5.1,0.0,16.1,99,99,17.2,26,-2.8,6.6,0.401,9.0,5.4,3.3,28.6,6.0,1881,5.18,0.4,13.003,28,0.0,5.4
1584.0,86,479.4,4.6,0.0,16.8,99,97,10.6,26,-3.9,4.5,0.000,-13.0,0.0,0.0,12.2,0.0,1838,3.55,0.4,12.883,28,0.0,4.3
1587.0,86,468.3,4.1,0.0,17.3,99,95,10.0,26,-3.6,4.3,0.000,-10.2,0.5,0.1,11.0,0.0,1775,3.08,0.8,13.040,28,0.0,4.0
1590.0,86,460.9,6.6,3.7,17.3,100,92,10.0,26,-2.3,4.3,0.000,30.0,12.2,6.2,34.4,10.1,1766,10.67,6.7,13.000,28,40.3,9.3
1593.0,86,464.0,18.0,25.2,16.9,98,94,60.4,26,-1.2,13.8,0.664,25.3,10.6,3.3,36.0,7.6,1768,10.55,8.4,12.981,28,77.1,15.4
1596.0,86,464.0,8.6,7.8,17.2,99,93,34.9,26,-1.5,12.0,0.578,10.6,6.3,0.6,25.5,0.0,1754,4.30,0.8,13.034,28,0.0,5.1
1599.0,86,455.9,5.5,0.0,17.4,100,91,13.6,26,-2.3,5.0,0.173,-5.7,0.9,0.1,18.3,0.0,1687,4.52,0.8,12.960,28,0.0,4.8
1602.0,86,449.8,7.9,2.9,17.6,100,90,13.0,26,-2.3,4.7,0.999,37.0,14.1,1.6,58.4,11.1,1747,12.31,8.0,12.960,28,40.5,9.7
1605.0,86,456.0,17.3,21.0,17.3,98,90,50.2,26,-1.3,11.1,0.997,28.6,14.3,0.5,62.7,15.5,1750,16.50,13.5,12.979,28,93.7,17.0
1608.0,86,465.0,19.8,7.2,17.1,99,90,58.4,26,-0.5,17.8,0.997,18.6,15.6,-0.5,70.1,15.8,1742,16.28,13.0,13.040,28,93.7,17.6
1611.0,86,476.2,20.2,0.0,16.8,99,91,66.5,26,0.0,22.5,0.999,12.6,18.8,0.8,78.8,18.8,1962,21.12,18.8,13.040,28,92.4,19.0
1614.0,86,487.5,20.2,1.5,16.4,99,92,66.0,26,0.0,21.6,0.997,14.5,18.4,0.8,77.8,18.5,1972,20.98,18.3,12.991,28,91.6,20.9
1617.0,86,496.4,21.4,8.8,15.7,99,92,66.7,26,0.0,22.2,0.999,17.4,7.0,3.6,44.6,9.3,1852,12.51,10.4,12.993,28,89.4,18.1
1620.0,86,500.0,15.3,36.8,15.4,98,92,60.5,26,-0.5,20.1,1.006,16.8,7.6,3.4,39.1,7.6,1789,8.12,5.5,13.027,28,84.4,4.7
1623.0,86,507.2,24.6,17.1,15.0,98,94,62.8,26,-0.6,21.5,1.013,13.4,21.5,-0.7,84.0,22.7,1937,22.71,26.3,12.960,28,88.6,24.6
1626.0,86,518.4,31.8,0.0,14.5,99,99,74.4,26,-0.0,31.4,1.013,13.0,24.3,0.8,85.9,24.7,2374,27.74,26.6,13.010,27,87.7,31.6
1629.0,86,532.4,31.8,0.0,14.5,99,104,73.7,26,-0.8,31.0,1.003,14.2,23.6,1.6,84.4,23.7,2482,28.63,24.9,13.040,27,87.1,31.0
1632.0,86,544.1,29.8,0.0,14.5,99,108,73.3,26,-0.8,30.6,0.999,14.8,23.2,2.3,83.3,23.0,2463,27.77,22.3,13.033,27,88.6,27.8
1635.0,86,552.8,30.4,0.8,14.7,99,111,71.9,26,-0.6,29.5,0.998,14.3,23.3,2.4,83.8,23.9,2512,29.24,25.9,12.880,27,87.2,30.3
1638.0,86,562.6,30.0,1.4,14.8,99,114,69.9,26,0.0,26.7,1.000,12.5,21.6,3.1,81.2,22.0,2332,26.78,24.0,12.969,27,87.6,29.4
1641.0,86,568.5,27.4,0.0,14.5,99,118,70.6,26,0.8,27.0,1.007,14.1,21.1,1.4,81.6,21.2,2256,25.09,21.7,13.014,27,88.9,26.9
1644.0,86,576.0,25.9,0.0,15.0,99,118,69.7,26,0.8,26.9,1.007,14.4,21.1,0.3,81.8,20.8,2284,24.81,20.3,12.969,27,89.8,25.9
1647.0,86,578.3,25.7,0.0,15.3,99,119,68.5,26,0.8,26.2,1.001,13.7,21.3,1.0,80.7,21.9,2398,26.64,22.0,13.040,27,57.5,20.8
1650.0,86,581.4,24.6,0.0,15.3,99,120,64.6,26,0.7,24.4,0.995,15.0,19.2,2.3,73.7,18.8,2275,24.21,19.3,12.988,27,59.6,20.9
1653.0,86,584.4,22.6,1.8,15.3,99,120,43.1,26,-0.8,17.6,1.004,18.5,18.1,1.9,72.1,18.1,2281,22.68,17.5,12.993,27,67.5,22.7
1656.0,86,588.0,21.2,47.2,15.3,99,121,49.9,26,-0.8,16.4,1.002,22.3,16.2,2.2,65.7,16.7,2291,20.98,15.6,13.040,27,52.4,20.8
1659.0,86,588.0,14.2,32.4,15.5,99,121,48.0,26,-0.8,14.9,1.002,25.2,14.4,2.8,56.2,14.9,2300,18.05,11.4,13.040,27,0.0,6.3
1662.0,86,588.0,14.1,15.7,15.7,99,120,42.3,26,-0.8,14.1,1.006,26.0,14.1,0.8,52.9,14.1,2275,17.05,12.0,13.040,27,25.9,13.4
1665.0,86,588.0,21.4,2.4,15.7,99,120,62.7,26,-0.8,14.1,0.994,23.9,12.3,0.3,44.1,13.4,2262,15.70,10.5,13.040,27,41.2,18.5
1668.0,86,588.0,14.5,0.0,16.0,99,119,50.7,26,-0.8,14.3,0.998,23.4,12.3,0.6,42.8,13.2,2239,13.28,7.2,13.055,27,24.7,14.1
1671.0,86,585.3,13.5,45.3,16.3,99,117,45.8,26,-0.8,14.8,0.995,24.0,13.8,1.4,52.3,13.3,2209,9.24,2.0,13.120,27,0.0,5.5
1674.0,86,580.6,9.9,49.1,16.6,99,115,42.3,26,-1.2,14.4,0.920,23.7,14.1,0.0,56.1,9.8,2162,6.30,1.7,13.353,27,0.0,5.3
1677.0,86,572.9,5.0,0.0,16.9,100,112,11.0,26,-3.9,4.7,0.001,-12.0,4.7,0.0,29.2,4.0,2092,5.02,1.0,13.618,27,0.0,5.0
1680.0,86,556.0,4.7,0.0,16.3,100,108,10.5,26,-3.9,4.7,0.629,7.3,4.5,2.8,18.6,4.2,2018,6.38,1.8,13.827,27,1.2,4.9
1683.0,86,553.4,10.3,0.0,15.9,100,106,25.3,26,-2.7,7.0,1.079,31.2,10.2,5.5,29.5,11.8,1978,12.96,7.7,13.760,27,26.3,13.7
1686.0,86,550.2,13.9,0.0,15.7,99,106,45.0,26,-0.8,11.5,0.998,35.0,9.0,-0.8,30.2,9.0,2000,8.61,4.7,13.760,27,18.3,12.3
1689.0,86,548.9,14.5,8.1,15.7,99,108,46.3,26,-0.8,14.9,0.992,26.0,13.5,1.0,51.7,13.3,2065,15.13,9.0,13.680,27,24.4,13.8
1692.0,86,552.0,16.1,64.0,16.1,99,110,50.8,26,-0.8,15.4,0.995,23.8,14.9,1.6,60.4,15.6,2105,19.29,13.2,13.643,27,42.1,18.2
1695.0,86,554.7,19.9,50.6,15.9,99,110,58.5,26,-0.1,18.1,1.001,22.1,15.7,1.1,62.1,15.8,2107,19.16,14.9,13.760,27,50.2,19.6
1698.0,86,556.0,14.9,26.3,15.7,99,109,52.4,26,0.0,19.9,0.913,17.6,17.8,-0.8,70.6,14.1,2075,15.67,6.4,13.760,27,17.2,10.2
1701.0,86,555.1,6.8,0.0,15.7,100,106,10.2,26,-3.9,4.7,0.000,31.0,6.3,4.3,35.6,12.1,1996,14.13,6.8,13.720,27,12.1,8.9
1704.0,86,552.0,16.5,0.0,16.1,99,105,40.9,26,-1.9,5.2,0.593,33.1,10.3,2.3,36.0,12.5,1959,14.89,10.7,13.699,27,35.0,16.6
1707.0,86,554.8,23.2,4.5,15.9,99,103,62.4,26,-0.2,13.6,0.993,29.5,16.0,-1.5,61.7,15.8,2007,19.40,15.4,13.760,27,70.2,23.1
1710.0,86,559.5,21.2,4.3,15.6,99,102,63.0,26,0.2,25.2,0.989,13.5,22.4,2.3,82.0,22.4,2337,26.77,20.8,13.702,27,39.2,17.0
1713.0,86,561.9,12.6,0.2,15.3,100,104,20.4,26,-3.9,4.7,0.999,-6.0,6.9,0.8,38.4,9.1,2075,14.15,11.0,13.717,27,12.7,9.9
1716.0,86,552.0,4.3,1.8,16.1,100,99,14.5,26,-3.9,5.5,0.927,14.8,3.6,6.3,16.0,3.1,1861,4.50,1.6,13.760,27,1.3,4.5
1719.0,86,549.1,5.7,12.9,16.1,100,98,18.7,26,-3.9,7.3,0.938,37.4,8.1,8.2,23.6,8.6,1842,7.47,4.2,13.760,27,9.8,6.3
1722.0,86,545.9,9.0,9.8,15.9,100,99,21.9,26,-3.9,8.2,0.826,31.8,9.2,-2.9,28.8,10.8,1862,11.40,7.5,13.760,27,16.5,9.8
1725.0,86,539.0,10.2,0.0,15.8,100,101,18.7,26,-3.7,5.5,0.009,-12.0,0.0,0.0,14.5,0.0,1862,6.20,2.9,13.760,27,9.2,8.5
1728.0,86,528.8,7.2,0.0,16.1,100,98,34.5,26,-0.8,14.1,0.884,10.3,11.1,0.5,49.2,10.0,1986,13.15,7.9,13.769,27,19.8,9.4
1731.0,86,536.0,18.8,0.0,16.1,99,101,51.8,26,0.1,17.0,0.940,22.6,14.2,1.4,60.3,15.1,2039,19.65,16.8,13.770,27,62.6,19.2
1734.0,86,538.3,16.7,0.0,15.9,99,102,45.1,26,-0.7,16.5,1.000,27.7,10.3,2.0,38.6,10.7,1925,13.39,10.2,13.680,27,32.9,16.1
1737.0,86,540.0,14.1,17.1,15.7,100,102,23.5,26,-3.6,8.5,0.998,40.0,10.6,-0.8,36.1,12.2,1925,13.90,11.1,13.515,27,33.1,16.1
1740.0,86,540.8,13.2,51.3,15.7,100,102,45.5,26,-0.8,13.7,0.996,28.9,13.1,0.8,50.0,13.4,1940,15.70,11.9,13.332,27,37.5,17.2
1743.0,86,544.0,16.9,0.0,15.3,100,104,54.5,26,-0.8,15.8,0.998,22.2,15.1,1.6,62.8,15.2,1963,17.73,13.0,13.169,27,44.8,19.0
1746.0,86,546.7,9.0,0.0,15.3,100,104,40.2,26,-0.8,16.2,0.993,20.6,15.7,1.4,68.2,16.6,1992,19.31,14.9,13.040,27,45.9,16.5
1749.0,86,546.1,6.4,1.7,15.2,100,103,23.9,26,-0.8,13.7,0.981,23.8,14.3,0.8,59.6,14.9,2050,16.95,5.1,13.040,27,15.0,8.9
1752.0,86,543.0,9.0,3.5,14.9,100,102,32.3,26,-0.8,10.6,0.998,30.0,0.0,1.9,27.8,5.1,1994,9.65,2.4,13.040,27,4.2,5.8
1755.0,86,540.0,10.6,0.0,14.9,100,98,57.3,26,-0.8,14.2,1.007,24.9,0.0,3.5,15.6,2.1,1952,4.81,2.4,13.000,27,10.7,8.2
1758.0,86,540.0,15.7,0.0,14.9,100,97,58.5,26,-0.8,16.9,1.006,19.5,4.4,3.9,27.9,6.5,1943,6.92,2.7,12.883,27,14.9,12.5
1761.0,86,542.0,14.5,0.0,14.9,100,96,55.3,26,-0.8,17.3,0.994,17.6,16.0,1.6,68.2,15.7,1975,18.28,9.8,13.040,27,14.9,10.4
1764.0,86,545.2,11.7,10.4,14.9,100,96,44.1,26,-0.8,13.3,0.999,25.5,12.9,0.8,57.1,13.6,1930,15.27,9.6,13.040,27,20.9,11.6
1767.0,86,547.8,14.8,43.8,14.9,100,100,29.8,26,-0.8,7.7,0.998,32.3,9.5,0.4,37.4,9.5,1895,10.23,6.7,13.040,27,23.0,13.1
1770.0,86,544.0,7.8,10.6,15.2,100,101,18.9,26,-2.3,5.1,0.559,18.2,4.7,0.0,19.4,4.4,1889,5.22,2.2,13.040,27,7.9,7.5
1773.0,86,537.1,9.3,13.0,15.7,100,102,25.7,26,-3.1,4.9,0.194,-7.6,0.9,-0.1,12.3,0.4,1937,3.55,0.8,13.040,27,0.0,4.3
1776.0,86,533.2,12.0,18.9,16.0,100,102,52.7,26,-0.8,5.6,1.010,27.0,7.8,-1.6,20.0,11.8,1919,10.92,6.9,12.995,27,16.6,10.0
1779.0,86,536.1,15.7,0.0,15.7,100,102,61.2,26,-0.8,18.8,1.003,20.8,12.7,-0.7,46.2,14.2,1945,16.62,12.4,12.960,27,37.7,17.1
1782.0,86,544.0,11.0,0.0,15.7,100,101,46.6,26,-0.8,15.9,1.005,24.2,14.0,-0.2,58.9,13.0,1961,17.74,14.3,12.957,27,52.9,20.0
1785.0,86,539.6,6.5,0.0,15.5,100,98,25.4,26,-1.2,10.1,0.802,31.3,8.1,-0.7,22.0,0.4,1835,3.68,1.6,12.880,27,14.5,9.0
1788.0,86,534.8,7.8,9.0,15.4,100,93,16.6,26,-2.3,3.9,0.000,-13.0,4.7,0.0,12.5,9.0,1700,7.46,6.5,12.978,27,16.4,9.9
1791.0,86,532.1,18.0,36.8,15.7,100,90,62.0,26,-0.8,15.5,0.694,5.0,12.9,-0.9,48.1,13.9,1809,14.34,12.9,13.040,27,25.9,16.3
1794.0,86,540.0,19.1,12.2,15.5,100,91,57.9,26,-0.8,17.0,0.999,18.4,17.0,-0.5,72.8,17.3,1887,19.74,17.9,13.040,27,0.0,15.7
1797.0,86,540.0,16.3,0.0,15.4,100,92,52.2,26,-0.8,12.9,0.996,23.5,13.6,2.3,59.6,13.7,1737,14.31,10.2,13.040,27,0.0,12.5
1800.0,86,539.0,10.7,0.0,15.8,100,92,44.9,26,-0.8,12.9,1.012,24.5,5.9,-0.2,38.9,3.5,1737,7.42,4.6,12.995,27,0.0,8.2
1803.0,86,535.9,4.3,0.0,16.1,100,92,11.8,26,-2.3,8.4,0.930,33.4,7.6,4.2,29.8,4.9,1732,7.06,3.8,12.985,27,5.8,6.6
1806.0,86,532.1,11.9,0.0,15.4,100,93,33.9,26,-1.6,10.2,0.924,34.6,10.6,6.5,34.4,11.2,1747,11.71,9.5,13.040,27,25.5,14.1
1809.0,86,533.8,12.2,0.0,14.8,100,96,50.5,26,-0.8,15.7,0.996,21.6,14.9,0.0,63.1,15.3,1887,16.82,12.9,13.040,27,34.3,16.3
1812.0,86,535.2,7.8,0.0,14.5,100,100,40.0,26,-0.8,13.7,1.003,24.5,12.5,0.6,45.6,10.3,1879,9.08,6.3,13.040,27,23.6,13.1
1815.0,86,532.0,6.3,0.0,14.9,100,96,14.1,26,-2.8,8.8,0.989,30.2,8.7,2.5,30.8,7.3,1833,4.97,1.3,13.040,27,2.7,5.8
1818.0,86,529.4,13.1,0.0,14.9,100,95,36.0,26,-2.2,10.9,0.984,32.1,6.0,4.2,23.0,6.4,1765,6.05,3.9,13.040,27,26.7,15.7
1821.0,86,529.4,18.6,0.0,14.9,100,94,68.2,26,0.8,22.5,0.997,15.0,16.5,-0.8,71.8,16.5,1975,16.44,4.4,12.991,27,27.1,15.3
1824.0,86,532.9,20.4,0.0,14.9,100,94,68.2,26,0.8,20.0,0.990,16.0,17.2,0.2,73.8,17.3,1942,19.74,9.7,13.011,27,31.4,15.6
1827.0,86,540.0,13.7,0.0,14.9,100,94,34.2,26,-0.8,12.8,0.995,23.3,15.6,-0.2,67.3,17.1,1870,19.15,16.7,13.093,27,41.9,17.6
1830.0,86,540.0,14.3,21.7,14.9,100,93,26.2,26,-1.9,7.6,1.002,33.4,12.0,-2.1,48.0,14.5,1737,15.79,15.3,13.040,27,13.7,10.3
1833.0,86,540.0,14.9,44.9,14.9,100,92,54.2,26,-0.8,14.5,1.001,21.5,14.1,0.0,60.0,13.7,1737,14.53,12.2,12.994,27,7.2,9.1
1836.0,86,540.3,14.9,45.5,14.9,100,92,67.5,26,0.8,21.6,1.009,16.0,17.8,-0.4,71.5,17.3,1856,17.76,14.9,13.006,27,18.4,13.7
1839.0,86,548.0,24.1,12.3,14.6,99,95,68.7,26,0.8,24.7,1.007,12.7,20.0,-0.6,81.4,20.5,2007,22.41,22.4,13.098,27,89.8,27.1
1842.0,86,553.8,24.4,0.0,14.4,99,99,67.8,26,0.8,23.4,0.998,14.2,19.1,0.0,77.3,18.0,2037,20.27,16.1,13.098,26,73.2,23.6
1845.0,86,560.0,18.6,0.0,14.1,100,102,62.0,26,0.8,15.7,0.997,36.0,9.4,-0.6,46.1,12.3,1957,13.24,9.4,13.069,26,39.3,15.3
1848.0,86,560.0,4.3,0.0,14.5,100,100,27.0,26,-2.4,13.1,0.986,29.7,12.4,-1.2,47.1,11.6,1903,11.64,6.0,13.040,26,4.8,5.8
1851.0,86,557.1,13.6,32.5,14.8,100,100,40.6,26,-1.8,16.1,0.986,21.5,16.2,-1.4,68.2,15.4,1902,17.27,12.4,13.039,26,32.9,16.5
1854.0,86,557.9,19.3,43.1,14.9,100,101,64.4,26,0.8,21.2,0.997,15.7,17.6,-0.7,76.5,18.4,2012,21.39,17.6,12.960,26,54.1,19.7
1857.0,86,558.9,17.5,30.1,14.9,100,104,58.2,26,0.8,18.0,0.996,24.5,0.0,4.7,32.5,4.9,1952,9.60,7.5,12.960,26,35.5,14.4
1860.0,86,554.5,4.3,0.0,14.9,100,100,10.2,26,-2.8,7.9,0.292,-0.1,0.0,1.9,15.5,0.0,1860,3.42,0.8,13.018,26,0.0,4.2
1863.0,86,540.0,3.9,0.0,15.5,100,96,9.7,26,-3.0,4.1,0.000,-13.0,0.0,0.0,11.4,0.0,1771,3.14,0.8,13.108,26,0.0,3.9
1866.0,86,532.0,3.9,0.0,15.9,100,93,9.8,26,-2.3,4.2,0.272,-1.0,1.9,1.6,13.1,1.1,1725,3.35,0.8,13.040,26,0.0,3.9
1869.0,86,524.2,5.6,0.0,16.1,100,93,13.6,26,-2.3,5.0,0.896,34.3,8.2,7.8,21.2,7.8,1725,7.05,2.9,13.040,27,6.5,6.4
1872.0,86,516.7,7.1,0.0,16.1,100,96,22.3,26,-2.3,7.5,1.009,40.0,6.3,1.1,22.6,2.1,1803,5.51,2.2,13.040,27,5.3,6.4
1875.0,86,507.7,4.7,0.0,15.7,100,98,11.8,26,-3.5,5.7,0.923,23.3,2.6,9.2,17.3,0.0,1843,4.08,1.1,13.040,27,0.0,4.6
1878.0,86,504.0,4.3,0.0,15.1,100,97,10.8,26,-3.9,4.9,0.884,20.5,2.1,15.9,13.9,1.8,1834,3.82,1.1,13.029,27,0.2,4.3
1881.0,86,499.0,8.5,0.0,14.7,100,95,21.9,26,-2.9,7.2,0.919,31.4,7.1,11.4,21.4,6.8,1791,5.61,2.7,12.960,27,8.2,7.1
1884.0,86,499.1,12.6,0.0,14.5,100,94,42.6,26,-0.8,13.2,1.012,24.5,13.7,-2.3,56.1,13.7,1875,15.02,8.8,12.960,27,20.1,11.7
1887.0,86,504.6,14.9,0.0,14.5,100,92,54.1,26,-0.8,15.3,0.996,21.2,15.4,-0.8,65.5,15.2,1825,15.95,6.7,12.996,27,17.7,11.3
1890.0,86,508.0,14.5,0.0,14.5,100,90,63.1,26,0.2,20.3,1.003,15.9,17.9,-1.0,76.3,17.9,1833,18.57,6.7,13.024,27,10.9,7.1
1893.0,86,516.4,22.2,6.8,14.7,100,89,69.1,26,0.8,24.2,1.007,12.1,20.1,-1.9,83.8,20.7,1957,23.09,22.4,12.960,27,90.2,26.3
1896.0,86,526.0,23.9,8.6,14.8,100,87,70.3,26,0.8,25.0,1.003,12.6,20.3,-0.8,82.0,20.4,2125,24.52,21.6,13.021,27,63.6,21.4
1899.0,86,535.0,20.7,5.0,14.5,100,86,67.1,26,0.8,22.0,0.997,16.0,17.3,-0.2,74.7,18.0,1939,20.77,18.8,13.068,27,50.5,19.0
1902.0,86,544.0,17.3,0.0,14.1,100,86,56.5,26,-0.3,18.5,0.996,17.8,16.3,0.8,69.4,16.2,1799,17.39,15.2,13.055,27,48.0,18.9
1905.0,87,546.8,16.8,27.7,14.1,100,87,56.9,26,-0.8,16.4,0.996,19.5,14.6,1.4,62.5,13.2,1730,14.71,12.2,12.880,27,35.3,16.1
1908.0,87,548.0,13.7,43.8,14.1,100,89,51.3,26,-0.8,15.1,0.997,19.5,12.2,0.8,43.1,0.0,1675,4.76,4.8,12.991,27,20.7,11.7
1911.0,87,547.2,8.8,41.4,14.1,100,94,29.0,26,-0.8,8.2,0.995,28.5,6.1,0.3,28.6,0.0,1730,4.16,1.5,13.007,27,7.8,7.3
1914.0,87,536.0,4.3,0.0,14.4,100,95,16.9,26,-1.7,6.1,0.485,10.0,2.0,0.0,16.8,0.0,1778,3.50,0.8,12.970,27,0.0,4.3
1917.0,87,531.2,4.3,0.0,14.7,100,97,9.7,26,-2.3,4.3,0.000,-5.1,0.8,0.6,11.7,0.5,1787,3.16,0.8,13.040,27,0.0,4.6
1920.0,87,525.3,6.1,0.0,14.8,100,98,13.7,26,-2.2,4.7,0.031,32.5,5.5,4.7,14.9,7.1,1800,5.17,2.7,13.040,27,7.3,7.1
1923.0,87,520.1,10.6,0.0,14.5,100,96,37.6,26,-0.8,11.4,1.008,29.4,9.9,0.3,32.7,10.1,1843,9.63,5.8,13.040,27,16.7,10.5
1926.0,86,524.0,13.0,0.0,14.5,100,96,43.7,26,-0.8,12.4,1.004,26.3,12.9,-2.0,49.5,12.9,1885,14.00,9.1,13.040,27,24.7,13.3
1929.0,86,526.4,13.9,0.0,14.5,100,97,45.9,26,-0.8,13.1,0.999,26.7,11.7,0.5,51.6,12.1,1872,14.10,9.8,13.040,27,25.3,13.3
1932.0,86,528.0,11.1,0.0,14.7,100,98,38.6,26,-1.1,10.9,1.002,39.5,4.7,-1.6,20.4,0.0,1787,3.27,3.6,13.040,27,11.7,8.6
1935.0,86,527.7,5.1,0.0,15.3,100,96,13.3,26,-3.9,5.1,0.979,35.9,4.5,2.2,17.5,2.6,1794,3.81,1.1,13.040,27,0.0,4.3
1938.0,86,524.0,3.9,0.0,15.6,101,96,10.9,26,-3.9,4.7,1.043,32.4,3.6,6.0,14.2,4.2,1797,4.16,1.4,13.032,27,0.0,4.3
1941.0,86,514.2,4.6,0.0,15.7,101,95,11.3,26,-3.4,4.5,0.841,22.0,2.0,7.4,12.4,2.8,1783,3.27,0.4,12.960,27,0.0,4.9
1944.0,86,501.6,5.0,0.0,15.8,101,93,13.8,26,-2.3,5.1,0.000,-10.5,0.0,0.0,16.9,0.0,1725,4.53,0.4,13.015,27,0.0,5.3
1947.0,86,490.6,5.3,0.0,16.1,101,90,12.5,26,-2.3,4.7,0.000,-6.4,3.1,0.0,16.1,4.3,1702,5.19,2.7,13.040,27,5.0,6.7
1950.0,86,484.0,9.4,0.0,16.1,100,88,33.6,26,-1.2,9.2,0.652,16.3,8.0,-2.0,27.6,8.7,1724,8.29,6.3,13.040,27,14.4,9.3
1953.0,86,487.0,6.3,0.0,15.8,101,89,27.8,26,-1.6,6.7,1.003,22.3,9.0,-2.7,33.0,8.2,1754,10.70,8.5,13.040,27,20.4,11.0
1956.0,86,488.0,5.7,10.1,15.6,101,90,19.0,26,-2.3,2.8,0.992,9.1,5.3,-0.1,15.5,0.0,1675,3.25,0.8,13.040,27,10.2,7.0
1959.0,86,486.9,6.7,19.3,15.2,101,90,21.4,26,-2.3,6.7,0.995,40.0,7.5,-1.6,27.5,5.5,1666,5.52,2.1,12.997,27,7.8,6.2
1962.0,86,484.2,8.1,0.0,14.5,101,88,38.4,26,-1.2,10.7,1.006,31.0,10.1,-2.8,40.2,10.0,1722,9.46,5.2,12.986,27,13.1,8.7
1965.0,86,488.1,3.9,0.0,14.2,101,89,28.2,26,-1.6,10.3,1.007,30.6,10.9,-3.4,45.8,11.5,1774,12.11,8.5,13.040,27,23.6,12.9
1968.0,86,488.0,8.7,10.9,13.9,101,91,29.4,26,-1.9,9.1,0.999,37.1,9.2,-2.0,31.6,8.9,1692,7.41,5.5,13.040,27,15.7,11.5
1971.0,86,489.4,10.5,16.5,13.5,100,92,41.6,26,-0.9,12.8,0.994,25.0,13.3,0.0,54.9,13.3,1825,14.37,8.5,13.040,27,20.9,12.4
1974.0,86,491.1,4.7,0.0,12.9,101,94,10.2,26,-2.3,3.9,0.292,21.1,7.7,0.0,31.3,8.4,1774,9.51,6.6,13.040,27,18.5,11.5
1977.0,86,484.0,4.7,0.0,12.9,101,91,12.1,26,-2.3,4.5,0.000,24.2,4.7,1.3,15.7,5.3,1709,4.97,1.8,13.040,27,0.6,4.8
1980.0,86,479.2,8.0,32.8,13.1,101,90,21.9,26,-1.8,6.7,0.263,32.0,6.1,3.3,22.1,7.9,1663,7.93,4.3,13.040,27,14.9,10.6
1983.0,86,477.3,11.6,45.2,13.4,101,90,38.4,26,-0.8,10.7,1.013,32.0,11.0,-3.1,42.0,11.0,1737,9.89,7.0,13.040,27,19.6,11.8
1986.0,86,480.4,14.1,0.0,13.7,101,90,51.0,26,-0.8,14.5,0.991,25.3,13.2,-1.0,53.3,12.9,1771,13.02,10.2,13.015,27,27.1,13.9
1989.0,86,492.1,16.8,38.4,13.4,100,92,56.9,26,-0.8,15.9,0.994,19.5,10.4,1.6,51.8,11.6,1798,13.90,11.9,12.967,27,36.9,16.9
1992.0,86,492.0,11.2,26.3,13.5,100,93,48.8,26,-1.2,15.5,0.995,19.1,0.6,3.8,13.3,0.0,1737,3.20,0.8,13.040,27,11.3,9.8
1995.0,86,489.4,5.7,0.0,13.8,101,92,18.9,26,-2.3,7.8,0.979,40.0,10.2,-2.3,24.7,7.5,1719,7.49,3.3,12.944,27,1.2,6.0
1998.0,86,484.4,6.8,0.0,14.1,101,90,36.9,26,-1.1,11.7,0.908,29.1,12.1,-0.5,43.5,12.0,1786,11.90,7.1,12.910,27,7.2,7.3
2001.0,86,488.0,14.9,0.0,14.1,101,91,48.5,26,-0.8,14.8,0.939,21.8,14.5,1.1,60.4,14.5,1862,14.95,9.1,12.960,27,28.1,14.9
2004.0,86,492.9,8.6,0.0,14.1,101,91,40.6,26,-1.3,14.7,0.970,20.1,16.2,1.8,69.3,16.3,1862,15.76,2.7,12.960,27,0.0,6.8
2007.0,86,494.7,6.5,0.0,14.1,101,90,16.4,26,-2.3,9.8,0.884,24.5,13.3,4.7,56.9,5.1,1827,8.59,2.9,13.005,27,10.1,7.8
2010.0,86,492.0,12.9,0.0,14.1,101,90,53.3,26,-0.8,13.4,0.951,22.9,11.6,2.9,46.7,2.9,1767,4.98,2.5,13.040,27,19.1,12.1
2013.0,86,492.0,7.8,0.0,14.1,101,89,35.5,26,-1.4,11.5,0.641,15.6,9.3,1.2,32.6,0.8,1692,4.72,0.8,13.040,26,0.0,5.1
2016.0,86,490.3,5.4,0.0,14.2,101,87,15.4,26,-2.3,5.6,0.129,0.4,7.5,3.1,23.5,7.1,1612,6.21,2.3,12.981,26,6.6,7.1
2019.0,86,487.3,6.8,0.0,14.5,101,84,17.3,26,-2.3,5.9,1.013,40.0,7.5,-0.2,23.8,7.5,1612,6.26,3.3,12.999,26,10.7,8.3
2022.0,86,484.0,20.0,0.0,14.5,101,85,39.7,26,-1.6,11.7,1.003,31.8,10.7,-0.5,38.0,10.3,1691,9.28,6.0,13.040,26,13.3,8.4
2025.0,86,491.9,20.0,0.0,14.5,101,86,62.9,26,-0.8,19.2,0.989,18.0,16.5,1.6,71.4,16.9,1937,19.47,15.7,13.040,26,50.2,19.6
2028.0,86,500.7,20.0,0.0,14.5,100,90,65.9,26,0.8,21.8,1.003,16.4,17.7,0.2,75.0,17.9,1986,20.58,16.7,13.040,26,56.8,20.2
2031.0,86,516.0,21.6,22.5,14.2,100,93,66.9,26,0.8,22.4,1.005,15.3,18.6,-0.8,77.9,18.8,2034,21.39,15.3,13.040,26,73.6,22.4
2034.0,86,516.0,11.9,14.1,14.1,100,94,45.8,26,-0.1,17.6,0.783,10.4,16.2,-0.7,71.9,17.6,2014,19.53,0.4,13.040,26,0.0,8.4
2037.0,86,512.2,4.2,0.0,14.2,101,93,10.2,26,-2.3,4.3,0.000,-13.0,0.0,0.0,11.8,0.0,1687,8.12,0.4,13.040,26,0.0,4.1
2040.0,86,503.9,3.9,0.0,14.5,101,88,10.2,26,-2.3,3.9,0.000,-13.0,2.3,0.0,13.0,2.9,1654,4.04,1.2,13.040,26,2.8,5.4
2043.0,86,496.1,13.0,10.3,14.0,101,87,38.2,26,-1.6,10.1,0.416,-2.8,7.8,-0.4,28.1,7.9,1638,6.89,3.6,13.040,26,12.2,11.4
2046.0,86,502.2,18.6,8.1,13.5,101,87,50.2,26,-0.8,17.2,1.003,16.8,16.6,-1.7,71.9,16.5,1787,18.03,16.1,13.040,26,45.4,17.8
2049.0,86,509.0,20.1,0.0,13.2,100,88,25.5,26,-0.8,14.1,0.989,15.0,17.6,-4.7,78.0,17.6,1743,18.65,17.7,13.040,26,32.4,14.3
2052.0,86,512.0,17.6,0.0,12.5,101,88,62.7,26,-0.8,16.7,0.992,16.5,16.8,-1.7,74.4,17.3,1747,18.33,18.0,13.040,26,0.7,5.2
2055.0,86,518.0,9.8,0.0,12.5,101,88,54.9,26,-0.8,16.4,1.001,16.6,16.4,-0.4,71.9,16.7,1764,17.44,16.5,13.040,26,3.9,5.5
2058.0,86,522.1,14.4,4.0,12.5,101,89,53.8,26,-0.5,16.3,1.009,14.4,17.4,-3.8,74.9,17.3,1712,17.61,17.3,13.040,26,46.5,16.1
2061.0,86,528.4,24.0,8.5,12.5,100,90,72.2,26,0.8,25.5,0.991,13.0,20.4,1.6,79.6,19.5,1970,21.81,19.5,13.040,26,75.8,23.0
2064.0,86,540.0,25.5,4.2,12.9,100,96,72.2,26,0.8,25.5,0.995,13.6,20.4,1.6,81.6,20.6,2120,24.39,21.3,13.040,26,90.2,25.6
2067.0,86,546.4,25.8,1.1,12.9,100,100,71.2,25,0.8,25.5,0.999,13.8,20.4,1.0,81.5,20.7,2162,24.63,21.5,13.040,26,90.2,25.9
2070.0,86,556.0,24.6,0.0,13.1,100,104,69.2,25,0.8,24.7,1.002,13.4,20.1,0.0,79.9,20.2,2154,23.77,20.8,13.040,25,90.2,24.9
2073.0,86,561.9,21.0,0.0,13.3,100,107,65.2,25,0.5,22.3,1.000,13.6,18.6,0.1,77.3,18.8,2075,22.14,16.7,13.040,25,55.4,20.3
2076.0,86,564.9,18.8,0.7,13.3,101,108,58.8,25,-0.8,17.6,0.994,22.0,12.5,3.9,56.6,14.7,2050,18.81,12.0,12.956,25,52.0,19.3
2079.0,86,568.0,25.1,4.2,13.7,100,108,67.2,25,0.3,23.0,0.990,18.0,17.2,3.5,63.4,16.6,2135,20.14,13.0,12.925,25,73.4,22.8
2082.0,86,574.6,26.4,1.0,13.7,100,109,71.2,25,0.8,26.3,0.993,14.8,21.5,2.4,80.9,21.4,2297,26.23,22.0,13.040,25,89.4,26.7
2085.0,86,580.8,26.7,5.9,13.7,100,111,71.3,25,0.8,26.5,0.999,14.5,21.8,0.9,82.0,21.8,2373,27.37,22.4,13.040,25,88.8,27.0
2088.0,86,585.4,25.9,8.2,13.8,100,112,69.7,25,0.8,25.9,0.995,14.5,20.8,1.6,78.8,19.6,2137,23.10,20.3,12.942,25,85.5,25.3
2091.0,86,588.3,23.8,0.0,14.1,100,114,69.0,25,0.8,24.3,0.994,13.8,20.0,1.6,78.8,19.6,2163,23.49,19.4,12.964,25,83.3,23.6
2094.0,86,592.0,22.7,0.0,14.1,100,115,67.5,25,0.8,23.4,0.996,14.0,19.4,1.3,77.6,19.5,2195,23.91,19.4,13.086,25,84.0,23.8
2097.0,86,594.7,23.0,0.0,14.1,100,116,65.6,25,0.8,22.7,0.998,14.6,18.7,0.8,74.5,18.9,2212,23.64,18.8,13.040,25,77.3,23.1
2100.0,86,596.0,22.5,14.9,14.1,100,116,64.3,25,0.8,22.0,0.998,15.0,16.9,0.8,67.1,16.5,2212,20.42,15.6,13.040,25,61.8,21.3
2103.0,86,596.9,21.3,43.8,14.1,100,118,64.3,25,0.8,22.0,0.996,16.1,18.0,1.9,71.1,17.7,2228,21.86,15.4,13.040,25,51.3,19.9
2106.0,86,600.0,19.6,56.0,14.1,100,118,60.7,25,0.8,20.6,1.000,17.9,17.8,1.2,71.3,17.9,2247,21.72,14.1,13.040,25,48.4,19.6
2109.0,86,600.0,20.2,18.5,13.6,101,118,61.9,25,0.8,20.8,1.002,18.1,17.6,-0.2,70.2,17.5,2258,20.34,10.4,13.031,25,40.4,19.6
2112.0,86,601.9,21.3,13.3,13.2,101,118,64.5,25,0.8,22.0,1.001,16.0,18.4,-0.8,73.3,18.4,2237,23.34,17.6,12.880,25,57.4,21.3
2115.0,86,604.0,22.4,28.7,12.9,100,118,65.1,25,0.8,22.4,0.995,16.5,18.4,0.8,73.6,18.4,2230,23.16,17.6,12.960,25,55.8,20.7
2118.0,86,604.0,22.4,0.0,12.5,100,115,66.8,25,0.8,23.1,1.000,14.7,19.5,1.2,77.3,19.5,2202,23.56,18.9,13.040,25,43.7,18.2
2121.0,86,606.8,24.0,0.0,12.3,100,110,66.8,25,0.8,22.8,1.006,13.4,20.3,0.3,81.6,21.0,2154,24.43,22.0,13.040,25,89.8,26.3
2124.0,86,609.8,25.2,0.0,12.3,100,105,67.1,25,0.8,22.2,1.008,14.5,18.4,-1.6,77.6,20.0,2087,22.71,21.6,13.040,25,89.8,26.1
2127.0,86,612.0,26.0,0.0,12.5,100,100,71.4,25,0.8,26.3,0.998,11.0,20.4,0.6,80.5,20.8,2125,23.85,21.8,13.040,25,89.8,26.0
2130.0,86,612.0,26.3,0.0,12.5,100,97,71.4,25,0.8,26.0,1.000,11.6,21.0,1.6,81.4,21.2,2160,24.74,22.0,13.040,25,89.8,26.2
2133.0,86,618.3,26.3,5.1,12.5,100,96,71.4,25,0.8,25.7,1.001,12.2,20.7,1.6,81.0,21.1,2170,24.70,22.0,13.034,25,89.8,25.9
2136.0,86,622.3,25.6,5.2,12.7,100,96,70.8,25,0.8,24.7,0.999,12.3,20.2,1.5,81.3,20.7,2146,24.39,21.6,12.960,25,90.1,25.9
2139.0,86,624.0,23.9,10.4,12.9,100,96,68.5,25,0.8,22.2,0.999,11.5,18.8,0.8,78.0,18.8,2025,22.67,20.0,13.013,25,84.6,24.4
2142.0,87,624.0,21.3,27.9,12.9,100,98,62.0,25,0.8,18.4,1.003,15.2,17.2,0.3,72.6,17.4,1946,20.26,17.5,13.007,25,68.9,21.7
2145.0,87,624.0,18.4,41.2,13.3,100,99,61.5,25,0.8,18.6,1.002,17.2,16.5,0.3,70.1,16.5,1899,18.60,15.2,12.973,25,46.6,18.8
2148.0,87,624.0,18.6,18.5,13.3,100,101,61.5,25,0.8,18.8,1.002,18.0,16.5,0.8,70.6,16.5,1926,18.70,14.9,13.040,25,45.5,18.8
2151.0,87,622.3,19.1,0.0,13.4,100,103,62.3,25,0.8,18.9,1.009,18.0,16.5,0.8,70.2,16.5,1975,18.94,14.9,12.983,25,18.4,19.3
2154.0,87,620.0,19.8,0.0,13.7,101,106,63.5,25,0.8,20.0,1.004,16.0,17.1,-0.4,72.4,17.0,1999,19.74,15.7,12.999,25,0.0,20.0
2157.0,87,620.0,20.8,0.0,13.7,101,108,63.5,25,0.8,19.2,1.001,19.7,15.7,0.4,66.0,16.4,2032,19.51,15.6,13.040,25,0.0,20.3
2160.0,87,620.0,18.4,0.0,13.9,101,109,59.6,25,0.1,18.1,1.000,23.1,14.4,1.8,58.5,15.3,2067,18.19,13.3,13.040,25,0.0,16.9
2163.0,87,618.1,16.1,0.0,14.1,101,111,52.7,25,-0.8,16.2,1.000,22.6,15.1,2.3,63.5,15.3,2100,18.67,12.9,12.979,25,24.4,16.4
2166.0,87,615.0,13.8,7.0,14.1,100,112,45.0,25,-0.8,12.9,0.992,36.5,3.5,2.9,30.0,7.9,2074,11.31,8.5,13.003,25,24.9,12.9
2169.0,87,612.0,11.7,37.3,14.1,101,110,51.8,25,-0.8,15.0,0.999,27.7,10.7,1.7,42.3,10.4,2068,12.12,7.9,13.040,25,17.2,10.3
2172.0,87,612.0,17.3,0.0,13.5,100,110,55.8,25,-0.8,16.8,1.000,21.7,15.2,1.4,62.4,15.4,2078,18.27,12.4,13.040,25,34.8,16.5
2175.0,87,609.5,16.6,0.0,13.1,100,110,55.7,25,-0.8,16.9,0.999,21.5,14.9,2.5,62.8,15.4,2086,18.37,11.8,13.040,25,32.2,15.7
2178.0,87,608.0,14.9,0.0,12.8,100,110,50.0,25,-0.8,14.5,0.999,26.6,11.0,3.9,38.8,11.4,2062,12.82,8.7,13.040,25,27.3,14.1
2181.0,87,605.5,12.1,4.6,12.5,101,110,40.0,25,-0.8,5.1,0.986,-12.5,3.1,1.2,21.3,4.1,2024,7.66,4.1,13.040,25,15.2,10.2
2184.0,87,592.0,6.3,48.2,12.5,101,107,29.3,25,-2.8,7.2,0.928,12.1,4.0,1.3,18.9,3.2,1984,4.79,0.6,13.012,25,0.0,4.7
2187.0,86,587.2,7.8,22.6,12.7,101,104,28.5,25,-2.9,10.0,0.910,36.4,9.6,2.9,30.9,9.2,1952,7.36,1.2,12.880,25,0.0,4.7
2190.0,86,582.8,8.7,6.3,12.9,94,102,35.7,25,-0.8,13.3,0.979,25.5,12.9,1.6,51.8,12.9,2050,12.55,5.2,12.976,25,6.5,6.4
2193.0,86,579.7,7.7,29.0,12.2,31,102,42.4,25,-0.8,13.1,0.984,24.6,7.2,3.9,43.9,8.0,2009,11.17,6.0,13.020,25,10.6,7.6
2196.0,86,572.1,4.3,13.4,12.2,52,101,35.1,25,-1.3,11.8,0.978,23.7,0.0,7.0,32.2,0.0,1937,3.75,2.0,12.960,25,0.1,4.3
2199.0,86,572.0,5.9,6.6,12.2,101,100,11.0,25,-3.9,5.9,0.884,37.5,6.7,10.9,26.7,7.8,1889,8.85,5.8,12.960,25,11.3,7.4
2202.0,86,572.0,14.9,56.0,11.8,101,100,41.7,25,-1.9,8.6,0.954,35.9,9.6,6.0,29.8,10.6,1872,10.49,7.8,12.980,25,25.1,11.8
2205.0,86,569.0,9.9,18.6,11.6,101,100,35.8,25,-0.8,9.2,1.001,36.3,9.6,-1.0,34.2,8.8,1878,7.25,3.7,13.032,26,10.2,7.8
2208.0,86,563.8,6.5,0.0,11.5,101,99,20.2,25,-1.6,7.6,0.979,40.0,8.1,-1.6,28.2,8.2,1837,7.65,2.0,12.880,26,3.1,6.0
2211.0,86,556.3,4.9,0.0,11.9,101,96,13.9,25,-3.9,7.1,0.884,40.0,6.3,5.9,23.4,2.1,1783,5.12,1.3,12.880,26,0.0,4.9
2214.0,86,546.3,4.3,0.0,12.2,101,92,11.0,25,-2.3,4.9,0.223,4.8,2.4,3.2,16.6,0.0,1738,3.53,0.6,12.880,26,0.0,4.5
2217.0,86,532.0,3.9,0.0,12.5,101,90,10.5,25,-2.3,4.1,0.000,-13.0,0.0,0.0,12.3,0.0,1676,3.10,0.4,12.894,26,0.0,3.9
2220.0,86,525.5,3.9,0.0,12.8,101,83,10.9,25,-2.3,3.9,0.000,-12.9,0.0,0.0,12.6,0.0,1562,3.08,0.4,13.040,26,0.0,3.9
2223.0,86,515.4,4.2,0.0,13.4,101,71,12.9,25,-2.3,3.9,0.000,-12.5,0.0,0.0,15.3,0.0,1413,3.10,0.4,13.040,26,0.0,4.4
2226.0,86,504.0,5.1,0.0,14.1,101,58,18.8,25,-2.3,5.0,0.000,-10.3,0.0,0.0,20.5,0.0,1329,3.84,0.4,13.040,26,0.0,5.2
2229.0,86,489.4,4.8,0.0,14.8,101,44,19.2,25,-2.3,5.3,0.390,2.1,2.6,0.0,30.2,2.0,1295,5.70,0.9,13.039,26,0.0,5.5
2232.0,86,482.1,9.8,0.0,15.0,101,33,30.3,25,-1.8,6.7,1.108,29.7,10.7,0.0,46.3,12.2,1262,11.64,11.4,12.960,26,0.3,12.1
2235.0,86,484.0,16.9,0.6,14.5,101,36,65.1,25,0.8,17.6,1.000,11.5,16.5,-3.0,69.5,15.6,1511,15.09,13.8,13.002,26,23.1,17.0
2238.0,86,496.6,19.5,3.5,14.1,101,48,66.4,25,0.8,19.3,1.000,12.7,17.0,-3.0,76.7,17.3,1672,17.60,16.1,13.040,26,51.3,18.2
2241.0,86,512.0,14.1,50.8,13.8,101,53,62.5,25,-0.0,17.5,1.000,15.3,10.7,-0.2,59.5,12.6,1658,15.18,14.5,13.021,26,50.4,15.7
2244.0,86,514.4,9.8,30.2,13.9,101,56,48.7,25,-1.3,13.0,1.000,21.8,1.5,3.3,23.5,0.0,1500,4.11,0.4,12.880,26,0.0,8.1
2247.0,86,512.9,5.8,1.3,14.1,101,56,28.6,25,-2.3,7.9,0.959,37.0,8.6,-0.8,36.1,2.0,1459,3.99,0.7,12.880,26,0.0,5.0
2250.0,86,506.8,4.2,3.8,14.1,101,54,13.3,25,-2.3,4.3,0.000,-0.2,2.3,-0.2,22.2,0.7,1365,3.49,0.6,12.956,26,0.0,4.2
2253.0,86,500.0,3.9,0.0,14.5,101,51,13.9,25,-2.3,4.0,0.000,-11.7,0.0,0.0,16.4,0.0,1283,3.13,0.5,13.040,26,0.0,3.9
2256.0,86,488.2,3.9,0.0,15.2,101,44,14.1,25,-2.3,3.9,0.000,-11.5,0.0,0.0,18.3,0.0,1211,3.35,0.8,13.040,26,0.0,3.9
2259.0,86,478.4,4.4,0.0,16.1,101,35,16.9,25,-2.0,4.3,0.155,-9.8,0.0,-0.0,21.6,0.0,1037,5.43,1.2,13.040,26,0.0,4.6
2262.0,86,471.2,4.9,0.0,16.9,101,20,25.1,25,-0.8,5.9,1.013,6.0,0.0,-2.3,24.7,0.0,1022,4.65,1.2,13.040,26,0.0,4.7
2265.0,86,468.0,3.9,0.0,17.6,101,11,21.9,25,-4.1,4.5,1.011,5.1,0.0,-4.5,27.8,0.0,891,3.65,1.1,13.057,26,0.0,3.8
2268.0,86,457.7,3.4,0.0,17.8,101,4,21.4,25,-6.5,3.4,1.007,3.5,0.0,-7.1,30.2,0.0,640,2.55,0.8,13.120,26,0.0,3.1
2271.0,86,449.0,3.9,0.0,17.9,101,1,23.5,25,-6.8,3.3,0.998,1.0,0.0,-1.6,30.2,0.0,738,2.80,0.8,13.015,26,0.0,3.8
2274.0,86,443.5,5.9,0.0,17.6,101,4,27.5,25,-3.9,6.7,0.994,29.0,5.3,1.6,30.7,4.7,1188,5.08,1.7,13.013,26,4.2,5.7
2277.0,86,440.0,9.4,0.0,16.9,101,12,41.1,25,-1.8,10.0,1.004,28.6,9.2,-0.5,42.8,8.1,1438,7.73,3.0,13.069,26,12.4,8.7
2280.0,86,440.0,9.4,0.0,16.4,101,19,42.7,25,-0.8,9.1,1.001,22.5,10.4,-4.1,55.3,8.8,1314,8.60,3.7,13.031,26,15.7,9.8
2283.0,86,437.9,7.9,0.0,16.0,101,25,37.3,25,-0.8,5.8,0.969,30.6,9.0,-2.0,45.9,7.8,1200,4.45,1.2,12.880,27,4.5,6.3
2286.0,86,436.0,7.7,0.0,15.6,101,27,33.0,25,-0.8,7.1,0.884,31.5,8.6,10.9,44.4,9.3,1226,7.27,4.9,12.976,27,10.3,8.0
2289.0,86,436.1,11.8,0.0,15.3,101,34,53.3,25,-0.8,9.3,0.963,26.1,9.5,5.1,46.7,8.7,1243,7.29,5.8,13.013,27,16.3,11.3
2292.0,86,440.1,10.0,0.0,15.1,101,36,48.7,25,-0.8,10.2,0.999,22.3,10.3,0.2,50.1,8.2,1255,6.18,3.8,12.953,27,0.0,7.1
2295.0,87,442.3,9.8,0.0,14.7,101,40,42.9,25,-0.8,8.9,0.997,19.3,9.5,0.7,50.6,10.4,1275,9.09,6.7,12.800,27,11.9,9.4
2298.0,87,444.0,9.2,0.0,14.5,101,44,38.8,25,-0.9,5.0,0.991,1.5,0.0,0.0,17.6,0.0,1225,4.42,2.5,12.964,27,7.1,7.8
2301.0,87,444.0,6.8,0.0,14.5,101,44,36.1,25,-2.3,9.0,0.979,19.4,6.0,1.9,32.6,5.1,1239,5.27,2.4,13.040,27,0.0,5.3
2304.0,87,444.0,3.9,0.0,14.5,101,45,22.0,25,-2.3,6.3,0.521,30.4,8.0,3.4,36.6,7.9,1240,6.70,3.9,13.030,27,0.1,4.7
2307.0,87,441.7,3.9,0.0,14.7,101,45,14.1,25,-2.3,3.9,0.000,28.0,5.3,3.6,21.8,5.1,1175,4.37,2.0,12.960,27,6.7,5.3
2310.0,87,438.7,4.9,0.0,14.9,101,44,16.3,25,-2.3,3.9,0.000,-12.0,3.5,0.0,17.3,5.1,1204,4.38,2.3,13.010,27,3.2,6.1
2313.0,87,436.0,7.1,0.0,14.9,101,44,29.8,25,-2.3,6.4,0.735,22.7,6.2,1.5,27.9,6.5,1205,5.17,2.9,12.973,27,0.0,6.8
2316.0,87,436.0,7.1,0.0,14.9,101,44,29.8,25,-2.3,5.7,0.997,25.2,5.6,1.3,28.6,5.9,1195,5.09,2.8,12.916,27,0.7,6.8
2319.0,87,433.1,5.1,0.0,14.9,101,44,27.3,25,-2.3,5.6,1.007,17.9,5.3,-0.8,26.5,4.8,1199,3.92,1.1,13.038,27,4.7,4.7
2322.0,87,435.9,6.7,0.0,14.7,101,45,29.1,25,-2.0,7.2,0.997,29.6,9.7,-3.0,47.4,10.2,1262,8.76,7.1,12.960,27,13.3,8.4
2325.0,87,440.0,8.6,0.0,14.6,101,48,38.1,25,-0.8,7.5,0.993,35.0,8.2,0.8,33.3,3.3,1174,5.50,3.5,13.003,27,9.4,7.7
2328.0,87,440.0,5.5,0.0,14.9,101,48,30.6,25,-1.9,8.2,0.984,30.0,8.9,0.4,39.1,4.2,1166,4.97,2.3,12.993,27,0.0,4.3
2331.0,87,440.0,4.3,1.3,14.9,101,49,21.5,25,-2.3,6.7,0.938,30.0,7.7,3.5,39.6,8.2,1200,6.87,5.1,12.880,27,0.0,4.3
2334.0,87,437.7,3.9,0.9,15.1,101,49,14.6,25,-2.3,4.5,0.680,30.1,4.1,10.9,23.2,4.3,1100,3.70,1.2,12.880,27,0.0,4.0
2337.0,87,432.3,3.9,0.0,15.4,101,47,14.1,25,-2.3,3.9,0.000,-12.0,2.0,0.0,16.9,2.0,1201,3.22,0.9,12.977,27,0.0,3.9
2340.0,87,423.9,3.9,0.0,15.7,101,40,14.1,25,-2.3,3.9,0.000,-11.7,0.9,0.0,16.9,1.0,1208,3.00,0.6,13.014,27,0.0,3.9
2343.0,87,412.1,3.9,0.0,16.7,101,25,16.6,25,-4.6,3.9,0.486,-3.3,0.0,0.2,18.9,0.0,1128,2.97,0.4,12.960,27,0.0,3.9
2346.0,87,405.8,4.9,0.0,17.0,101,11,20.9,25,-6.3,4.2,1.099,12.2,0.0,0.8,25.1,0.0,925,2.91,0.8,12.960,27,3.0,4.4
2349.0,87,397.9,6.0,0.0,16.4,101,6,26.0,25,-3.9,5.1,1.010,9.5,0.0,-0.8,28.7,0.0,856,2.98,0.8,12.916,27,4.3,4.5
2352.0,87,392.0,6.3,0.0,15.7,101,6,27.5,25,-3.9,6.0,1.009,19.8,0.0,2.2,27.0,0.0,984,3.28,0.7,12.923,27,3.5,4.2
2355.0,87,388.1,4.7,0.0,15.7,101,4,26.3,25,-5.3,5.3,1.000,16.3,0.0,2.2,26.3,0.0,1117,3.60,0.4,13.040,27,0.0,3.9
2358.0,87,384.4,2.3,0.0,15.6,101,1,35.8,25,-5.3,3.5,0.988,-4.8,0.0,-4.7,32.9,0.0,675,2.65,0.4,12.863,27,0.0,3.4
2361.0,87,378.4,1.1,0.0,15.3,101,0,73.0,25,4.7,0.4,0.999,9.5,0.0,-1.2,9.5,0.0,231,1.63,16.8,12.760,27,0.0,4.3
2364.0,87,372.0,6.3,0.0,15.3,101,0,0.0,15,4.7,4.4,0.999,9.5,0.0,0.0,0.0,0.0,0,0.99,31.4,12.720,27,0.0,6.3
2367.0,87,372.0,6.3,0.0,15.3,101,0,0.0,10,4.7,6.7,0.999,9.5,0.0,0.0,0.0,0.0,1,1.00,31.4,12.720,27,0.1,6.3
2370.0,87,372.1,6.3,0.0,15.3,101,0,0.1,10,4.7,6.7,0.999,9.5,0.0,0.0,0.0,0.0,0,0.99,31.4,12.720,27,0.0,6.3
2373.0,87,372.0,6.3,0.0,15.3,101,0,0.0,10,4.7,6.7,0.999,9.5,0.0,0.0,0.1,0.0,3,1.03,31.4,12.721,27,0.2,6.3
2376.0,87,372.4,6.3,0.0,15.3,101,0,0.0,10,4.7,6.7,0.999,9.5,0.0,0.0,0.0,0.0,0,1.00,31.4,12.720,27,0.1,6.3
2379.0,87,372.1,6.3,0.0,15.3,101,0,0.1,10,4.7,6.7,0.999,9.5,0.0,0.0,0.2,0.0,0,0.99,31.4,12.720,27,0.0,6.3
2382.0,87,372.0,6.3,0.0,15.3,101,0,0.0,10,4.7,6.7,0.999,9.5,0.0,0.0,0.1,0.0,3,1.02,31.4,12.721,27,0.2,6.3
2385.0,87,372.4,6.3,0.0,15.3,101,0,10,4.7,6.7,0.999,9.5,0.0,0.0,0.0,0.0,0,0.99,31.4,12.720,27,0.1,6.3
2388.0,87,372.1,6.3,0.0,15.3,101,0,0,0.99,31.4,12.720,27,0.0,6.3
2391.0,87,372.0,6.3,0.0,15.3,101,0
