BlueDriver Data Log
Nov 27, 2018 6:17:37 PM
Time (s),Engine Coolant Temperature (°C),Catalyst Temperature Bank 1 - Sensor 1 (°C),Absolute Throttle Position B (%),Evap. System Vapor Pressure (Pa),Fuel Level Input (%),Barometric Pressure (kPa),Vehicle Speed (km/h),Absolute Load Value (%),Ambient Air Temperature (°C),Long Term Fuel Trim Bank 1 (%),Commanded Throttle Actuator (%),Timing Advance for #1 cylinder (°),Commanded Equivalence Ratio (λ),Accelerator Pedal Position E (%),Short Term Fuel Trim Bank 1 (%),Calculated Engine Load Value (%),Accelerator Pedal Position D (%),Engine RPM (rpm),Mass Air Flow Rate (g/s),Control Module Voltage (V),Relative Throttle Position (%),Intake Air Temperature (°C),Commanded Evaporative Purge (%),Absolute Throttle Position (%)
0.0,,,,,,,,,,,,,,,,,,,,,,,,
3.0,89,14.9,6.1,0.0,41.4,101,3,28.2,3,-4.6,5.7,25.0,0.996,7.1,1.2,38.4,7.2,1120,5.52,14.320,,,,
6.0,89,22.4,5.7,0.0,41.0,101,8,26.0,3,-3.1,6.5,33.3,0.996,6.7,0.2,35.1,5.5,1302,4.77,14.320,1.8,19,0.0,5.1
9.0,89,29.3,4.1,0.0,40.8,101,11,16.0,3,-5.6,4.3,19.5,0.996,3.7,4.5,22.2,1.2,1182,3.74,14.270,1.1,19,0.0,4.1
12.0,88,32.6,3.7,0.0,40.8,101,8,18.4,3,-8.4,4.3,7.0,0.996,6.1,3.7,23.9,4.2,1290,4.52,14.272,2.4,19,0.0,5.5
15.0,88,39.3,11.6,0.0,40.8,101,13,32.4,3,-4.0,8.3,16.1,0.997,9.6,0.2,34.7,9.2,1536,7.64,14.320,5.8,19,0.0,11.0
18.0,87,60.9,6.1,0.0,40.6,101,21,26.5,3,-3.5,8.2,14.9,0.696,8.9,-3.0,40.7,10.0,1676,10.88,14.320,8.5,19,0.0,11.3
21.0,87,70.3,3.7,0.0,40.7,101,22,13.2,3,-7.0,3.5,-8.7,0.148,0.0,-0.2,14.8,0.0,1185,2.80,14.320,0.5,19,0.0,5.8
24.0,87,72.0,3.5,0.0,41.3,101,15,15.3,3,-7.0,3.5,-13.2,1.114,0.4,-2.1,21.6,0.6,801,3.12,13.961,0.4,19,0.0,3.5
27.0,87,68.9,3.5,0.0,42.0,101,0,25.2,3,-8.1,3.5,-10.2,1.079,0.0,-2.7,23.1,0.0,758,3.33,13.570,0.5,19,0.0,3.6
30.0,87,73.1,5.1,0.0,41.9,101,0,25.3,3,-9.4,3.5,-3.9,0.998,0.3,-3.6,32.2,0.5,705,3.28,13.306,3.1,19,0.0,5.3
33.0,87,73.4,10.3,0.0,41.2,101,9,37.6,3,-6.6,6.8,12.1,0.997,3.9,-2.4,36.0,2.5,832,3.84,13.191,3.1,19,0.0,8.2
36.0,87,82.4,8.2,0.0,41.2,101,12,34.0,3,-4.1,9.5,30.1,0.996,11.4,0.8,47.0,10.6,1480,9.01,13.007,2.8,19,0.0,6.1
39.0,87,92.0,3.9,0.0,41.2,101,20,14.2,3,-5.5,3.9,7.2,0.996,3.3,2.9,27.9,3.9,1223,5.52,12.960,1.7,19,0.0,4.0
42.0,87,91.9,3.5,0.0,42.0,101,12,16.4,3,-7.6,3.6,4.5,0.996,0.0,6.2,19.9,0.0,1004,2.77,12.960,0.4,19,0.0,3.5
45.0,87,92.0,4.1,0.0,42.0,101,5,21.6,3,-5.9,4.6,16.4,0.996,2.0,5.6,24.8,1.4,985,3.06,12.949,0.4,19,0.0,3.5
48.0,87,96.5,4.1,0.0,41.7,101,3,23.5,3,-3.7,5.3,26.5,0.996,5.3,-0.9,31.7,5.5,1150,4.20,12.895,0.4,19,0.0,4.3
51.0,87,100.0,3.7,0.0,41.3,101,4,20.7,3,-5.5,3.5,-1.9,0.996,0.1,-2.2,29.6,1.3,761,3.10,12.932,0.4,19,0.0,4.2
54.0,87,100.0,3.1,0.0,41.6,101,0,24.3,3,-5.5,3.5,-0.9,0.997,0.0,0.9,25.6,0.0,747,2.50,12.960,0.4,19,0.0,3.3
57.0,87,99.3,2.7,0.0,41.6,101,0,18.9,3,-6.9,3.0,1.2,0.998,0.0,-0.4,22.4,0.0,834,2.30,12.960,0.5,19,0.0,2.7
60.0,87,97.1,2.5,0.0,41.4,101,0,45.0,3,-2.8,1.8,4.9,0.998,0.0,-4.1,39.4,0.0,592,2.71,12.948,1.0,19,0.0,2.7
63.0,87,96.0,4.3,0.0,41.2,101,0,54.8,3,3.9,1.6,9.0,0.999,0.0,0.0,100.0,0.0,3,6.27,12.653,50.9,20,0.0,5.1
66.0,87,96.0,6.3,0.0,41.2,101,0,0.0,3,3.9,6.7,9.0,0.999,0.1,0.0,98.8,0.0,0,6.27,12.640,51.4,20,0.0,6.3
69.0,87,93.3,6.2,0.0,41.2,101,0,1.5,3,3.9,6.7,9.0,0.999,0.0,0.0,100.0,0.0,0,6.27,12.640,51.4,20,0.0,6.3
72.0,87,96.0,6.3,0.0,41.2,101,0,0.5,3,3.6,6.6,9.3,0.999,0.3,0.1,97.0,0.4,62,6.23,12.755,47.9,20,0.0,6.3
75.0,87,91.2,6.2,0.0,41.2,101,0,0.0,3,3.9,6.7,9.0,0.999,0.0,0.0,99.5,0.1,17,6.26,12.687,49.9,20,0.0,6.3
78.0,87,94.4,6.2,0.0,41.2,101,0,1.2,3,3.4,6.6,9.5,0.999,0.0,0.0,100.0,0.0,0,6.27,12.640,51.4,20,0.0,6.3
81.0,87,96.0,6.3,0.0,41.2,101,0,0.2,3,3.8,6.7,9.2,0.999,0.2,0.1,97.6,0.3,50,6.24,12.732,48.6,20,0.0,6.3
84.0,87,92.0,6.2,0.0,41.2,101,0,0.0,3,3.9,6.7,9.0,0.999,0.0,0.0,99.8,0.0,10,6.26,12.671,50.3,20,0.0,6.3
87.0,87,94.8,6.3,0.0,41.2,101,0,100.0,0.0,0,6.27,12.640,51.4,20,0.0,6.3
90.0,87,96.0,6.3,0.0,41.2,101,0
