BlueDriver Data Log
Oct 23, 2018 7:39:24 AM
Time (s),Engine Coolant Temperature (°C),Catalyst Temperature Bank 1 - Sensor 1 (°C),Absolute Throttle Position B (%),Evap. System Vapor Pressure (Pa),Fuel Level Input (%),Barometric Pressure (kPa),Vehicle Speed (km/h),Absolute Load Value (%),Ambient Air Temperature (°C),Long Term Fuel Trim Bank 1 (%),Commanded Throttle Actuator (%),Commanded Equivalence Ratio (λ),Timing Advance for #1 cylinder (°),Accelerator Pedal Position E (%),Short Term Fuel Trim Bank 1 (%),Calculated Engine Load Value (%),Accelerator Pedal Position D (%),Engine RPM (rpm),Mass Air Flow Rate (g/s),Relative Throttle Position (%),Control Module Voltage (V),Intake Air Temperature (°C),Commanded Evaporative Purge (%),Absolute Throttle Position (%)
0.0,,,,,,,,,,,,,,,,,,,,,,,,
3.0,78,614.2,24.8,0.7,68.6,100,96,67.5,14,-1.0,25.6,1.000,14.7,21.7,1.7,83.6,22.4,,,,,,,
6.0,78,615.4,20.4,1.8,68.6,100,96,55.5,14,-1.5,19.7,0.994,16.2,18.9,2.6,78.6,19.6,2018,22.77,12.8,12.951,14,93.9,20.3
9.0,78,612.0,9.1,0.0,68.6,100,95,36.3,14,-2.3,13.3,0.999,23.6,14.7,2.2,65.1,15.8,1795,17.70,16.8,13.037,14,92.3,22.2
12.0,78,605.2,5.9,0.0,68.6,100,93,19.1,14,-3.1,6.8,1.013,39.0,8.2,-0.6,32.7,8.7,1766,9.30,1.3,12.946,14,59.6,12.4
15.0,79,595.3,5.1,0.0,68.6,100,87,24.6,14,-2.9,5.6,0.991,40.2,6.2,2.0,25.1,5.6,1645,5.69,0.0,12.984,14,32.1,4.4
18.0,79,585.4,6.4,0.0,68.9,100,84,18.7,14,-3.1,5.3,0.942,40.2,6.1,5.9,24.1,4.6,1566,4.49,0.2,13.040,14,21.6,5.0
21.0,79,580.2,6.3,10.3,69.2,99,81,25.2,14,-2.8,6.9,0.902,38.3,7.9,8.9,29.4,7.5,1546,8.28,3.0,13.029,14,68.2,6.2
24.0,79,576.0,9.1,21.5,69.4,98,78,48.1,14,-1.6,13.6,0.999,18.3,14.1,-2.9,63.1,12.0,1542,11.59,6.6,13.040,14,94.4,10.1
27.0,79,576.1,16.2,0.0,69.0,99,81,57.4,14,-1.6,9.4,0.991,31.0,11.3,-1.5,52.8,13.1,1562,13.85,9.4,13.040,14,95.0,15.3
30.0,79,576.0,14.6,1.3,69.0,99,84,57.8,14,-1.6,10.6,0.992,33.1,10.8,0.8,48.8,12.2,1583,12.72,8.0,13.033,14,95.3,13.8
33.0,79,576.0,11.4,30.2,69.0,99,88,44.4,14,-1.9,12.4,0.833,17.8,12.0,2.1,59.8,12.7,1664,14.35,9.4,12.959,14,70.0,9.6
36.0,79,570.3,8.1,48.3,69.0,100,92,15.0,14,-3.0,5.8,0.038,-9.4,1.8,0.1,18.9,2.8,1758,8.63,4.8,12.998,14,36.7,6.8
39.0,79,557.0,5.6,0.0,69.0,101,93,15.7,14,-3.1,5.4,0.320,5.7,2.3,2.4,17.0,2.7,1737,4.64,0.6,13.040,14,0.1,4.8
42.0,79,550.3,6.3,19.0,69.0,100,95,19.3,14,-3.0,6.1,0.886,40.4,6.0,8.5,22.7,6.5,1797,7.28,2.9,13.035,14,58.3,6.6
45.0,79,544.0,8.5,43.0,69.0,98,98,35.3,14,-1.6,12.0,1.002,32.3,9.6,2.8,38.2,9.5,1866,10.54,5.7,13.040,14,91.8,9.9
48.0,79,545.4,16.4,0.0,69.0,99,101,52.6,14,-1.2,16.0,1.005,23.4,14.1,-1.4,57.8,13.8,1979,16.20,11.0,13.040,14,93.7,16.1
51.0,79,547.7,19.8,0.0,69.0,99,105,69.1,14,-0.8,23.4,1.010,13.5,20.0,-0.8,83.5,20.4,2152,24.86,20.5,13.036,14,91.3,21.2
54.0,79,553.0,24.1,0.0,69.0,100,106,71.4,14,-0.8,24.7,1.012,14.2,20.0,0.6,81.4,19.8,2131,24.18,19.9,13.040,14,90.5,23.4
57.0,79,567.1,11.1,0.0,69.3,100,107,63.6,14,-1.0,21.7,1.006,16.9,20.0,2.3,78.4,18.8,2102,23.04,17.8,13.037,14,93.4,17.4
60.0,79,564.7,10.2,0.0,69.4,99,107,47.6,14,-1.6,14.5,0.987,25.3,17.0,3.6,69.7,16.6,2074,20.70,15.4,13.040,14,93.4,16.7
63.0,79,562.8,9.3,8.0,69.4,99,108,46.3,14,-1.6,13.8,0.986,25.8,13.1,5.4,56.3,13.1,2032,16.16,8.6,13.034,14,94.9,6.6
66.0,79,561.4,8.4,0.0,69.8,100,102,36.0,14,-1.6,11.4,0.995,30.3,9.9,3.4,46.6,11.1,1988,15.28,8.6,13.048,14,94.9,6.0
69.0,79,558.9,8.7,0.0,69.8,100,102,26.4,14,-1.6,8.3,1.010,38.2,3.8,-1.5,24.8,4.8,1830,12.90,8.9,13.102,14,94.6,8.7
72.0,79,555.7,17.6,0.0,70.1,100,96,66.5,14,-1.4,11.4,1.007,33.7,6.2,-1.3,32.0,4.0,1809,12.27,9.0,13.113,14,94.1,15.1
75.0,79,553.3,17.2,0.0,70.1,100,96,66.2,14,-0.8,20.4,1.000,16.4,17.6,0.1,75.1,8.5,1839,13.75,10.0,13.112,14,93.9,15.1
78.0,79,554.8,18.3,0.0,70.2,100,96,66.0,14,-0.8,20.1,1.000,16.5,17.4,0.0,74.7,17.4,1971,20.53,15.4,13.032,14,89.8,25.4
81.0,79,569.7,25.6,0.0,69.7,100,98,68.1,14,-0.8,21.7,0.999,15.8,18.1,0.3,75.7,17.9,1992,20.88,16.0,13.038,14,89.6,25.7
84.0,79,568.2,25.5,0.0,69.8,100,100,72.2,14,-0.8,25.5,0.996,13.5,20.8,1.6,82.1,21.2,2215,25.46,21.0,13.040,14,81.1,25.9
87.0,80,572.1,25.3,0.0,69.5,100,101,72.4,14,-0.8,25.5,0.996,13.6,20.8,1.5,82.0,21.2,2212,25.42,21.5,13.038,14,1.5,25.0
90.0,80,576.7,25.0,0.0,69.0,101,102,72.9,14,-0.8,25.5,0.996,14.5,20.4,0.0,81.7,20.5,2212,25.35,21.4,13.040,14,0.0,24.7
93.0,81,584.6,23.6,0.0,69.0,101,104,69.1,14,-0.8,24.2,0.996,14.9,20.1,-0.1,81.2,20.3,2210,25.27,21.1,13.039,14,1.2,23.4
96.0,81,584.0,20.4,0.0,69.0,101,106,64.3,14,-0.8,20.5,0.996,17.5,17.4,-0.8,73.9,17.4,2030,22.09,14.9,13.040,14,38.6,19.6
99.0,81,584.1,6.8,0.0,69.0,100,105,53.5,14,-1.1,17.2,0.995,20.8,15.7,-0.6,67.2,16.0,1999,18.73,9.3,13.040,14,92.0,13.7
102.0,81,580.3,6.1,0.0,69.0,99,102,16.4,14,-1.6,11.2,0.994,28.7,11.6,0.0,46.3,11.3,1897,12.29,6.4,13.035,14,94.9,14.0
105.0,82,573.1,5.3,0.0,69.0,101,96,14.7,-23,-2.6,9.2,0.745,21.0,9.4,0.0,41.2,10.0,1875,11.59,6.3,13.040,14,94.9,13.8
108.0,82,571.5,4.8,0.0,69.0,101,96,13.0,14,-4.7,4.9,0.012,-11.1,0.4,0.0,16.3,2.4,1725,4.58,3.3,13.079,14,72.3,12.0
111.0,83,556.6,8.8,81.0,68.8,100,93,26.2,14,-3.3,7.3,0.382,-0.1,3.1,-0.9,22.9,3.9,1716,5.26,0.8,13.120,14,8.6,6.4
114.0,83,556.0,11.3,83.7,68.6,100,90,44.3,14,-1.6,11.6,1.013,27.0,12.2,-3.9,54.6,12.5,1740,13.48,8.2,13.038,14,60.6,9.9
117.0,83,556.4,15.9,0.1,68.6,99,90,62.7,14,-1.6,19.3,1.000,20.2,14.9,-1.5,66.1,14.9,1822,16.23,11.0,13.040,14,89.3,11.3
120.0,83,561.1,19.4,3.4,68.8,99,92,64.6,14,-1.3,20.0,1.000,16.1,16.9,0.2,75.5,17.2,1913,19.54,15.1,13.040,14,74.9,6.4
123.0,83,560.4,18.3,4.8,69.0,100,94,67.5,14,-0.8,21.6,0.999,15.0,18.4,0.8,79.7,18.9,1992,22.12,18.6,13.037,14,58.1,7.7
126.0,84,564.3,9.1,26.7,69.4,100,95,64.7,14,-1.2,18.2,0.997,17.3,11.9,4.1,61.1,13.6,1931,18.15,16.4,13.040,14,38.9,9.4
129.0,84,561.8,11.0,29.9,69.6,100,95,61.2,14,-1.6,15.4,0.997,20.4,1.3,10.4,18.9,0.0,1763,4.08,0.4,13.039,14,10.4,6.1
132.0,84,561.3,15.7,26.1,69.7,100,92,59.4,14,-1.6,19.2,1.013,15.0,18.4,-1.6,79.2,14.7,1781,15.78,12.4,13.040,14,46.7,14.1
135.0,84,564.5,22.9,4.1,69.4,100,94,70.6,14,-0.8,21.7,1.001,16.7,16.1,0.8,71.3,16.6,1794,18.91,17.3,13.040,14,91.7,22.6
138.0,84,568.1,19.6,0.0,69.4,100,95,71.1,14,-0.8,23.7,1.002,13.7,17.0,1.1,72.1,17.2,1867,19.03,15.7,13.040,14,93.3,19.2
141.0,85,570.6,21.1,0.0,69.4,100,96,71.1,14,-0.8,24.2,1.004,11.1,19.3,-0.4,81.9,20.7,2013,23.60,21.6,13.040,14,92.9,20.0
144.0,85,573.7,22.4,0.0,69.4,100,96,70.9,14,-0.8,23.2,1.001,18.0,16.1,1.6,71.0,16.5,1852,18.66,16.1,13.040,14,93.1,19.5
147.0,85,577.5,23.3,0.4,69.4,100,98,72.2,14,-0.8,24.7,0.996,14.0,18.8,1.6,77.6,18.7,1984,21.44,17.2,13.040,14,92.5,20.8
150.0,86,584.1,24.3,3.5,69.0,100,99,71.2,14,-0.8,24.5,0.997,13.2,19.7,1.6,79.8,17.6,2019,20.56,18.2,13.040,14,91.1,24.2
153.0,87,584.0,22.7,1.6,68.8,100,100,59.8,14,-1.1,22.8,1.001,15.2,17.2,1.9,72.3,13.2,1899,12.32,10.2,13.040,14,93.3,19.6
156.0,87,584.0,17.3,23.4,68.6,100,100,43.3,14,-1.6,18.5,1.012,20.0,7.1,3.9,32.0,12.5,1877,13.67,9.3,13.040,14,59.5,12.4
159.0,87,583.3,10.5,61.6,68.6,99,98,40.8,14,-1.6,13.3,1.004,22.3,12.0,1.7,51.3,13.6,1859,14.95,9.2,13.040,14,31.4,6.4
162.0,87,580.0,14.5,0.0,68.6,100,96,53.0,14,-1.6,14.9,0.988,21.6,14.4,0.8,61.9,14.6,1845,16.08,10.3,13.061,14,35.7,6.8
165.0,87,580.0,15.9,3.5,68.6,99,97,56.9,14,-1.6,14.4,0.987,23.4,13.2,1.2,57.1,14.3,1832,16.03,12.2,13.120,14,93.7,15.7
168.0,87,577.9,11.1,2.9,68.6,100,97,46.3,14,-1.6,12.7,0.996,28.4,9.7,2.0,36.9,10.6,1812,10.70,5.5,13.055,14,45.9,8.0
171.0,87,574.8,6.8,13.3,68.7,101,94,24.0,14,-1.6,12.2,0.979,23.0,14.1,-4.7,61.3,13.6,1803,14.48,9.6,13.040,14,52.4,7.1
174.0,87,572.0,11.8,60.5,69.0,99,92,52.6,14,-1.6,15.8,1.002,20.0,15.2,-3.4,66.7,15.5,1806,14.93,8.6,12.989,14,69.4,10.8
177.0,87,572.2,15.0,55.7,68.7,99,92,52.9,14,-1.6,15.0,1.002,18.3,16.1,-1.9,71.8,16.4,1805,14.10,3.1,12.885,14,18.5,11.8
180.0,87,572.0,17.8,30.9,68.6,99,93,55.3,14,-1.6,15.2,0.988,18.6,16.3,-0.8,71.9,16.1,1775,17.26,14.5,13.039,14,71.7,17.1
183.0,87,573.1,20.0,2.9,68.6,100,94,60.4,14,-1.6,19.6,1.000,14.5,18.4,0.0,78.4,17.8,1835,19.61,9.2,13.040,14,76.1,16.0
186.0,87,576.0,16.1,16.5,68.6,99,92,61.3,14,-1.6,10.4,0.997,21.5,15.4,0.0,66.2,15.8,1806,18.18,7.1,13.040,14,64.4,12.3
189.0,87,572.2,20.1,5.1,68.6,100,92,65.9,14,-0.8,14.5,0.995,20.0,15.5,0.0,62.5,14.9,1789,16.00,11.7,13.040,14,94.1,16.5
192.0,87,576.3,24.3,3.4,68.7,100,92,70.7,14,-0.2,24.3,0.996,8.5,21.2,0.0,86.3,21.6,1987,23.98,23.5,13.039,14,90.9,24.0
195.0,87,582.0,27.1,7.7,69.0,100,92,72.9,14,-0.8,27.1,0.998,13.0,21.6,0.8,83.9,21.6,2148,25.25,22.9,13.040,14,89.4,27.5
198.0,87,588.0,27.1,7.0,69.4,100,96,72.4,14,-0.8,26.8,1.000,13.8,19.2,0.8,74.8,19.3,2097,23.34,19.8,13.040,14,90.0,26.2
201.0,87,591.0,21.8,2.3,69.6,99,96,66.5,14,-1.2,20.9,0.999,17.9,11.6,3.5,52.8,13.9,1810,15.91,11.9,13.040,14,93.7,17.3
204.0,87,589.7,17.1,13.7,70.0,99,95,60.9,14,-1.6,14.5,0.998,23.5,1.9,9.2,23.1,8.1,1751,7.10,5.5,13.040,14,71.4,14.6
207.0,87,589.3,18.0,20.6,70.2,99,92,61.3,14,-1.6,18.5,1.011,17.5,16.5,-0.8,72.2,16.5,1814,14.87,12.8,13.040,14,78.2,16.0
210.0,87,592.1,25.5,0.0,70.2,100,92,71.4,14,-0.8,25.1,1.000,14.2,18.7,0.1,78.4,18.8,1939,20.73,18.7,13.040,14,90.6,20.0
213.0,87,596.1,26.1,6.1,70.2,100,93,71.4,14,-0.8,25.4,0.996,12.3,20.5,1.2,84.2,21.2,2102,24.62,22.4,13.039,14,89.4,26.3
216.0,87,598.0,20.6,4.9,70.0,100,95,69.3,14,-1.0,24.9,1.000,13.7,20.4,2.3,83.9,21.2,2175,25.36,21.9,12.960,14,86.7,21.6
219.0,87,598.9,12.3,0.0,69.8,99,96,62.0,14,-1.6,20.0,1.006,23.5,11.4,2.3,76.7,15.1,1904,14.17,11.8,12.960,14,44.9,13.1
222.0,87,595.7,6.8,0.0,69.8,100,92,30.7,14,-1.6,14.4,1.011,24.2,12.4,-1.0,63.1,11.0,1737,7.51,3.8,13.026,14,0.0,7.6
225.0,87,592.0,16.1,0.0,69.8,100,89,46.6,14,-1.6,14.5,1.003,22.4,13.6,-1.8,57.1,10.2,1684,8.72,4.2,13.119,14,0.0,13.9
228.0,87,592.0,18.3,4.7,69.8,100,87,59.0,14,-1.1,17.3,0.993,19.0,15.4,0.0,63.4,12.5,1666,13.03,10.6,13.040,14,0.3,18.8
231.0,87,593.5,21.4,6.6,69.7,100,86,65.1,14,-0.1,21.0,0.994,15.5,18.8,0.0,80.0,19.6,1888,21.80,18.0,13.040,14,53.2,21.9
234.0,87,596.5,24.9,3.9,69.4,100,86,71.4,14,-0.8,24.7,1.011,18.4,17.2,0.0,78.8,19.4,1900,21.68,18.8,12.975,14,90.7,25.2
237.0,87,600.0,26.7,0.0,69.0,100,87,72.8,14,-0.8,26.0,1.002,15.5,18.9,0.6,80.3,20.1,1981,22.53,17.1,12.899,14,90.2,26.7
240.0,87,604.8,27.3,0.0,69.0,100,90,73.7,14,-0.8,27.3,0.995,12.6,21.4,1.6,84.3,22.3,2212,26.52,23.5,13.040,14,89.4,27.5
243.0,87,608.0,27.7,0.0,68.9,100,92,73.8,14,-0.8,27.8,0.999,23.5,12.9,2.3,67.9,19.2,1889,21.98,23.2,12.939,14,90.2,28.2
246.0,87,608.4,27.6,0.0,68.6,100,94,75.3,14,-0.8,28.6,0.998,14.7,18.9,1.4,78.3,21.3,1994,23.01,23.6,12.943,14,90.3,28.8
249.0,87,612.0,29.0,2.9,68.6,100,94,74.8,14,-0.8,28.0,1.000,11.5,22.6,1.3,86.0,22.9,2223,26.13,23.8,13.040,14,87.6,29.2
252.0,87,614.7,26.7,1.3,68.6,100,93,74.8,14,-0.8,28.0,1.000,12.5,22.5,2.3,85.0,22.5,2243,26.05,22.0,13.040,14,67.6,18.8
255.0,87,617.8,27.4,0.0,68.5,99,92,75.1,14,-0.8,29.1,0.993,9.7,23.1,2.3,87.1,23.5,2150,25.90,24.8,13.040,14,81.1,25.5
258.0,87,620.9,28.3,0.0,68.2,100,90,74.5,14,-0.8,29.8,1.003,14.5,20.5,2.3,80.5,18.6,1981,20.62,18.8,13.040,14,90.5,26.7
261.0,87,624.0,22.4,0.0,67.8,99,88,62.4,14,-1.3,16.5,1.001,25.0,16.1,0.2,67.4,15.0,1792,15.94,12.2,13.040,14,93.5,20.9
264.0,87,618.3,16.1,14.2,67.8,99,87,40.8,14,-2.2,7.0,0.995,25.2,10.9,-1.9,48.3,12.3,1634,12.82,9.2,13.040,14,94.9,13.7
267.0,87,612.5,9.8,23.9,67.9,99,86,19.1,14,-3.1,4.7,0.881,-2.3,5.1,0.0,19.7,5.9,1614,6.05,2.7,13.039,14,60.0,10.2
270.0,87,605.9,5.2,25.4,68.2,99,88,14.2,14,-3.1,4.8,0.003,-10.9,1.6,0.0,17.2,2.4,1620,4.89,1.5,13.079,14,23.7,6.7
273.0,87,596.0,5.5,32.5,68.6,100,88,20.1,14,-3.1,4.7,0.586,-2.3,0.2,0.0,15.9,0.2,1647,4.08,0.4,13.100,14,0.0,4.7
276.0,87,584.2,6.6,10.7,68.6,100,89,29.1,14,-2.5,7.6,0.967,11.2,3.3,-0.3,23.5,2.0,1702,5.14,0.8,13.040,14,0.1,4.7
279.0,87,577.9,6.3,0.0,68.5,100,91,30.8,14,-1.9,11.0,0.897,25.7,12.4,-1.5,59.2,13.3,1813,14.60,9.4,13.040,15,65.8,10.6
282.0,87,572.5,5.3,0.0,68.2,100,94,14.9,14,-3.1,5.1,0.979,37.5,5.5,1.6,31.6,7.8,1753,7.83,3.7,13.085,15,51.4,9.8
285.0,87,563.9,4.8,0.0,68.2,100,90,17.5,14,-3.1,7.6,0.915,34.8,8.8,2.4,34.9,8.3,1747,7.43,0.9,13.093,15,11.5,4.9
288.0,86,560.2,9.9,19.5,68.2,99,89,30.9,14,-2.4,10.7,0.937,28.2,13.1,0.5,54.8,12.9,1787,13.33,4.0,13.040,15,53.3,5.9
291.0,86,561.9,16.1,17.8,68.2,98,88,50.6,14,-1.4,15.4,1.007,18.2,17.1,-6.0,77.3,18.4,1837,20.71,19.2,13.039,15,77.7,17.3
294.0,86,564.9,24.3,3.8,68.2,99,88,72.9,14,-0.8,25.5,0.997,10.5,20.8,-0.8,85.9,20.2,2007,23.35,21.0,13.040,15,56.4,18.5
297.0,86,568.0,24.3,29.7,68.2,100,85,74.0,14,-0.3,27.2,0.991,9.0,21.4,0.3,86.7,21.7,2050,24.69,23.0,13.040,15,8.7,10.0
300.0,86,573.6,26.9,18.6,68.0,99,83,74.9,14,-0.3,28.2,0.992,8.1,22.1,1.2,87.6,22.4,1970,23.67,23.9,13.040,15,89.4,28.2
303.0,86,581.5,27.4,7.2,67.7,99,82,74.8,14,-0.8,27.8,1.003,9.8,22.2,0.0,86.7,22.4,2175,26.00,23.5,13.039,14,89.7,26.8
306.0,86,588.7,25.0,0.0,67.5,99,82,72.9,14,-0.8,25.5,1.006,14.5,16.5,1.6,77.7,18.9,2003,22.21,19.7,13.040,14,67.9,23.8
309.0,86,592.0,18.4,0.0,67.1,100,85,66.4,14,-0.8,22.1,1.002,15.8,16.5,0.7,72.8,16.8,1894,19.13,15.6,13.040,14,25.9,19.2
312.0,87,594.2,19.0,479.7,67.3,100,87,62.7,14,-1.0,16.8,0.997,19.4,16.4,-0.9,72.2,16.5,1912,18.93,14.9,13.040,14,24.9,19.2
315.0,87,596.0,19.6,1409.7,67.5,100,88,62.9,14,-1.6,8.6,0.993,30.5,15.3,-1.6,67.1,15.7,1738,17.16,14.4,13.040,15,24.3,18.6
318.0,87,596.0,19.4,2520.2,67.5,100,88,64.3,14,-1.6,17.3,0.995,21.4,16.3,0.4,71.5,16.4,1788,17.58,14.4,13.040,15,45.8,17.6
321.0,87,596.0,18.0,2.5,67.5,99,89,62.8,14,-1.6,14.7,0.994,17.2,15.8,1.0,71.3,16.3,1828,17.91,14.3,13.049,15,93.4,16.5
324.0,87,596.0,15.6,10.2,67.5,99,90,61.4,14,-1.6,13.4,0.996,17.4,14.4,-0.1,65.7,15.0,1712,15.70,11.8,13.098,15,94.1,16.1
327.0,87,596.0,15.2,20.5,67.5,99,90,60.6,14,-1.6,18.0,1.005,17.0,16.1,-0.8,72.2,16.5,1727,17.03,13.4,13.060,15,57.4,17.7
330.0,87,595.4,18.4,27.3,67.5,100,92,62.7,14,-1.6,19.6,1.003,16.6,16.4,-0.8,55.3,7.1,1718,10.72,8.3,12.971,15,20.1,17.1
333.0,87,592.0,12.2,0.0,67.5,100,91,51.8,14,-1.6,15.7,0.996,20.1,14.7,0.2,45.2,2.7,1708,5.38,3.1,12.914,15,10.0,11.9
336.0,87,589.4,12.9,16.8,67.7,100,90,44.4,14,-1.6,12.9,0.993,23.8,12.6,1.5,48.9,8.4,1701,7.25,7.8,13.040,15,12.0,12.9
339.0,87,588.0,13.4,585.4,67.8,100,90,42.9,14,-1.6,13.1,0.998,23.0,13.3,0.8,58.0,13.3,1713,13.77,9.2,13.040,15,12.4,13.3
342.0,87,588.0,14.4,1639.0,67.8,100,90,51.0,14,-1.6,15.3,1.001,20.9,14.4,0.3,63.5,14.7,1719,15.10,12.3,13.040,15,36.9,16.0
345.0,87,588.0,21.6,0.0,67.8,99,91,61.5,14,-1.1,19.2,0.998,17.2,16.4,0.0,71.1,16.6,1801,17.76,15.9,13.027,15,92.8,22.0
348.0,87,588.0,21.3,0.0,67.6,99,95,65.6,14,-0.8,21.0,0.997,14.7,18.0,-0.1,77.1,18.1,1954,20.87,18.0,12.960,15,91.8,22.4
351.0,87,588.0,18.6,2.0,67.4,99,99,62.0,14,-0.9,18.6,1.000,17.4,16.5,-0.8,74.1,15.7,1876,16.23,12.3,13.017,15,93.2,17.7
354.0,87,588.0,14.4,5.6,67.1,98,100,54.0,14,-1.6,14.9,1.000,36.0,12.6,-0.2,55.7,13.3,1891,14.39,9.0,13.040,15,94.6,13.7
357.0,87,587.9,12.5,7.8,67.5,98,102,47.2,14,-1.6,14.1,1.000,27.5,5.3,3.5,34.1,6.8,1884,9.74,5.4,13.040,15,78.8,11.6
360.0,87,580.1,10.3,2.4,67.7,99,100,51.5,14,-1.6,14.8,1.005,21.5,4.5,4.9,28.3,2.0,1856,4.89,0.4,13.040,15,0.1,5.9
363.0,87,575.8,9.8,0.0,67.8,100,96,52.5,14,-1.6,15.5,1.011,21.7,14.4,-0.8,62.6,10.2,1825,9.29,1.2,13.040,15,0.0,7.0
366.0,87,572.0,13.2,19.7,67.9,100,92,44.8,14,-1.6,12.9,1.003,23.5,13.3,-1.6,60.1,13.3,1773,13.29,8.2,13.040,15,0.0,12.9
369.0,87,572.1,20.8,77.2,68.2,99,90,66.7,14,-1.0,19.0,1.001,18.5,15.7,0.1,67.3,15.5,1806,16.81,13.6,13.015,15,20.1,19.5
372.0,87,576.1,18.8,19.0,68.2,99,89,63.6,14,-0.8,18.3,0.999,17.7,16.1,1.6,70.7,15.7,1833,17.98,14.2,12.952,15,92.2,19.2
375.0,87,576.0,17.5,0.0,68.0,99,88,60.0,14,-1.0,15.0,0.997,21.4,13.0,1.6,60.0,12.9,1675,13.75,9.4,12.880,15,94.1,15.8
378.0,87,577.0,16.1,0.0,67.8,98,88,57.4,14,-1.6,15.7,0.996,20.0,15.3,0.0,65.9,14.6,1717,15.21,10.9,12.961,15,94.6,15.1
381.0,87,580.0,16.1,0.0,67.5,99,92,58.8,14,-1.6,16.5,0.998,19.1,15.5,0.4,69.0,15.5,1764,16.41,12.4,13.040,15,94.0,16.5
384.0,87,580.0,15.5,12.3,67.5,98,93,57.0,14,-1.6,16.5,0.999,18.9,15.7,0.5,69.6,15.8,1809,17.05,13.0,13.031,15,93.7,16.5
387.0,87,577.6,14.9,57.4,67.5,98,96,54.6,14,-1.6,15.7,0.998,21.1,14.5,0.5,64.9,15.0,1837,17.43,13.7,12.880,15,20.9,11.8
390.0,87,574.5,13.3,73.7,67.5,99,98,51.7,14,-1.6,14.5,0.993,28.5,7.8,3.9,26.0,0.0,1826,4.35,4.2,12.880,15,0.0,7.3
393.0,87,572.6,11.8,14.3,67.5,99,96,47.1,14,-1.6,14.5,1.006,24.4,12.4,1.0,49.4,8.3,1864,10.82,5.5,12.942,15,27.9,8.1
396.0,87,576.1,18.0,0.0,67.5,99,99,55.1,14,-1.6,16.3,1.002,20.9,15.6,0.5,68.2,15.6,1923,18.10,12.9,13.040,15,93.7,17.3
399.0,87,576.0,19.7,0.0,67.5,99,99,62.7,14,-1.4,18.8,0.997,18.2,17.0,2.9,73.8,17.6,2000,20.90,16.5,13.040,15,92.4,20.0
402.0,87,577.0,21.8,0.0,67.5,99,98,68.0,14,-0.8,21.6,0.999,15.5,18.0,-1.6,78.0,18.2,2017,21.53,17.4,13.040,15,91.6,21.7
405.0,87,580.0,22.3,0.0,67.5,99,94,56.5,14,-1.4,15.4,0.996,21.1,15.7,0.2,69.5,16.8,1904,19.20,14.5,13.040,15,92.0,21.3
408.0,87,580.0,16.5,0.0,67.7,98,93,57.4,14,-1.6,15.1,0.996,21.6,15.0,1.0,65.8,15.8,1762,16.01,9.6,13.040,15,94.1,16.5
411.0,87,582.7,18.0,0.0,67.6,99,92,60.1,14,-1.6,17.8,1.001,17.4,16.5,-0.1,73.6,16.9,1767,17.28,14.9,13.040,15,93.7,18.8
414.0,87,584.0,18.8,3.5,67.5,99,93,62.9,14,-1.6,18.8,1.011,17.0,16.5,-0.8,73.3,16.9,1838,18.02,14.9,13.040,15,93.4,19.1
417.0,87,584.8,19.2,7.4,67.5,99,94,63.5,14,-1.6,19.2,0.997,17.5,17.3,1.0,73.9,17.4,1884,19.00,15.7,13.001,15,92.9,19.8
420.0,87,588.0,20.8,0.0,67.5,99,100,66.7,14,-1.1,20.4,0.999,16.7,17.7,0.5,76.0,17.9,1944,20.17,16.8,12.978,15,92.2,20.8
423.0,87,588.0,21.3,6.4,67.5,99,102,66.7,14,-0.8,21.3,1.000,16.0,18.0,-0.8,78.2,18.4,2002,21.17,17.6,13.040,15,91.8,21.6
426.0,87,589.8,21.6,6.5,67.5,99,104,66.7,14,-0.8,21.5,0.999,16.0,18.0,-0.8,76.9,18.4,2025,21.39,17.6,13.040,15,91.8,21.6
429.0,87,591.2,20.0,10.5,67.5,99,106,66.7,14,-0.8,20.8,1.002,17.5,12.9,1.4,54.4,12.1,1994,11.97,8.7,13.040,15,61.3,16.1
432.0,87,588.0,12.5,70.9,67.8,98,105,54.4,14,-1.3,16.7,0.999,20.3,12.7,1.6,51.0,10.9,1966,9.06,3.7,13.040,15,24.8,6.9
435.0,87,588.0,14.1,33.4,67.8,98,103,50.3,14,-1.6,14.2,1.000,23.1,14.1,0.8,61.0,14.4,1949,16.25,10.6,13.040,15,93.7,14.9
438.0,87,586.1,14.5,10.5,67.8,98,102,52.0,14,-1.6,14.5,1.010,23.5,14.1,0.8,59.6,13.7,1937,15.49,9.8,13.040,15,94.0,14.4
441.0,87,584.0,14.7,8.5,67.8,98,102,49.3,14,-1.6,14.1,1.000,23.0,14.1,0.8,61.8,14.6,1929,16.31,11.0,12.951,15,93.9,15.0
444.0,87,583.8,16.9,0.0,67.8,98,102,22.8,14,-3.9,7.8,0.999,27.3,8.8,-1.4,39.6,11.8,1896,13.50,9.5,12.930,15,89.4,14.8
447.0,87,580.1,12.9,26.9,67.8,98,100,39.0,14,-3.1,9.5,0.999,26.9,8.3,-2.8,28.7,8.3,1852,9.24,5.4,13.040,15,75.7,9.8
450.0,87,580.0,15.5,17.3,67.7,98,97,54.7,14,-1.6,15.5,0.998,21.3,14.4,-2.0,51.0,8.0,1814,10.64,8.2,13.040,15,91.5,14.2
453.0,87,580.0,17.9,2.8,67.5,98,95,60.7,14,-1.6,18.2,1.000,17.5,16.5,0.8,72.9,16.5,1888,16.53,12.7,13.040,15,93.4,17.4
456.0,87,579.6,18.0,8.3,67.5,98,92,51.8,14,-1.6,12.9,0.999,21.3,14.4,0.8,65.0,12.7,1809,14.05,10.8,13.040,15,93.2,17.2
459.0,87,576.1,13.7,0.0,67.5,98,91,55.5,14,-1.6,15.0,0.999,20.9,14.4,-0.0,62.3,10.8,1733,10.04,6.0,13.040,15,95.7,11.0
462.0,87,578.2,15.7,4.2,67.5,98,91,59.0,14,-1.6,17.2,0.998,18.0,16.1,-1.4,71.7,16.1,1762,17.30,13.7,13.040,15,94.2,15.7
465.0,87,578.9,15.1,7.2,67.5,98,92,59.4,14,-1.6,18.0,0.997,18.0,16.1,0.8,70.6,15.3,1780,16.36,8.8,12.946,15,49.0,12.3
468.0,87,576.0,6.7,0.0,67.8,99,92,14.2,14,-2.6,9.3,0.371,1.2,8.3,0.4,44.1,9.1,1739,11.25,4.1,12.926,15,0.0,5.4
471.0,87,564.8,5.3,0.0,68.0,100,90,14.1,14,-3.1,4.7,0.000,-11.5,1.2,0.0,15.6,1.3,1654,4.01,0.4,13.040,15,0.1,4.7
474.0,87,550.7,4.7,0.0,68.3,100,85,14.5,14,-3.1,4.7,0.000,-11.5,0.0,0.0,16.9,0.0,1538,3.99,0.4,12.979,15,0.0,4.7
477.0,87,537.0,4.7,0.0,68.7,100,76,16.1,14,-3.1,4.7,0.001,-10.0,0.0,0.0,19.3,0.0,1414,3.99,0.4,13.002,15,0.0,5.0
480.0,87,528.0,4.7,0.0,69.0,100,72,22.8,14,-2.0,7.2,0.606,17.2,5.5,0.0,32.2,5.2,1381,6.70,2.0,13.040,15,21.5,7.0
483.0,87,528.1,12.0,28.8,68.7,99,72,45.2,14,-1.6,11.9,0.936,26.9,11.4,0.3,51.2,11.4,1471,11.36,6.1,13.040,15,95.3,12.9
486.0,87,532.9,15.8,18.4,68.6,98,75,60.1,14,-1.6,16.1,0.997,18.7,15.2,0.9,69.6,15.1,1665,15.75,12.2,13.040,15,94.1,16.0
489.0,87,539.0,18.5,1.8,68.5,98,79,62.8,14,-1.5,18.2,1.013,17.5,16.5,1.6,73.3,16.5,1826,18.43,14.4,13.040,15,93.4,18.6
492.0,87,545.1,20.5,0.4,68.2,99,82,67.5,14,-0.8,21.2,1.012,15.3,17.6,-0.6,76.1,16.3,1846,17.83,13.8,13.040,15,93.3,19.5
495.0,87,552.1,18.4,4.2,68.2,98,82,64.0,14,-0.3,19.5,1.009,15.7,17.0,-0.9,75.0,15.5,1814,15.06,9.9,13.040,15,94.0,18.4
498.0,87,552.0,13.6,5.7,68.0,98,81,58.7,14,-0.5,16.7,1.007,17.6,15.3,-0.1,70.3,14.4,1706,9.09,1.6,13.040,15,91.4,11.5
501.0,87,552.0,11.3,4.8,67.8,98,80,52.9,14,-1.6,12.9,1.006,20.0,12.9,-0.8,64.7,12.9,1514,12.05,6.6,13.040,15,93.6,11.7
504.0,87,552.5,14.1,0.0,67.8,98,80,56.5,14,-1.6,15.5,1.003,16.7,15.2,-0.8,71.6,15.1,1563,14.85,11.9,13.007,15,94.6,15.6
507.0,87,556.0,21.6,0.0,67.5,99,82,64.4,14,-0.6,19.4,1.000,15.2,17.2,-0.1,77.0,17.3,1716,17.73,16.0,12.977,15,93.1,21.0
510.0,87,561.5,23.4,0.0,67.5,99,83,69.3,14,-0.3,22.7,0.997,14.2,18.8,0.6,79.7,18.7,1916,20.63,18.1,13.040,15,91.4,23.5
513.0,87,567.3,24.6,0.0,67.5,99,85,71.2,14,-0.8,24.7,0.996,12.0,20.0,0.0,82.0,20.4,2025,23.13,20.8,13.040,15,90.7,24.4
516.0,87,573.2,25.1,0.2,67.5,99,88,70.6,14,-0.8,25.1,0.998,12.7,20.0,0.0,82.0,20.4,2040,23.23,20.8,13.003,15,90.2,25.0
519.0,87,580.0,24.7,2.5,67.5,99,91,70.6,14,-0.8,24.6,0.999,13.2,20.0,0.7,81.8,20.4,2054,23.41,20.7,12.979,15,90.2,24.7
522.0,87,582.6,24.0,5.1,67.5,99,94,69.9,14,-0.8,23.7,1.002,13.8,19.7,1.3,81.1,20.1,2053,23.34,20.4,13.040,15,90.2,24.3
525.0,87,585.5,23.1,4.9,67.5,99,96,68.8,14,-0.8,22.4,1.006,15.0,18.4,0.0,77.6,18.0,1951,18.87,16.1,13.040,15,92.2,22.0
528.0,87,588.3,22.4,0.1,67.5,99,98,67.5,14,-0.8,23.1,1.000,14.7,18.7,0.0,78.9,18.4,1987,20.32,16.0,13.040,15,93.0,20.7
531.0,87,592.0,22.7,7.8,67.5,99,99,68.3,14,-0.8,22.9,0.999,14.9,18.8,-0.2,79.8,18.8,2031,22.00,18.8,13.040,15,91.4,22.7
534.0,87,592.0,22.9,8.3,67.5,99,100,68.7,14,-0.8,22.8,1.000,15.4,18.8,-0.7,79.2,18.8,2050,21.83,18.8,13.040,15,91.1,23.0
537.0,87,593.3,23.1,6.7,67.5,99,100,68.2,14,-0.8,23.1,0.997,15.0,19.2,0.0,79.6,19.2,2050,22.24,19.1,13.040,15,91.0,23.3
540.0,87,596.2,23.1,0.8,67.5,99,100,68.2,14,-0.8,23.5,1.000,15.0,19.2,-0.5,79.8,19.4,2068,22.75,19.4,13.040,15,90.8,23.7
543.0,87,600.0,24.3,0.2,67.5,99,101,68.6,14,-0.8,23.9,0.999,15.0,19.5,-0.3,80.0,19.7,2098,23.22,19.7,13.040,15,90.2,24.3
546.0,87,600.0,24.3,1.8,67.5,99,103,69.2,14,-0.8,24.3,0.996,15.0,20.0,0.8,80.0,20.0,2137,23.53,20.4,13.040,15,90.2,24.3
549.0,87,600.7,24.4,3.8,67.5,99,106,69.8,14,-0.8,24.3,0.996,15.5,20.0,0.0,80.0,20.0,2145,23.76,20.2,13.040,15,90.0,24.4
552.0,87,604.0,24.7,0.8,67.1,99,108,69.2,14,-0.8,24.5,1.006,15.8,20.0,0.4,80.4,20.2,2165,23.93,20.1,13.022,15,89.8,24.7
555.0,87,604.0,24.4,3.1,67.1,98,109,68.2,14,-0.8,22.3,1.009,18.7,18.6,1.4,74.5,19.9,2169,23.70,20.3,12.960,15,89.8,24.7
558.0,87,604.0,23.3,7.9,67.1,98,110,53.9,14,-1.6,16.1,0.861,21.6,14.0,3.0,52.0,18.0,2075,21.60,18.4,12.960,15,90.7,23.3
561.0,87,597.8,17.7,9.5,67.2,99,109,15.5,14,-4.7,4.7,0.001,-13.0,0.0,0.0,13.0,4.7,1978,10.14,7.7,12.960,15,46.3,14.3
564.0,87,583.9,4.7,0.0,67.5,99,98,12.6,14,-4.7,4.7,0.000,-12.7,0.0,0.0,13.7,2.1,1868,4.70,2.1,12.999,15,0.1,6.7
567.0,87,576.0,13.6,75.0,67.5,99,95,41.2,14,-3.2,11.8,0.422,-2.1,6.4,-0.5,32.9,8.0,1826,8.60,7.0,13.075,15,2.0,13.7
570.0,87,578.4,21.2,51.5,67.5,99,95,65.0,14,-1.4,21.7,0.999,15.2,19.1,-1.3,81.3,19.3,1965,21.79,20.4,13.040,15,90.2,22.7
573.0,87,581.3,22.0,5.8,67.5,99,97,63.9,14,-0.9,25.5,0.997,14.0,20.8,1.6,82.7,20.8,2225,24.17,20.9,12.992,15,90.0,25.1
576.0,87,583.6,13.1,0.0,67.5,99,100,15.0,14,-4.7,12.6,0.994,29.7,14.3,0.6,50.6,9.1,2023,15.27,13.4,12.988,15,65.3,19.8
579.0,87,576.0,4.7,2.6,67.5,99,97,13.4,14,-4.7,6.4,1.052,34.4,8.5,1.1,25.0,1.5,1812,4.44,0.6,13.040,15,1.5,4.7
582.0,87,566.7,14.4,1.7,67.5,99,95,30.4,14,-3.7,7.0,1.091,28.2,6.6,2.4,23.6,5.4,1753,5.37,2.0,13.040,15,38.9,7.5
585.0,87,560.0,18.2,19.5,67.6,99,94,53.5,14,-1.9,12.6,0.996,19.5,15.7,-3.1,69.8,15.7,1826,16.57,6.1,12.931,15,50.5,8.3
588.0,87,560.8,11.9,57.8,67.8,98,96,15.7,14,-4.7,8.2,0.986,19.5,17.9,-4.7,76.9,18.4,1862,19.55,15.4,12.957,15,70.2,14.9
591.0,87,564.0,27.8,0.0,67.8,99,100,54.0,14,-2.1,13.1,0.997,17.4,9.8,-3.1,53.4,12.2,1878,15.89,16.3,13.040,15,79.3,24.4
594.0,87,558.3,17.6,60.5,67.8,99,98,60.1,14,-1.1,11.0,1.006,22.4,0.0,0.3,16.5,1.8,1854,4.89,0.7,13.040,15,0.1,4.7
597.0,87,554.4,12.6,65.4,67.8,99,96,52.3,14,-1.6,6.0,1.010,38.8,0.0,1.6,22.7,12.9,1788,13.46,9.4,13.040,15,54.9,10.3
600.0,87,552.3,12.1,15.6,67.8,98,94,59.6,14,-1.6,18.0,0.999,17.5,12.2,0.5,56.8,15.4,1847,16.44,12.1,13.040,15,62.4,15.2
603.0,87,556.0,11.0,0.0,67.5,99,94,34.2,14,-2.6,10.1,0.996,22.8,13.2,-0.4,55.3,13.2,1820,14.84,12.0,13.005,15,0.0,15.2
606.0,87,550.4,7.8,0.0,67.7,99,91,39.8,14,-2.5,10.3,1.000,24.2,11.2,-1.1,37.1,8.8,1711,6.54,2.2,12.880,15,0.1,7.8
609.0,87,549.9,12.1,0.0,67.7,99,88,59.9,14,-1.6,18.9,1.011,16.5,16.5,-2.3,73.3,16.9,1812,18.16,15.7,12.939,15,0.0,15.0
612.0,87,553.0,16.1,0.0,67.5,99,90,63.6,14,-1.6,20.0,0.997,16.5,16.8,0.8,73.3,14.0,1821,16.56,14.8,12.960,15,5.9,13.7
615.0,87,555.7,5.0,0.0,67.5,99,88,27.6,14,-1.6,13.0,0.985,25.7,13.7,-1.9,59.2,10.0,1760,13.18,11.0,12.960,15,34.6,6.7
618.0,87,552.1,12.9,0.0,67.5,98,87,41.9,14,-1.6,12.3,0.985,27.4,12.7,-3.5,53.7,9.7,1697,11.25,7.2,12.967,15,95.6,10.6
621.0,87,554.1,18.5,0.0,67.3,97,86,59.0,14,-1.4,17.2,0.993,19.4,15.6,-0.7,70.8,17.6,1737,18.32,17.6,13.040,15,92.2,18.6
624.0,87,558.0,24.8,0.0,67.1,98,86,71.4,14,-0.8,24.7,0.992,13.0,20.4,1.6,83.1,20.3,1977,22.09,20.6,12.996,15,91.1,24.1
627.0,87,564.0,26.7,0.0,67.1,98,88,72.2,14,-0.8,26.0,0.994,13.3,20.8,1.9,66.6,12.2,1926,17.05,16.5,12.982,15,80.8,24.1
630.0,87,566.7,16.6,35.8,67.1,98,87,61.0,14,-1.1,22.0,0.999,15.4,19.4,1.4,47.7,0.0,1693,4.50,2.0,13.040,15,41.3,10.2
633.0,87,566.5,10.7,62.0,67.1,98,85,48.9,14,-1.6,13.4,1.005,21.4,12.9,-3.1,57.6,0.0,1576,4.50,1.7,12.930,15,24.6,10.8
636.0,87,564.5,11.4,66.4,67.1,98,82,62.0,14,-1.6,18.0,1.012,16.0,16.4,-2.0,70.1,11.1,1675,12.09,9.8,12.952,15,39.7,14.7
639.0,87,568.0,22.7,13.0,66.7,98,82,33.4,14,-1.6,12.4,0.992,15.5,12.4,-0.9,54.9,15.7,1665,16.46,16.0,13.036,15,81.4,20.8
642.0,87,565.2,12.0,5.0,66.9,99,79,33.3,14,-1.6,10.5,0.946,15.9,8.4,-0.3,32.2,11.6,1509,12.27,7.5,13.020,15,4.4,5.1
645.0,87,564.0,8.8,6.4,67.1,99,76,47.4,14,-1.6,12.6,0.890,18.5,12.9,-1.6,66.3,12.9,1488,12.77,1.6,13.040,15,58.0,9.5
648.0,87,563.4,12.1,16.6,67.1,97,76,45.5,14,-1.6,9.8,0.993,15.2,4.2,-1.1,47.7,5.3,1431,8.17,1.2,13.040,15,64.5,10.7
651.0,87,560.0,6.3,0.0,67.1,98,72,51.9,14,-1.6,7.2,1.003,8.4,0.4,-0.5,30.8,2.7,1362,4.69,1.4,13.040,15,0.0,5.7
654.0,87,557.1,10.6,2.8,67.1,99,68,57.5,14,-0.9,11.9,1.012,4.1,5.7,-1.0,34.5,9.6,1353,6.98,3.9,13.040,15,0.0,7.8
657.0,87,560.1,21.4,2.3,66.9,99,67,65.0,14,-0.2,23.9,1.013,6.8,20.4,-4.5,87.1,20.4,1637,19.05,23.1,13.040,15,64.5,22.8
660.0,87,567.6,31.8,1.6,66.6,98,71,76.8,14,-0.8,32.2,1.010,9.5,25.5,0.0,89.0,24.7,2073,24.65,26.4,13.040,15,89.6,32.0
663.0,87,577.4,33.2,7.2,65.9,98,76,76.1,14,-0.8,33.3,1.001,10.8,23.8,0.5,86.3,24.4,2199,26.44,27.1,13.040,15,88.2,31.8
666.0,87,588.0,18.8,31.5,65.9,98,77,69.3,14,-0.3,26.7,1.002,14.5,18.2,1.1,75.3,19.9,1976,22.50,22.5,13.051,15,89.6,23.4
669.0,87,588.0,18.5,24.0,65.9,98,78,44.4,14,-1.3,16.1,0.999,24.5,11.3,0.4,54.9,12.9,1494,12.91,11.6,13.119,15,93.3,20.0
672.0,87,585.9,14.0,11.0,66.1,98,77,25.5,14,-2.8,7.3,0.988,38.3,9.2,-3.1,37.8,10.6,1450,10.20,6.3,13.040,15,95.5,10.9
675.0,87,582.9,9.8,6.0,66.3,99,76,43.2,14,-1.6,10.2,0.998,25.5,11.8,-2.3,58.4,12.0,1441,11.54,7.9,13.040,15,95.9,9.4
678.0,87,579.9,11.0,28.0,66.3,97,78,47.8,14,-1.6,11.8,1.001,21.8,12.0,-1.9,60.1,9.7,1448,9.09,5.9,13.040,15,72.6,11.5
681.0,87,572.0,6.1,7.0,66.6,98,78,29.2,14,-2.4,9.0,1.056,25.5,10.7,-0.0,51.7,7.2,1459,5.01,0.7,13.040,15,0.0,4.7
684.0,87,567.2,7.2,31.3,66.7,98,78,27.3,14,-2.7,6.8,1.094,32.4,8.7,2.2,31.7,8.7,1450,7.63,3.9,13.040,15,42.9,7.6
687.0,87,562.7,8.1,43.0,66.7,97,79,43.6,14,-1.6,11.3,1.012,23.0,11.8,-6.2,57.6,11.8,1532,10.83,6.3,13.040,15,35.4,6.8
690.0,87,560.0,5.9,0.0,66.7,99,82,26.8,14,-1.6,10.2,0.979,26.5,11.3,-5.8,52.8,10.3,1587,9.68,5.0,13.040,15,17.4,4.7
693.0,87,551.2,7.0,0.0,66.7,98,81,39.8,14,-1.6,11.5,0.991,26.0,11.6,-5.5,52.1,9.7,1620,7.79,1.1,13.038,15,25.9,4.7
696.0,87,550.0,11.8,0.0,66.7,98,80,55.7,14,-1.6,14.3,1.007,20.9,12.9,-5.5,62.4,12.9,1587,13.31,9.4,12.880,15,71.6,10.9
699.0,87,552.0,16.5,11.2,66.6,98,80,62.4,14,-1.6,18.8,0.991,19.5,12.9,0.1,58.8,12.4,1579,12.76,8.9,12.927,15,65.6,14.7
702.0,87,552.0,16.2,52.9,66.3,98,78,58.0,14,-1.6,15.2,1.003,19.8,5.4,5.5,38.7,8.6,1521,9.30,6.6,12.989,16,25.6,13.4
705.0,87,552.1,7.8,0.0,66.3,99,77,34.3,14,-2.4,9.3,0.504,7.8,0.0,5.7,21.5,3.7,1435,5.08,3.0,13.040,15,11.0,7.8
708.0,87,542.8,6.1,0.0,66.5,99,73,18.5,14,-3.1,5.0,0.000,-9.4,0.0,0.0,20.6,0.0,1348,4.05,0.4,13.040,15,2.5,5.5
711.0,87,529.9,5.1,1.3,66.8,99,68,19.8,14,-3.1,4.7,0.000,-9.0,0.0,0.0,22.8,0.0,1214,4.01,0.4,13.040,15,0.0,4.7
714.0,87,516.3,6.5,5.2,67.1,99,62,61.2,14,-0.8,14.2,0.608,0.9,10.8,-1.3,55.3,9.0,1382,10.17,7.4,13.040,15,18.8,8.0
717.0,87,524.1,23.9,1.3,67.1,98,64,66.4,14,-0.4,20.8,0.933,9.8,17.7,-0.9,81.1,16.7,1592,16.60,16.9,13.040,15,90.2,23.9
720.0,87,528.6,20.0,2.2,66.9,98,67,70.6,14,-0.6,23.1,0.994,14.2,16.7,2.0,65.3,9.5,1612,7.77,3.1,13.040,15,45.3,17.5
723.0,87,536.1,18.6,8.5,66.7,98,68,70.4,14,-0.0,20.8,0.999,12.5,18.0,-0.8,78.0,17.6,1688,15.05,12.8,12.937,15,54.6,18.7
726.0,87,544.7,22.2,19.3,66.7,98,70,68.2,14,-0.8,22.4,1.002,13.4,18.2,-0.8,78.7,18.0,1798,19.00,17.6,12.943,15,74.8,21.7
729.0,87,552.1,19.2,22.8,66.4,98,74,69.1,14,-0.4,23.3,1.001,13.3,18.8,-0.1,80.3,18.8,1893,20.71,18.3,13.040,15,72.9,19.6
732.0,87,556.5,21.8,14.7,66.1,98,78,69.8,14,-0.2,24.2,0.998,12.5,19.2,1.6,82.3,19.9,1912,21.59,20.4,13.040,15,86.0,22.9
735.0,87,560.0,19.2,4.1,65.9,98,82,67.6,14,-0.8,23.9,0.999,16.0,15.7,1.6,63.1,11.4,1957,11.94,8.5,12.994,15,47.6,15.5
738.0,87,559.2,4.7,0.0,65.9,99,82,14.9,14,-2.6,10.5,0.922,29.1,8.4,5.5,39.5,7.2,1756,6.15,0.9,12.985,15,0.0,4.7
741.0,87,544.1,4.7,0.0,66.2,99,81,15.4,14,-3.1,4.9,0.503,19.9,2.0,5.9,18.5,2.3,1497,4.11,0.4,13.040,15,0.0,4.7
744.0,87,535.8,4.7,0.0,66.5,99,79,16.0,14,-3.1,4.7,0.000,-10.4,0.0,0.0,18.8,0.0,1450,4.05,0.4,13.040,15,0.0,4.7
747.0,87,523.5,4.7,0.0,66.7,99,76,16.8,14,-3.1,4.7,0.001,-9.5,0.0,0.0,20.1,0.0,1396,3.98,0.4,12.995,15,0.0,4.7
750.0,87,511.5,4.8,0.0,66.7,99,72,19.7,14,-3.1,5.5,0.595,20.4,3.2,3.0,24.4,2.7,1357,4.60,0.9,12.987,15,0.0,5.4
753.0,87,504.1,8.6,0.0,66.7,99,71,31.3,14,-2.3,3.3,0.937,29.3,5.9,3.8,28.7,4.2,1329,5.19,1.5,13.040,15,0.0,8.2
756.0,86,501.8,6.6,0.0,66.9,99,69,33.9,14,-2.0,1.4,0.791,9.5,6.0,0.0,29.0,0.0,1300,4.06,0.4,13.040,15,0.0,6.1
759.0,86,497.8,8.1,0.0,67.1,99,66,22.3,14,-3.1,4.7,0.000,-9.0,0.4,0.0,23.2,1.8,1247,4.05,0.9,13.040,15,0.2,9.3
762.0,86,492.5,17.9,0.0,67.1,99,64,69.8,14,-0.0,16.6,0.739,5.3,10.9,-1.8,51.5,2.6,1433,5.06,4.1,12.958,15,6.3,14.2
765.0,86,500.1,5.1,0.0,66.8,99,64,41.0,14,-0.8,13.1,1.005,22.7,15.2,-0.5,72.0,5.8,1579,7.75,9.1,12.817,15,27.5,9.8
768.0,86,497.7,12.7,15.6,66.7,99,65,35.3,14,-1.2,10.1,0.997,33.3,12.0,4.3,63.1,14.3,1332,13.08,12.2,12.960,15,44.3,16.1
771.0,86,501.0,21.2,26.2,66.6,98,67,67.9,14,-0.0,23.1,0.990,11.5,19.6,0.8,83.9,20.0,1876,19.07,17.7,12.960,15,70.5,21.8
774.0,86,512.2,25.5,3.5,66.3,98,72,71.4,14,-0.8,25.5,0.997,11.8,20.1,0.8,83.7,20.2,1949,22.31,21.1,12.960,15,85.5,24.6
777.0,86,528.1,19.1,24.3,66.1,98,74,68.3,14,-0.5,23.1,0.999,13.4,19.0,0.8,78.9,19.1,1971,22.11,20.3,12.955,15,66.3,21.2
780.0,86,531.5,15.0,23.8,65.9,98,76,63.6,14,-0.2,18.0,0.998,16.5,15.7,0.8,65.1,14.1,1626,14.39,11.4,12.800,15,46.0,18.0
783.0,86,536.0,14.1,0.0,65.9,98,78,57.3,14,-1.6,5.5,0.999,18.0,13.7,0.8,63.1,13.1,1535,13.35,10.3,12.925,15,35.0,16.2
786.0,86,536.0,20.4,0.0,65.9,98,78,67.2,14,-0.6,18.0,0.994,14.3,16.6,1.2,71.8,15.7,1623,15.63,12.4,13.068,15,45.5,18.1
789.0,87,544.3,24.2,4.9,65.9,98,79,71.4,14,-0.3,25.7,0.995,11.1,20.5,1.4,84.0,20.3,1894,21.42,21.2,12.960,15,91.0,26.3
792.0,87,552.0,25.2,10.7,65.8,98,81,71.8,14,-0.8,26.0,1.001,12.4,20.8,0.8,83.1,20.0,2050,22.75,15.7,12.960,15,75.4,23.5
795.0,87,556.0,20.1,12.0,65.5,98,82,72.2,14,-0.8,26.3,0.992,11.5,20.8,3.1,83.4,20.6,2050,21.34,7.6,13.000,15,39.5,15.2
798.0,87,556.0,6.3,0.0,65.5,98,80,54.9,14,-0.3,22.2,1.005,12.3,19.1,1.2,80.9,19.4,1911,19.46,5.7,13.002,15,4.5,4.9
801.0,87,556.0,5.7,0.0,65.5,98,80,50.8,14,-0.7,18.8,1.013,13.5,17.4,-1.4,77.8,17.5,1699,17.62,16.9,12.882,15,31.0,6.7
804.0,87,558.2,5.3,0.0,65.3,98,79,40.4,14,-1.6,15.4,1.008,15.3,16.7,-3.2,77.2,17.3,1637,17.17,16.5,12.960,15,54.5,16.8
807.0,87,558.6,7.9,0.0,65.1,98,77,26.6,14,-1.6,8.2,0.979,22.5,14.1,-6.2,66.3,15.4,1497,15.59,15.5,12.960,15,60.7,20.2
810.0,87,556.5,15.0,0.0,65.1,98,74,32.9,14,-1.6,12.4,1.000,15.2,15.5,-3.6,73.6,15.9,1428,15.37,17.3,12.995,15,70.8,21.4
813.0,87,560.0,22.7,0.0,65.1,98,74,59.7,14,-0.5,19.7,1.004,13.6,16.1,0.0,73.9,17.0,1532,16.85,20.5,13.020,15,92.0,25.5
816.0,87,566.2,26.5,5.0,65.1,98,75,71.3,14,-0.4,23.9,1.000,14.5,10.7,3.5,56.9,13.2,1635,16.18,19.7,12.964,15,91.0,28.2
819.0,87,563.4,15.0,3.3,65.1,98,74,57.5,14,-1.0,21.2,0.969,14.8,1.6,6.1,24.6,0.3,1400,4.23,0.8,13.040,15,22.6,11.2
822.0,87,560.0,11.7,0.0,65.1,98,70,32.7,14,-1.5,12.3,0.885,16.5,12.5,4.7,71.0,15.3,1400,12.12,11.0,13.040,15,41.0,14.4
825.0,87,561.2,24.9,0.0,65.1,98,68,70.6,14,-0.0,25.5,0.990,12.8,17.8,3.1,78.3,18.3,1692,18.50,18.5,13.040,15,79.6,24.2
828.0,87,568.0,26.7,0.0,64.7,98,71,72.9,14,-0.5,26.7,0.996,11.2,21.0,1.6,83.9,21.2,1993,22.71,22.6,13.040,15,90.8,26.5
831.0,87,576.3,27.7,0.0,64.7,98,74,73.3,14,-0.8,27.9,1.000,11.3,22.2,1.3,85.8,22.6,2135,24.75,24.3,13.040,15,89.4,28.2
834.0,87,585.6,30.0,1.0,64.6,98,77,73.3,14,-0.8,29.2,0.998,12.0,22.7,3.1,85.5,23.5,2200,26.04,26.5,13.040,14,88.9,30.7
837.0,87,594.9,31.8,2.1,64.3,98,78,74.5,14,-0.8,32.5,0.998,11.0,25.1,2.0,87.2,25.2,2285,27.19,27.3,13.040,14,88.4,31.4
840.0,87,604.1,29.0,0.0,64.3,98,82,71.4,14,-0.8,29.6,0.998,11.9,23.5,1.6,86.1,24.2,2245,26.65,26.0,13.040,14,88.6,29.8
843.0,87,608.0,28.3,9.1,64.3,97,83,71.9,14,-0.8,28.4,1.000,12.7,22.4,1.6,85.0,22.7,2170,25.29,24.0,13.023,14,89.8,28.2
846.0,87,611.1,26.8,9.3,64.3,97,84,71.8,14,-0.8,25.8,1.001,14.2,21.1,1.4,83.1,21.8,2137,24.64,23.9,12.963,14,89.8,28.6
849.0,87,614.2,24.4,4.5,64.3,97,84,70.1,14,-0.8,22.5,1.001,16.3,18.1,0.8,75.3,18.4,1875,20.07,18.4,13.040,14,80.4,24.4
852.0,87,617.2,22.6,0.0,64.3,97,84,66.8,14,-0.8,22.7,0.996,14.5,18.8,0.0,79.3,18.7,1916,20.48,18.6,13.040,14,76.3,22.6
855.0,87,620.1,22.4,0.0,64.3,97,84,71.4,14,-0.8,25.1,0.996,12.4,20.6,0.9,83.3,20.9,1990,22.10,21.4,13.040,14,78.8,24.2
858.0,87,624.0,28.8,0.0,64.0,97,84,72.3,14,-0.8,28.3,0.994,11.6,22.8,1.6,86.4,23.8,2117,24.76,26.4,13.032,15,88.6,30.6
861.0,87,626.5,31.1,0.0,63.9,97,85,73.6,14,-0.8,30.7,0.995,12.7,24.2,1.5,87.2,24.5,2309,27.38,26.7,12.960,14,88.2,31.2
864.0,87,629.7,28.2,4.0,63.8,97,86,73.6,14,-0.8,30.3,1.007,13.5,23.5,0.8,85.5,22.4,2262,24.73,24.9,13.017,14,89.2,29.7
867.0,87,632.8,24.3,9.6,63.5,97,86,70.6,14,-0.8,25.5,1.010,12.5,20.4,0.2,83.7,21.3,2092,23.51,23.1,13.040,14,89.8,28.3
870.0,87,636.0,29.8,0.0,63.5,97,86,72.9,14,-0.8,28.6,1.003,12.8,22.1,1.2,84.1,22.1,2121,24.05,22.2,13.019,14,90.0,27.3
873.0,87,636.0,26.5,0.0,63.7,97,87,71.2,14,-0.8,28.2,0.999,13.3,22.6,1.9,84.6,22.9,2229,25.53,22.6,12.961,14,91.0,24.7
876.0,87,636.0,18.1,0.0,63.9,97,88,61.2,14,-1.0,23.0,1.002,14.9,20.0,0.8,83.1,20.8,2087,23.18,20.8,13.040,14,82.1,21.5
879.0,87,634.8,12.3,0.0,63.9,97,88,42.3,14,-1.6,12.2,1.009,26.5,11.8,-0.8,60.2,14.6,1780,15.92,14.0,13.073,14,55.6,18.4
882.0,87,631.6,16.6,0.0,63.9,97,88,58.8,14,-1.6,16.1,1.001,21.3,14.2,-0.3,63.1,14.2,1694,13.79,9.9,13.077,14,31.1,16.2
885.0,87,628.0,5.1,0.0,64.2,98,91,32.1,14,-2.5,11.5,0.988,27.5,9.4,-0.9,52.8,10.7,1718,12.67,8.9,13.040,15,27.5,14.9
888.0,87,620.5,4.9,0.0,64.7,98,92,15.6,14,-3.1,5.8,0.697,29.2,0.0,-2.0,19.9,0.0,1701,4.20,0.8,13.040,15,0.1,4.7
891.0,87,607.2,4.7,0.0,65.3,98,92,13.2,14,-3.1,4.7,0.000,-11.5,0.0,0.0,15.7,0.0,1713,4.14,0.5,12.988,15,0.0,4.7
894.0,87,590.1,4.7,0.0,65.9,98,92,12.5,14,-3.1,4.7,0.000,-12.2,0.0,0.0,15.0,0.0,1811,4.10,0.6,12.960,15,0.0,4.7
897.0,87,572.0,4.7,0.0,65.9,98,91,11.5,14,-4.1,4.7,0.000,-12.2,0.0,0.0,13.7,0.0,1962,4.07,0.7,12.976,15,0.0,4.7
900.0,86,560.1,5.0,0.0,66.1,98,87,11.0,14,-4.7,4.9,0.000,-11.7,0.0,0.0,12.6,0.0,2087,4.05,0.4,13.040,15,0.0,4.7
903.0,86,545.0,4.9,0.0,66.5,98,83,11.0,14,-4.7,5.1,0.000,-11.1,0.0,0.0,12.9,0.0,2087,4.08,0.4,13.040,15,0.0,4.7
906.0,86,530.3,4.8,0.0,66.7,98,81,11.0,14,-4.7,5.1,0.000,-11.5,0.4,0.0,13.3,0.0,2097,4.06,0.4,13.040,15,0.0,4.7
909.0,85,516.5,5.1,0.0,66.7,98,84,11.0,14,-4.7,5.1,0.000,-11.2,0.1,0.0,13.1,0.0,2114,4.12,0.4,13.040,15,0.0,4.8
912.0,84,500.1,5.1,0.0,67.1,98,85,11.0,14,-4.7,5.1,0.000,-10.8,0.0,0.0,12.9,0.0,2133,4.21,0.4,13.017,15,0.0,5.1
915.0,84,487.8,5.1,0.0,67.3,98,88,11.0,14,-4.7,5.1,0.000,-10.5,0.0,0.0,12.9,0.0,2149,4.27,0.4,12.880,15,0.1,5.1
918.0,84,475.7,5.1,0.0,67.6,98,89,11.0,14,-4.7,5.1,0.000,-10.5,0.0,0.0,12.9,0.0,2137,4.27,0.4,12.933,15,0.0,5.1
921.0,84,465.6,5.1,0.0,67.8,98,84,11.0,14,-4.7,5.1,0.000,-10.9,0.0,0.0,12.9,0.0,2115,4.16,0.4,12.994,15,0.0,5.0
924.0,84,452.0,4.7,0.0,68.2,98,81,11.0,14,-4.7,4.8,0.000,-11.3,0.0,0.0,12.7,0.0,2086,4.08,0.4,13.040,15,0.0,4.7
927.0,84,440.8,4.7,0.0,68.4,98,80,11.0,14,-4.7,4.7,0.000,-11.5,0.0,0.0,12.6,0.0,2061,4.06,0.4,13.040,15,0.1,4.7
930.0,84,428.9,4.7,0.0,68.6,98,77,11.0,14,-4.7,4.7,0.000,-11.5,0.0,0.0,12.9,0.0,2050,4.03,0.4,13.040,15,0.0,4.7
933.0,84,417.9,4.7,0.0,68.6,99,70,11.0,14,-4.7,4.7,0.001,-12.5,0.0,0.0,13.2,0.0,2011,4.04,0.4,13.040,15,0.0,4.7
936.0,84,408.1,4.7,0.0,68.6,99,72,11.0,14,-4.7,4.7,0.000,-12.5,0.0,0.0,13.3,0.0,1974,4.06,0.4,13.040,15,0.0,4.7
939.0,84,397.7,4.7,0.0,68.8,99,71,11.4,14,-4.7,4.7,0.000,-12.5,0.0,0.0,13.4,0.0,1951,4.06,0.4,13.040,15,0.1,4.7
942.0,84,386.9,4.7,0.0,69.0,99,70,11.8,14,-4.7,4.7,0.000,-12.5,0.0,0.0,13.7,0.0,1962,4.03,0.4,13.040,15,0.0,4.7
945.0,84,379.1,5.0,0.0,69.0,99,70,11.8,14,-4.7,4.7,0.001,-12.5,0.0,0.0,13.4,1.3,1970,4.08,0.4,13.040,15,2.7,5.2
948.0,84,375.9,6.3,0.0,68.6,99,76,16.0,14,-3.6,5.0,0.644,-5.3,0.0,0.0,14.5,1.1,1883,4.12,0.4,13.040,15,5.4,5.7
951.0,84,368.2,5.1,0.0,68.6,99,76,13.6,14,-3.9,4.9,0.546,-4.9,0.0,0.0,14.9,0.0,1806,4.11,0.4,13.040,15,0.0,4.7
954.0,84,360.9,4.7,0.0,68.6,99,76,11.0,14,-4.7,4.7,0.000,-12.5,0.0,0.0,12.9,0.0,2025,4.04,0.4,13.040,15,0.1,4.7
957.0,84,352.9,4.7,0.0,68.7,99,76,11.0,14,-4.7,4.7,0.000,-12.5,0.0,0.0,12.9,0.0,2000,4.02,0.4,13.040,15,0.0,4.7
960.0,84,346.5,4.7,0.0,69.0,99,74,11.1,14,-4.7,4.7,0.002,-12.5,1.1,0.0,12.9,1.2,2006,4.03,0.6,13.040,15,0.0,4.7
963.0,84,336.4,4.7,0.0,69.0,99,75,11.0,14,-4.7,4.7,0.000,-12.4,1.7,0.0,12.9,2.2,2013,4.05,0.8,13.040,15,0.1,4.7
966.0,84,331.3,4.7,0.0,69.0,99,76,11.0,14,-4.7,4.7,0.000,-12.0,0.0,0.0,12.5,0.0,2025,4.07,0.5,12.929,15,0.0,4.7
969.0,84,323.3,4.9,0.0,69.0,99,78,11.0,14,-4.7,4.7,0.000,-12.0,1.2,0.0,12.5,1.7,2055,4.39,1.0,12.956,15,2.7,5.2
972.0,84,320.1,6.3,0.0,69.4,99,81,13.9,14,-3.6,5.0,0.614,-11.7,0.8,0.0,13.2,1.6,2000,4.45,1.2,13.040,15,6.1,6.1
975.0,84,317.2,5.5,1.2,69.4,99,84,12.9,14,-3.8,5.1,0.631,-11.2,0.0,0.0,13.7,0.0,1914,4.07,0.4,13.040,15,0.0,4.7
978.0,84,311.9,5.1,1.0,69.4,99,87,11.0,14,-4.7,5.1,0.000,-10.5,0.0,0.0,12.5,0.0,2175,4.28,0.4,13.040,15,0.0,5.0
981.0,84,303.9,5.1,0.0,69.4,99,90,11.0,14,-4.7,5.1,0.000,-10.0,0.0,0.0,12.5,0.0,2185,4.27,0.4,13.040,15,0.0,5.1
984.0,84,294.8,5.1,0.0,69.4,100,92,11.0,14,-4.7,5.1,0.000,-10.0,0.0,0.0,12.5,0.0,2180,4.28,0.4,13.040,15,0.0,5.1
987.0,84,288.1,5.1,0.0,69.7,100,91,11.0,14,-4.7,5.1,0.636,11.4,1.7,3.9,13.0,0.0,2134,4.21,0.4,13.023,15,0.0,5.1
990.0,84,284.9,5.1,0.0,69.5,100,91,11.0,14,-4.7,5.1,0.662,18.9,2.5,6.4,13.4,0.0,2083,4.09,0.4,12.962,15,0.0,5.1
993.0,84,277.4,5.1,0.0,69.4,100,91,11.0,14,-4.7,5.1,0.000,-10.0,0.2,0.0,12.5,0.0,2187,4.36,0.4,13.040,15,0.0,5.1
996.0,84,269.5,5.1,0.0,69.5,100,90,11.0,14,-4.7,5.1,0.000,-10.0,2.4,0.0,12.6,1.8,2197,4.35,0.4,13.075,15,0.0,5.1
999.0,84,263.4,5.1,0.0,69.8,100,92,11.0,14,-4.7,5.1,0.000,-9.7,1.9,0.0,12.5,2.0,2212,4.39,0.4,13.077,15,0.0,5.1
1002.0,84,256.3,5.1,0.0,69.5,100,95,11.0,14,-4.7,5.1,0.000,-10.3,1.0,0.0,12.4,1.2,2163,4.31,0.4,13.021,15,0.0,5.1
1005.0,84,251.2,4.9,0.0,69.4,100,95,11.6,14,-4.7,5.0,0.000,-11.6,0.0,0.0,12.4,0.0,1966,3.84,0.4,12.880,15,0.1,4.8
1008.0,84,246.5,4.7,0.0,69.4,100,93,12.6,14,-4.5,4.7,0.000,-12.0,0.0,0.0,14.5,0.0,1725,3.99,0.4,12.931,15,0.0,4.7
1011.0,84,243.1,4.7,0.0,69.4,100,90,13.3,14,-3.1,4.7,0.001,-11.5,0.5,0.0,15.0,0.5,1703,4.04,0.4,12.992,15,0.0,4.7
1014.0,84,236.1,4.7,0.0,69.1,100,87,13.3,14,-3.1,4.7,0.000,-11.5,0.5,0.0,15.6,0.5,1647,3.99,0.4,13.040,15,0.0,4.7
1017.0,84,233.3,5.0,32.5,69.2,100,84,14.7,14,-3.1,5.0,0.327,0.8,0.9,0.0,16.9,0.6,1560,3.94,0.4,13.040,15,0.1,4.7
1020.0,84,233.7,6.1,48.9,69.3,100,82,19.9,14,-2.9,6.2,0.982,39.9,4.7,0.0,21.6,5.1,1537,5.20,1.6,13.040,15,4.7,5.4
1023.0,84,239.1,8.4,35.9,69.0,100,82,32.2,14,-1.6,10.6,1.013,28.5,9.8,-5.1,40.8,9.6,1642,9.53,4.8,13.001,15,13.6,8.4
1026.0,84,252.3,12.9,0.0,69.0,100,86,46.9,14,-1.6,12.2,0.999,24.9,12.0,-3.2,53.9,12.1,1683,12.83,8.2,12.983,15,22.9,12.6
1029.0,84,272.3,7.3,0.0,69.0,100,87,34.6,14,-1.6,11.5,1.001,25.4,12.2,-1.7,56.3,12.4,1675,13.42,8.5,13.032,15,24.5,12.9
1032.0,84,279.4,7.3,0.0,69.2,100,88,27.4,14,-1.6,9.7,1.007,30.3,9.7,-3.4,48.2,11.2,1708,13.28,5.1,12.960,15,11.9,9.2
1035.0,84,285.7,8.0,18.2,69.3,100,88,30.5,14,-1.8,8.1,0.992,33.5,0.0,3.9,19.6,0.8,1625,4.01,2.1,12.960,15,8.5,6.9
1038.0,84,288.0,6.9,47.9,69.0,100,88,23.5,14,-3.1,4.7,0.979,12.9,0.0,4.5,17.5,0.3,1625,4.03,0.6,12.997,15,6.3,5.8
1041.0,84,288.1,5.9,0.0,69.0,100,86,20.7,14,-3.1,5.7,0.999,23.4,2.6,4.0,19.3,2.2,1625,4.60,0.5,13.040,15,5.4,5.4
1044.0,84,290.8,5.1,0.0,69.0,100,86,17.1,14,-3.1,5.7,0.685,27.1,4.3,2.5,21.9,4.7,1626,5.46,0.8,13.040,15,0.0,4.7
1047.0,85,286.3,4.9,19.3,68.9,100,86,14.1,14,-3.1,4.7,0.102,-11.5,0.0,0.0,15.7,0.0,1637,4.04,0.4,13.040,15,0.0,4.7
1050.0,85,280.9,5.0,40.3,68.6,100,88,14.1,14,-3.1,4.7,0.884,-11.5,2.6,0.0,16.8,3.6,1645,4.89,1.2,13.040,15,3.3,5.6
1053.0,85,284.1,4.7,0.0,68.6,100,88,14.1,14,-3.1,4.7,0.950,13.8,3.3,-0.4,17.0,4.9,1641,5.33,2.0,13.040,15,8.9,7.2
1056.0,85,286.8,8.1,0.0,68.4,100,87,25.0,14,-2.5,6.9,0.997,34.4,5.0,-1.3,22.6,5.0,1642,5.67,2.2,13.040,15,11.0,8.6
1059.0,85,295.6,9.1,5.3,68.1,100,86,37.2,14,-1.6,11.1,1.001,28.2,11.5,-3.1,50.2,11.4,1762,12.38,7.5,12.976,15,17.4,10.1
1062.0,85,307.5,9.6,16.1,67.8,100,88,32.9,14,-1.6,11.8,0.995,24.0,13.3,-1.6,57.9,13.4,1747,14.55,9.4,12.960,15,27.3,13.1
1065.0,85,320.1,16.1,33.2,67.5,100,92,50.5,14,-1.6,15.4,0.996,20.4,14.8,-0.6,65.9,15.4,1784,16.99,12.1,12.979,15,38.7,17.0
1068.0,85,333.5,16.1,13.4,67.5,100,95,57.3,14,-1.6,16.9,0.995,17.8,16.2,1.1,71.3,16.7,1877,19.06,15.3,13.040,15,54.1,19.6
1071.0,85,348.6,17.8,15.0,67.4,100,99,58.5,14,-1.5,16.3,0.993,20.4,14.9,2.3,64.3,15.3,1900,18.68,14.7,13.040,15,52.6,19.6
1074.0,86,363.7,19.7,37.9,67.1,100,104,65.9,14,-0.8,20.0,1.008,17.0,16.7,0.0,71.0,16.4,1969,19.58,13.7,13.002,15,43.8,18.0
1077.0,86,380.0,15.7,0.0,67.1,100,108,57.0,14,-1.4,17.1,1.002,20.0,16.0,0.8,68.3,16.0,2027,19.48,12.6,12.981,15,32.0,15.3
1080.0,86,389.2,9.0,0.0,67.1,100,108,35.0,14,-3.1,13.5,1.004,23.5,14.8,1.2,61.2,14.9,2052,18.26,12.2,13.026,15,32.9,15.3
1083.0,86,398.8,13.9,0.0,67.1,100,109,34.2,14,-3.6,13.5,1.009,24.7,14.7,-1.6,60.2,14.9,2062,19.37,15.3,12.880,15,51.6,19.2
1086.0,86,410.9,20.6,0.0,67.0,100,112,66.4,14,-0.8,21.2,1.002,18.0,17.6,-0.8,75.3,17.0,2118,21.47,15.6,12.980,15,55.0,20.2
1089.0,86,425.3,19.6,0.1,66.7,100,114,63.5,14,-0.8,20.0,0.995,19.4,17.4,0.2,72.8,17.0,2169,20.94,12.9,12.979,15,45.1,18.2
1092.0,86,436.1,14.1,2.5,66.7,100,115,52.0,14,-1.2,16.5,0.996,23.2,15.4,1.3,58.9,13.7,2193,16.15,7.9,12.894,15,27.5,14.1
1095.0,86,436.0,8.9,1.2,66.9,100,115,31.9,14,-2.6,11.9,0.971,29.0,12.4,2.9,34.4,6.9,2174,5.21,0.8,13.040,15,6.0,7.0
1098.0,86,437.5,9.5,5.3,67.2,100,114,18.9,14,-4.3,8.8,0.891,37.0,11.4,8.6,38.8,11.8,2137,11.48,6.2,12.988,15,13.9,9.1
1101.0,86,441.3,17.6,15.8,67.5,100,114,56.5,14,-1.6,14.9,1.000,28.7,13.4,4.2,49.4,13.3,2207,15.38,9.0,12.995,15,22.3,11.7
1104.0,86,448.0,9.4,0.0,67.8,100,117,38.7,14,-1.6,8.7,0.401,6.7,7.0,1.2,35.7,8.1,2221,12.52,7.1,13.040,15,16.1,8.9
1107.0,86,439.0,6.4,0.0,67.8,101,117,21.3,14,-3.0,5.1,0.000,-10.6,0.0,0.0,12.8,0.0,2168,4.29,0.4,13.040,15,0.0,5.1
1110.0,86,430.0,4.9,0.0,67.8,101,114,11.0,14,-4.7,5.0,0.000,-11.1,0.0,0.0,12.5,0.0,2125,4.15,0.4,13.040,15,0.0,4.8
1113.0,86,421.0,4.7,0.0,67.8,101,108,11.0,14,-4.7,4.7,0.000,-13.0,0.0,0.0,12.5,0.0,2022,4.09,0.4,13.040,15,0.0,4.7
1116.0,86,411.5,4.8,0.0,67.8,101,102,11.8,14,-4.7,4.7,0.000,-13.0,0.0,0.0,13.2,0.0,1939,4.06,0.4,13.013,15,0.0,4.9
1119.0,85,400.1,8.2,0.0,68.1,100,101,29.4,14,-2.9,9.6,0.505,3.6,6.6,0.9,32.1,5.3,1952,8.11,2.7,12.960,15,2.9,6.0
1122.0,85,410.5,14.2,0.0,68.0,100,102,46.3,14,-1.6,14.4,1.007,25.0,15.5,2.6,63.5,15.8,2069,20.02,13.7,12.960,15,42.4,18.0
1125.0,85,416.0,13.0,0.0,67.7,100,104,46.4,14,-2.1,14.2,0.884,24.3,13.3,3.9,54.5,13.3,2012,15.57,10.7,13.017,15,17.1,10.5
1128.0,85,415.2,5.0,0.0,67.5,101,106,11.8,14,-4.7,4.7,0.000,-12.5,3.0,1.1,25.7,5.0,1964,8.48,5.2,13.040,15,0.7,5.0
1131.0,85,412.0,4.7,0.0,67.5,101,103,12.8,14,-4.7,6.4,0.512,14.6,3.8,4.3,18.5,3.7,1933,5.37,2.1,13.020,15,1.5,5.0
1134.0,85,409.2,6.7,0.0,67.3,101,103,17.1,14,-4.7,7.6,0.924,40.0,7.8,8.0,26.2,8.2,1932,7.84,4.3,12.960,15,9.4,7.5
1137.0,85,409.8,8.3,0.0,67.1,101,105,23.4,14,-4.3,7.6,1.010,40.0,7.8,0.8,25.5,8.2,2000,7.86,4.3,12.960,15,11.1,8.1
1140.0,85,411.1,8.3,0.0,67.1,101,108,29.0,14,-1.6,5.9,1.001,16.1,1.8,0.2,17.1,2.7,2047,5.68,2.5,13.000,15,7.2,7.1
1143.0,85,408.0,5.1,0.0,66.7,101,109,18.3,14,-3.7,5.6,0.929,23.5,0.0,5.3,13.3,0.0,2070,4.12,0.8,13.040,15,0.0,4.7
1146.0,85,408.0,5.9,26.9,66.9,101,110,15.6,14,-4.7,6.0,0.884,35.6,2.6,10.9,17.5,1.9,2066,5.11,1.2,13.040,15,0.0,4.7
1149.0,85,410.0,9.4,22.6,67.0,101,111,23.4,14,-4.1,7.8,0.900,38.1,9.6,10.8,36.1,11.4,2087,12.75,7.5,13.040,15,16.1,9.4
1152.0,85,413.9,12.9,11.6,66.7,101,112,40.9,14,-1.6,13.3,0.997,28.5,12.9,3.1,44.5,12.5,2182,14.44,7.7,12.952,15,18.8,10.7
1155.0,85,420.0,12.9,62.2,66.7,101,114,43.1,14,-1.6,13.6,0.996,34.2,9.6,4.3,33.7,9.2,2187,11.67,6.3,12.903,15,11.8,8.3
1158.0,85,425.5,11.4,37.4,66.7,101,113,38.2,14,-1.6,12.4,0.997,37.7,7.5,4.5,22.3,5.6,2130,6.25,3.1,12.960,15,13.3,9.0
1161.0,85,429.6,11.0,14.9,66.8,101,112,34.0,14,-1.6,10.5,1.002,35.5,10.2,0.8,34.5,10.2,2087,10.46,5.9,12.960,15,17.5,10.4
1164.0,85,432.6,11.1,0.0,67.1,101,110,42.4,14,-1.6,13.3,0.996,29.2,12.2,1.8,44.6,12.0,2150,10.34,3.7,12.991,15,14.4,9.6
1167.0,85,436.1,4.7,0.0,67.4,101,110,26.6,14,-3.3,11.2,0.944,30.9,12.1,5.4,45.2,12.6,2177,10.92,1.8,13.034,15,0.0,4.7
1170.0,85,433.9,4.9,0.0,67.6,101,109,16.4,14,-4.7,8.8,0.898,38.1,9.7,11.5,32.2,11.0,2112,13.46,8.6,12.960,15,4.8,5.8
1173.0,85,433.1,5.7,0.0,67.8,101,108,18.8,14,-4.7,8.2,0.979,39.5,8.6,1.6,28.5,9.5,2040,12.28,8.6,13.005,15,15.7,9.3
1176.0,85,436.3,7.6,0.0,67.5,101,108,29.0,14,-2.2,8.2,1.005,28.5,4.8,4.4,19.9,7.3,2006,8.85,6.4,13.010,15,22.3,12.1
1179.0,85,440.1,9.8,0.0,67.5,101,107,25.5,14,-1.6,8.2,1.001,30.5,5.5,4.4,20.5,7.2,2000,7.28,3.8,12.976,15,13.8,9.5
1182.0,85,442.6,12.9,5.3,67.5,101,106,32.7,14,-1.6,7.3,0.990,37.9,8.8,1.7,29.6,9.4,1998,11.01,6.3,13.040,15,20.4,12.2
1185.0,85,444.0,11.4,6.5,67.5,101,105,40.6,14,-1.9,5.3,0.992,29.0,5.5,2.3,18.8,5.5,1962,6.05,2.8,13.040,15,8.6,8.1
1188.0,85,444.5,5.8,0.0,67.5,101,102,20.4,14,-4.7,8.6,0.979,24.1,10.2,-1.2,38.4,7.8,1920,6.15,1.6,13.040,15,5.8,7.2
1191.0,85,448.0,17.3,0.0,67.5,101,99,46.7,14,-2.8,14.3,0.986,20.8,14.2,-1.6,57.8,11.9,1940,10.34,5.1,13.040,15,20.8,13.6
1194.0,85,458.6,19.5,24.7,67.3,101,96,63.4,14,-1.3,19.7,0.997,18.4,16.9,0.4,71.7,17.1,2065,20.87,15.7,13.040,15,53.7,19.6
1197.0,85,470.2,22.5,28.9,67.1,100,94,68.4,14,-0.8,22.5,1.007,15.0,18.8,-2.3,81.2,19.2,2125,24.18,18.8,13.040,15,75.3,22.5
1200.0,85,481.8,25.7,4.1,67.1,100,92,72.9,14,-0.8,27.1,1.002,13.3,20.9,-0.3,82.9,21.1,2224,25.75,21.4,13.040,15,90.5,25.8
1203.0,86,500.1,28.6,0.0,67.1,100,92,74.4,14,-0.8,28.3,1.001,12.1,22.6,1.1,85.0,22.8,2322,27.44,23.4,13.040,15,89.3,27.5
1206.0,86,512.1,29.1,6.8,66.9,100,93,75.3,14,-0.8,29.4,0.998,11.5,23.5,1.4,87.2,23.5,2377,28.35,25.1,13.040,15,87.8,29.8
1209.0,86,526.1,29.5,9.2,66.7,100,94,75.4,14,-0.8,29.4,0.997,11.5,23.5,0.0,87.8,23.5,2412,28.90,25.1,12.987,15,87.8,29.8
1212.0,86,537.1,27.5,0.0,66.7,100,96,76.1,14,-0.8,29.4,0.996,11.5,23.2,0.0,86.4,21.9,2364,25.48,17.7,12.924,15,63.7,23.1
1215.0,86,544.0,4.7,0.0,66.7,101,93,35.9,14,-2.2,15.9,0.936,24.1,14.8,5.2,59.5,13.3,2104,16.85,7.2,12.917,15,8.6,5.5
1218.0,86,533.6,4.7,0.0,66.7,101,88,13.9,14,-3.1,5.2,0.625,28.6,3.6,10.7,18.0,0.0,1647,4.15,0.8,13.040,15,0.1,4.7
1221.0,86,520.4,4.7,0.0,66.8,101,80,15.3,14,-3.1,4.7,0.066,-10.5,0.0,0.0,18.4,0.0,1438,4.09,0.5,12.983,15,0.0,4.7
1224.0,86,507.6,5.2,0.0,67.1,101,70,17.3,14,-3.1,4.7,1.119,21.2,7.5,0.5,42.5,7.7,1382,8.40,4.9,12.995,15,3.8,6.2
1227.0,86,504.0,12.9,0.0,67.1,101,71,42.6,14,-2.2,10.6,1.060,24.8,13.9,-0.7,66.6,14.8,1415,13.81,11.7,13.002,15,15.5,10.4
1230.0,86,509.2,19.3,4.9,66.9,101,75,63.4,14,-1.3,18.1,0.997,10.8,17.9,-2.5,82.0,18.1,1623,18.02,18.8,12.800,15,83.1,23.5
1233.0,86,518.8,23.7,9.4,66.6,100,79,72.8,14,-0.8,23.9,0.999,12.0,19.2,0.8,81.6,19.6,1987,22.17,19.4,12.910,15,86.4,23.7
1236.0,86,529.8,21.9,9.1,66.3,100,82,72.2,14,-0.8,24.3,1.003,12.4,19.8,0.8,82.4,20.1,2033,23.11,20.4,12.960,15,89.6,23.1
1239.0,86,536.2,12.7,0.0,66.3,100,86,64.2,14,-1.4,19.5,1.006,14.1,18.8,-1.0,81.1,19.4,1897,21.89,20.5,12.986,15,89.8,22.0
1242.0,86,540.0,21.6,0.6,66.3,100,87,35.3,14,-1.6,15.1,1.002,17.5,16.5,-1.2,72.7,17.1,1675,18.12,17.8,13.040,16,82.3,23.6
1245.0,86,542.3,12.5,0.4,66.3,100,87,19.6,14,-2.1,11.8,0.999,23.6,13.7,0.2,58.1,14.0,1637,14.41,10.6,13.040,16,26.4,14.1
1248.0,86,542.8,7.4,0.0,66.3,101,86,21.7,14,-3.1,9.0,1.000,37.0,11.0,-4.7,45.5,11.4,1628,12.43,8.7,13.040,16,23.3,13.0
1251.0,87,540.1,14.1,0.0,66.3,100,88,58.0,14,-1.6,14.2,0.995,25.4,13.7,-1.0,58.5,13.7,1675,13.77,9.5,13.040,16,20.1,11.1
1254.0,87,544.0,7.6,0.0,66.0,101,92,34.9,14,-2.4,11.6,1.000,27.2,12.9,0.3,57.3,14.3,1738,15.50,12.0,13.040,16,19.2,8.6
1257.0,87,537.1,5.1,0.0,66.1,101,95,16.7,14,-3.1,6.5,0.772,36.9,8.4,-1.8,31.8,10.7,1775,11.46,1.2,13.040,16,4.9,5.8
1260.0,87,529.2,6.1,0.0,66.4,101,96,14.7,14,-3.1,4.7,0.000,23.5,4.7,3.1,17.6,4.7,1775,6.86,1.7,12.939,16,4.3,5.9
1263.0,87,524.0,9.4,3.8,66.7,101,96,45.5,14,-1.6,7.1,0.760,34.3,7.3,1.1,25.0,7.1,1807,6.89,3.9,12.946,16,12.9,8.8
1266.0,87,524.0,13.3,59.8,66.4,101,99,46.9,14,-1.6,10.3,1.000,34.7,9.6,1.2,34.3,9.9,1865,9.97,6.9,13.040,16,22.9,12.9
1269.0,87,526.1,13.3,57.9,66.3,101,102,52.5,14,-1.4,14.0,0.994,27.9,11.8,2.7,43.8,11.8,1937,13.53,9.4,13.040,16,26.7,13.7
1272.0,87,532.2,13.3,55.2,66.3,100,106,65.1,14,-0.8,20.0,1.012,18.0,17.3,-1.6,72.2,9.4,1988,11.14,9.4,13.040,16,33.2,15.6
1275.0,86,532.1,15.1,15.0,66.3,101,108,55.2,14,-1.2,19.5,1.005,17.8,17.3,-1.3,72.9,11.5,2043,11.01,8.7,13.035,17,42.0,18.4
1278.0,86,529.8,11.9,0.0,66.3,101,109,34.9,14,-2.4,15.9,0.818,13.6,15.6,-0.7,71.8,17.1,2112,19.53,2.0,12.960,17,10.1,8.4
1281.0,86,523.9,4.7,0.0,66.3,101,107,11.2,14,-4.6,4.9,0.000,-13.0,0.0,0.0,12.9,0.0,2003,7.64,0.9,13.011,17,0.0,4.7
1284.0,86,515.0,5.6,0.0,66.3,101,102,12.5,14,-1.6,14.5,0.672,10.7,11.2,4.0,47.9,9.2,2015,5.46,0.7,13.040,17,0.0,4.7
1287.0,86,508.1,14.9,0.0,66.3,101,99,43.1,14,-1.6,17.2,0.949,18.7,17.0,2.6,73.3,16.7,2041,9.99,3.7,13.040,17,0.0,4.8
1290.0,86,512.5,18.6,23.0,66.1,101,98,65.3,14,-1.4,21.0,1.007,15.4,18.1,-2.5,77.0,17.5,2012,21.20,16.9,13.040,17,0.1,11.0
1293.0,86,519.7,19.7,40.8,65.9,100,98,71.7,14,-0.8,25.1,0.986,10.0,21.2,1.6,85.5,21.6,2125,23.94,20.8,12.992,17,44.6,18.2
1296.0,86,528.5,13.8,18.1,65.5,101,98,61.2,14,-0.8,22.8,1.005,10.6,20.0,-1.0,83.7,20.4,2009,23.42,22.1,12.988,17,90.1,26.7
1299.0,86,536.0,25.1,7.8,65.5,100,98,67.9,14,-0.8,23.6,1.007,11.4,19.5,-2.0,81.8,19.0,1926,21.21,19.7,13.029,17,89.6,25.1
1302.0,86,538.5,18.0,3.3,65.5,100,99,67.1,14,-1.1,23.0,1.000,13.4,19.3,0.2,80.0,18.2,2069,21.52,16.5,12.960,17,21.2,15.4
1305.0,86,543.1,16.5,0.8,65.5,101,101,60.3,14,-1.5,18.3,0.999,18.5,15.7,1.6,68.6,16.1,1937,18.90,14.8,12.960,17,39.2,16.6
1308.0,86,548.5,22.8,2.3,65.5,100,104,69.0,14,-0.8,22.7,1.002,15.7,17.8,0.6,69.5,13.5,1970,16.96,15.4,12.994,17,64.1,22.0
1311.0,86,552.0,29.0,0.0,65.5,100,107,72.4,14,-0.8,26.5,0.996,13.2,20.9,0.3,76.1,15.3,2127,18.73,18.6,13.027,17,90.1,26.7
1314.0,86,559.5,30.5,0.0,65.5,100,109,74.2,14,-1.1,30.2,0.992,11.9,23.9,0.8,87.2,23.9,2469,30.01,25.9,12.960,16,87.5,30.6
1317.0,86,567.0,31.3,0.0,65.4,100,111,73.5,14,-1.5,30.8,0.997,13.5,23.9,0.8,85.1,23.9,2587,30.91,25.9,12.960,16,87.5,31.4
1320.0,86,572.3,30.5,0.3,65.1,100,114,72.9,14,-0.8,27.5,0.997,12.8,22.6,1.8,84.1,23.0,2450,29.13,23.6,12.960,16,80.5,29.0
1323.0,86,576.1,20.4,10.5,65.3,100,116,65.0,14,-1.1,23.6,0.995,15.7,20.3,2.3,79.6,21.0,2322,26.27,14.1,12.960,16,58.8,20.8
1326.0,86,577.2,21.0,12.1,65.5,100,118,57.5,14,-1.6,18.0,0.992,22.0,16.5,2.3,68.2,16.1,2262,21.29,14.1,13.008,16,58.1,21.2
1329.0,86,580.4,23.0,18.1,65.5,100,122,70.6,14,-0.8,23.5,0.996,18.4,19.4,1.0,76.1,19.0,2306,24.16,17.2,13.040,16,65.5,22.9
1332.0,86,584.0,27.5,0.0,65.5,100,123,72.1,14,-1.3,26.5,0.997,15.8,21.5,0.3,82.5,21.7,2395,27.65,21.7,13.025,16,88.2,27.1
1335.0,86,588.9,25.6,9.8,65.7,100,124,71.3,14,-1.3,26.6,0.998,15.2,21.7,0.8,82.4,21.9,2486,28.34,22.0,12.960,16,88.2,27.1
1338.0,86,593.5,24.8,12.9,65.9,100,124,69.0,14,-0.8,24.6,1.000,16.0,20.4,0.8,80.8,20.8,2337,26.36,21.4,13.013,16,88.9,26.4
1341.0,86,596.0,25.5,4.1,65.9,100,122,69.0,14,-0.8,20.4,0.995,20.1,18.7,1.4,75.3,19.5,2330,25.21,19.6,13.066,16,82.0,24.8
1344.0,86,596.0,23.1,18.2,65.9,100,122,67.8,14,-0.8,22.0,0.995,20.1,18.2,0.8,71.6,18.3,2325,23.85,17.4,13.082,16,67.2,22.5
1347.0,86,596.0,22.8,25.3,65.9,100,122,67.9,14,-0.8,23.0,0.998,19.0,18.7,-0.2,72.4,18.1,2329,23.43,16.4,13.040,16,56.9,21.2
1350.0,86,597.9,20.2,24.5,65.9,100,122,65.8,14,-0.9,23.0,1.002,19.1,19.6,-0.8,78.4,20.0,2350,25.59,19.2,13.040,16,74.1,22.7
1353.0,86,600.0,16.8,20.9,65.9,100,122,57.3,14,-1.6,18.8,0.999,22.0,17.4,0.3,70.3,17.8,2328,23.07,16.1,13.040,16,56.9,18.7
1356.0,86,600.0,16.1,47.2,65.9,101,121,50.3,14,-1.6,16.7,0.996,24.1,15.5,1.5,61.9,15.7,2291,19.97,12.2,13.025,16,14.8,9.8
1359.0,86,597.1,15.8,15.8,65.9,100,119,48.2,14,-1.6,15.6,0.997,25.4,14.7,1.9,57.4,14.7,2244,18.00,11.1,12.964,16,32.2,15.7
1362.0,86,596.0,11.3,0.0,65.9,100,117,44.0,14,-1.6,15.9,1.003,24.0,15.3,0.8,62.0,15.3,2212,19.61,12.5,13.200,16,36.7,17.0
1365.0,86,595.0,8.8,0.0,65.9,101,116,32.1,14,-1.6,14.9,1.006,24.5,15.3,-0.8,61.7,15.6,2176,19.80,13.2,13.374,16,39.4,17.5
1368.0,86,592.0,17.3,0.0,65.9,100,114,55.7,14,-1.6,16.6,1.001,22.6,15.5,0.1,64.0,15.7,2150,19.70,13.6,13.598,17,40.3,17.5
1371.0,86,592.0,19.1,22.4,65.9,100,113,58.6,14,-1.6,16.7,0.998,22.1,15.4,1.3,64.1,15.6,2130,19.20,13.2,13.760,17,41.1,18.0
1374.0,86,592.0,18.2,47.4,65.9,100,112,51.6,14,-1.6,14.8,0.996,23.6,14.8,2.1,59.8,15.1,2110,18.17,12.2,13.760,17,37.3,17.4
1377.0,86,590.2,15.1,58.0,65.9,100,111,40.4,14,-1.6,12.4,0.996,26.0,14.1,0.8,55.3,13.7,2087,16.06,10.9,13.760,17,26.7,12.9
1380.0,86,588.0,13.2,46.4,65.9,101,110,41.6,14,-1.6,13.7,1.002,24.5,14.7,0.2,59.3,14.7,2071,17.73,12.1,13.760,17,28.4,12.7
1383.0,86,588.0,17.3,0.0,65.9,100,108,45.7,14,-1.6,13.7,0.992,25.0,14.1,2.2,57.2,14.3,2052,16.74,10.0,13.781,17,35.9,17.2
1386.0,86,585.1,14.8,1.2,65.9,101,107,47.1,14,-1.6,14.1,0.987,25.3,13.5,4.1,53.1,13.1,2037,13.48,1.9,13.840,17,0.0,11.0
1389.0,86,584.0,15.2,1.4,66.1,101,107,49.2,14,-1.6,12.5,0.990,25.8,13.7,2.2,55.6,14.1,2037,16.47,10.6,13.778,17,0.0,14.4
1392.0,86,582.9,16.6,0.6,66.3,101,108,52.3,14,-1.6,5.5,0.999,33.5,8.2,0.8,25.9,10.8,2010,12.14,8.5,13.760,17,0.0,15.7
1395.0,86,580.0,15.7,0.0,66.3,101,108,26.7,14,-1.6,10.4,0.984,29.0,11.3,1.7,40.7,11.7,2050,12.78,8.4,13.733,17,7.3,15.2
1398.0,86,580.0,14.9,13.2,66.3,101,108,38.7,14,-1.6,8.3,0.989,29.1,11.3,1.5,43.3,10.3,2074,13.37,9.4,13.701,17,29.2,14.9
1401.0,86,575.3,13.2,8.7,66.3,101,107,45.4,14,-1.6,7.6,1.001,31.9,8.6,0.0,25.7,3.5,2001,5.01,3.1,13.840,17,17.7,12.0
1404.0,86,572.0,12.1,0.0,66.3,101,106,42.0,14,-1.6,14.5,1.010,25.5,14.1,0.0,55.3,14.1,2100,13.43,8.0,13.743,17,20.2,11.9
1407.0,86,572.0,12.9,2.2,66.3,101,106,28.2,14,-1.6,12.9,1.012,25.5,13.6,0.5,53.4,13.6,2073,15.80,10.3,13.711,17,23.9,13.0
1410.0,86,572.0,13.3,50.0,66.3,101,106,40.7,14,-1.6,13.6,1.005,24.8,14.4,1.1,58.2,14.8,2046,16.87,11.1,13.728,17,30.0,13.9
1413.0,86,572.0,18.7,45.8,66.1,100,106,55.2,14,-1.3,16.3,1.000,22.3,15.8,0.9,67.0,17.1,2036,20.72,15.2,13.600,17,56.9,20.8
1416.0,86,573.6,16.0,28.9,65.9,100,106,58.8,14,-1.2,19.6,1.001,17.5,16.1,-1.6,66.7,15.7,2025,18.68,13.3,13.761,17,46.5,14.9
1419.0,86,575.5,6.3,0.0,65.9,101,106,18.8,14,-4.7,8.6,0.979,32.5,11.9,-2.1,46.1,12.5,1988,14.48,10.5,13.805,17,35.7,11.6
1422.0,86,572.0,16.5,0.0,65.9,100,104,46.1,14,-2.6,14.7,0.991,28.1,13.4,-1.2,51.4,13.4,2001,14.73,9.7,13.760,17,33.3,16.2
1425.0,86,572.0,18.8,31.2,65.6,100,106,60.4,14,-1.6,18.5,0.998,19.7,15.5,0.2,67.3,16.5,2060,20.16,14.5,13.749,17,52.2,19.6
1428.0,86,572.0,18.4,37.4,65.5,100,109,61.8,14,-1.6,18.9,1.002,20.1,13.6,0.7,55.0,13.8,2051,15.72,10.2,13.520,17,35.1,16.2
1431.0,86,572.0,16.0,28.5,65.5,100,109,56.9,14,-1.6,17.8,1.013,20.5,15.7,0.0,66.7,15.7,2100,15.57,4.4,13.374,17,13.9,10.2
1434.0,86,571.6,13.2,21.7,65.5,101,106,43.1,14,-1.6,12.9,0.986,26.4,14.6,1.0,59.3,14.8,2093,16.25,1.7,13.188,17,7.7,7.8
1437.0,86,568.0,17.3,19.2,65.5,101,106,35.3,14,-1.6,11.7,0.990,29.2,13.0,0.4,51.2,13.8,2057,16.63,4.2,13.040,17,26.6,14.1
1440.0,86,568.0,16.6,34.7,65.5,101,105,41.3,14,-1.6,12.7,1.000,27.4,12.3,-1.6,47.5,13.5,1988,15.85,11.4,13.040,17,33.7,16.5
1443.0,86,569.5,19.3,34.1,65.4,100,104,61.2,14,-1.5,19.9,0.999,16.0,18.8,-1.6,79.6,19.2,2062,21.03,17.1,13.040,17,66.1,21.2
1446.0,86,572.7,23.1,2.5,65.1,100,106,70.6,14,-0.8,25.9,0.990,16.0,20.2,1.6,80.7,20.5,2191,24.58,16.0,13.040,17,65.9,21.1
1449.0,86,576.0,7.5,28.0,65.1,101,106,48.2,14,-1.3,12.9,0.998,10.9,14.6,1.7,55.3,16.1,2149,19.85,10.3,13.040,17,22.2,12.8
1452.0,86,573.1,10.8,15.5,65.3,101,104,42.2,14,-1.6,8.5,0.999,11.2,9.0,0.5,25.3,8.9,1933,8.48,5.3,13.037,17,18.4,11.4
1455.0,86,568.0,8.9,4.7,65.6,101,101,38.5,14,-2.1,12.1,0.980,24.2,12.3,2.3,43.9,10.2,1912,11.38,7.5,12.960,17,6.2,7.1
1458.0,86,561.7,5.9,0.2,65.9,101,100,16.8,14,-4.7,5.1,0.884,7.5,0.0,15.9,21.3,3.6,1851,6.42,3.6,13.006,17,4.2,6.0
1461.0,86,556.0,9.8,1.3,65.9,101,98,32.9,14,-2.2,8.7,0.979,24.7,6.2,7.9,26.8,5.7,1837,6.76,2.9,13.013,17,15.1,9.6
1464.0,86,556.0,16.1,15.8,65.9,101,101,49.7,14,-1.6,15.5,1.004,26.5,13.4,-0.8,50.4,12.7,1897,12.78,7.3,12.964,17,33.7,16.5
1467.0,86,558.5,23.2,9.1,65.7,101,104,66.4,14,-1.3,23.1,0.996,14.6,19.3,-0.7,78.8,19.3,2065,22.88,21.2,13.040,17,79.5,25.2
1470.0,86,565.6,29.2,2.5,65.6,100,107,75.3,14,-0.9,28.8,0.999,11.6,23.1,0.0,87.1,23.9,2450,29.67,24.6,13.040,17,87.8,29.4
1473.0,86,573.1,27.8,8.3,65.9,100,108,75.1,14,-1.6,27.8,1.002,14.0,21.2,0.6,83.6,21.4,2305,26.07,20.4,13.040,17,64.0,25.2
1476.0,86,576.0,20.1,36.5,65.9,100,106,62.0,14,-1.6,18.8,1.000,20.0,16.4,2.2,68.1,18.5,2119,22.66,17.8,13.040,16,52.9,19.7
1479.0,86,576.0,26.7,7.8,65.6,100,105,69.8,14,-1.1,22.6,0.993,18.2,17.3,2.4,67.9,18.7,2086,22.45,19.9,13.040,16,90.8,24.9
1482.0,86,581.7,26.7,2.7,65.3,100,106,72.1,14,-0.8,23.8,0.992,15.2,15.4,3.1,67.8,17.5,2209,23.08,21.3,13.040,17,89.4,26.7
1485.0,86,580.2,18.0,0.0,65.1,100,107,55.6,14,-1.5,17.6,0.983,20.2,0.2,7.8,15.7,0.0,1987,4.11,0.8,13.040,17,28.5,12.6
1488.0,86,574.0,6.9,0.0,65.2,101,106,17.0,14,-4.7,5.9,0.884,36.0,5.1,12.1,17.4,3.6,1954,5.11,1.5,12.997,17,3.6,5.6
1491.0,86,567.7,4.7,0.0,65.5,101,102,11.8,14,-4.7,5.1,0.302,6.2,2.1,5.9,15.8,3.4,1903,4.96,1.6,12.986,17,7.8,6.4
1494.0,86,552.0,9.1,0.0,65.5,101,101,37.2,14,-3.1,9.6,0.454,1.4,4.5,0.0,25.5,4.7,1865,6.16,2.0,13.023,17,8.2,6.7
1497.0,86,554.5,8.7,0.0,65.5,101,100,43.8,14,-1.6,14.5,1.012,24.5,13.2,-0.3,54.0,13.0,1877,14.12,9.4,12.880,17,25.9,11.7
1500.0,86,556.0,11.0,12.6,65.5,101,100,30.8,14,-1.5,13.7,1.008,21.5,14.9,-3.1,63.5,16.1,2000,19.15,14.1,12.931,17,43.1,17.0
1503.0,86,556.5,17.3,41.3,65.5,100,102,64.3,14,-0.8,20.4,0.992,18.2,17.3,-1.1,72.0,17.5,2077,21.88,16.2,12.992,17,40.3,17.3
1506.0,86,560.0,9.8,0.0,65.5,101,103,53.6,14,-1.3,18.2,0.995,17.9,17.8,0.3,75.9,18.0,2103,22.37,15.9,13.040,17,0.0,9.5
1509.0,86,560.0,16.5,0.0,65.5,101,107,54.9,14,-1.3,15.6,0.996,19.9,16.8,0.9,71.3,17.2,2030,21.12,16.9,13.040,17,0.1,20.8
1512.0,86,561.7,21.9,0.0,65.5,101,111,65.6,14,-0.9,13.9,0.991,23.4,16.1,1.6,52.2,16.5,2137,21.58,16.6,13.040,17,0.0,22.3
1515.0,86,564.0,23.1,0.1,65.5,101,116,67.5,14,-1.6,15.3,0.986,22.0,16.1,2.1,33.4,9.1,2169,12.48,10.7,12.954,17,11.7,20.1
1518.0,86,564.2,21.3,0.8,65.5,100,116,65.9,14,-1.0,20.2,0.994,20.1,17.5,0.5,51.6,11.6,2205,11.26,7.7,12.907,17,25.5,14.3
1521.0,86,568.0,7.5,0.1,65.5,101,116,29.2,14,-3.0,12.8,0.493,5.5,10.7,-0.5,52.3,12.4,2185,13.49,8.6,12.972,17,22.0,12.0
1524.0,86,560.9,7.5,0.0,65.7,101,113,16.8,14,-3.7,6.6,0.260,-2.4,1.4,0.0,13.6,1.1,2084,4.08,0.8,13.040,17,6.3,5.5
1527.0,86,554.8,9.0,7.3,65.9,101,108,25.8,14,-1.6,11.4,1.013,30.0,7.5,0.0,23.9,0.0,2012,4.56,1.0,12.948,17,8.8,7.1
1530.0,86,552.0,13.3,36.0,65.9,101,106,49.4,14,-1.6,14.5,1.001,25.2,11.7,0.0,43.3,7.1,2039,9.78,4.5,12.880,17,15.5,10.1
1533.0,86,552.0,19.4,41.2,65.9,100,106,59.9,14,-1.3,19.0,0.994,19.6,16.4,0.2,66.9,16.1,2095,19.18,12.8,12.883,17,35.7,16.5
1536.0,86,555.8,23.9,25.9,65.8,100,107,70.4,14,-0.8,24.0,0.995,15.1,19.6,0.8,79.6,19.6,2200,24.25,19.6,13.040,17,70.0,21.5
1539.0,86,560.8,25.5,4.3,65.5,100,110,69.8,14,-0.8,24.7,0.999,17.0,19.6,1.4,79.1,18.3,2155,22.66,18.2,13.040,17,77.4,23.3
1542.0,86,564.0,22.0,28.0,65.1,100,108,69.0,14,-0.8,23.5,0.998,16.5,19.4,0.5,79.3,18.2,2129,22.10,17.4,13.040,16,71.4,22.6
1545.0,86,569.7,24.7,9.7,64.9,100,109,70.8,14,-0.8,24.5,0.998,15.0,20.0,-0.6,80.9,19.7,2169,23.96,19.0,13.040,16,91.0,24.7
1548.0,86,574.0,26.8,0.0,64.7,100,111,73.1,14,-1.0,27.6,0.998,12.6,22.4,0.0,85.1,22.4,2412,28.40,23.1,13.040,17,89.0,26.8
1551.0,86,578.3,27.4,0.0,64.7,100,114,73.7,14,-1.6,27.8,0.999,14.0,22.0,0.8,83.8,21.8,2440,27.91,21.4,13.040,17,89.2,26.5
1554.0,86,584.3,26.4,0.0,64.7,100,118,73.7,14,-1.0,28.4,1.005,13.0,22.7,0.3,84.4,22.6,2476,28.84,22.5,13.040,17,89.4,26.7
1557.0,86,588.0,30.6,0.0,64.7,100,119,73.2,14,-1.2,29.6,1.004,13.5,23.1,-0.3,84.3,23.5,2543,30.22,25.5,13.029,17,87.5,31.0
1560.0,86,592.8,29.7,6.7,64.5,100,121,71.7,14,-1.4,28.7,1.000,15.6,22.6,-0.8,82.3,23.2,2640,30.76,25.5,12.960,17,87.5,30.2
1563.0,86,597.3,26.3,8.8,64.3,100,122,69.3,14,-0.8,23.1,1.002,18.5,19.2,-0.8,77.3,18.0,2337,25.90,20.0,13.018,17,72.8,25.2
1566.0,86,600.0,20.0,0.0,64.3,100,122,60.4,14,-0.8,21.0,1.001,19.9,18.2,-1.2,74.7,17.7,2337,23.41,16.2,13.053,17,57.6,20.1
1569.0,86,600.0,20.4,15.0,64.3,100,123,61.2,14,-0.8,18.4,1.001,22.2,17.0,-1.2,70.5,17.2,2337,23.14,15.7,13.039,17,53.3,20.4
1572.0,86,600.0,20.4,30.8,64.4,100,124,62.2,14,-1.0,16.9,1.001,24.7,16.2,0.0,64.7,16.9,2337,22.10,14.9,12.960,17,52.3,20.4
1575.0,86,600.0,20.5,39.7,64.7,100,124,62.2,14,-1.6,20.4,1.006,21.0,18.0,0.0,71.3,17.4,2346,23.24,15.9,12.960,17,53.6,20.6
1578.0,86,600.0,20.6,32.4,64.7,100,122,49.4,14,-1.6,17.2,0.999,24.3,10.7,2.7,45.5,13.8,2319,18.30,13.1,12.990,17,49.6,19.6
1581.0,86,600.0,14.9,22.8,64.7,100,121,48.0,14,-1.6,15.5,0.996,26.2,3.6,4.7,22.0,7.1,2259,10.09,6.7,13.026,17,28.9,14.8
1584.0,86,597.3,12.2,16.5,64.7,100,118,41.0,14,-1.6,12.7,0.991,23.0,1.2,3.9,20.6,0.7,2185,4.67,0.8,12.960,17,11.0,8.2
1587.0,86,592.3,10.1,7.3,64.8,101,115,32.0,14,-1.6,8.5,0.981,11.2,6.3,0.0,17.3,6.7,2162,6.57,2.3,13.020,17,9.9,7.7
1590.0,86,588.0,12.4,0.0,65.1,101,114,35.5,14,-1.6,14.9,1.012,21.5,15.4,-1.3,59.7,15.3,2197,18.13,11.9,12.993,17,40.5,14.5
1593.0,86,588.0,22.1,0.0,64.7,100,120,62.0,14,-1.0,19.5,1.004,20.6,17.7,-0.7,72.1,17.0,2249,22.13,16.2,12.991,17,68.0,21.1
1596.0,86,588.0,6.7,0.0,64.7,101,120,38.1,14,-1.2,15.8,1.000,23.8,16.3,0.3,65.4,15.5,2272,19.92,13.8,13.040,16,42.2,12.9
1599.0,86,585.6,12.0,14.1,64.7,101,118,32.2,14,-1.6,12.5,1.001,28.7,13.6,0.8,51.7,14.9,2224,18.56,12.2,13.040,16,32.9,14.7
1602.0,86,584.0,13.8,21.0,64.7,101,116,43.6,14,-1.8,16.9,1.000,21.5,16.1,0.8,66.3,14.1,2175,17.12,14.8,13.040,16,56.0,19.2
1605.0,86,583.7,7.7,0.0,64.7,101,114,12.5,14,-4.7,4.7,1.092,26.8,10.3,4.3,38.5,10.6,2118,12.36,14.0,13.040,16,63.3,21.3
1608.0,86,580.0,20.4,0.0,64.7,101,111,22.1,14,-2.8,12.3,1.060,24.5,11.5,3.3,40.9,11.6,2092,12.96,12.7,13.014,16,37.5,16.9
1611.0,86,582.5,21.7,9.7,64.7,101,110,44.4,14,-1.3,19.4,1.009,18.9,16.4,-0.7,69.8,17.3,2123,22.77,18.0,12.880,17,82.4,23.5
1614.0,86,582.5,17.8,12.5,64.6,100,110,66.0,14,-0.9,23.1,0.999,17.0,16.1,0.0,62.4,14.5,2100,16.03,7.4,12.981,17,37.1,14.3
1617.0,86,580.0,8.7,0.0,64.3,101,108,54.1,14,-1.6,22.0,0.984,16.0,18.9,-2.4,75.3,18.3,2148,21.32,11.1,13.011,17,0.0,10.7
1620.0,86,580.0,29.8,0.0,64.3,101,109,68.0,14,-1.6,27.0,0.987,14.5,22.0,-2.5,84.7,22.4,2299,27.65,24.2,12.960,17,0.0,28.2
1623.0,86,584.5,32.3,13.7,64.3,101,110,76.0,14,-1.6,32.3,0.995,13.1,24.7,0.1,86.2,25.1,2600,31.89,29.0,12.960,17,0.0,32.9
1626.0,86,590.9,31.6,23.6,64.3,101,111,74.0,14,-1.5,33.4,0.994,14.0,24.7,1.6,84.7,25.1,2668,32.47,28.7,13.013,17,47.9,33.3
1629.0,86,596.6,25.6,10.4,64.3,100,114,70.6,14,-0.8,25.5,0.997,14.7,22.8,1.1,84.7,23.6,2506,30.23,26.8,13.040,17,86.8,31.5
1632.0,86,600.0,30.2,0.0,64.3,100,115,72.2,14,-1.3,23.9,1.000,22.6,17.7,1.7,69.7,19.5,2312,25.23,22.9,13.027,16,85.2,29.3
1635.0,86,600.0,24.9,5.5,64.3,100,116,65.9,14,-1.6,21.3,1.001,29.8,12.8,2.9,47.9,13.9,2187,18.06,15.3,12.960,17,55.7,20.8
1638.0,86,600.0,20.9,11.5,64.2,100,116,55.9,14,-1.6,18.0,0.998,21.5,16.1,1.6,69.0,17.3,2187,20.70,15.6,13.010,17,54.5,20.4
1641.0,86,600.0,21.8,15.6,63.9,100,114,69.8,14,-0.8,23.5,0.996,17.7,19.1,1.6,76.1,19.5,2259,23.98,18.2,13.061,17,62.7,20.9
1644.0,86,600.0,12.2,37.8,63.6,100,115,53.9,14,-1.2,15.7,0.993,20.6,17.5,0.9,69.1,19.4,2299,24.40,21.0,13.096,17,88.6,23.9
1647.0,86,600.0,17.2,38.9,63.7,100,115,49.6,14,-1.4,9.7,0.992,27.1,11.2,-0.7,35.7,12.5,2162,14.70,13.3,13.079,17,64.3,21.5
1650.0,86,598.9,21.2,32.0,63.9,100,114,67.5,14,-0.8,23.5,0.997,16.0,18.4,0.0,76.1,16.8,2162,19.64,14.5,13.067,17,54.5,20.2
1653.0,86,596.0,18.4,0.0,63.9,100,112,67.5,14,-0.8,22.5,1.002,16.3,18.4,-0.8,76.3,18.4,2135,22.22,16.2,13.053,17,58.2,20.4
1656.0,86,600.0,21.4,0.0,63.9,100,110,67.5,14,-0.8,22.3,1.003,15.8,18.6,-1.6,77.0,18.6,2096,22.54,18.1,13.040,17,71.8,22.4
1659.0,86,600.0,23.9,3.1,64.0,100,107,69.0,14,-0.8,23.4,0.999,14.5,19.3,-1.6,78.8,19.2,2075,22.77,19.2,13.040,17,83.1,23.4
1662.0,86,601.2,25.7,5.7,64.3,100,106,72.8,14,-0.8,26.3,0.997,14.0,21.2,1.4,80.9,20.6,2185,24.56,20.6,13.040,17,88.9,24.9
1665.0,86,604.0,26.3,0.0,64.3,100,106,71.4,14,-0.8,26.3,0.998,15.2,21.0,2.3,81.2,21.2,2248,25.56,21.6,12.987,17,89.8,26.2
1668.0,86,604.0,25.9,0.6,64.3,100,107,70.5,14,-0.8,26.1,1.001,16.0,20.8,2.1,80.7,21.1,2262,25.63,21.6,12.893,17,89.8,25.9
1671.0,86,606.1,25.9,1.5,64.2,100,109,67.2,14,-1.0,24.0,1.004,16.4,20.5,1.6,80.3,20.8,2262,25.53,21.2,13.040,17,89.8,25.9
1674.0,86,607.0,23.7,3.4,63.9,100,112,60.3,14,-1.6,16.9,0.998,20.5,16.5,0.8,69.4,14.9,2164,14.27,9.5,13.040,17,54.8,18.7
1677.0,86,604.0,15.7,7.8,63.9,100,114,52.5,14,-1.6,16.0,0.991,23.5,15.1,2.0,62.5,13.7,2148,12.54,4.5,13.040,17,16.5,10.3
1680.0,86,600.0,15.4,2.5,63.7,100,116,49.1,14,-1.6,15.1,0.993,25.7,11.0,2.4,46.8,11.1,2177,14.77,10.2,13.040,17,32.2,15.7
1683.0,86,598.0,15.7,0.0,63.4,100,118,49.1,14,-1.6,15.2,1.001,25.6,5.0,0.8,20.4,0.0,2187,4.41,2.7,13.040,17,17.8,11.2
1686.0,86,596.0,16.4,9.2,63.1,101,118,56.5,14,-1.6,18.4,1.013,22.0,15.7,0.0,51.1,10.9,2236,12.49,2.3,13.040,17,14.2,11.0
1689.0,86,596.0,17.6,64.0,62.7,100,120,58.1,14,-1.6,18.9,1.005,21.7,16.1,0.4,53.3,13.4,2262,16.04,3.5,13.002,16,19.6,15.1
1692.0,86,593.3,10.4,23.6,62.5,100,119,38.7,14,-2.8,14.3,1.039,24.5,15.2,0.6,40.6,10.4,2257,12.39,7.8,12.880,16,23.9,12.9
1695.0,86,590.4,12.1,17.2,62.3,101,118,17.6,14,-4.4,5.6,1.111,32.5,11.0,0.0,38.0,12.2,2200,14.33,10.6,12.880,16,29.8,14.9
1698.0,86,588.0,22.1,52.2,62.0,100,118,48.6,14,-1.6,6.3,0.987,32.5,13.5,-1.4,50.2,13.9,2213,17.16,12.0,12.948,16,48.5,19.0
1701.0,86,588.0,30.6,0.0,62.0,100,118,63.7,14,-1.6,19.3,0.991,25.8,18.1,-1.0,66.4,17.8,2367,22.89,16.2,13.040,16,84.0,25.9
1704.0,86,592.7,21.8,0.0,62.0,100,119,70.7,14,-1.6,28.9,0.995,15.9,23.2,1.6,82.7,24.2,2775,32.82,27.1,13.040,17,49.8,17.6
1707.0,86,596.0,15.6,0.0,62.1,101,120,59.5,14,-1.6,19.2,0.993,23.0,15.7,2.3,63.5,16.5,2415,25.20,19.7,13.040,17,52.7,17.4
1710.0,86,595.5,19.4,0.0,62.4,101,120,25.9,14,-1.6,15.2,0.999,25.9,14.2,2.3,55.1,14.4,2275,17.18,11.3,13.040,17,43.0,17.7
1713.0,86,584.0,6.3,1.8,62.9,101,118,40.2,14,-1.6,15.9,1.006,25.1,14.9,2.8,55.6,14.0,2268,14.05,6.7,13.030,17,0.9,5.1
1716.0,86,584.0,6.7,1.3,63.3,101,115,48.1,14,-1.6,17.8,1.013,21.2,17.9,3.9,74.1,18.4,2287,24.20,17.6,12.960,17,36.5,10.4
1719.0,86,584.0,9.6,3.8,63.5,101,114,41.1,14,-1.6,15.3,1.010,25.0,15.3,0.9,64.5,16.5,2321,21.61,14.8,12.960,17,37.5,14.8
1722.0,86,584.0,17.5,18.2,63.9,100,116,56.5,14,-1.6,17.3,1.001,22.7,16.5,0.9,66.4,16.5,2291,21.02,13.8,12.960,17,30.2,17.5
1725.0,86,584.0,11.0,5.1,63.9,101,116,47.2,14,-1.6,16.2,0.998,23.3,16.4,1.6,67.1,16.7,2240,21.18,14.8,12.969,17,0.0,17.3
1728.0,86,584.0,13.7,0.0,63.9,101,117,44.9,14,-1.6,15.8,1.000,25.3,14.9,1.5,57.5,14.9,2250,18.10,11.8,13.040,17,0.0,16.7
1731.0,86,582.9,15.6,0.0,63.9,101,118,52.4,14,-1.6,19.6,1.002,21.5,15.3,0.0,54.9,13.3,2250,14.80,8.6,13.040,17,0.0,14.6
1734.0,86,580.0,13.0,0.0,63.9,101,118,40.0,14,-1.6,14.7,0.997,25.1,15.8,1.0,61.2,15.0,2289,17.45,9.7,13.040,17,11.5,13.7
1737.0,86,580.0,18.8,40.9,63.9,101,118,52.0,14,-1.6,15.5,0.996,27.0,13.6,2.4,55.2,14.4,2289,18.26,12.5,13.025,17,44.8,18.8
1740.0,86,580.0,19.5,51.7,63.9,101,117,60.6,14,-1.6,18.3,0.996,25.7,11.0,3.6,38.1,10.4,2201,8.99,6.3,12.960,17,30.2,15.7
1743.0,86,581.9,22.4,33.6,63.9,101,116,62.4,14,-1.4,20.3,0.992,20.4,17.3,1.6,69.8,17.6,2225,23.28,15.5,12.960,16,71.0,21.8
1746.0,86,585.1,22.1,9.0,63.9,100,116,63.5,14,-0.8,21.6,0.995,18.5,18.4,1.6,73.2,18.2,2225,23.31,17.8,13.002,16,82.0,24.1
1749.0,86,588.0,10.2,0.0,63.9,101,116,39.8,14,-1.4,14.5,1.004,26.6,14.9,1.2,56.7,15.6,2198,19.62,15.6,13.040,16,69.3,22.4
1752.0,86,584.8,19.1,12.0,63.9,100,115,53.0,14,-1.2,17.7,1.000,26.9,14.8,0.8,49.4,14.4,2211,16.32,11.6,13.040,16,57.3,20.8
1755.0,86,588.3,24.4,13.9,63.7,100,115,62.2,14,-1.8,21.8,0.986,16.3,21.0,0.7,83.6,21.9,2412,27.78,22.4,13.040,16,79.7,25.5
1758.0,86,591.0,25.0,8.9,63.5,100,116,48.3,14,-4.7,9.0,0.986,26.5,14.5,-0.8,58.0,16.5,2233,23.67,18.3,13.040,16,71.0,24.0
1761.0,86,588.0,19.6,0.0,63.5,101,112,62.7,14,-2.5,16.1,0.992,22.4,16.0,0.8,64.9,17.0,2139,21.88,16.1,12.994,16,55.8,20.1
1764.0,86,591.1,21.9,19.4,63.5,100,112,66.3,14,-1.2,21.4,0.995,17.8,18.2,2.1,74.5,18.4,2139,23.18,18.5,12.887,16,72.2,22.4
1767.0,86,592.0,24.6,17.4,63.5,100,112,69.6,14,-0.8,24.1,0.998,14.9,20.1,1.5,81.3,20.8,2190,25.18,22.0,12.960,16,85.9,25.3
1770.0,86,593.4,24.9,11.8,63.5,100,112,70.2,14,-0.8,25.7,1.006,14.5,20.8,0.8,82.0,21.2,2262,25.62,21.7,13.012,16,89.8,25.9
1773.0,86,596.0,22.1,21.9,63.5,100,112,67.5,14,-0.8,22.4,1.005,16.2,19.2,0.3,79.1,19.8,2202,24.38,20.0,13.040,16,85.6,24.6
1776.0,86,596.0,23.1,22.8,63.1,100,112,68.0,14,-0.8,23.7,1.001,15.1,19.7,0.3,79.7,20.0,2166,23.74,19.2,13.040,16,78.4,23.1
1779.0,86,598.8,27.1,10.3,62.7,100,112,71.6,14,-0.8,24.3,0.997,14.6,20.1,0.8,80.8,21.9,2192,25.72,23.5,13.040,16,88.6,28.6
1782.0,86,601.8,28.4,4.5,62.4,100,112,74.7,14,-0.8,23.2,0.999,18.9,16.5,0.8,69.0,21.2,2137,24.94,23.1,13.040,16,89.1,27.9
1785.0,86,604.0,27.0,6.3,62.4,100,112,72.9,14,-0.8,21.2,1.012,15.5,20.0,-0.3,77.1,20.7,2130,24.39,22.0,13.040,16,89.7,26.3
1788.0,86,604.0,24.3,8.8,62.4,100,112,71.4,14,-0.8,20.5,1.006,19.6,17.7,-0.1,73.1,19.0,2116,23.09,19.5,13.022,16,84.9,23.9
1791.0,86,604.0,22.6,2.7,62.4,100,111,71.0,14,-0.8,21.6,0.999,20.5,16.7,0.6,66.8,17.6,2111,21.74,16.1,12.960,16,54.9,21.2
1794.0,86,604.0,24.2,0.0,62.4,100,111,71.8,14,-0.8,24.7,0.998,13.6,20.5,-0.1,82.4,20.8,2175,25.33,22.0,12.960,16,79.1,24.8
1797.0,86,604.9,26.8,0.7,62.4,100,112,72.9,14,-0.8,26.7,1.013,15.0,21.6,-1.6,84.3,21.6,2307,26.91,22.2,13.003,16,89.1,27.0
1800.0,87,608.0,27.1,4.2,62.4,100,114,73.5,14,-0.8,27.2,1.005,14.7,21.8,-1.2,84.1,22.3,2400,28.19,22.9,13.040,16,88.1,27.7
1803.0,87,611.0,29.0,1.4,62.4,100,115,73.3,14,-1.2,28.3,0.998,14.7,22.3,-0.4,84.0,22.9,2455,28.89,24.0,13.040,16,87.8,29.0
1806.0,87,614.1,29.8,0.0,62.4,100,117,72.9,14,-1.6,29.4,0.997,15.1,23.1,0.8,84.2,23.5,2550,29.81,25.1,13.040,16,87.8,29.6
1809.0,87,617.1,29.8,0.8,62.3,100,119,72.6,14,-1.6,29.4,0.999,15.5,23.1,0.8,82.7,23.1,2575,29.50,24.9,13.040,16,87.7,30.0
1812.0,87,620.0,29.8,3.5,62.0,100,122,68.2,14,-1.0,27.6,1.004,14.6,22.5,0.4,82.9,22.6,2482,28.52,23.8,13.040,16,87.6,29.6
1815.0,87,620.0,28.1,1.0,62.0,100,122,70.3,14,-1.2,27.0,1.003,14.5,20.3,0.7,78.8,21.5,2355,26.92,21.8,13.040,16,88.2,27.1
1818.0,87,620.0,25.4,1.7,62.0,100,121,70.4,14,-1.6,23.6,0.996,17.0,16.1,2.3,66.1,19.6,2325,24.94,19.6,13.040,16,77.8,24.4
1821.0,87,620.0,18.6,2.7,61.9,100,120,63.7,14,-1.6,9.4,0.996,30.5,11.0,1.6,38.4,14.3,2262,17.55,12.2,12.993,16,49.2,18.4
1824.0,87,618.9,7.0,0.0,61.6,101,118,17.3,14,-4.2,9.4,0.995,30.9,12.0,1.1,26.6,12.7,2202,14.40,8.3,12.960,16,24.2,13.0
1827.0,87,612.0,13.3,0.0,61.6,101,116,35.9,14,-2.6,12.0,0.997,26.4,14.3,0.8,40.9,14.4,2180,16.67,10.6,12.960,16,29.4,14.3
1830.0,87,609.2,17.7,29.2,61.8,100,116,52.6,14,-1.6,16.2,0.997,21.9,16.4,1.0,67.4,16.7,2193,20.79,15.0,12.960,16,52.9,20.4
1833.0,87,608.0,20.5,29.0,62.0,100,117,62.9,14,-1.6,20.5,0.996,20.5,17.3,1.6,71.4,17.6,2225,22.40,16.1,13.040,16,17.8,20.6
1836.0,87,608.0,21.1,0.0,62.0,101,118,63.5,14,-1.6,21.2,1.001,20.0,17.3,1.6,70.3,17.4,2232,22.34,16.3,13.001,16,0.0,20.7
1839.0,87,608.0,20.8,0.0,62.0,101,118,62.9,14,-1.6,21.2,1.003,19.7,17.6,0.9,70.9,17.4,2237,22.36,16.6,12.980,17,0.0,20.5
1842.0,87,608.0,21.3,0.0,62.0,101,118,63.1,14,-1.6,21.5,1.003,19.4,18.1,0.0,72.8,17.8,2240,22.66,17.0,13.034,17,0.0,21.2
1845.0,87,608.0,22.4,0.0,62.0,101,119,60.0,14,-1.6,21.1,1.000,19.4,18.3,0.0,74.1,18.8,2262,24.07,18.8,12.880,17,48.9,22.6
1848.0,87,608.0,20.6,0.0,62.0,100,120,48.6,14,-1.6,15.7,0.995,25.0,15.7,2.1,66.2,16.6,2270,21.51,15.5,12.917,17,62.0,20.4
1851.0,87,608.0,5.5,0.0,62.0,101,119,22.7,14,-3.6,11.1,0.986,30.2,13.9,1.1,54.4,14.6,2253,18.43,12.4,12.960,17,32.4,14.1
1854.0,87,602.4,16.1,10.7,62.2,100,118,36.4,14,-3.1,13.6,0.986,31.2,13.5,-1.3,48.9,14.2,2218,16.86,13.0,12.960,17,45.9,20.0
1857.0,87,601.9,23.1,10.6,62.3,100,119,66.7,14,-0.8,22.7,1.000,18.9,19.2,0.0,76.9,19.2,2262,24.50,18.4,12.899,16,70.6,22.4
1860.0,87,604.0,21.3,0.0,62.0,100,120,68.4,14,-0.8,24.3,1.000,18.0,19.6,0.0,78.3,19.5,2295,24.64,18.4,12.968,16,65.1,21.4
1863.0,87,603.9,8.6,0.0,62.0,101,122,28.2,14,-1.4,17.5,1.003,22.7,16.5,0.8,66.2,16.8,2302,21.33,15.2,13.040,16,35.3,16.5
1866.0,87,600.0,6.6,0.0,62.2,101,121,20.5,14,-3.0,10.7,0.994,28.5,11.2,1.4,44.0,12.1,2275,14.83,8.6,13.035,16,16.5,9.8
1869.0,87,596.2,6.9,14.5,62.4,101,120,15.1,14,-4.2,6.5,0.979,33.4,4.3,0.8,14.9,6.7,2212,7.18,3.9,12.960,16,13.2,8.8
1872.0,87,591.3,9.2,30.5,62.4,101,118,25.1,14,-1.6,12.9,0.979,25.0,11.1,-0.3,40.2,11.5,2227,13.34,7.5,12.999,16,18.7,10.6
1875.0,86,588.0,14.5,0.0,62.4,101,119,18.3,14,-3.5,9.2,0.983,15.8,9.0,-0.5,39.6,11.1,2222,14.55,8.7,13.040,16,30.5,15.3
1878.0,86,582.8,9.1,0.0,62.4,101,117,14.6,14,-4.7,6.2,0.985,5.2,1.7,0.0,13.2,4.0,2182,5.23,1.2,13.040,16,7.5,5.9
1881.0,86,577.1,7.7,1.6,62.4,101,113,16.9,14,-4.5,5.4,0.979,4.0,0.0,0.0,12.5,0.0,2075,4.07,0.6,13.040,16,3.5,6.1
1884.0,86,572.0,11.5,5.2,62.4,101,106,40.0,14,-1.6,14.1,1.013,15.2,10.0,-0.9,43.9,8.7,2119,12.01,6.2,12.979,16,14.8,9.9
1887.0,86,572.0,25.9,1.4,62.4,100,105,59.3,14,-1.2,20.2,1.002,18.3,18.4,-0.3,73.8,18.0,2206,22.41,15.5,12.887,16,58.0,22.4
1890.0,86,576.4,27.5,0.9,62.2,100,104,73.7,14,-1.0,27.5,0.989,12.9,22.1,2.3,84.3,22.0,2350,27.76,23.1,12.960,16,87.5,26.6
1893.0,86,582.5,29.2,2.4,62.0,100,104,75.3,14,-1.6,29.0,0.995,12.5,22.7,2.3,84.7,23.1,2456,28.98,23.6,12.911,16,87.5,28.8
1896.0,86,588.9,29.9,4.2,62.0,100,104,75.3,14,-1.6,30.0,0.998,12.5,23.2,1.8,85.7,23.6,2508,29.98,24.8,12.913,16,87.5,29.9
1899.0,86,596.0,31.4,4.2,62.0,100,105,74.7,14,-1.6,31.1,0.998,12.7,23.9,1.9,85.8,24.1,2542,30.51,26.2,12.976,16,87.5,31.1
1902.0,86,601.5,31.9,6.5,61.8,100,106,74.5,14,-1.6,32.0,0.998,13.1,24.5,2.2,85.4,24.5,2578,30.68,27.1,13.040,16,87.5,32.2
1905.0,86,605.7,33.4,9.3,61.6,100,106,74.8,14,-1.6,32.7,0.998,13.5,25.1,1.6,87.1,25.9,2600,31.53,29.8,12.986,16,86.6,34.1
1908.0,86,609.1,35.3,11.9,61.6,100,108,76.1,14,-1.6,35.3,1.001,13.5,25.6,1.6,86.4,26.1,2600,31.57,30.0,12.960,16,86.0,35.7
1911.0,86,616.0,35.3,1.8,61.9,100,108,75.0,14,-1.6,35.3,0.999,13.5,25.9,1.6,85.9,26.3,2608,31.67,30.4,12.960,16,86.3,35.7
1914.0,86,618.6,35.8,0.7,61.8,100,109,74.8,14,-1.6,35.5,0.997,13.5,26.0,1.6,85.9,26.3,2626,31.85,31.0,12.960,16,86.3,36.1
1917.0,86,621.6,36.1,0.0,61.6,100,110,75.3,14,-1.6,36.1,0.997,13.5,26.3,1.6,85.5,26.3,2650,32.15,31.0,13.120,16,86.3,36.3
1920.0,86,624.6,35.1,0.3,61.6,100,112,75.3,14,-1.6,36.5,1.012,13.5,26.3,1.6,85.7,26.5,2664,32.17,28.9,13.295,16,87.2,33.5
1923.0,86,628.0,26.7,5.2,61.6,100,113,72.8,14,-1.1,31.1,1.007,14.2,24.4,0.9,84.7,25.2,2573,30.82,26.1,13.484,16,89.4,25.5
1926.0,86,628.0,30.0,2.2,61.6,100,116,72.4,14,-1.1,28.7,1.001,15.0,22.5,0.3,82.8,22.7,2396,27.64,25.1,13.760,16,87.8,31.0
1929.0,86,628.0,26.3,0.0,61.6,100,118,70.5,14,-1.6,30.8,1.000,15.0,24.3,1.6,83.1,24.3,2662,31.23,26.6,13.760,16,88.3,28.1
1932.0,86,628.0,17.3,4.4,61.6,100,120,58.0,14,-1.6,19.6,1.013,21.5,19.2,0.5,74.4,19.8,2442,25.99,20.9,13.760,16,74.9,23.4
1935.0,86,628.0,19.6,52.5,61.9,100,121,59.7,14,-1.6,20.5,1.007,21.3,17.4,0.3,70.5,17.3,2299,22.49,15.5,13.760,16,50.4,19.8
1938.0,86,625.3,22.1,27.4,62.0,100,123,63.8,14,-1.3,21.8,0.999,20.6,18.3,0.5,73.0,18.2,2330,24.05,17.6,13.760,16,67.8,22.7
1941.0,86,624.0,21.4,7.2,62.0,100,125,53.2,14,-1.6,21.1,0.994,20.5,18.8,-0.8,77.3,19.6,2375,25.41,18.2,13.760,16,64.4,22.2
1944.0,86,621.0,15.7,0.0,62.1,100,126,14.0,14,-4.7,10.2,0.991,36.0,10.2,-2.3,44.3,13.0,2348,16.28,10.9,13.760,16,33.7,14.6
1947.0,86,611.8,5.1,0.0,62.4,101,122,11.0,14,-4.7,7.9,0.922,35.1,8.4,4.0,27.4,10.2,2288,11.27,6.4,13.760,16,0.0,7.3
1950.0,86,604.0,14.4,0.0,62.4,101,121,36.4,14,-3.2,11.7,0.931,30.2,10.1,7.1,32.4,11.2,2231,12.10,7.7,13.760,16,0.0,16.5
1953.0,86,601.8,11.1,0.0,62.5,101,119,41.2,14,-2.4,15.1,0.975,24.3,14.8,2.9,61.5,15.8,2261,18.76,2.0,13.760,16,0.0,8.0
1956.0,86,596.9,8.6,16.3,62.6,101,117,21.5,14,-4.4,6.8,0.889,34.0,5.9,14.8,17.3,8.2,2162,11.40,4.2,13.760,16,9.8,8.0
1959.0,86,592.0,15.3,48.6,62.4,100,114,58.8,14,-1.6,18.8,0.998,24.7,13.1,5.1,49.8,13.3,2191,15.79,9.5,13.760,16,26.5,12.9
1962.0,86,592.0,15.7,0.0,62.0,100,115,54.4,14,-1.6,12.2,0.994,7.3,10.1,0.0,49.6,11.3,2173,17.31,12.6,13.760,16,44.8,18.7
1965.0,86,587.6,14.7,0.0,62.0,100,114,54.2,14,-1.6,10.4,0.996,-7.3,1.7,-0.1,15.5,0.2,2075,4.93,3.9,13.760,16,17.3,11.8
1968.0,86,584.0,15.9,1.3,62.0,100,110,59.2,14,-1.6,20.8,1.013,18.0,20.0,-2.3,79.2,20.4,2231,18.79,13.1,13.718,16,49.5,17.3
1971.0,86,584.1,25.1,7.8,62.0,100,112,70.6,14,-1.0,23.5,1.005,15.3,21.6,-1.2,82.9,22.0,2352,27.36,22.1,13.700,16,89.6,26.3
1974.0,86,592.0,30.6,3.1,62.0,100,113,72.3,14,-1.1,27.8,1.001,13.4,23.4,0.2,86.6,24.0,2462,29.86,26.3,13.760,16,86.7,33.3
1977.0,86,595.0,33.4,0.0,61.9,100,115,72.5,14,-1.6,33.3,1.000,14.5,24.3,0.8,84.3,24.7,2737,32.68,27.6,13.760,16,86.7,33.5
1980.0,86,599.5,31.3,0.0,61.6,100,118,51.0,14,-1.6,21.1,0.998,24.5,8.8,4.1,46.3,11.2,2453,19.04,17.4,13.700,16,69.1,28.6
1983.0,86,596.0,15.3,0.0,61.6,100,117,50.5,14,-1.6,16.3,1.004,27.7,5.6,4.3,32.7,4.5,2197,8.03,3.5,13.561,16,27.9,14.9
1986.0,86,596.0,13.1,0.0,61.6,100,117,38.3,14,-2.4,13.2,0.804,19.6,13.1,0.7,56.0,14.3,2225,19.02,11.8,13.200,16,32.2,15.2
1989.0,86,589.2,9.3,0.0,61.7,100,117,16.4,14,-4.7,5.1,0.000,-10.5,0.0,0.0,12.5,0.0,2153,7.75,4.1,13.148,16,14.4,9.7
1992.0,86,575.2,5.0,0.0,62.0,101,112,11.0,14,-4.7,4.7,0.001,-0.8,2.6,0.0,13.2,3.0,2102,4.91,1.3,13.120,16,3.7,5.8
1995.0,86,568.0,11.8,2.5,62.0,101,112,30.5,14,-2.9,9.3,0.534,14.7,7.5,0.6,25.0,7.7,2108,8.34,4.2,13.105,16,13.5,9.1
1998.0,86,568.0,15.0,1.0,62.0,101,113,46.9,14,-1.6,14.2,1.007,27.1,12.9,1.7,47.7,13.4,2188,15.84,10.6,13.040,16,36.9,16.9
2001.0,86,568.0,12.6,0.0,62.0,100,114,48.7,14,-1.8,16.4,0.982,24.0,14.9,2.3,60.8,14.5,2212,16.09,9.4,13.040,16,28.6,14.5
2004.0,86,565.2,6.9,10.1,62.0,101,116,11.0,14,-4.7,5.1,0.000,-3.0,3.8,0.7,27.7,5.3,2175,9.31,4.8,13.040,16,16.3,11.2
2007.0,86,552.0,14.9,82.5,62.4,101,116,40.3,14,-2.6,12.4,0.613,8.7,8.3,0.0,38.8,7.1,2202,10.73,5.1,13.040,16,14.6,10.4
2010.0,86,554.9,18.2,54.1,62.4,100,116,55.3,14,-1.6,17.7,1.006,23.2,16.4,0.4,71.6,17.4,2290,22.92,15.6,13.040,16,51.0,19.6
2013.0,86,559.7,21.5,26.9,62.3,100,116,63.8,14,-1.5,20.6,0.997,20.0,18.1,1.6,78.8,20.0,2312,25.78,19.6,13.040,16,74.0,22.3
2016.0,86,565.0,24.6,7.1,62.0,100,116,72.9,14,-0.8,26.7,1.003,13.0,21.6,-0.3,82.6,21.1,2379,27.30,21.0,12.997,16,86.9,25.3
2019.0,86,568.7,27.0,4.0,62.0,100,116,71.6,14,-0.8,25.5,1.001,14.6,20.8,0.2,82.1,21.2,2358,27.17,21.5,12.960,16,88.2,27.1
2022.0,86,576.0,25.5,0.0,62.0,100,116,70.4,14,-0.8,24.9,0.999,17.6,18.9,1.1,76.8,19.6,2266,24.88,19.8,12.972,16,87.9,25.7
2025.0,86,578.4,23.5,19.4,62.0,100,115,68.5,14,-0.8,23.8,0.998,19.5,17.2,1.6,71.3,17.5,2186,21.80,15.3,13.040,16,66.7,22.0
2028.0,86,580.0,19.4,22.4,62.0,100,114,63.8,14,-0.9,21.5,0.997,18.1,18.4,1.6,76.5,18.4,2175,23.05,13.8,13.040,16,43.4,17.4
2031.0,86,580.0,14.7,9.6,62.0,100,114,52.3,14,-1.6,16.9,1.005,22.5,16.0,1.6,66.2,16.0,2159,18.22,7.1,13.040,16,27.1,13.8
2034.0,86,580.0,12.5,53.5,62.4,101,112,40.0,14,-1.6,14.3,0.996,25.0,13.9,2.3,53.7,12.6,2126,13.15,1.9,13.062,16,19.5,11.8
2037.0,86,574.4,7.3,19.0,62.6,101,110,27.2,14,-2.9,10.2,0.951,29.7,11.4,5.0,40.4,9.3,2077,9.46,1.7,13.120,16,0.0,4.7
2040.0,86,568.4,10.4,23.7,62.6,101,108,22.9,14,-4.2,7.9,0.896,35.8,7.9,12.5,25.1,9.0,2000,8.95,8.6,13.238,16,19.7,11.7
2043.0,86,564.8,19.6,55.3,62.4,100,108,63.5,14,-1.6,20.8,0.998,18.0,18.0,2.9,58.0,14.8,2088,16.81,13.0,13.394,16,44.5,18.3
2046.0,86,568.0,25.9,14.8,62.0,100,109,68.4,14,-1.1,23.6,0.995,17.0,19.2,0.1,77.0,18.0,2159,22.66,17.1,13.575,16,63.8,21.6
2049.0,86,571.0,22.3,31.7,62.0,100,111,68.1,14,-0.8,23.6,0.994,16.6,19.6,1.7,77.3,17.4,2173,22.10,16.5,13.760,16,58.8,21.2
2052.0,86,574.3,20.8,33.0,62.0,100,113,65.3,14,-0.8,20.8,0.996,18.2,17.6,0.1,73.7,17.6,2162,22.62,16.5,13.760,16,59.1,20.9
2055.0,86,576.0,21.4,17.8,62.0,100,114,64.8,14,-0.8,21.0,0.996,19.0,17.6,0.8,73.7,17.6,2183,22.57,16.8,13.760,16,23.8,21.3
2058.0,86,576.8,22.7,0.0,62.0,101,116,66.7,14,-0.8,23.9,1.003,17.5,19.1,0.8,77.2,18.9,2210,23.63,18.5,13.760,16,0.0,22.6
2061.0,86,580.0,24.3,0.0,61.6,101,118,68.5,14,-0.8,22.2,1.004,18.9,16.4,1.5,64.7,16.8,2220,21.39,17.0,13.760,16,0.0,22.9
2064.0,86,580.0,18.1,0.0,61.6,101,117,59.2,14,-1.1,18.9,1.003,22.1,13.6,1.9,50.3,13.3,2214,15.94,9.6,13.760,16,0.0,14.5
2067.0,86,580.0,17.6,0.0,61.6,101,116,52.2,14,-1.6,16.0,0.999,25.2,14.6,0.8,57.6,14.9,2225,18.43,11.8,13.760,16,38.7,18.7
2070.0,86,580.7,20.8,3.3,61.6,100,118,62.7,14,-1.6,20.8,0.994,20.0,17.6,0.8,66.7,16.6,2240,20.82,14.1,13.760,16,57.5,21.1
2073.0,86,584.0,20.8,33.2,62.4,100,119,62.7,14,-1.6,20.4,1.000,20.5,17.5,1.1,71.2,17.5,2258,22.74,16.3,13.760,16,57.1,20.8
2076.0,86,584.0,20.3,15.4,62.2,100,120,55.9,14,-1.6,18.3,1.004,22.2,16.6,1.7,66.8,15.4,2273,22.65,15.3,13.760,16,52.2,20.0
2079.0,86,582.4,14.8,0.0,62.0,100,119,39.6,14,-1.9,14.1,1.000,26.5,13.7,2.3,45.9,0.0,2250,5.35,5.1,13.760,16,21.2,11.6
2082.0,86,578.1,6.2,8.8,62.0,101,116,12.8,14,-4.7,6.3,0.884,36.3,10.9,8.3,36.4,7.2,2191,8.62,3.4,13.760,16,6.9,7.2
2085.0,86,572.0,11.3,54.7,62.0,101,114,36.1,14,-2.2,10.2,0.974,34.1,10.9,5.3,37.6,12.2,2174,13.50,7.7,13.760,16,20.6,11.7
2088.0,86,572.0,15.7,0.0,62.3,101,115,45.0,14,-1.6,13.7,1.001,28.8,12.9,1.8,47.9,14.6,2207,17.60,11.3,13.760,16,33.3,15.7
2091.0,86,572.0,16.8,0.0,62.4,101,117,53.4,14,-1.6,16.5,0.999,24.3,15.5,2.1,61.7,15.8,2262,19.62,12.5,13.760,16,38.8,17.1
2094.0,86,573.3,19.1,0.0,62.3,100,119,59.2,14,-1.5,19.0,1.013,21.5,16.5,0.0,68.6,16.9,2287,21.38,14.6,13.760,16,45.5,18.8
2097.0,86,576.0,22.7,0.0,62.0,100,122,69.0,14,-0.8,23.1,1.000,19.9,18.2,0.0,74.4,18.4,2325,23.45,16.7,13.760,16,57.7,20.8
2100.0,86,579.3,23.0,15.9,61.7,100,122,68.5,14,-0.8,23.1,1.003,19.0,19.2,-0.3,78.4,19.6,2353,25.08,18.4,13.760,16,75.7,23.5
2103.0,86,582.5,23.3,22.7,61.6,100,121,68.5,14,-0.8,23.6,1.005,18.6,19.4,-0.7,77.9,19.7,2324,25.21,18.4,13.760,16,77.3,23.5
2106.0,86,585.6,25.0,16.7,61.6,100,120,69.7,14,-0.9,24.9,0.998,16.5,20.4,0.0,80.4,20.4,2300,25.52,20.7,13.547,15,84.1,25.7
2109.0,86,588.6,26.1,5.5,61.6,100,120,72.9,14,-1.6,27.5,0.996,16.1,21.5,1.0,80.9,20.4,2364,23.65,16.2,13.313,15,72.4,24.3
2112.0,86,592.0,16.1,41.2,61.9,101,120,58.7,14,-1.6,20.7,1.000,20.2,18.9,2.2,72.1,18.4,2366,20.90,9.7,13.109,15,33.6,16.1
2115.0,86,592.0,14.6,17.7,62.0,101,120,43.3,14,-1.6,12.3,1.000,18.5,12.3,2.7,51.5,13.5,2259,17.62,11.0,13.040,15,30.2,14.9
2118.0,86,584.2,10.5,0.0,62.0,101,119,29.0,14,-2.0,5.8,0.983,-10.5,0.0,0.0,12.9,0.0,2175,4.26,3.3,13.120,15,13.1,9.4
2121.0,86,571.5,5.2,0.0,62.0,101,114,14.1,14,-4.7,8.2,0.884,24.5,6.6,5.6,24.2,5.9,2139,7.43,3.7,13.105,15,7.9,7.2
2124.0,86,568.0,12.9,0.0,62.0,101,114,31.9,14,-2.8,10.9,0.945,33.7,11.0,6.7,36.9,10.7,2132,11.38,7.5,13.040,16,24.4,13.0
2127.0,86,568.0,13.7,0.0,62.0,101,115,42.6,14,-1.6,14.1,0.996,26.6,13.5,3.3,50.3,13.1,2185,15.05,8.7,13.040,16,25.5,13.7
2130.0,86,568.0,16.4,16.9,61.9,101,117,48.5,14,-1.6,16.7,1.000,22.9,16.5,0.8,69.0,16.9,2275,21.67,14.9,13.040,16,40.6,17.3
2133.0,86,569.2,19.2,30.9,61.6,101,120,59.6,14,-1.6,19.2,0.997,22.0,16.5,1.6,67.8,16.9,2320,22.23,14.6,13.040,16,47.7,19.2
2136.0,86,572.4,19.0,0.0,61.6,101,124,59.6,14,-1.6,19.2,0.998,22.0,15.5,0.6,62.6,16.0,2350,21.22,13.6,13.040,16,44.4,18.6
2139.0,86,576.0,16.9,0.0,61.6,101,125,57.0,14,-1.6,18.3,1.001,22.7,15.2,0.3,60.2,15.4,2366,20.00,12.2,13.040,15,37.4,16.9
2142.0,86,576.0,17.3,33.8,61.6,101,125,58.5,14,-1.6,19.0,1.006,22.8,16.2,0.2,64.5,16.0,2375,21.02,12.5,13.040,15,39.2,17.6
2145.0,86,577.6,18.7,37.7,61.6,101,124,62.0,14,-1.5,21.4,1.011,20.5,18.0,-2.3,73.3,18.0,2375,24.70,15.4,13.040,15,50.0,19.5
2148.0,86,580.7,20.3,4.1,61.6,100,124,62.0,14,-0.8,20.0,0.999,21.3,17.5,-1.2,71.4,17.5,2367,23.74,16.1,13.040,15,55.2,20.5
2151.0,86,584.0,19.6,35.0,62.0,101,122,47.7,14,-1.3,16.3,0.993,24.2,15.6,1.1,62.4,15.9,2326,21.05,14.0,13.040,15,49.7,19.4
2154.0,86,584.0,16.7,46.5,62.2,101,120,46.0,14,-1.6,14.5,0.994,25.6,14.6,2.7,56.1,14.7,2263,18.07,10.4,13.039,15,31.4,14.9
2157.0,86,584.0,17.8,30.2,62.3,101,117,53.4,14,-1.4,16.1,1.004,23.1,16.1,1.6,68.2,17.3,2200,22.15,14.5,12.960,15,47.6,18.3
2160.0,86,584.0,22.3,0.0,62.0,100,114,65.6,14,-0.8,21.2,1.004,14.5,17.6,-0.3,73.6,17.5,2149,22.40,15.2,13.005,15,59.9,20.9
2163.0,86,584.3,27.5,0.0,62.0,101,110,74.5,14,-0.8,26.6,0.995,12.4,21.1,0.1,80.0,20.6,2257,25.28,18.9,13.040,15,48.8,23.8
2166.0,86,592.0,30.6,0.0,62.0,101,109,74.9,14,-1.2,29.5,0.994,11.7,23.4,0.8,84.5,23.7,2440,29.32,24.7,13.040,15,0.0,30.6
2169.0,86,596.1,30.2,0.0,61.9,101,109,75.3,14,-1.6,30.1,0.998,13.0,23.1,0.8,85.1,23.1,2512,29.80,25.1,13.040,15,0.0,30.1
2172.0,86,601.0,29.6,0.7,61.6,101,110,75.2,14,-1.6,29.8,1.001,13.5,23.1,0.0,84.2,23.1,2521,29.60,24.6,13.081,15,38.6,29.6
2175.0,86,603.9,28.6,4.2,61.6,100,114,72.9,14,-1.6,28.7,1.001,13.8,21.2,0.0,57.3,12.5,2341,19.79,16.8,13.096,16,70.8,25.4
2178.0,86,596.0,11.3,1.3,61.6,101,111,41.8,14,-2.9,18.7,0.626,5.3,13.8,0.0,26.1,0.0,2064,4.75,0.4,13.040,16,0.0,4.7
2181.0,86,584.1,4.7,0.8,61.8,101,104,12.2,14,-4.7,4.7,0.000,-12.9,0.0,0.0,14.1,0.0,1862,4.23,0.4,13.040,16,0.0,4.7
2184.0,86,567.7,4.7,2.9,62.0,101,95,15.6,14,-4.7,4.7,0.000,-11.5,0.0,0.0,15.7,0.0,1756,4.20,0.4,13.040,16,0.0,4.7
2187.0,86,555.8,5.2,7.4,62.0,101,90,49.4,14,-1.6,10.5,0.688,10.8,7.0,-2.2,33.2,5.6,1724,7.60,3.3,13.040,16,5.9,7.0
2190.0,86,552.0,18.8,46.5,62.0,100,91,56.6,14,-1.6,14.2,1.002,23.1,12.2,-1.7,51.3,11.8,1742,12.34,8.0,13.040,16,25.5,16.9
2193.0,86,552.0,12.0,24.6,62.0,100,92,52.0,14,-1.6,14.6,0.993,21.4,12.9,2.7,56.5,12.9,1762,14.09,9.0,13.040,16,10.6,8.7
2196.0,86,552.0,8.0,0.0,62.0,101,92,25.5,14,-1.6,10.6,1.013,24.0,12.9,-3.9,55.7,12.9,1762,13.82,9.2,12.992,16,17.2,9.9
2199.0,86,551.4,14.4,0.0,62.0,101,94,16.5,14,-2.7,6.6,0.301,3.1,5.7,-1.8,35.5,6.7,1745,9.67,6.1,12.987,16,22.1,12.7
2202.0,86,536.0,4.7,0.0,62.3,101,92,15.1,14,-3.1,5.7,0.389,7.4,2.2,1.8,17.9,1.6,1715,4.65,0.7,13.040,16,0.0,4.7
2205.0,86,531.5,10.1,8.1,62.4,101,90,27.6,14,-2.7,8.1,0.903,37.7,7.4,5.8,25.5,6.7,1675,6.69,3.5,13.040,16,15.8,9.6
2208.0,86,530.4,16.9,15.0,62.3,101,90,56.2,14,-1.6,15.3,0.999,20.5,14.9,-0.8,70.6,15.4,1806,15.70,12.2,13.040,16,50.4,16.6
2211.0,86,536.1,22.0,10.5,62.0,100,94,65.1,14,-1.0,18.5,0.993,17.9,15.7,0.1,71.3,17.2,1891,19.71,15.8,13.040,16,72.4,21.7
2214.0,86,544.0,22.3,12.4,62.0,100,97,67.0,14,-0.8,20.7,0.994,16.1,16.9,0.2,73.7,16.8,1953,19.71,13.6,13.040,16,50.3,19.2
2217.0,86,546.6,21.9,19.5,61.8,100,100,67.9,14,-0.8,21.6,0.999,15.5,18.0,-0.7,77.5,18.4,2038,22.18,17.6,13.040,16,71.0,22.0
2220.0,86,551.4,21.4,16.2,61.5,100,103,67.0,14,-0.8,21.3,0.998,15.5,18.0,0.0,76.9,18.4,2050,21.98,17.6,13.094,16,70.3,21.8
2223.0,86,556.6,19.1,0.0,61.2,100,106,64.3,14,-0.8,18.4,0.998,18.7,15.9,0.0,69.4,16.3,2043,19.84,14.9,13.085,16,57.6,19.9
2226.0,86,560.0,5.1,0.0,61.2,101,106,32.9,14,-3.1,12.7,0.999,28.9,12.7,-1.5,52.7,13.2,2022,15.68,10.4,13.040,16,31.3,15.5
2229.0,86,552.7,8.4,0.0,61.2,101,106,24.4,14,-3.7,9.6,0.997,37.4,9.9,-3.2,32.7,10.0,1988,9.71,5.1,13.040,16,17.6,11.0
2232.0,86,548.0,12.2,0.0,61.2,101,106,39.7,14,-1.6,13.0,0.993,26.0,12.9,2.3,49.4,12.5,2012,14.49,7.8,13.040,16,23.8,12.9
2235.0,86,548.6,15.0,4.9,61.2,101,108,50.2,14,-1.6,15.7,0.999,23.4,14.3,1.8,56.8,14.0,2042,16.13,10.1,13.040,16,29.8,14.9
2238.0,86,552.0,18.8,61.5,61.2,101,109,60.7,14,-1.6,18.2,1.003,20.5,16.0,0.2,65.8,15.8,2089,18.85,12.4,13.040,16,34.2,16.0
2241.0,86,554.8,19.6,42.6,61.2,100,112,64.0,14,-1.3,20.0,1.002,18.9,17.2,-1.1,72.4,17.2,2143,21.79,15.7,13.040,16,53.7,20.0
2244.0,86,557.9,16.8,23.8,61.2,100,115,59.1,14,-0.9,19.5,0.997,20.2,16.8,0.8,70.2,16.9,2187,21.58,15.3,13.040,16,51.9,19.7
2247.0,86,560.0,15.3,10.8,61.2,101,116,49.5,14,-1.6,16.5,1.001,23.5,15.3,2.0,64.9,16.3,2196,21.10,14.3,13.040,16,58.3,20.9
2250.0,86,560.5,22.0,1.5,61.2,100,116,65.9,14,-0.9,20.7,0.999,20.4,17.1,0.8,70.2,17.2,2200,22.28,15.1,13.008,16,66.9,22.4
2253.0,86,564.0,22.4,34.2,61.2,100,116,65.9,14,-0.8,18.3,0.996,21.4,16.6,1.0,68.5,16.8,2200,21.90,15.2,12.993,16,64.0,21.8
2256.0,86,566.8,16.2,34.7,61.4,101,115,56.8,14,-1.1,15.2,0.997,24.7,14.5,2.5,57.9,14.7,2197,17.99,9.8,13.120,16,23.9,12.9
2259.0,86,568.0,13.8,36.4,61.6,101,114,46.8,14,-1.6,14.0,1.001,26.3,13.3,3.1,49.4,13.3,2175,16.28,11.4,13.059,16,33.2,15.7
2262.0,86,568.0,14.0,30.2,61.6,101,114,49.9,14,-1.6,16.1,1.000,23.0,15.3,0.7,59.6,15.0,2175,18.21,11.6,13.040,16,33.5,15.8
2265.0,86,567.9,11.0,0.0,61.6,101,114,32.9,14,-1.6,12.3,0.999,30.9,12.3,1.3,47.8,13.0,2152,15.88,9.6,13.015,16,25.7,13.0
2268.0,86,564.0,10.7,8.2,61.6,101,113,40.9,14,-1.6,12.3,1.004,32.2,11.3,1.6,39.5,11.1,2125,11.67,6.6,12.967,16,16.0,10.2
2271.0,86,564.0,13.4,5.5,61.6,101,112,49.2,14,-1.6,14.8,1.009,25.2,13.5,0.1,53.4,13.7,2125,16.50,11.4,13.040,16,34.1,14.9
2274.0,86,564.0,11.9,0.0,61.6,101,112,45.7,14,-1.9,14.9,0.958,23.5,14.9,1.6,59.2,14.7,2134,17.23,7.0,13.040,16,14.8,10.2
2277.0,86,559.9,4.7,0.0,61.6,101,110,11.0,14,-4.7,4.7,0.000,-5.2,3.5,0.4,26.7,5.3,2062,9.78,2.7,13.040,16,0.5,5.0
2280.0,86,543.8,4.7,0.0,61.6,101,106,11.0,14,-4.7,4.7,0.000,-12.8,1.2,0.0,12.9,2.5,1978,4.72,1.3,13.040,16,4.4,6.2
2283.0,86,536.0,11.1,28.5,61.9,101,103,33.0,14,-3.1,9.8,0.461,1.8,6.6,0.0,27.8,7.7,1948,7.99,3.2,13.040,16,18.5,12.1
2286.0,86,536.0,8.7,19.3,62.0,101,101,37.4,14,-2.3,13.1,0.832,18.7,12.6,0.0,54.8,13.2,1973,15.71,3.5,13.040,16,0.0,4.7
2289.0,86,531.7,5.3,0.5,62.0,101,100,11.8,14,-4.7,4.7,0.000,-13.0,0.0,0.0,13.7,0.0,1825,8.21,1.7,13.040,16,0.0,4.7
2292.0,86,520.1,7.1,2.5,62.0,101,94,47.3,14,-2.5,14.2,0.655,4.2,10.9,-1.2,47.1,8.9,1877,11.32,7.0,13.062,16,17.9,8.3
2295.0,86,524.0,20.6,0.8,62.0,100,96,64.9,14,-1.2,21.8,1.005,15.6,19.5,-0.4,79.3,19.0,1956,22.84,21.4,13.115,16,90.2,25.9
2298.0,86,530.5,22.5,0.0,62.0,100,99,69.3,14,-0.8,24.2,0.994,15.3,19.7,3.7,75.6,17.3,1975,19.93,15.3,13.040,16,62.9,21.5
2301.0,86,537.4,19.7,7.2,61.9,101,102,65.1,14,-0.8,19.6,0.996,17.0,16.9,0.8,73.3,17.3,1975,20.25,15.6,13.040,16,53.5,19.8
2304.0,86,541.2,19.3,22.1,61.6,101,104,65.1,14,-0.8,19.6,0.998,16.7,16.9,0.3,73.5,17.3,1975,20.19,15.7,13.040,16,53.2,19.9
2307.0,86,548.0,14.1,0.0,61.6,101,104,56.3,14,-1.2,17.0,0.996,19.5,15.9,1.0,68.9,16.3,1972,19.06,14.5,13.040,16,51.5,19.6
2310.0,86,548.0,9.0,0.0,61.8,101,103,36.1,14,-2.4,12.3,0.813,19.4,12.7,2.9,56.2,13.5,1962,15.65,8.2,13.040,16,12.9,9.8
2313.0,86,542.5,4.7,0.0,62.0,101,100,11.9,14,-4.6,4.7,0.000,-13.0,0.0,0.0,14.1,0.0,1856,7.28,3.1,13.040,16,5.9,5.5
2316.0,86,531.0,4.9,0.2,62.0,101,94,12.5,14,-3.1,5.5,0.871,20.0,3.6,2.6,17.9,3.1,1769,4.70,0.9,13.040,16,2.6,5.1
2319.0,86,524.0,6.3,3.5,62.0,101,91,21.6,14,-2.2,7.4,1.059,35.9,7.2,0.7,27.3,7.3,1716,6.95,2.8,13.040,16,8.9,6.5
2322.0,86,521.1,8.4,1.2,62.0,101,89,21.0,14,-2.3,7.3,1.003,38.7,8.2,-1.7,33.2,9.6,1678,9.62,6.1,13.040,16,17.3,10.6
2325.0,86,517.9,7.1,0.0,62.0,101,85,16.5,14,-3.1,5.3,0.796,32.0,4.6,2.1,20.7,5.8,1575,5.69,2.0,13.040,16,10.2,6.7
2328.0,86,510.8,4.7,0.0,62.1,101,76,15.3,14,-3.1,4.7,0.000,-10.5,0.0,0.0,18.0,0.0,1461,4.43,0.9,13.040,16,3.7,4.9
2331.0,86,498.1,4.7,0.0,62.7,101,58,18.8,14,-3.1,4.7,0.000,-9.2,0.0,0.0,20.3,0.0,1335,4.00,0.4,13.040,16,0.0,4.7
2334.0,86,484.0,4.7,0.0,63.3,101,37,18.8,14,-3.1,4.7,0.000,-8.9,0.0,0.0,22.4,0.0,1226,4.02,0.4,12.999,16,0.0,4.7
2337.0,86,473.8,4.0,0.0,63.5,101,17,22.0,14,-3.4,4.6,0.290,-4.6,2.8,-0.7,27.6,1.6,1207,4.45,0.4,12.800,16,0.0,3.9
2340.0,86,468.0,8.1,21.0,63.4,101,7,32.1,14,-3.6,5.4,1.013,14.0,16.5,-4.7,60.8,16.5,1850,14.97,7.8,12.959,16,19.7,10.4
2343.0,86,469.1,16.9,64.9,63.1,101,22,60.4,14,-1.6,17.3,1.001,15.7,17.2,-1.8,68.8,17.4,1815,16.78,13.6,13.009,16,42.5,17.0
2346.0,86,476.0,20.8,36.8,62.6,101,34,65.0,14,-1.1,16.1,0.999,18.9,16.5,1.2,71.4,17.3,1780,17.96,16.4,12.971,16,61.4,20.4
2349.0,86,485.8,19.4,19.0,62.4,101,45,55.8,14,-1.1,14.9,0.996,21.8,14.8,2.8,65.8,15.6,1760,16.59,14.1,13.040,16,47.5,18.0
2352.0,86,496.1,15.4,3.0,62.3,101,54,39.2,14,-1.6,13.8,0.996,21.0,14.1,0.8,62.4,14.5,1725,14.69,12.3,13.040,16,36.9,16.0
2355.0,86,504.0,8.4,0.0,62.0,101,64,39.2,14,-1.6,10.2,1.012,26.8,12.2,-0.6,53.0,12.6,1669,12.56,9.8,13.040,16,24.8,12.0
2358.0,86,504.0,3.5,0.0,61.7,101,69,21.8,14,-2.4,7.1,0.552,13.0,7.0,-1.1,35.2,7.9,1606,8.65,6.3,13.040,16,16.3,5.1
2361.0,86,496.8,3.5,0.0,61.4,101,71,10.2,14,-3.1,3.9,0.000,-13.0,0.0,0.0,11.5,0.0,1581,2.94,0.8,13.040,16,0.0,3.8
2364.0,86,487.6,3.5,0.0,61.2,101,68,10.5,14,-3.1,3.9,0.000,-13.0,0.0,0.0,12.5,0.0,1487,2.96,0.5,13.040,16,0.0,3.5
2367.0,86,478.7,3.5,0.0,61.2,101,60,11.8,14,-3.1,3.9,0.000,-13.0,0.0,0.0,13.8,0.0,1416,2.91,0.6,12.974,16,0.0,3.5
2370.0,86,468.0,3.5,0.0,61.8,101,45,13.4,14,-3.1,4.1,0.000,-11.7,0.0,0.0,16.0,0.8,1307,3.27,1.1,12.914,16,0.8,3.7
2373.0,86,459.5,3.8,0.0,61.8,101,36,14.5,14,-3.1,4.1,0.000,-10.9,0.0,0.0,17.9,1.6,1202,3.89,1.9,13.037,16,6.3,5.1
2376.0,86,450.7,3.7,0.0,61.7,101,29,15.7,14,-3.1,4.1,0.085,-9.5,0.3,0.0,17.3,0.0,1150,2.86,0.8,12.960,16,2.4,4.1
2379.0,86,443.4,3.6,0.0,62.0,101,18,18.8,14,-3.1,5.5,0.884,35.0,9.4,6.0,32.0,5.6,1178,6.46,3.8,12.960,16,4.1,4.9
2382.0,86,440.1,4.3,0.0,61.7,101,22,17.4,14,-3.1,4.7,0.938,25.9,6.0,6.7,33.8,6.7,1180,8.19,6.8,12.960,17,13.3,8.2
2385.0,86,435.8,4.3,0.0,61.5,101,21,17.1,14,-3.1,4.0,1.003,11.1,0.0,1.4,17.9,0.0,1123,2.86,0.8,12.960,16,3.5,5.2
2388.0,86,429.7,4.4,0.0,61.2,101,14,18.8,14,-3.1,4.3,1.003,2.5,0.0,-1.6,24.4,0.0,852,2.85,0.6,12.960,16,1.1,4.2
2391.0,86,420.1,4.7,0.0,61.0,101,13,19.5,14,-1.6,4.4,1.005,10.1,0.6,-1.9,24.0,0.2,863,2.84,0.4,12.960,17,3.1,4.7
2394.0,86,416.8,4.3,1.2,60.8,101,12,20.4,14,-0.2,4.7,1.009,39.0,3.5,-3.9,21.6,3.1,1187,2.97,0.7,13.068,17,1.3,4.3
2397.0,86,411.0,3.7,3.6,60.8,101,12,20.4,14,-7.0,4.3,1.013,9.3,2.2,-5.0,24.6,3.3,1091,3.49,1.0,13.082,17,0.0,4.3
2400.0,86,404.0,5.5,6.0,61.4,101,13,21.4,14,-7.0,4.3,1.008,10.9,0.9,-0.8,23.6,2.3,1029,3.61,1.0,13.040,17,0.0,5.1
2403.0,86,399.4,4.6,3.9,61.8,101,12,21.5,14,-7.0,4.4,1.005,25.6,0.4,6.6,19.1,0.0,1037,2.84,0.4,13.040,17,0.0,3.9
2406.0,86,393.6,3.9,1.4,61.9,101,10,20.3,14,-7.0,4.7,1.013,32.5,3.5,0.8,27.1,3.5,1054,3.58,0.4,12.949,17,0.0,4.1
2409.0,86,387.7,3.9,0.0,61.6,101,10,18.0,14,-7.0,3.8,1.006,12.5,1.5,-1.3,25.7,1.9,931,3.37,0.4,12.931,17,0.0,4.2
2412.0,86,380.1,3.1,0.0,61.8,101,5,22.3,14,-5.5,3.7,1.006,-2.2,0.0,-5.2,27.0,0.0,731,2.48,0.5,13.032,17,0.0,3.9
2415.0,86,376.1,2.9,1.7,62.0,101,1,39.3,14,-2.3,3.3,1.007,-5.1,0.0,-10.0,34.5,0.0,612,2.46,0.8,12.960,17,0.0,3.1
2418.0,86,370.3,3.3,3.7,62.0,101,0,76.1,14,3.9,0.4,0.999,8.0,0.0,0.0,10.7,0.0,220,1.39,14.6,12.790,17,0.0,4.0
2421.0,87,364.0,6.3,0.0,62.0,101,0,23.4,14,3.9,0.4,0.999,8.0,0.0,0.0,0.0,0.0,0,0.73,25.1,12.640,17,0.0,6.3
2424.0,87,364.0,6.3,0.0,62.0,101,0,0.0,14,3.9,0.4,0.999,8.0,0.0,0.0,0.0,0.0,1,0.75,25.1,12.640,17,0.1,6.3
2427.0,87,364.3,6.3,0.0,62.0,101,0,0.1,14,3.9,0.5,0.999,8.0,0.0,0.0,0.0,0.0,0,0.73,25.1,12.640,17,0.0,6.3
2430.0,87,364.0,6.3,0.0,62.0,101,0,0.1,14,3.9,0.4,0.999,8.0,0.0,0.0,0.2,0.0,5,0.79,25.1,12.641,17,0.0,6.3
2433.0,87,364.7,6.3,0.0,62.0,101,0,0.0,14,3.9,0.4,0.999,8.0,0.0,0.0,0.1,0.0,2,0.76,25.1,12.640,17,0.2,6.3
2436.0,87,364.3,6.3,0.0,62.0,101,0.999,8.0,0.0,0.0,0.0,0.0,0,0.73,25.1,12.640,17,0.1,6.3
2439.0,87,364.0,6.3,0.0,62.0,101,0.999,0.73,25.1,12.640,17,0.0,6.3
2442.0,87,364.0,6.3,0.0,62.0,101,0.999
