BlueDriver Data Log
Aug 2, 2018 12:31:36 PM
Time (s),Engine Coolant Temperature (째C),Catalyst Temperature Bank 1 - Sensor 1 (째C),Fuel Level Input (%),Barometric Pressure (kPa),Vehicle Speed (MPH),Absolute Load Value (%),Ambient Air Temperature (째C),Calculated Engine Load Value (%),Engine RPM (rpm),Relative Throttle Position (%),Control Module Voltage (V),Intake Air Temperature (째C),Absolute Throttle Position (%)
0.0,,,,,,,,,,,,,
3.1,37,16.0,89.4,101,12,55.3,28,61.7,1428,4.9,13.572,28,12.2
6.2,38,16.0,89.5,101,17,54.6,28,66.8,1255,4.0,13.320,28,10.7
9.3,39,16.0,89.8,101,19,35.1,28,44.2,1182,0.7,13.098,28,7.5
12.4,40,16.5,89.8,101,19,31.5,28,37.3,1269,1.2,13.040,28,7.1
15.5,41,24.6,89.8,101,14,27.7,28,32.9,1189,0.0,12.824,28,6.2
18.6,42,32.3,89.8,101,6,30.8,28,45.9,1279,3.3,12.977,28,7.7
21.7,42,51.7,89.8,101,10,49.7,28,55.8,2107,7.8,12.945,28,14.4
24.8,43,84.6,89.8,101,18,56.9,28,63.3,1731,7.6,13.040,28,14.5
27.9,43,110.8,89.8,101,22,55.0,28,62.6,1584,6.7,13.040,28,13.1
31.0,45,134.1,89.8,101,25,51.8,28,61.2,1395,4.9,13.035,28,11.7
34.1,46,153.7,89.4,101,26,44.6,28,52.6,1245,2.7,12.885,28,9.1
37.2,47,168.8,89.4,101,26,31.4,28,33.4,1441,0.0,12.878,28,6.9
40.3,48,176.2,89.8,101,18,26.1,28,30.9,1240,0.4,12.960,28,5.9
43.4,49,180.0,89.8,101,7,28.9,28,34.3,1072,0.4,12.960,28,5.9
46.5,49,183.9,89.8,101,6,46.5,28,51.7,1507,5.7,13.001,28,13.8
49.6,50,201.3,89.8,101,12,53.6,28,67.7,1497,8.5,12.960,28,14.5
52.7,51,214.8,89.8,101,17,30.2,28,33.2,1423,0.4,13.021,28,6.5
55.8,51,217.2,89.8,101,17,25.9,28,30.6,1221,0.4,12.960,29,5.9
58.9,52,223.1,89.8,101,15,25.9,28,31.3,1196,0.3,13.031,29,5.9
62.0,53,224.0,89.8,101,11,26.8,28,32.2,1144,0.3,12.960,28,5.7
65.1,53,224.0,89.8,101,5,31.2,28,40.2,977,0.0,12.960,28,5.8
68.2,54,224.0,90.2,101,0,34.8,28,45.3,875,0.4,12.960,29,5.5
71.3,54,224.0,90.2,101,0,34.2,28,44.1,850,0.4,12.885,29,5.5
74.4,55,220.2,89.8,101,0,33.2,28,42.7,843,0.4,12.934,29,5.4
77.5,55,218.8,89.8,101,0,32.1,28,41.9,832,0.4,12.837,29,5.1
80.6,55,216.0,89.8,101,0,31.4,28,40.8,826,0.4,12.996,29,5.1
83.7,56,212.5,89.8,101,0,37.3,28,47.7,1023,1.9,12.960,29,5.5
86.8,56,218.8,89.8,101,7,51.2,28,60.2,1548,7.1,12.960,29,12.6
89.9,57,233.1,89.8,101,15,62.2,28,71.9,1400,9.4,12.960,29,14.5
93.0,57,249.6,89.8,101,21,65.9,28,75.3,1508,10.4,12.917,29,15.5
96.1,58,268.8,89.8,101,26,60.7,28,70.6,1453,9.0,12.886,29,13.4
99.2,59,292.1,89.8,100,29,61.2,28,72.0,1381,8.6,12.960,29,13.0
102.3,60,308.3,89.4,100,33,62.7,28,72.2,1444,8.6,12.960,29,14.3
105.4,61,325.7,89.4,100,34,62.3,28,72.3,1458,8.5,12.960,28,14.1
108.5,61,343.2,89.4,100,37,62.0,28,71.9,1440,7.9,12.960,28,14.2
111.6,62,361.1,89.4,100,39,58.5,28,69.2,1446,8.2,12.960,28,14.5
114.7,63,373.0,89.4,100,40,56.7,28,66.6,1305,5.1,12.960,28,11.3
117.8,64,385.3,89.4,99,41,49.1,28,59.0,1325,4.6,12.960,28,9.0
120.9,65,391.7,89.4,100,42,24.0,28,31.1,1269,2.2,12.960,28,5.9
124.0,65,388.0,89.4,101,41,25.0,28,28.3,1229,1.1,12.960,28,6.6
127.1,66,391.9,89.4,101,39,28.7,28,35.7,1297,0.4,12.864,28,6.6
130.2,67,390.0,89.4,101,37,44.7,28,53.5,1229,3.2,12.960,28,8.9
133.3,67,395.9,89.4,100,37,32.7,28,40.7,1247,1.5,12.960,28,6.0
136.4,67,384.0,89.4,101,35,28.4,28,33.7,1250,0.4,12.960,28,6.3
139.5,67,369.8,89.4,101,30,25.9,28,31.3,1244,0.4,12.960,28,5.9
142.6,67,361.3,89.8,101,23,23.1,28,26.7,1214,0.4,12.960,28,5.3
145.7,67,356.0,89.8,101,19,39.0,28,44.9,1218,5.6,12.881,28,9.6
148.8,67,364.5,89.4,101,22,60.0,28,71.7,1345,7.8,12.960,28,13.1
151.9,67,376.6,89.6,100,25,63.2,28,74.1,1375,7.8,13.034,28,13.7
155.0,67,392.9,89.4,100,27,63.1,28,74.3,1383,8.0,13.004,28,14.3
158.1,68,407.8,89.4,100,30,62.5,28,72.8,1401,7.8,13.026,28,14.0
161.2,68,422.2,89.4,100,33,61.6,28,71.5,1412,7.8,12.960,28,13.7
164.3,69,436.6,89.4,100,35,59.7,27,69.4,1412,7.4,12.960,27,11.2
167.4,70,436.1,89.4,100,35,21.4,27,24.5,1187,1.1,12.960,27,5.5
170.5,70,432.0,89.4,101,32,26.0,27,30.6,1150,0.4,13.036,27,5.1
173.6,70,432.0,89.4,101,31,39.0,27,46.9,1124,1.6,12.844,27,6.9
176.7,70,435.7,89.4,101,30,35.4,27,45.9,1198,2.6,12.898,27,8.8
179.8,70,432.0,89.5,101,28,29.8,27,37.5,1285,1.1,12.960,27,6.5
182.9,71,435.5,89.5,101,26,25.5,27,29.6,1386,0.4,12.960,27,6.3
186.0,71,432.0,89.4,101,18,22.6,27,26.6,1316,0.4,12.960,27,5.9
189.1,71,428.6,89.4,101,9,21.2,27,24.7,1244,0.0,12.960,27,5.1
192.2,71,425.6,89.4,101,5,26.3,27,32.8,931,0.3,13.068,27,5.3
195.3,71,420.0,89.4,101,5,51.4,27,59.1,1703,8.7,12.978,27,14.8
198.4,72,425.1,89.4,101,14,64.9,27,73.9,1563,9.9,12.936,27,15.5
201.5,72,431.0,89.4,101,20,50.9,27,62.0,1319,6.1,12.960,27,11.4
204.6,72,431.3,89.4,101,21,28.4,27,33.9,1166,1.2,12.960,27,6.6
207.7,74,423.2,89.4,101,18,19.3,27,23.1,1118,0.4,12.960,27,4.5
210.8,74,416.1,89.4,101,13,23.4,27,26.4,1148,0.4,12.909,27,4.4
213.9,74,410.2,89.5,101,7,28.3,27,36.7,934,0.0,12.891,27,5.4
217.0,74,404.0,89.8,101,1,37.5,27,49.0,813,0.3,12.918,27,5.6
220.1,74,397.0,89.8,101,0,36.6,27,47.1,895,0.3,12.914,27,5.9
223.2,75,388.8,89.8,101,0,34.9,27,45.0,879,0.4,12.949,27,5.5
226.3,75,380.0,89.4,101,0,33.7,27,43.5,873,0.4,12.880,27,5.5
229.4,75,374.5,89.4,101,0,32.6,27,42.1,859,0.4,12.891,27,5.5
232.5,75,367.3,89.4,101,0,32.2,27,41.3,841,0.4,12.920,27,5.1
235.6,75,361.9,89.4,101,0,29.8,27,39.6,824,0.4,12.880,28,5.1
238.7,75,353.5,89.4,101,0,22.9,27,29.0,780,0.4,12.880,28,3.6
241.8,75,350.4,89.4,101,0,21.1,27,27.6,677,0.4,12.880,28,3.1
244.9,75,341.3,89.4,101,0,25.8,27,34.8,682,0.4,12.872,28,4.3
248.0,75,334.6,89.4,101,0,32.1,27,42.3,759,0.4,12.800,28,4.7
251.1,75,329.3,89.4,101,0,30.2,27,39.1,815,0.4,12.945,28,4.7
254.2,75,323.1,89.4,101,0,30.6,27,39.1,825,0.0,12.871,28,4.7
257.3,75,316.9,89.4,101,0,29.8,27,39.0,817,0.0,12.819,28,4.7
260.4,75,310.8,89.4,101,0,29.8,27,38.8,800,0.0,12.960,28,4.7
263.5,75,305.0,89.4,101,0,29.8,27,39.1,809,0.0,12.960,28,4.7
266.6,75,299.3,89.4,101,0,29.8,27,39.1,819,0.0,12.960,28,4.7
269.7,75,293.4,89.4,101,1,29.8,27,39.2,812,0.0,12.802,28,4.7
272.8,75,292.5,89.4,101,4,42.1,27,48.6,1360,2.5,12.960,29,8.3
275.9,75,298.5,89.4,99,11,46.5,27,55.9,1441,5.6,12.961,29,9.4
279.0,75,304.4,89.4,99,17,53.9,27,63.8,1352,6.9,13.011,29,11.6
282.1,75,315.1,89.4,100,20,57.2,27,67.7,1312,6.8,13.019,29,11.9
285.2,75,322.9,89.4,101,21,37.6,27,49.6,1239,0.6,12.960,29,6.3
288.3,76,324.0,89.4,101,20,23.5,27,28.1,1285,0.0,12.960,28,5.5
291.4,76,324.0,89.4,101,19,23.9,27,28.5,1276,0.5,12.887,28,5.9
294.5,76,324.0,89.4,101,17,25.1,27,28.8,1309,0.4,12.960,28,5.9
297.6,77,324.0,89.4,101,17,20.3,27,22.9,1280,0.4,12.960,28,5.0
300.7,77,323.8,89.4,101,15,17.1,27,21.7,1057,0.2,12.960,28,3.8
303.8,77,320.0,89.8,101,8,19.7,27,20.2,879,3.0,12.960,28,8.1
306.9,77,323.5,89.5,100,11,50.7,27,59.8,1710,8.4,12.960,28,12.9
310.0,77,333.2,89.7,100,16,51.4,27,60.1,1316,4.1,12.960,28,10.1
313.1,78,336.0,89.4,101,17,29.7,27,39.3,1046,1.1,13.038,28,5.6
316.2,78,332.0,89.4,101,16,19.4,27,25.8,1135,0.4,12.960,28,4.7
319.3,78,329.2,89.4,101,11,16.6,27,20.8,1110,0.4,13.031,28,4.0
322.4,78,329.1,89.5,101,7,40.8,27,41.4,1625,3.9,12.960,28,8.4
325.5,78,335.3,89.8,100,12,48.2,27,53.1,1539,7.0,12.891,28,13.2
328.6,78,340.0,89.8,101,16,35.8,27,46.6,1217,3.3,13.005,28,6.7
331.7,79,340.0,89.8,101,18,31.0,27,38.0,1138,2.1,12.960,28,7.5
334.8,79,339.4,89.8,101,10,18.4,27,18.9,1017,0.4,12.960,28,3.1
337.9,79,333.9,89.8,101,5,17.7,27,22.5,667,0.4,12.960,28,2.4
341.0,79,328.7,89.8,101,2,28.7,27,38.4,627,0.4,12.861,28,3.9
344.1,79,320.0,89.8,101,0,32.8,27,42.7,799,0.1,12.962,28,5.5
347.2,79,316.9,89.8,101,1,30.9,27,40.2,822,0.4,13.216,28,5.1
350.3,80,310.7,89.8,101,0,30.6,27,39.6,815,0.4,13.331,28,4.7
353.4,80,304.4,89.8,101,0,23.0,27,40.3,597,0.6,13.441,28,3.7
356.5,80,300.0,89.8,101,0,1.7,14,7.5,55,1.1,12.832,28,2.4
359.6,80,300.0,89.8,101,0,0.0,12,0.0,0,1.6,12.800,28,6.3
362.7,80,300.0,89.8,101,0,0.0,12,0.1,44,1.6,12.800,28,6.3
365.8,79,296.2,89.8,101,0,0.0,12,0.0,30,1.7,12.819,28,6.4
368.9,80,298.6,89.8,101,0,0.4,12,0.5,17,1.6,12.812,28,6.3
372.0,80,300.0,89.8,101,0,0.0,12,0.1,4,1.6,12.804,28,6.3
375.1,79,293.4,89.8,101,0,0.6,12,0.0,0,1.6,12.800,28,6.3
378.2,79,295.7,89.8,101,0,0.3,12,0.4,14,1.6,12.810,28,6.4
381.3,80,298.0,89.8,101,0,0.0,12,0.0,1,1.6,12.803,28,6.3
384.4,80,300.0,89.8,101,0,0.0,0,1.6,12.800,28,6.3
