BlueDriver Data Log
Aug 11, 2018 3:12:26 PM
Time (s),Engine Coolant Temperature (째C),Catalyst Temperature Bank 1 - Sensor 1 (째C),Fuel Level Input (%),Barometric Pressure (kPa),Vehicle Speed (MPH),Absolute Load Value (%),Ambient Air Temperature (째C),Calculated Engine Load Value (%),Engine RPM (rpm),Relative Throttle Position (%),Control Module Voltage (V),Intake Air Temperature (째C),Absolute Throttle Position (%)
0.0,,,,,,,,,,,,,
3.1,67,8.0,74.1,101,0,33.7,24,43.5,812,0.4,14.080,41,5.5
6.2,67,8.0,74.3,101,1,33.6,24,42.9,826,0.4,14.147,41,6.0
9.3,67,8.0,74.5,101,1,36.3,24,46.5,863,0.4,14.134,41,5.9
12.4,68,8.0,74.5,101,1,34.9,24,45.0,825,0.4,14.146,41,6.2
15.5,68,8.0,74.5,101,3,32.5,24,39.3,1075,0.8,14.278,41,6.1
18.6,68,8.0,74.6,101,6,28.2,24,33.5,1323,1.6,14.160,41,7.2
21.7,69,8.0,74.7,101,7,28.7,24,34.1,1236,0.4,14.236,41,6.1
24.8,69,8.0,74.9,101,5,27.0,24,33.2,1145,0.4,13.948,41,5.9
27.9,70,8.0,75.1,101,5,27.5,24,33.3,1153,0.4,13.471,41,5.9
31.0,70,8.0,75.3,101,6,33.3,24,37.7,1381,2.6,13.340,41,8.6
34.1,70,8.0,75.2,101,9,36.9,24,42.3,1401,3.1,13.137,41,8.3
37.2,71,8.0,74.9,101,10,26.7,24,31.5,1212,0.8,12.960,41,6.4
40.3,71,8.0,74.9,101,9,27.4,24,32.5,1160,0.4,12.960,41,5.9
43.4,72,8.0,75.3,101,4,31.8,24,37.1,1096,0.4,12.890,41,6.2
46.5,72,8.0,75.3,101,6,42.6,24,48.8,1469,4.3,13.015,41,11.2
49.6,72,22.8,75.3,101,8,28.3,24,31.9,1245,1.2,12.909,41,7.4
52.7,73,36.9,75.3,101,5,39.7,24,43.3,1242,1.8,12.811,41,11.1
55.8,73,58.7,75.3,101,8,55.7,24,61.7,1509,7.1,12.924,41,13.2
58.9,74,76.1,75.3,101,12,49.1,24,57.4,1297,3.7,12.960,41,9.6
62.0,75,88.2,75.3,101,11,30.2,24,35.9,1110,0.4,13.009,41,5.9
65.1,75,94.1,75.1,101,6,30.8,24,36.2,1086,0.4,12.905,41,5.9
68.2,76,99.7,75.3,101,1,36.7,24,47.3,831,0.4,13.040,41,5.9
71.3,76,100.0,74.9,101,0,36.0,24,45.9,850,0.4,12.976,41,5.7
74.4,76,100.0,74.6,101,0,35.3,24,45.7,825,0.4,12.902,41,5.5
77.5,77,104.0,74.4,101,0,35.2,24,45.1,813,0.4,12.782,41,5.5
80.6,77,104.0,74.1,101,0,34.5,24,44.5,821,0.4,12.936,41,5.5
83.7,77,104.0,73.7,101,0,34.5,24,44.6,812,0.4,12.847,41,5.5
86.8,77,106.3,73.7,101,0,33.7,24,43.8,812,0.4,12.805,41,5.5
89.9,77,108.0,73.4,101,0,33.7,24,44.0,812,0.4,12.884,41,5.5
93.0,77,108.0,73.3,101,0,33.7,24,44.3,824,0.4,12.838,42,5.5
96.1,78,108.0,73.0,101,0,33.7,24,44.1,816,0.4,12.952,42,5.5
99.2,78,108.0,72.9,101,0,34.4,24,43.9,807,0.4,12.800,42,5.5
102.3,78,108.0,72.5,101,0,34.2,24,44.3,802,0.4,12.881,42,5.5
105.4,78,111.8,72.5,101,0,34.3,24,44.3,805,0.4,12.960,42,5.5
108.5,78,112.0,72.2,101,0,34.5,24,44.7,824,0.4,12.829,42,5.5
111.6,78,112.0,72.2,101,0,34.5,24,44.7,812,0.4,12.815,42,5.5
114.7,78,112.0,71.8,101,0,33.8,24,44.3,800,0.4,12.821,42,5.5
117.8,79,112.0,71.8,101,0,34.5,24,44.7,810,0.4,12.880,42,5.5
120.9,79,112.0,71.8,101,0,33.8,24,44.3,813,0.4,12.943,42,5.5
124.0,79,112.0,71.8,101,0,34.5,24,44.7,812,0.4,12.945,42,5.5
127.1,80,116.0,71.8,101,0,33.7,24,44.3,812,0.4,12.880,42,5.5
130.2,80,116.0,71.8,101,0,38.9,24,46.0,977,0.4,12.833,43,5.9
133.3,80,121.5,71.4,101,3,35.3,24,58.9,1225,3.9,12.912,43,8.7
136.4,80,131.6,71.4,101,7,48.0,24,55.8,1543,6.8,12.960,43,12.6
139.5,80,148.0,71.4,100,14,56.7,24,66.8,1424,8.5,12.850,43,14.1
142.6,81,171.6,71.4,100,19,59.7,24,69.7,1381,9.0,12.948,43,14.9
145.7,81,190.5,71.4,100,24,61.2,24,73.1,1372,10.2,12.880,42,17.9
148.8,81,216.2,71.1,101,26,61.1,24,72.5,1416,10.0,12.949,42,15.5
151.9,82,238.4,71.0,100,30,52.7,24,62.1,1354,6.8,12.880,42,13.1
155.0,83,252.9,71.2,100,31,39.9,24,45.6,1268,2.6,12.960,41,7.0
158.1,83,256.0,71.8,101,30,25.9,24,31.0,1175,0.4,12.960,41,5.9
161.2,84,249.3,72.1,101,27,25.3,24,33.1,1143,0.7,12.960,41,5.7
164.3,84,255.4,72.1,99,28,35.2,24,43.5,1123,1.5,12.880,41,7.1
167.4,84,265.5,71.9,99,29,37.4,24,46.0,1163,2.2,12.937,39,8.2
170.5,84,277.5,72.2,99,30,45.1,24,54.7,1266,4.3,12.895,39,9.8
173.6,84,289.3,72.2,99,31,42.7,24,52.6,1263,2.8,12.960,39,7.5
176.7,84,289.2,72.2,101,30,25.1,24,30.1,1237,0.4,12.960,39,5.9
179.8,84,279.3,72.6,101,25,25.1,24,29.8,1228,0.4,13.003,39,5.9
182.9,84,276.0,72.9,101,22,25.1,24,30.1,1213,0.1,12.960,39,6.2
186.0,84,279.7,72.9,101,21,26.5,24,30.7,1314,1.7,12.978,39,8.2
189.1,84,285.1,72.9,101,22,38.9,23,45.4,1195,3.0,12.988,38,9.4
192.2,84,294.8,72.9,101,24,53.0,23,64.0,1300,7.4,12.960,38,12.9
195.3,84,307.1,72.5,101,28,49.9,23,60.0,1275,6.4,12.960,38,11.5
198.4,84,320.0,72.5,101,29,35.3,23,42.1,1179,3.0,12.934,38,9.4
201.5,84,316.0,72.5,101,27,27.1,23,31.7,1177,0.4,12.948,38,6.1
204.6,84,319.2,72.5,101,27,34.0,23,37.4,1432,2.1,12.960,38,8.6
207.7,84,325.5,72.5,100,28,33.4,23,42.4,1164,2.8,12.897,38,8.2
210.8,84,328.0,72.5,101,29,32.2,23,39.5,1196,0.7,12.956,38,6.4
213.9,84,324.0,72.9,101,26,25.1,22,28.4,1225,1.0,12.842,37,6.4
217.0,84,326.1,72.9,100,28,41.4,22,48.2,1250,2.4,12.946,37,8.5
220.1,84,331.5,72.9,99,29,40.3,22,47.3,1240,2.8,12.880,37,8.2
223.2,84,340.0,72.9,101,30,34.7,22,42.6,1138,2.8,12.987,37,7.9
226.3,84,343.2,72.9,101,29,31.0,22,36.5,1158,0.4,12.960,37,6.4
229.4,85,334.0,73.0,101,26,25.9,22,30.7,1202,0.4,12.912,37,5.9
232.5,85,328.0,73.3,101,17,25.2,22,35.7,1330,0.8,12.880,37,5.9
235.6,85,327.2,73.7,101,6,29.9,22,38.8,946,0.4,12.925,37,5.5
238.7,85,320.9,74.1,101,1,33.3,22,43.6,825,0.4,12.948,37,5.5
241.8,85,313.8,74.1,101,0,32.9,22,42.6,814,0.4,12.804,37,5.2
244.9,85,311.6,74.1,101,0,32.3,22,42.1,825,0.4,12.832,37,5.1
248.0,85,305.6,74.1,101,0,32.2,22,42.0,812,0.4,12.801,37,5.1
251.1,85,299.4,74.1,101,0,32.2,22,42.0,812,0.4,12.968,37,5.1
254.2,85,293.0,74.1,101,0,32.2,22,42.4,812,0.4,12.960,38,5.1
257.3,85,288.0,74.1,101,0,32.2,22,42.4,812,0.4,12.851,38,5.1
260.4,85,284.8,74.1,101,0,32.2,22,42.0,812,0.4,12.960,38,5.1
263.5,86,278.6,74.1,101,0,32.2,22,42.4,812,0.4,12.734,38,5.1
266.6,86,272.8,74.1,101,0,32.2,22,42.4,812,0.4,12.928,38,5.1
269.7,86,270.7,74.0,101,0,32.2,22,42.0,812,0.4,12.905,38,5.1
272.8,86,265.2,73.7,101,0,32.2,22,42.4,812,0.4,12.885,38,5.1
275.9,86,260.0,73.7,101,0,32.2,22,42.4,812,0.4,12.916,38,5.1
279.0,87,257.2,73.7,101,0,32.5,22,42.4,810,0.4,12.957,39,5.1
282.1,87,252.0,73.7,101,0,32.9,22,42.6,809,0.4,12.800,39,5.1
285.2,87,250.1,73.7,101,0,32.4,22,42.4,811,0.4,12.873,39,5.1
288.3,87,248.0,73.7,100,1,41.2,22,49.3,1148,2.6,12.851,39,7.4
291.4,87,254.5,73.3,99,9,54.4,22,63.2,1569,7.8,12.846,39,12.9
294.5,87,270.0,73.0,100,16,60.5,22,71.1,1500,9.6,12.891,39,15.3
297.6,87,283.3,72.8,100,20,59.8,22,71.0,1357,9.2,12.960,39,14.9
300.7,87,296.7,72.5,100,24,64.5,22,75.2,1362,10.4,12.885,39,15.6
303.8,87,313.9,72.5,100,26,62.9,22,73.9,1382,10.7,12.945,39,16.3
306.9,87,329.5,72.3,100,28,52.5,22,62.7,1359,5.5,12.892,38,10.2
310.0,87,338.6,72.2,100,29,52.3,22,53.2,1265,3.4,12.960,38,10.0
313.1,87,350.4,72.2,99,29,46.0,22,56.2,1237,4.4,12.882,38,10.3
316.2,87,360.0,72.2,100,29,31.7,22,44.5,1289,5.1,12.960,37,8.4
319.3,87,363.4,72.2,100,29,43.8,22,51.8,1206,3.7,12.960,37,8.8
322.4,87,375.0,72.2,99,31,57.7,22,67.1,1411,8.5,12.960,37,13.7
325.5,87,395.6,72.2,100,35,71.1,22,82.5,1790,19.3,12.892,37,23.6
328.6,87,415.8,71.8,100,42,37.4,21,45.9,1543,10.0,12.880,36,16.1
331.7,87,408.0,72.2,101,43,26.3,21,31.4,1314,0.4,12.948,36,5.9
334.8,87,408.1,72.2,100,45,51.1,21,60.5,1434,7.0,12.876,36,13.3
337.9,87,419.5,72.5,100,47,62.1,21,72.0,1637,10.7,12.972,36,15.8
341.0,87,431.4,72.5,100,49,59.4,21,68.7,1563,10.2,12.960,36,15.3
344.1,87,441.7,72.5,100,51,53.3,21,65.0,1563,8.8,12.960,36,9.7
347.2,87,447.3,72.5,100,52,42.9,21,47.7,1585,5.3,12.942,36,12.8
350.3,87,454.6,72.5,100,54,56.5,21,66.1,1655,9.6,12.933,36,14.5
353.4,87,462.8,72.5,100,55,53.7,21,62.7,1666,8.9,12.960,36,14.2
356.5,87,472.0,72.5,99,56,50.2,21,59.1,1683,6.6,12.960,36,12.2
359.6,87,472.0,72.5,99,56,34.9,21,30.6,1663,0.8,12.960,36,7.4
362.7,87,476.1,72.5,100,56,58.6,21,63.7,1757,9.7,12.960,36,16.3
365.8,87,485.4,72.5,100,57,53.6,21,60.0,1745,9.1,13.004,36,13.8
368.9,87,491.2,72.5,99,58,50.0,21,57.8,1780,9.2,12.900,36,13.3
372.0,87,496.0,72.5,99,58,48.3,21,56.3,1808,9.2,12.960,36,10.9
375.1,87,496.0,72.3,99,60,32.2,20,37.6,1800,3.7,12.960,36,8.6
378.2,87,496.0,72.2,101,60,19.5,20,24.6,1780,0.8,12.960,36,5.3
381.3,87,496.0,72.2,99,58,34.7,20,40.0,1799,5.6,12.960,36,10.6
384.4,87,500.9,71.8,100,58,58.9,20,67.7,1871,12.7,12.960,35,19.5
387.5,87,510.5,71.8,100,60,71.5,20,81.6,2090,21.7,12.948,35,25.8
390.6,87,522.6,71.8,100,62,70.6,20,80.1,2220,22.0,12.937,35,26.5
393.7,87,531.0,71.8,100,64,59.1,20,68.6,2043,15.6,12.933,35,20.4
396.8,87,536.0,71.8,99,65,49.4,20,57.4,1962,9.5,12.905,35,13.9
399.9,87,539.0,71.8,99,66,49.8,20,57.4,1992,9.3,12.887,35,14.5
403.0,87,541.2,72.2,99,66,53.3,20,59.8,2010,9.3,12.960,35,14.7
406.1,87,544.0,72.2,100,67,50.5,20,58.1,2029,9.9,12.960,35,14.9
409.2,87,548.0,72.2,99,67,49.5,20,57.2,2047,10.2,12.960,35,14.5
412.3,87,548.0,72.2,100,68,55.8,20,63.5,2067,13.4,12.870,35,18.3
415.4,87,553.3,72.2,100,68,58.2,19,67.1,2075,13.7,12.912,34,18.2
418.5,87,556.0,72.2,100,68,60.4,19,68.4,2087,13.7,12.945,34,18.4
421.6,87,560.0,72.2,100,68,60.3,19,69.0,2099,13.7,12.939,34,18.8
424.7,87,563.4,72.2,100,69,65.5,19,75.5,2154,17.4,12.936,34,22.4
427.8,87,568.8,72.1,100,70,66.7,19,75.6,2153,17.8,12.889,34,22.5
430.9,87,572.0,71.8,101,70,65.9,19,74.5,2157,18.4,12.801,34,23.0
434.0,87,576.0,71.8,101,70,65.1,19,70.8,2117,15.4,12.998,34,20.4
437.1,87,578.6,71.8,101,68,61.6,19,70.1,2082,15.7,12.960,34,19.8
440.2,87,580.0,71.8,101,67,63.5,19,71.5,2054,15.5,12.960,34,20.6
443.3,87,582.3,71.6,100,67,63.0,18,71.8,2050,14.9,12.960,33,20.0
446.4,87,583.4,71.8,101,66,19.0,18,31.1,1988,1.4,12.960,33,5.0
449.5,87,573.6,72.0,100,64,28.5,18,36.3,1927,5.7,12.960,33,8.8
452.6,87,572.0,72.2,99,63,41.1,18,47.1,1953,7.1,12.922,33,11.8
455.7,87,572.0,72.0,99,63,51.9,18,58.0,1944,8.6,12.954,33,13.5
458.8,87,576.0,71.8,100,63,63.0,18,72.2,2037,15.3,12.993,33,20.4
461.9,87,578.1,71.8,100,65,63.8,18,72.6,2020,15.3,12.964,33,20.4
465.0,87,580.0,71.8,100,65,60.7,18,68.4,1992,14.5,12.898,33,19.2
468.1,87,581.2,71.8,100,66,55.8,18,63.2,2011,12.5,12.960,33,16.7
471.2,87,584.0,71.8,100,67,62.0,18,69.7,2059,14.0,12.960,33,17.3
474.3,87,584.9,72.2,100,67,65.9,18,75.6,2100,17.4,12.994,33,21.9
477.4,87,588.0,72.2,100,68,66.4,18,76.5,2101,17.3,12.982,33,22.4
480.5,87,592.0,71.8,100,70,66.6,18,75.9,2128,17.7,12.925,33,22.4
483.6,87,592.0,71.7,100,70,66.0,18,76.5,2150,18.0,12.944,33,22.4
486.7,87,595.2,71.4,100,71,65.3,18,70.5,2172,16.7,12.960,33,22.0
489.8,87,594.2,71.4,100,71,13.3,18,22.5,2130,5.1,12.914,33,12.0
492.9,87,585.1,71.4,100,69,23.0,18,26.4,2051,3.1,12.960,33,7.5
496.0,87,582.8,71.4,99,67,38.4,18,44.4,2025,5.9,12.960,33,10.5
499.1,87,580.0,71.4,99,66,40.4,18,46.5,2065,7.0,12.960,33,12.1
502.2,87,580.0,71.4,99,66,43.8,18,50.8,2069,8.7,12.960,33,12.8
505.3,87,580.0,71.4,99,66,46.3,18,53.2,2027,9.4,12.960,33,13.6
508.4,87,580.0,71.8,99,66,51.4,18,58.7,2023,10.5,12.919,33,15.3
511.5,87,582.3,71.8,100,66,56.3,18,64.0,2052,12.2,12.960,33,16.8
514.6,87,584.0,71.8,101,67,62.0,18,70.0,2077,14.0,13.009,33,21.1
517.7,87,585.7,71.7,101,68,64.4,17,72.4,2112,15.6,12.960,32,20.3
520.8,87,588.0,71.7,100,68,61.0,17,70.0,2125,15.4,12.960,32,19.9
523.9,87,588.0,71.7,100,70,59.6,17,68.2,2135,14.6,12.906,32,19.0
527.0,87,591.1,71.7,100,70,53.0,17,61.0,2120,13.3,12.960,32,18.8
530.1,87,591.0,71.5,101,70,47.1,17,53.5,2112,9.7,12.911,32,14.7
533.2,87,588.0,71.8,101,70,50.7,17,57.0,2112,10.8,12.944,32,15.7
536.3,87,588.0,71.8,101,70,51.0,17,57.3,2135,11.4,12.880,32,15.7
539.4,87,588.0,71.8,100,70,51.0,17,57.7,2137,10.9,12.823,32,15.0
542.5,87,588.0,71.8,100,70,51.0,17,58.4,2137,10.9,12.960,32,15.3
545.6,87,588.0,71.8,100,70,52.2,17,59.0,2112,11.1,12.960,32,15.3
548.7,87,588.0,72.2,101,70,53.3,17,59.5,2122,11.5,12.915,32,16.5
551.8,87,588.0,72.2,101,70,52.2,17,59.4,2125,11.4,12.960,32,16.5
554.9,87,588.0,72.2,101,70,49.4,17,56.3,2134,11.3,12.916,32,15.3
558.0,87,588.0,72.0,101,70,49.6,17,55.8,2134,10.9,12.960,32,15.3
561.1,87,588.0,72.2,101,70,47.9,17,54.3,2125,10.6,12.960,32,14.9
564.2,87,588.0,72.2,101,70,49.7,17,55.7,2099,10.6,12.960,32,14.9
567.3,87,588.0,72.2,101,69,49.6,17,55.9,2087,10.3,12.960,32,14.8
570.4,87,586.6,71.8,100,68,43.7,17,54.5,2087,2.7,12.960,32,9.3
573.5,87,574.2,71.8,101,66,11.0,15,12.4,1972,0.4,12.960,32,4.3
576.6,87,562.2,72.2,101,60,10.6,15,12.8,1777,1.8,12.960,32,5.8
579.7,86,556.0,72.2,100,58,29.7,15,38.3,1848,7.0,12.888,32,9.9
582.8,86,555.0,72.3,101,56,15.3,15,17.5,1680,0.9,12.913,32,5.8
585.9,86,552.0,72.5,100,55,45.9,15,52.2,1779,7.5,12.817,32,12.1
589.0,86,556.0,72.2,100,56,56.3,15,63.5,1773,10.8,12.960,32,14.6
592.1,86,558.6,72.2,100,56,57.3,15,65.3,1792,12.2,12.960,32,18.6
595.2,86,558.1,72.2,101,56,12.7,15,20.2,1676,0.7,12.960,32,4.2
598.3,86,543.1,72.4,101,53,16.8,15,19.7,1575,0.6,12.960,32,5.1
601.4,86,536.9,72.4,100,51,42.0,15,47.6,1550,5.8,12.960,32,11.5
604.5,86,542.9,72.2,101,53,67.5,15,77.6,1852,17.2,12.952,32,23.4
607.6,86,542.9,72.2,101,53,14.7,15,22.6,1619,1.6,12.930,32,4.3
610.7,86,532.7,72.5,101,48,14.2,15,15.2,1427,0.5,12.960,32,3.9
613.8,86,526.1,72.4,101,46,32.2,15,33.6,1380,1.6,12.960,32,4.4
616.9,86,527.7,72.2,101,46,66.2,15,79.5,1588,16.5,12.980,32,21.4
620.0,86,537.8,72.2,101,49,69.9,15,79.6,1901,18.5,12.880,32,23.2
623.1,86,548.2,71.8,101,51,65.4,15,74.9,1892,16.9,12.960,32,19.3
626.2,86,552.0,71.7,100,52,48.7,15,63.5,1625,9.6,12.960,32,11.7
629.3,86,548.6,71.4,101,51,13.8,15,14.8,1519,0.8,12.894,32,3.9
632.4,86,538.5,71.4,101,48,21.2,15,26.9,1465,2.1,12.960,32,5.4
635.5,86,532.5,71.4,101,47,22.9,15,24.9,1395,0.8,12.960,32,4.7
638.6,86,525.2,71.4,101,43,25.9,15,26.0,1300,0.9,12.960,32,6.2
641.7,86,510.4,71.7,101,36,22.2,15,25.6,1232,0.8,12.960,32,4.8
644.8,86,498.3,71.9,101,25,17.4,15,20.7,1240,0.5,12.960,32,4.3
647.9,86,486.0,72.4,101,15,16.5,15,21.4,1181,1.5,12.960,32,3.9
651.0,86,484.0,72.5,101,12,38.1,15,32.6,1357,5.9,12.918,32,14.6
654.1,86,484.0,72.5,100,15,65.3,15,74.9,1518,12.8,12.960,32,16.9
657.2,86,490.9,72.5,101,19,69.8,15,80.0,1681,17.1,12.990,32,22.5
660.3,86,496.0,72.5,100,24,65.0,15,75.3,1557,14.3,13.024,32,19.1
663.4,86,510.1,72.6,100,28,65.1,15,76.0,1545,14.0,12.960,32,17.8
666.5,86,519.1,72.9,100,31,63.9,15,74.2,1570,14.4,12.960,32,17.6
669.6,86,530.0,72.9,100,34,65.1,15,75.1,1619,14.1,12.960,32,18.0
672.7,87,539.2,72.9,100,38,64.1,15,72.9,1603,12.2,12.960,30,18.4
675.8,87,544.0,72.9,100,42,46.0,15,48.3,1332,4.9,12.960,30,10.3
678.9,87,537.5,72.6,101,44,17.5,15,20.4,1338,0.5,12.960,30,4.8
682.0,88,530.3,72.5,101,46,14.3,15,16.6,1391,0.5,12.960,30,4.1
685.1,88,518.2,72.5,101,45,15.7,15,17.9,1383,0.4,12.960,30,4.3
688.2,88,504.5,72.5,101,43,20.5,15,25.0,1328,0.4,12.960,30,5.3
691.3,88,492.8,72.3,101,41,23.1,15,27.0,1266,0.4,13.055,30,5.5
694.4,87,486.8,72.2,101,41,25.1,15,31.1,1250,0.6,12.996,30,5.4
697.5,87,484.0,72.0,101,40,36.3,15,41.2,1363,9.0,12.801,30,13.0
700.6,86,492.4,71.8,100,43,62.5,15,71.3,1696,13.3,12.960,30,16.8
703.7,86,500.0,71.8,100,45,48.8,15,57.9,1596,7.7,12.884,30,12.5
706.8,86,500.0,71.8,101,44,30.2,15,35.5,1323,2.7,12.992,30,7.7
709.9,86,498.1,71.8,101,43,25.7,15,28.1,1283,0.9,13.040,30,6.3
713.0,86,488.8,72.1,101,40,21.3,15,24.9,1213,0.7,12.960,30,4.7
716.1,86,477.0,72.2,101,38,14.9,15,18.1,1200,0.7,12.960,30,4.1
719.2,86,468.7,72.4,102,31,14.9,15,18.1,1221,0.4,13.028,30,3.9
722.3,86,458.9,72.5,102,21,21.3,15,25.3,972,0.1,13.010,30,5.3
725.4,86,452.7,72.8,102,10,23.0,15,29.3,1090,0.4,12.944,30,5.5
728.5,86,445.2,73.3,102,2,30.8,15,40.9,841,0.4,12.880,30,4.7
731.6,86,436.2,73.3,102,0,22.0,15,28.3,787,0.8,12.880,30,3.4
734.7,86,428.8,73.2,101,0,19.7,15,25.9,715,0.8,12.818,30,2.7
737.8,86,420.2,72.9,102,2,25.8,15,32.1,1073,2.9,12.861,32,6.0
740.9,86,421.1,72.5,100,9,48.8,15,57.4,1485,6.6,12.898,32,11.9
744.0,86,427.0,72.5,100,17,61.6,15,72.7,1441,9.5,12.960,32,14.8
747.1,86,437.3,72.2,101,22,66.6,15,76.6,1559,13.9,12.960,32,18.8
750.2,86,448.9,72.2,101,28,66.5,15,77.6,1562,20.8,12.960,32,18.5
753.3,86,460.4,71.8,100,32,60.5,15,68.7,1469,11.0,12.960,32,14.3
756.4,87,472.8,71.8,100,35,56.0,15,64.5,1364,7.8,12.960,32,12.5
759.5,87,480.3,71.8,100,37,57.7,15,67.3,1391,7.8,12.960,32,12.1
762.6,87,486.2,71.8,100,39,48.0,15,57.8,1283,5.1,12.960,30,10.4
765.7,88,492.0,71.8,100,40,47.4,15,56.3,1363,6.1,12.960,30,10.3
768.8,88,494.3,71.6,100,41,44.3,15,55.8,1413,7.8,13.033,30,11.2
771.9,88,495.5,71.4,102,41,22.8,15,27.4,1233,1.9,12.989,30,5.5
775.0,88,492.0,71.4,101,41,36.2,15,40.4,1256,3.6,12.960,30,8.8
778.1,88,492.6,71.4,100,41,43.8,15,51.7,1332,4.3,12.960,30,9.0
781.2,88,493.5,71.8,101,40,30.8,15,37.8,1222,2.4,12.960,30,7.9
784.3,88,490.8,71.8,102,40,21.0,15,26.9,1212,1.2,12.999,30,4.9
787.4,88,478.8,72.2,102,38,16.6,15,19.9,1225,0.4,12.960,30,4.3
790.5,88,472.0,72.2,101,37,22.4,15,27.2,1155,1.3,12.913,30,4.7
793.6,88,472.0,72.2,102,36,31.0,15,36.5,1195,2.0,12.880,30,7.2
796.7,87,472.0,72.2,102,36,35.9,15,42.6,1241,2.9,13.004,30,8.1
799.8,87,472.0,72.2,102,36,37.9,15,45.2,1242,3.9,12.884,30,8.3
802.9,87,476.0,72.2,101,35,39.6,15,46.2,1299,4.9,12.999,30,8.6
806.0,87,478.5,72.2,100,36,44.4,15,52.2,1347,6.0,12.884,30,10.2
809.1,87,484.8,71.8,100,37,50.8,15,59.7,1387,7.1,12.960,30,10.9
812.2,87,491.2,71.5,100,37,54.2,15,63.7,1404,7.2,13.040,30,12.2
815.3,87,496.8,71.4,100,39,55.7,15,64.2,1412,4.3,12.994,30,10.6
818.4,87,497.5,71.4,101,38,28.7,15,34.9,1171,2.2,12.960,30,6.9
821.5,87,487.6,71.8,101,36,17.8,15,21.2,1184,0.4,12.992,30,4.2
824.6,87,479.6,71.8,101,32,15.7,15,18.7,1155,0.4,12.960,30,3.9
827.7,87,468.2,72.2,101,24,19.1,15,22.9,1200,0.4,12.907,30,4.8
830.8,87,462.4,72.6,102,14,24.3,15,27.9,1200,0.4,13.020,30,5.5
833.9,87,456.4,73.2,102,4,31.6,15,38.4,920,0.4,12.939,30,5.4
837.0,87,446.3,73.3,102,1,28.3,15,34.0,827,0.4,12.880,30,7.2
840.1,87,444.0,73.0,100,7,42.2,15,50.2,1573,7.4,12.907,30,11.1
843.2,87,444.0,72.4,100,15,54.7,15,63.9,1484,9.0,12.960,30,12.9
846.3,87,444.0,72.2,101,18,37.8,15,44.2,1230,0.6,12.989,30,5.5
849.4,87,442.1,72.0,101,17,24.3,15,28.2,1261,0.4,12.974,30,5.5
852.5,87,439.9,72.2,101,16,20.6,15,24.9,1212,0.4,12.960,30,5.0
855.6,87,433.7,72.4,101,12,17.6,15,21.1,1163,0.4,12.888,30,4.4
858.7,87,428.3,72.9,101,7,17.5,15,22.7,890,0.5,12.960,30,3.5
861.8,87,418.9,73.3,102,2,30.7,15,40.9,696,0.5,12.960,30,3.7
864.9,87,409.7,73.3,102,0,31.8,15,41.7,745,0.4,12.960,30,4.7
868.0,87,399.1,73.3,101,0,29.9,15,39.2,809,0.4,13.008,30,4.9
871.1,87,393.5,73.3,101,0,29.5,15,38.3,825,0.4,12.968,30,4.8
874.2,87,384.9,73.3,101,0,23.1,15,32.3,801,0.4,12.825,30,3.5
877.3,87,378.7,73.2,101,0,20.3,15,27.1,715,0.4,12.936,30,3.1
880.4,87,373.0,72.9,101,0,24.2,15,30.4,654,0.7,13.026,30,4.2
883.5,87,366.3,72.9,101,0,31.9,15,41.5,726,0.4,12.838,30,4.2
886.6,88,357.7,72.9,101,0,29.8,15,38.4,812,0.4,12.877,32,4.7
889.7,88,351.0,72.9,101,0,29.8,15,38.7,812,0.4,12.941,32,4.7
892.8,88,344.0,72.9,101,1,32.2,15,39.2,886,1.6,12.952,32,6.6
895.9,88,344.0,72.5,100,7,39.8,15,46.8,1475,5.1,13.013,32,9.1
899.0,88,348.0,72.5,100,14,43.1,15,52.0,1330,5.1,12.826,33,9.5
902.1,88,351.9,72.5,101,17,39.8,15,48.2,1219,4.9,12.937,33,8.7
905.2,88,353.3,72.5,100,19,48.8,15,59.7,1269,5.9,12.932,33,10.7
908.3,88,358.9,72.3,100,21,51.5,15,61.8,1264,6.1,12.964,32,11.4
911.4,88,368.0,72.2,100,21,32.8,15,34.9,1302,2.3,13.004,32,8.4
914.5,88,365.0,72.2,101,20,17.6,15,20.9,1237,0.4,12.960,32,4.3
917.6,88,364.0,72.2,101,20,16.4,15,19.2,1177,0.4,12.960,32,4.1
920.7,88,360.8,72.2,101,18,19.3,15,23.1,1084,0.4,12.960,32,4.7
923.8,88,358.7,72.5,101,12,25.1,15,31.6,1055,0.4,12.907,32,5.1
926.9,88,356.0,72.3,100,10,41.1,15,48.8,1546,4.5,12.894,32,11.8
930.0,88,361.6,72.1,100,15,43.0,15,56.4,1296,3.3,12.960,32,9.2
933.1,88,364.0,71.8,101,16,18.9,15,21.5,1306,0.4,12.902,32,4.3
936.2,88,360.0,71.8,101,16,16.5,15,19.7,1166,0.4,12.960,33,3.9
939.3,88,356.6,71.8,101,12,17.6,15,22.4,1073,0.4,12.960,33,3.6
942.4,88,352.0,71.8,101,9,20.5,15,27.8,1015,0.4,12.960,33,5.4
945.5,88,352.0,71.6,100,9,38.7,15,44.4,1449,3.6,12.960,33,9.0
948.6,88,356.0,71.4,99,12,39.4,15,46.4,1385,2.4,12.960,33,8.6
951.7,88,353.7,71.4,101,14,23.2,15,27.7,1162,1.6,12.960,33,5.3
954.8,88,351.3,71.4,101,15,16.9,15,20.6,1143,0.4,12.923,33,4.2
957.9,88,345.1,71.7,101,14,18.5,15,22.0,1110,0.4,12.952,33,4.2
961.0,88,344.0,71.9,101,14,23.4,15,29.0,1138,0.4,12.880,33,5.3
964.1,88,344.0,72.2,101,9,24.0,15,28.2,1250,0.4,12.738,33,5.5
967.2,88,339.5,72.2,101,6,19.7,15,25.1,1005,0.4,13.004,32,3.9
970.3,88,333.2,72.2,101,2,22.3,15,29.0,756,0.4,12.904,33,3.6
973.4,88,328.0,72.3,101,0,23.4,15,28.2,659,0.4,12.800,33,3.3
976.5,88,324.8,72.5,101,0,21.5,15,29.1,651,0.5,12.870,33,3.1
979.6,88,319.0,72.5,101,0,21.2,15,31.7,901,0.5,12.854,33,3.4
982.7,88,313.4,72.5,101,0,9.4,15,65.8,240,0.1,12.728,33,0.8
985.8,88,308.2,72.5,101,0,0.0,15,0.0,0,1.6,12.640,33,6.3
988.9,88,308.0,72.5,101,0,0.0,15,0.0,0,1.6,12.640,33,6.3
992.0,88,308.0,72.5,101,0,0.0,15,0.0,0,1.6,12.641,33,6.3
995.1,88,308.0,72.5,101,0,0.0,15,0.0,1,1.6,12.640,33,6.3
998.2,88,307.9,72.5,101,0,0.0,15,0.0,0,1.6,12.640,33,6.3
1001.3,88,308.0,72.5,101,0
