BlueDriver Data Log
Dec 5, 2018 7:50:18 AM
Time (s),Accelerator Pedal Position E (%),Mass Air Flow Rate (g/s),Intake Air Temperature (°C),O2 Bank 1 - Sensor 2 - Oxygen Sensor Voltage (V),Absolute Throttle Position B (%),Fuel Level Input (%),Ambient Air Temperature (°C),Calculated Engine Load Value (%),Absolute Throttle Position (%),Engine Coolant Temperature (°C),Catalyst Temperature Bank 1 - Sensor 1 (°C),Absolute Load Value (%),Long Term Fuel Trim Bank 1 (%),Commanded Throttle Actuator (%),Wide Range O2S: Bank 1 - Sensor 1 - Equivalence Ratio (λ),Short Term Fuel Trim Bank 1 (%),Relative Throttle Position (%),Commanded Evaporative Purge (%),Evap. System Vapor Pressure (Pa),Barometric Pressure (kPa),Vehicle Speed (km/h),Wide Range O2S: Bank 1 - Sensor 1 - Voltage (V),Timing Advance for #1 cylinder (°),Commanded Equivalence Ratio (λ),O2 Bank 1 - Sensor 2 - Short Term Fuel Trim (%),Engine RPM (rpm),Accelerator Pedal Position D (%),Control Module Voltage (V)
0.0,,,,,,,,,,,,,,,,,,,,,,,,,,,,
17.2,0.0,5.21,14,0.301,5.9,69.8,14,29.8,5.9,26,0.0,25.1,-1.6,5.9,0.997,2.0,1.6,0.0,0.3,101,0,2.187,4.6,0.999,99.2,1258,0.0,14.560
34.4,0.0,5.19,14,0.284,5.9,69.8,14,29.5,5.9,31,0.0,25.1,-1.6,5.9,0.999,1.9,1.6,0.0,0.0,101,0,2.193,4.9,0.999,99.2,1235,0.0,14.553
51.6,0.0,4.03,14,0.280,5.2,69.8,14,39.5,5.2,34,0.0,30.6,-5.5,5.1,1.027,6.8,0.8,0.0,0.8,101,0,2.206,4.5,0.999,99.2,803,0.0,13.733
68.8,1.2,4.98,14,0.318,5.1,70.2,14,39.5,5.4,37,0.0,29.5,-5.5,5.2,0.997,6.8,0.6,0.0,0.0,101,3,2.182,15.3,0.999,99.2,954,2.3,13.456
86.0,19.0,20.36,14,0.281,19.7,69.8,14,78.9,20.2,41,0.0,65.2,-0.6,19.9,0.968,-5.1,14.7,34.5,0.4,101,21,2.216,14.4,0.998,99.2,1859,19.1,13.023
103.2,1.3,5.24,14,0.671,5.1,69.4,14,25.1,5.6,46,153.6,27.5,-3.9,7.0,0.994,-1.4,1.4,6.0,0.0,100,55,2.107,31.4,1.000,99.2,1315,4.0,13.040
120.4,13.4,14.26,14,0.785,14.5,70.6,14,60.3,9.9,49,196.2,28.0,-1.5,6.6,1.007,-0.2,1.3,0.3,0.0,101,34,1.993,29.6,1.013,99.2,1328,12.0,12.983
137.6,0.0,4.18,14,0.551,5.1,70.6,14,26.1,9.3,53,300.0,59.1,-1.6,13.8,0.999,-4.9,9.2,13.0,0.0,101,55,2.164,15.5,1.000,99.2,1332,0.0,13.040
154.8,13.2,14.21,14,0.795,15.3,70.6,14,72.7,15.2,56,362.8,63.3,-1.4,14.1,1.007,2.3,9.5,27.7,18.0,100,59,2.046,39.3,0.997,99.2,1383,11.5,12.978
172.0,0.0,3.86,14,0.156,4.5,71.3,14,24.4,4.4,57,375.5,20.1,-4.9,4.5,1.714,1.1,0.4,0.0,0.0,99,39,3.075,-5.0,0.280,99.2,1069,0.0,12.981
189.2,0.0,2.97,14,0.693,3.8,72.5,14,34.7,3.9,58,327.4,26.7,-5.5,3.9,0.993,3.9,0.4,0.0,0.0,99,0,2.182,-0.1,0.993,99.2,670,0.0,12.941
206.4,6.2,4.61,14,0.779,3.5,71.4,14,50.6,10.0,59,297.9,43.3,-2.7,10.3,0.996,-0.5,6.3,11.0,0.0,101,6,2.217,10.0,1.004,99.2,964,4.1,12.857
223.6,10.3,12.01,14,0.744,10.9,70.2,14,58.8,12.9,62,382.0,56.1,-1.1,15.2,0.993,-1.7,12.3,94.6,0.0,99,54,2.211,15.0,1.003,99.2,1669,14.6,13.021
240.8,0.8,4.21,14,0.023,5.0,70.6,14,26.7,5.2,65,394.4,19.3,-2.9,4.7,1.348,0.0,0.4,0.0,0.0,101,46,3.201,-4.6,0.056,99.2,1227,0.2,13.044
258.0,27.1,27.53,14,0.743,37.0,69.1,14,88.7,37.1,67,485.6,77.3,0.0,37.1,0.996,-0.8,33.0,89.2,1.1,100,68,2.187,11.1,1.002,99.2,2229,27.8,13.040
275.2,28.7,31.13,14,0.709,40.3,68.2,14,86.0,39.6,71,568.6,76.7,-1.0,39.3,1.000,-1.2,35.5,14.6,2.8,101,86,2.192,12.6,1.002,99.2,2420,29.3,13.029
292.4,25.7,29.30,14,0.725,32.9,68.0,14,87.7,33.0,76,617.7,76.1,-1.6,32.9,1.001,1.6,28.2,87.8,3.4,100,88,2.189,12.5,1.000,99.2,2415,25.9,12.989
309.6,27.5,30.02,14,0.715,36.1,68.0,14,88.6,36.2,78,640.9,77.5,-1.6,35.8,0.992,0.8,31.4,87.5,0.0,100,96,2.186,12.5,1.009,99.2,2441,27.8,12.985
326.8,23.7,25.48,14,0.741,30.6,68.6,14,87.1,31.2,81,644.6,76.1,-1.6,31.1,1.003,3.1,26.1,88.7,4.6,100,96,2.166,11.6,1.001,99.2,2150,23.3,12.992
344.0,20.3,22.97,14,0.716,16.5,69.0,14,45.0,8.9,83,651.1,17.7,-5.4,8.8,0.930,-3.6,14.3,76.8,0.0,100,94,2.211,11.7,0.990,99.2,2034,21.8,12.946
361.2,13.9,15.55,14,0.531,14.8,69.0,14,61.1,15.1,83,627.5,53.5,-3.1,15.2,1.003,2.1,10.6,94.3,1.5,99,103,2.206,35.8,0.991,99.2,1925,12.7,13.040
378.4,26.5,33.00,14,0.732,37.0,69.5,14,86.8,37.1,83,615.7,76.3,-1.6,36.5,1.000,1.3,31.5,86.1,0.0,100,115,2.189,14.1,0.999,99.2,2654,26.8,13.057
395.6,27.2,33.65,12,0.733,39.3,69.4,12,87.1,31.5,85,627.2,74.4,-1.6,33.4,1.001,0.5,29.9,0.0,2.1,100,117,2.189,14.3,1.001,99.2,2714,27.5,13.040
412.8,27.8,33.97,12,0.709,39.7,68.2,12,85.9,39.9,86,636.0,76.1,-1.6,38.8,0.995,1.9,32.4,86.2,2.4,100,118,2.185,14.6,1.000,99.2,2767,27.6,13.040
430.0,0.9,5.18,12,0.105,5.5,67.8,12,20.1,7.8,86,612.9,30.0,-4.3,5.1,1.500,5.6,0.4,5.3,0.0,100,103,2.897,-12.9,0.000,99.2,1909,0.0,13.040
447.2,17.1,19.33,14,0.704,19.4,68.7,12,74.1,18.9,86,556.4,63.7,-1.9,12.2,1.025,2.5,9.4,63.9,0.0,99,83,2.190,9.2,0.837,99.2,1811,16.2,13.054
464.4,17.5,18.13,14,0.722,20.9,68.7,12,68.9,18.8,86,544.7,41.0,-2.3,12.2,0.966,-3.1,13.7,94.6,30.7,99,75,2.232,16.3,0.997,99.2,1617,17.1,13.760
481.6,11.1,11.91,12,0.592,16.2,67.8,12,74.4,18.6,86,564.0,66.8,-1.9,16.1,1.022,1.8,13.0,89.6,16.0,99,80,2.194,12.8,0.999,99.2,1554,0.6,13.685
498.8,19.2,21.27,12,0.706,23.5,67.8,12,57.5,16.1,86,573.3,67.2,-1.8,23.1,1.003,0.2,19.9,91.6,0.0,99,84,2.203,11.5,0.997,99.2,1975,20.2,13.627
516.0,23.7,26.95,12,0.707,30.6,67.6,12,86.8,30.5,87,594.1,74.5,-1.6,30.2,0.993,3.0,25.5,88.6,0.0,100,88,2.195,10.4,1.001,99.2,2224,23.6,13.335
533.2,17.5,17.26,12,0.808,12.6,68.3,12,48.3,13.8,87,607.7,44.8,-2.3,11.3,0.998,1.9,6.9,85.2,11.9,98,87,2.148,34.7,1.003,99.2,1606,10.4,13.760
550.4,16.4,17.63,12,0.741,17.7,68.3,12,77.2,23.2,87,609.0,73.1,-1.6,29.6,0.998,4.7,20.2,91.8,6.3,99,86,2.146,10.6,0.999,99.2,1929,21.4,13.760
567.6,23.3,29.50,12,0.723,19.9,67.5,12,63.3,13.3,87,627.1,60.0,-2.3,19.6,1.002,1.3,25.4,5.3,0.0,100,86,2.178,11.1,1.007,99.2,2232,24.9,13.760
584.8,0.0,13.66,12,0.300,11.5,67.7,12,49.2,13.7,87,610.0,52.1,-3.1,17.8,1.171,2.7,14.8,0.0,0.0,100,80,2.198,11.5,1.005,99.2,1899,19.2,13.761
602.0,19.3,20.98,12,0.690,27.1,67.5,12,86.9,28.2,86,574.1,70.4,-2.0,24.3,1.001,2.6,20.3,91.0,29.7,99,80,2.208,13.3,0.993,99.2,1804,18.7,13.760
619.2,14.5,14.82,12,0.653,20.9,67.2,12,77.9,22.4,86,580.0,56.9,-2.8,10.8,1.023,2.8,7.3,73.2,34.2,99,88,2.188,22.9,1.003,99.2,1675,14.1,13.760
636.4,23.8,24.44,12,0.746,31.1,67.6,12,87.7,31.9,86,574.0,77.9,-1.6,31.8,0.999,1.1,26.6,89.6,5.3,99,68,2.180,8.9,1.000,99.2,2056,24.8,13.760
653.6,18.9,20.62,12,0.747,23.3,67.1,11,39.3,7.3,87,612.0,49.1,-2.2,19.2,1.000,-0.9,19.0,92.1,0.0,99,82,2.204,14.1,1.002,99.2,2045,18.9,13.768
670.8,13.5,13.69,12,0.666,18.0,67.1,11,78.4,19.9,87,604.7,64.6,-2.1,10.1,1.055,4.9,5.9,29.8,2.7,99,83,2.277,32.9,0.999,99.2,1530,9.3,13.705
688.0,16.9,17.80,12,0.717,6.8,67.1,11,32.1,11.4,87,580.0,65.3,-1.6,18.9,1.009,-2.1,14.9,79.1,0.0,99,75,2.241,22.5,0.990,99.2,1686,14.8,13.760
705.2,12.5,12.36,12,0.643,12.1,67.5,11,54.0,9.4,87,556.0,23.9,-4.0,5.5,0.949,1.5,6.3,29.8,1.8,99,72,2.115,13.7,1.013,99.2,1521,11.8,13.680
722.4,21.7,24.19,12,0.733,27.3,67.7,11,85.7,25.9,87,576.2,70.6,-1.6,25.0,1.002,0.6,20.1,91.2,2.5,99,73,2.186,11.8,0.996,99.2,1959,21.1,13.760
739.6,17.1,18.43,12,0.711,20.2,67.5,11,73.2,15.4,87,596.0,58.6,-1.9,21.5,1.016,0.3,19.3,92.6,0.6,99,89,2.145,11.9,0.998,99.2,1939,18.1,13.742
756.8,7.7,9.96,12,0.240,20.0,67.5,11,79.7,15.9,87,596.5,35.0,-2.8,5.5,1.021,0.5,1.7,0.0,0.0,100,91,2.184,13.3,0.995,99.2,1660,1.9,13.760
774.0,19.2,21.62,12,0.644,21.0,67.5,11,73.7,19.1,87,583.3,72.0,-1.6,24.7,1.006,1.0,20.8,91.5,0.0,99,79,2.191,11.9,1.000,99.2,1976,19.9,13.753
791.2,13.3,13.56,12,0.874,15.8,67.1,11,63.5,16.6,87,576.0,50.4,-2.3,16.0,0.989,-1.9,8.0,85.1,15.6,98,84,2.180,27.5,1.002,99.2,1583,9.2,13.760
808.4,15.4,17.16,12,0.734,22.3,66.8,11,80.0,22.0,87,588.0,41.5,-3.7,13.6,0.988,-0.7,12.5,81.8,55.9,99,90,2.212,32.7,0.994,99.2,1663,9.2,13.840
825.6,17.4,18.70,12,0.765,22.6,66.7,11,81.0,21.0,87,590.5,65.6,-1.6,21.5,0.994,3.5,11.7,50.6,20.1,99,83,2.097,17.4,1.006,99.2,1764,15.3,13.767
842.8,19.0,21.73,12,0.714,22.7,67.1,11,79.7,22.8,87,578.5,70.0,-1.6,23.5,1.006,0.4,19.2,92.0,4.0,99,85,2.181,12.8,0.993,99.2,1925,19.4,13.799
860.0,20.5,20.05,11,0.726,29.0,67.1,11,87.0,29.0,87,586.6,76.1,-1.6,25.9,0.995,3.1,14.1,44.5,3.9,99,88,2.059,17.0,1.010,99.2,1756,20.1,13.760
877.2,27.0,29.97,11,0.719,35.6,66.4,11,89.1,35.8,87,615.6,77.3,-1.6,35.9,1.000,0.2,30.8,87.5,5.6,99,98,2.189,12.0,1.000,99.2,2461,27.1,13.760
894.4,27.6,31.01,11,0.705,37.9,66.7,11,87.9,37.7,87,632.0,75.8,-1.6,36.1,1.004,0.1,31.7,0.0,0.0,99,108,2.179,12.8,1.000,99.2,2531,27.8,13.776
911.6,26.3,31.81,11,0.705,36.9,65.7,11,85.9,37.3,87,636.0,74.7,-1.6,37.3,0.998,0.8,32.0,86.7,5.3,99,114,2.177,14.0,0.999,99.2,2659,26.7,13.773
928.8,36.3,37.93,11,0.754,44.1,66.1,11,88.8,46.6,87,625.9,77.8,-1.6,47.1,1.002,0.8,39.8,84.7,7.7,99,104,2.162,16.8,0.983,99.2,2895,35.6,13.760
946.0,13.2,15.50,11,0.391,18.0,66.7,11,43.8,13.7,86,606.3,22.3,-5.0,7.6,1.915,0.0,1.1,0.0,0.0,99,105,3.540,28.0,0.695,99.2,1967,15.3,13.786
963.2,26.0,30.35,11,0.704,35.5,66.2,11,88.0,37.4,87,611.9,76.2,-1.6,37.5,1.003,1.5,32.4,86.6,0.0,99,103,2.171,13.0,0.997,99.2,2568,27.8,13.760
980.4,6.1,11.68,11,0.650,9.2,65.9,11,20.3,7.0,87,624.0,64.7,-1.6,24.5,1.021,-2.7,23.4,89.9,5.1,98,100,2.197,10.4,0.990,99.2,2242,24.2,13.730
997.6,25.1,25.01,11,0.707,32.1,65.8,11,88.2,32.2,87,628.0,66.7,-2.2,26.4,1.203,1.7,20.1,61.4,0.0,98,92,2.068,11.3,1.013,99.2,2037,24.9,13.776
1014.8,24.3,27.23,11,0.710,33.5,65.5,11,87.5,33.4,87,643.3,67.1,-1.6,27.0,0.997,0.5,24.8,32.5,0.0,98,96,2.188,10.7,1.000,99.2,2311,23.8,13.647
1032.0,21.2,22.85,11,0.714,9.9,66.3,11,53.8,21.9,87,624.6,58.4,-2.8,23.7,0.997,1.5,21.7,63.5,19.6,98,101,2.222,25.1,0.990,99.2,1924,15.3,13.760
1049.2,25.8,28.93,11,0.693,36.5,65.5,11,89.3,36.5,87,627.4,76.2,-1.6,36.3,0.994,0.8,31.6,87.8,1.2,98,99,2.179,12.0,1.000,99.2,2458,27.7,13.760
1066.4,18.2,20.70,11,0.661,22.4,65.1,11,77.7,11.5,87,624.9,26.8,-4.4,9.8,1.683,0.0,3.5,4.9,0.0,98,103,2.177,28.5,0.986,99.2,1954,15.7,13.760
1083.6,25.2,28.87,11,0.715,34.7,65.5,11,89.1,33.9,87,613.9,75.5,-1.6,33.1,0.997,1.4,28.5,77.2,0.0,98,101,2.174,15.0,0.998,99.2,2266,24.3,13.821
1100.8,24.3,23.25,11,0.696,31.8,65.1,11,88.2,31.4,87,616.0,73.5,-1.6,30.0,0.997,0.8,20.3,50.3,1.8,98,99,2.174,14.6,1.013,99.2,1949,24.3,13.688
1118.0,24.3,23.08,11,0.404,32.1,64.7,11,85.1,33.0,87,616.0,75.8,-1.6,30.9,1.036,1.6,8.1,11.3,15.0,98,91,2.178,20.3,1.000,99.2,1753,21.5,13.771
1135.2,29.0,34.80,11,0.703,37.3,63.9,11,84.2,36.1,86,636.6,72.9,-1.6,36.7,0.996,0.0,31.9,85.7,2.5,97,93,2.212,16.6,0.998,99.2,2849,28.9,13.684
1152.4,27.9,28.04,11,0.706,36.3,63.5,11,87.1,32.2,86,649.6,75.3,-1.6,35.1,1.003,-0.4,30.9,17.9,4.3,98,94,2.188,10.7,0.996,99.2,2339,28.8,13.760
1169.6,27.8,33.23,11,0.726,35.5,63.5,11,83.8,36.0,87,660.0,73.8,-1.6,36.8,1.002,1.5,32.9,86.5,6.3,97,96,2.179,15.5,1.000,99.2,2766,28.6,13.760
1186.8,14.5,15.38,11,0.406,15.2,64.5,10,48.5,12.2,87,644.2,28.8,-3.5,6.3,1.019,6.9,0.8,1.2,2.3,97,102,1.990,34.6,0.981,99.2,1978,14.0,13.760
1204.0,0.0,4.06,11,0.000,4.7,66.5,10,13.8,4.7,86,568.5,11.8,-5.5,5.1,1.999,0.0,0.4,0.0,0.0,98,102,3.655,-13.0,0.000,99.2,1925,0.0,13.651
1221.2,0.0,4.04,11,0.000,4.8,67.5,10,13.4,4.7,85,487.3,11.8,-5.5,4.7,1.999,0.0,0.4,0.0,0.0,98,103,3.608,-12.5,0.000,99.2,1972,0.0,13.804
1238.4,0.2,4.26,11,0.000,4.7,67.5,10,14.1,4.7,84,415.5,11.8,-5.5,4.7,1.999,0.0,0.4,0.0,0.0,99,100,3.675,-11.1,0.000,99.2,1902,0.0,13.756
1255.6,0.0,4.12,11,0.061,4.7,67.9,10,13.3,4.7,83,366.9,11.8,-5.5,4.7,1.999,-17.6,0.4,0.0,0.0,99,104,3.630,-2.4,0.261,99.2,1946,1.2,13.665
1272.8,0.0,4.08,11,0.000,4.7,67.8,10,12.8,4.7,83,315.5,11.0,-5.5,4.7,1.999,0.0,0.4,0.0,0.0,100,106,3.589,-12.5,0.000,99.2,1990,0.0,13.760
1290.0,12.0,13.37,11,0.717,12.4,67.5,10,49.0,11.9,82,316.3,43.0,-3.1,12.8,0.999,2.6,8.3,11.6,1511.7,100,100,2.183,27.8,0.997,99.2,1942,11.6,13.760
1307.2,10.0,10.35,11,0.560,11.2,67.5,10,47.2,11.4,82,356.8,41.6,-3.1,12.2,0.997,2.4,7.5,10.9,214.3,100,96,2.173,27.6,1.000,99.2,1840,8.8,13.760
1324.4,6.1,7.65,11,0.194,7.8,67.1,10,30.4,8.7,83,340.0,38.5,-2.5,10.9,1.024,0.0,5.7,9.0,0.0,100,83,2.617,13.7,0.608,99.2,1659,6.1,13.801
1341.6,16.5,19.32,11,0.723,19.2,67.1,10,75.3,19.2,84,404.9,63.3,-2.9,18.8,0.994,2.8,14.3,94.1,2.2,99,95,2.178,17.0,1.000,99.2,1882,16.7,13.760
1358.8,7.5,7.72,11,0.819,6.6,65.9,10,18.1,5.6,87,455.2,23.0,-4.8,9.2,1.004,1.6,5.5,50.0,27.7,99,105,2.161,35.2,1.000,99.2,1966,7.9,13.817
1376.0,7.5,6.91,11,0.094,7.4,66.3,10,30.4,8.5,86,442.3,32.2,-3.4,8.7,1.365,0.0,4.4,50.0,1.7,99,91,3.069,1.6,0.323,99.2,1734,7.4,13.760
1393.2,14.7,15.97,11,0.668,14.2,66.7,10,55.1,8.8,86,449.1,31.8,-4.1,9.9,1.347,0.0,6.5,55.5,5.8,99,94,2.257,25.1,0.981,99.2,1815,14.0,13.760
1410.4,0.0,4.38,11,0.000,5.3,66.1,10,18.2,5.2,86,423.9,15.1,-5.5,5.0,1.999,0.0,0.4,0.0,0.0,101,89,3.672,-11.5,0.000,99.2,1688,0.0,13.760
1427.6,12.4,11.82,12,0.691,15.8,66.0,10,65.4,12.7,85,377.8,37.1,-4.0,10.1,1.673,-0.5,4.7,23.6,3.2,101,79,3.404,-0.8,1.117,99.2,1523,7.9,13.686
1444.8,19.3,23.33,12,0.687,23.2,65.5,10,66.4,12.2,85,433.0,26.9,-4.7,8.3,0.977,0.1,3.8,28.1,4.9,101,98,2.154,16.0,0.979,99.2,1921,19.5,13.750
1462.0,17.2,20.19,12,0.690,19.8,65.9,10,60.4,14.8,86,459.6,36.9,-4.0,12.6,1.005,0.8,7.2,39.3,57.7,101,98,2.153,33.4,1.001,99.2,1853,12.5,13.755
1479.2,21.9,25.09,12,0.715,25.4,65.7,10,87.1,30.0,86,515.0,74.5,-1.6,25.2,0.995,1.5,14.7,84.8,50.7,100,104,2.198,17.3,0.994,99.2,1998,19.2,13.740
1496.4,32.8,35.98,12,0.700,43.2,65.6,10,87.3,43.3,86,571.1,79.1,-1.6,45.7,1.002,-1.3,40.7,85.6,3.7,100,96,2.189,15.6,0.999,99.2,2906,33.7,13.690
1513.6,4.1,8.34,12,0.261,8.9,64.7,10,33.9,9.8,86,591.9,37.1,-3.7,10.9,1.214,1.3,1.4,14.8,0.0,100,107,2.462,-12.5,0.036,99.2,2077,2.8,13.760
1530.8,17.5,20.35,12,0.712,21.0,64.7,10,77.2,21.6,86,566.6,68.1,-1.4,22.3,1.009,0.9,18.8,83.1,3.9,100,90,2.192,13.4,0.997,99.2,2041,19.3,13.824
1548.0,12.3,12.86,12,0.387,13.1,64.7,10,60.8,16.5,86,564.0,64.0,-3.1,19.5,1.009,0.9,15.1,49.4,0.0,100,104,2.207,14.8,0.739,99.2,1970,10.7,13.708
1565.2,27.8,34.30,12,0.737,39.1,63.9,10,86.7,39.4,86,583.9,76.9,-1.6,38.7,1.003,0.7,33.3,86.3,6.8,101,114,2.194,14.0,0.999,99.2,2707,27.9,13.680
1582.4,28.6,36.47,12,0.721,39.8,63.6,10,86.6,39.3,86,612.2,76.9,-1.6,38.9,1.007,0.0,33.8,85.9,2.5,100,113,2.190,16.0,0.997,99.2,2917,29.0,13.760
1599.6,22.7,34.35,12,0.774,27.3,63.6,10,77.6,27.6,86,624.0,75.3,-1.4,32.8,0.995,0.4,27.3,87.2,10.9,100,127,2.185,16.9,0.995,99.2,3091,24.0,13.760
1616.8,25.3,33.69,12,0.710,35.3,63.9,10,83.8,35.3,87,632.0,74.5,-1.6,34.9,0.998,1.6,29.8,86.0,0.0,100,125,2.195,15.0,1.000,99.2,2805,25.9,13.760
1634.0,26.7,34.49,12,0.700,38.7,63.6,10,84.7,38.4,87,636.0,76.1,-1.6,37.7,0.991,0.4,32.9,60.9,6.5,100,123,2.200,14.7,0.999,99.2,2807,26.9,13.760
1651.2,26.7,34.42,12,0.701,38.8,63.1,10,85.1,38.8,87,640.0,76.1,-1.6,38.4,0.993,0.8,32.9,85.5,0.0,100,122,2.188,14.7,1.006,99.2,2791,27.1,13.723
1668.4,17.4,22.45,12,0.675,21.2,63.5,10,74.1,22.4,87,637.3,62.1,-2.2,19.8,1.012,2.3,15.0,50.2,17.0,100,123,2.161,16.7,1.001,99.2,2322,18.0,13.827
1685.6,0.1,4.86,12,0.073,7.8,63.2,10,28.3,12.7,87,624.8,42.7,-3.3,14.1,0.949,5.8,10.0,15.5,0.0,100,118,2.098,33.9,1.000,99.2,2202,1.5,13.688
1702.8,15.9,18.37,12,0.724,20.0,63.9,10,73.6,21.1,87,593.6,47.0,-2.9,14.6,1.011,0.9,9.4,39.6,15.9,101,99,2.196,20.7,0.983,99.2,1912,15.0,13.833
1720.0,16.6,19.92,12,0.706,21.0,63.5,10,74.1,24.3,87,608.0,73.1,-1.2,28.6,0.997,1.3,25.5,88.8,3.4,100,102,2.198,11.5,1.002,99.2,2108,19.5,13.835
1737.2,25.7,32.53,12,0.700,35.8,63.2,10,86.9,39.2,87,618.4,78.4,-1.6,38.4,1.005,-0.8,32.3,0.0,0.0,101,115,2.178,13.8,0.999,99.2,2686,26.5,13.760
1754.4,25.0,33.73,12,0.718,34.3,62.0,10,82.6,34.5,87,628.0,73.6,-1.6,32.4,1.001,0.0,23.9,56.3,20.6,100,118,2.208,20.2,0.996,99.2,2709,23.6,13.760
1771.6,18.3,23.23,12,0.713,20.2,61.7,10,71.0,20.8,87,613.8,63.9,-2.0,21.4,1.002,2.1,17.3,64.2,19.9,100,117,2.173,17.5,1.006,99.2,2207,18.1,13.763
1788.8,27.0,34.14,12,0.713,33.1,62.1,10,79.1,28.0,86,592.0,70.2,-1.2,30.4,1.002,-0.5,30.1,75.9,14.3,101,112,2.186,15.4,0.998,99.2,2821,28.4,13.760
1806.0,23.1,29.72,12,0.693,29.8,61.4,10,84.7,29.8,86,602.2,74.1,-1.6,29.6,0.998,1.6,25.0,87.9,0.0,100,113,2.173,13.2,1.001,99.2,2538,23.5,13.760
1823.2,22.0,28.25,12,0.690,27.5,61.2,10,83.5,27.4,86,610.7,72.9,-1.3,27.1,1.005,0.4,22.4,88.6,6.5,100,118,2.185,15.2,0.997,99.2,2459,22.0,13.694
1840.4,25.1,33.70,12,0.724,35.1,61.3,10,83.6,35.0,86,622.5,74.1,-1.6,29.6,0.999,2.2,21.8,58.0,0.5,101,122,2.180,18.1,0.998,99.2,2714,24.6,13.744
1857.6,22.9,29.78,12,0.704,29.4,61.3,10,82.5,29.2,86,620.0,73.4,-1.6,29.4,0.998,0.8,24.4,87.9,3.3,100,126,2.195,15.1,0.999,99.2,2599,23.1,13.764
1874.8,21.1,26.26,12,0.736,20.5,61.2,10,55.8,16.6,86,622.9,50.2,-2.6,17.7,1.003,3.7,12.5,38.1,60.5,100,118,2.171,23.1,0.999,99.2,2314,20.3,13.760
1892.0,25.1,31.93,11,0.708,33.7,61.4,10,83.5,33.6,86,624.7,73.8,-1.6,33.7,0.995,0.8,28.6,86.7,7.4,100,116,2.194,14.1,0.999,99.2,2680,25.1,13.760
1909.2,23.3,29.20,12,0.704,31.7,61.3,10,84.0,32.6,86,632.0,74.5,-1.6,33.3,0.999,0.7,27.6,86.4,2.2,100,118,2.174,17.5,0.996,99.2,2410,22.3,13.760
1926.4,22.6,27.25,12,0.678,28.6,62.3,10,84.7,29.1,86,628.0,74.4,-0.8,29.0,1.003,-0.1,24.8,88.3,0.0,100,109,2.199,12.5,0.994,99.2,2359,23.6,13.760
1943.6,21.5,27.08,12,0.693,27.3,61.5,10,82.7,26.9,86,620.0,71.5,-0.8,25.8,1.001,0.8,21.2,88.2,0.0,100,117,2.191,15.0,0.997,99.2,2331,21.7,13.673
1960.8,11.9,12.65,12,0.681,14.8,60.0,10,52.9,15.5,86,612.0,47.8,-3.1,17.5,0.991,3.2,15.9,0.0,5.5,101,119,2.162,20.0,1.005,99.2,2272,14.8,13.760
1978.0,22.1,29.72,12,0.703,30.1,61.2,10,73.1,30.1,86,620.0,75.3,-1.6,33.8,1.003,0.8,27.7,86.6,9.0,100,122,2.209,15.2,1.000,99.2,2552,22.3,13.808
1995.2,21.7,28.02,12,0.706,26.2,61.6,10,82.2,26.2,86,602.8,72.4,-1.3,27.2,1.000,0.8,22.9,88.8,0.0,100,115,2.172,19.9,1.005,99.2,2462,22.0,13.833
2012.4,21.8,25.65,12,0.711,27.9,61.5,10,83.7,28.9,86,604.0,72.3,-1.2,27.2,1.000,0.9,22.2,84.5,0.0,100,113,2.196,15.2,0.998,99.2,2175,19.5,13.760
2029.6,25.9,31.22,12,0.698,34.8,60.9,10,85.9,34.3,86,610.2,76.1,-1.6,33.7,1.003,1.3,29.0,86.7,0.3,100,110,2.189,13.1,0.999,99.2,2568,26.7,13.603
2046.8,26.2,32.54,12,0.703,36.3,59.6,10,85.3,36.5,86,624.0,75.6,-1.6,36.1,1.003,1.0,30.9,86.7,5.1,100,114,2.172,13.5,1.004,99.2,2651,26.3,13.815
2064.0,23.9,28.03,12,0.701,29.3,59.8,10,64.6,19.0,86,623.0,53.0,-2.6,19.2,1.001,3.5,15.3,0.0,0.0,101,112,2.155,10.1,1.009,99.2,2237,24.5,13.760
2081.2,15.2,18.16,12,0.702,18.0,59.2,10,66.8,19.6,86,623.1,63.4,-1.2,21.6,1.002,2.2,17.6,68.6,37.6,100,116,2.193,16.4,1.008,99.2,2223,5.7,13.817
2098.4,13.0,15.69,12,0.606,21.3,59.6,10,75.8,23.2,86,611.8,68.1,-0.8,23.5,0.993,1.5,11.9,28.4,14.4,100,118,2.223,8.5,0.328,99.2,2179,9.7,13.760
2115.6,20.4,26.09,12,0.689,27.4,59.6,10,83.5,30.0,86,599.6,73.6,-1.5,28.8,0.998,0.0,24.0,88.4,4.0,100,113,2.191,13.0,0.992,99.2,2342,21.8,13.710
2132.8,4.2,4.59,12,0.134,10.5,60.3,10,48.1,14.3,86,575.9,42.6,-4.1,12.4,1.001,0.0,7.5,22.7,0.0,101,109,3.087,-3.5,0.245,99.2,2019,2.8,13.771
2150.0,24.8,32.55,12,0.713,29.5,59.7,10,85.0,30.6,86,586.3,75.5,-1.2,30.1,1.000,0.8,24.8,60.6,0.0,101,111,2.182,19.4,1.000,99.2,2637,25.9,13.760
2167.2,26.7,33.09,12,0.707,38.7,59.3,10,86.6,40.1,86,602.2,76.5,-1.6,39.4,0.999,0.8,32.8,85.1,6.7,100,106,2.194,18.5,0.997,99.2,2624,25.4,13.764
2184.4,14.9,14.83,12,0.750,15.7,60.0,10,59.7,15.6,86,569.7,45.5,-3.5,13.6,1.557,-0.3,7.5,28.9,13.5,101,82,3.331,25.4,0.900,99.2,1564,12.4,13.837
2201.6,20.7,25.05,12,0.705,26.0,59.3,10,81.5,25.6,87,588.4,71.8,-0.8,25.7,1.001,1.9,21.1,90.7,1.9,100,98,2.180,12.8,0.998,99.2,2157,21.2,13.840
2218.8,9.3,8.90,14,0.641,6.3,59.5,10,16.7,4.7,87,576.7,11.3,-5.5,5.0,1.401,2.9,1.6,5.4,43.4,101,108,2.140,37.5,0.887,99.2,2016,9.1,13.760
2236.0,12.5,14.64,14,0.825,16.1,60.0,10,53.2,14.5,86,546.2,35.8,-3.7,11.3,1.681,-0.5,5.3,20.2,0.0,101,98,2.178,31.9,0.887,99.2,1790,6.4,13.766
2253.2,24.1,29.45,14,0.700,31.0,59.6,10,86.0,30.9,86,569.7,75.7,-1.1,30.4,0.998,-0.3,24.7,88.5,4.3,100,103,2.200,12.5,0.997,99.2,2494,24.7,13.760
2270.4,13.9,16.36,14,0.678,13.2,59.4,10,50.0,15.5,86,576.0,52.9,-3.1,16.1,0.995,2.3,12.3,34.3,0.0,100,114,2.191,22.6,0.996,99.2,2159,14.8,13.760
2287.6,17.0,20.51,14,0.707,16.8,59.6,10,58.5,19.0,86,556.5,70.5,-0.8,17.8,1.016,3.1,12.8,43.2,17.3,100,114,2.209,20.8,0.998,99.2,2154,17.6,13.789
2304.8,21.4,27.63,14,0.700,28.4,59.6,10,84.5,30.1,86,572.3,75.9,-1.6,29.8,1.002,-0.8,24.4,0.0,6.8,101,110,2.193,15.5,0.995,99.2,2263,20.4,13.805
2322.0,5.7,6.98,14,0.559,7.3,60.0,10,29.0,12.9,86,576.4,39.3,-3.1,9.5,1.011,1.0,4.5,16.4,0.0,101,111,2.746,0.4,0.486,99.2,2070,8.6,13.696
2339.2,13.6,15.81,14,0.691,11.7,59.6,10,48.3,13.4,86,568.0,44.0,-3.1,14.8,1.002,2.8,11.3,33.6,9.3,100,107,2.184,21.5,0.998,99.2,2016,14.1,13.760
2356.4,19.2,23.49,14,0.680,22.8,59.2,10,76.6,22.2,86,574.7,65.8,-1.6,21.7,0.992,1.2,18.4,77.0,27.1,100,111,2.190,16.0,1.003,99.2,2131,19.2,13.746
2373.6,20.0,24.81,14,0.720,24.7,58.8,10,79.1,24.6,86,578.8,68.7,-0.8,25.0,0.998,2.7,20.4,88.8,1.9,100,118,2.188,13.8,1.003,99.2,2239,20.4,13.746
2390.8,18.4,22.91,14,0.728,21.6,58.1,10,67.4,20.7,86,584.0,57.4,-2.0,18.7,0.999,4.2,16.4,64.4,1.4,100,114,2.172,16.6,1.010,99.2,2150,16.9,13.760
2408.0,19.8,23.90,14,0.692,24.8,58.0,10,80.0,24.8,86,578.2,70.6,-0.8,24.7,1.000,2.2,19.2,57.4,6.5,100,113,2.184,15.4,0.996,99.2,2184,19.9,13.685
2425.2,10.1,13.66,14,0.861,12.6,58.4,10,44.0,12.4,86,556.2,27.3,-4.4,8.6,0.987,-0.2,2.5,5.6,0.0,101,110,3.564,-11.1,1.107,99.2,2064,13.7,13.760
2442.4,17.8,21.37,14,0.698,22.4,58.2,10,78.8,23.2,86,568.0,69.9,-0.8,21.9,1.009,0.8,8.7,21.0,0.0,101,104,2.186,26.9,0.990,99.2,1989,14.5,13.840
2459.6,26.1,31.46,14,0.708,35.0,57.6,10,87.3,35.0,87,592.2,76.9,-1.6,34.8,1.001,1.5,29.8,87.8,0.7,100,105,2.184,12.7,1.000,99.2,2545,26.5,13.760
2476.8,12.8,14.48,14,0.684,13.1,58.0,10,47.5,12.9,87,597.0,40.1,-3.1,12.4,0.994,3.9,8.7,24.1,38.4,100,111,2.204,27.1,0.999,99.2,2100,12.9,13.760
2494.0,4.0,5.02,14,0.836,5.5,58.0,10,16.1,5.5,87,577.3,14.3,-5.5,5.3,1.265,0.5,0.9,4.2,20.7,101,106,2.354,31.1,0.939,99.2,1955,5.8,13.815
2511.2,8.8,8.78,14,0.353,9.9,58.8,10,42.5,12.5,86,549.2,51.0,-2.3,17.0,1.007,1.1,8.4,22.0,0.0,100,96,2.170,33.0,0.995,99.2,1819,9.0,13.760
2528.4,11.5,11.58,14,0.167,12.3,59.2,10,49.4,13.8,86,535.0,48.7,-3.1,14.0,0.995,2.3,11.3,15.2,0.0,101,99,2.261,10.4,0.186,99.2,1837,0.8,13.760
2545.6,20.2,24.56,14,0.740,25.7,59.6,10,81.2,25.9,86,554.8,71.7,-0.8,25.5,0.999,2.4,21.1,90.2,2.2,100,106,2.190,14.0,0.993,99.2,2182,20.1,13.760
2562.8,0.0,4.05,14,0.000,4.7,59.6,10,16.3,4.7,86,531.8,13.5,-5.5,4.7,1.999,0.0,0.4,0.0,0.0,101,87,3.627,-11.3,0.000,99.2,1575,0.3,13.840
2580.0,19.0,18.95,15,0.789,23.4,59.4,10,74.7,26.4,86,500.0,73.1,-1.0,30.8,1.001,-0.6,28.9,89.1,7.6,101,59,2.378,6.9,1.019,99.2,1991,21.9,13.840
2597.2,3.4,6.19,14,0.772,6.1,59.8,10,30.8,5.2,86,476.0,28.3,-2.3,10.1,0.926,-2.8,6.8,22.6,0.0,101,56,2.249,8.9,0.987,99.2,1397,2.1,13.760
2614.4,5.5,8.65,14,0.302,10.2,59.4,10,48.2,8.4,86,479.0,30.7,-2.1,7.9,0.973,0.5,2.3,0.0,0.0,101,58,3.424,-7.6,0.125,99.2,1285,3.4,13.760
2631.6,16.1,16.96,14,0.722,18.0,59.2,10,71.9,18.3,87,517.4,61.9,-1.7,17.0,1.005,2.4,13.7,45.2,0.0,101,73,2.175,16.1,1.000,99.2,1712,16.1,13.792
2648.8,0.0,3.77,14,0.000,4.5,59.6,10,29.6,5.6,87,484.5,29.5,-4.4,6.0,0.956,2.5,2.3,0.3,0.0,101,40,2.723,-4.8,0.442,99.2,1023,0.0,13.659
2666.0,0.0,3.54,14,0.763,4.4,60.5,10,40.2,4.4,87,433.4,30.4,-5.6,4.3,1.010,-7.8,0.4,0.1,0.0,101,0,2.203,-3.9,1.004,99.2,637,0.0,13.520
2683.2,0.0,2.37,15,0.675,3.1,59.1,10,30.0,3.1,87,386.7,22.8,-7.8,3.1,0.993,-3.0,0.8,0.0,0.0,101,0,2.197,10.9,1.000,99.2,583,0.0,13.806
2700.4,15.6,17.98,16,0.677,19.2,57.6,10,72.2,19.1,87,388.9,61.6,-0.8,16.8,1.010,1.9,13.2,41.1,44.9,100,42,2.190,20.9,0.992,99.2,1867,11.1,13.750
2717.6,0.2,4.19,15,0.503,4.8,57.3,10,22.3,4.5,87,389.7,19.1,-5.3,5.1,1.994,0.4,0.4,0.4,0.0,101,62,3.312,2.2,0.289,99.2,1192,1.1,13.760
2734.8,2.4,4.00,15,0.183,4.6,57.9,10,22.0,4.4,86,340.8,25.3,-2.3,6.4,0.934,6.0,2.6,7.4,22.7,151,20,2.605,15.2,0.512,99.2,1145,3.4,13.680
2752.0,0.0,3.26,15,0.706,4.0,57.3,10,30.8,3.5,86,320.3,26.5,-9.5,3.7,0.961,-1.9,0.7,0.0,0.0,101,3,2.195,0.3,1.001,99.2,804,0.0,13.213
2769.2,0.0,0.67,16,0.755,6.3,57.3,-5,0.0,6.3,86,304.0,0.0,4.7,6.7,1.132,0.0,1.6,0.0,0.0,101,0,2.330,13.0,0.999,99.2,0,0.0,12.800
2786.4,0.0,0.67,16,0.755,6.3,57.3,-5,0.0,6.3,86,304.0,0.0,4.7,6.7,1.132,0.0,1.6,0.0,0.0,101,0,2.330,13.0,0.999,99.2,0,0.0,12.800
