BlueDriver Data Log
Oct 2, 2018 6:17:13 PM
Time (s),Engine Coolant Temperature (°C),Catalyst Temperature Bank 1 - Sensor 1 (°C),Absolute Throttle Position B (%),Evap. System Vapor Pressure (Pa),Fuel Level Input (%),Barometric Pressure (kPa),Vehicle Speed (km/h),Absolute Load Value (%),Ambient Air Temperature (°C),Long Term Fuel Trim Bank 1 (%),Commanded Throttle Actuator (%),Commanded Equivalence Ratio (λ),Timing Advance for #1 cylinder (°),Accelerator Pedal Position E (%),Short Term Fuel Trim Bank 1 (%),Calculated Engine Load Value (%),Accelerator Pedal Position D (%),Engine RPM (rpm),Mass Air Flow Rate (g/s),Relative Throttle Position (%),Control Module Voltage (V),Intake Air Temperature (°C),Commanded Evaporative Purge (%),Absolute Throttle Position (%)
0.0,,,,,,,,,,,,,,,,,,,,,,,,
3.0,87,589.8,4.3,0.0,63.9,100,94,12.5,9,-5.6,4.8,0.000,-11.9,1.5,0.0,14.3,1.8,1739,3.79,1.0,14.160,,,
6.0,87,580.1,8.2,0.0,63.9,100,89,12.3,9,-4.7,4.3,0.000,-13.0,5.5,0.0,14.9,8.4,1638,5.94,4.5,14.220,25,2.6,10.1
9.0,87,571.9,11.7,0.0,63.9,100,85,15.6,9,-4.7,4.3,0.000,-12.9,0.0,0.0,13.5,2.7,1592,4.30,2.8,14.240,25,2.3,9.9
12.0,87,559.8,3.9,0.0,63.9,100,77,12.6,9,-4.7,4.0,0.000,-12.7,1.5,0.0,14.3,1.6,1471,3.33,0.9,14.267,25,0.0,3.9
15.0,86,554.7,4.0,0.0,63.9,100,69,13.8,9,-4.7,4.1,0.000,-11.9,1.8,0.0,16.3,2.7,1314,3.48,1.1,14.320,25,0.0,3.9
18.0,86,542.7,3.9,0.0,63.9,100,58,14.9,9,-4.7,4.4,0.000,-10.7,0.0,0.0,18.3,0.0,1231,3.28,0.8,14.314,25,0.0,3.9
21.0,86,528.9,4.8,0.0,64.1,100,46,15.8,9,-4.6,4.7,0.000,-9.0,0.0,0.0,23.5,0.0,1244,4.06,0.8,14.320,25,0.0,4.5
24.0,86,515.1,6.5,0.0,64.7,100,31,24.9,9,-1.0,5.9,0.676,3.8,0.0,4.0,27.3,0.0,1216,4.64,0.6,14.286,25,0.0,5.2
27.0,86,509.0,4.7,0.0,65.0,100,17,44.0,9,-1.3,13.0,0.954,15.4,8.0,2.5,44.4,6.1,1546,9.66,3.7,14.257,25,2.5,7.0
30.0,86,510.7,18.3,0.0,64.9,100,22,62.9,9,-1.0,21.7,1.008,18.7,18.7,-1.8,70.1,18.1,2303,21.76,14.5,14.319,25,18.9,20.0
33.0,86,519.4,28.6,0.0,64.6,100,37,74.6,9,0.0,28.6,1.004,10.0,23.3,0.0,86.3,23.4,2085,25.23,26.0,14.198,26,67.6,28.0
36.0,86,534.2,33.4,3.7,64.3,100,51,76.9,9,-0.0,32.3,0.996,9.1,25.4,0.0,87.5,25.3,2105,25.74,28.0,14.202,26,89.6,37.0
39.0,86,552.1,36.4,18.1,64.3,100,63,75.8,9,0.0,33.4,0.998,9.5,26.1,0.0,88.2,26.3,2148,26.25,29.3,14.240,25,89.4,41.7
42.0,86,572.6,34.7,5.0,64.3,100,66,76.9,9,0.0,33.7,0.996,9.7,26.3,0.5,88.4,26.7,2184,26.66,29.8,14.247,25,89.4,34.0
45.0,86,580.7,34.1,0.0,64.3,100,71,76.6,9,0.0,33.8,1.000,10.1,26.3,1.5,87.8,26.7,2175,26.31,29.0,14.317,24,86.6,34.4
48.0,86,591.8,34.5,1.4,64.3,100,77,76.1,9,0.0,34.1,0.999,10.3,26.4,0.8,86.0,26.6,2252,27.36,30.7,14.320,24,88.2,35.5
51.0,86,601.5,35.7,5.9,64.3,100,82,75.5,9,-0.1,35.4,1.001,10.8,27.4,0.3,87.5,27.5,2309,28.10,31.4,14.320,24,87.9,36.4
54.0,87,611.9,35.4,0.0,64.0,99,83,76.1,9,0.0,35.5,1.001,11.0,27.3,0.0,87.7,26.6,2350,28.14,29.9,14.293,24,88.3,35.7
57.0,87,617.5,32.8,0.0,63.9,99,85,74.9,9,0.0,34.0,1.001,11.4,26.3,0.4,87.1,24.4,2347,27.21,23.9,14.160,24,89.1,28.8
60.0,87,623.7,32.6,0.0,63.8,99,88,74.1,9,0.0,32.3,1.001,12.4,25.3,1.5,85.5,25.1,2322,27.32,27.2,14.223,24,89.0,31.2
63.0,87,629.9,34.4,0.9,63.5,99,92,75.1,9,-0.0,34.3,0.992,11.2,27.1,0.0,85.6,26.7,2373,28.30,29.2,14.240,24,88.3,33.8
66.0,87,636.0,35.7,6.0,63.1,99,95,75.3,9,0.0,35.3,0.999,11.8,27.7,0.4,87.4,28.0,2405,29.04,31.3,14.217,24,87.6,36.2
69.0,87,643.5,39.8,1.7,62.8,99,97,75.3,9,-0.4,38.8,0.999,13.1,28.2,0.8,87.3,28.5,2487,30.18,32.9,14.160,24,86.6,39.1
72.0,87,646.2,38.5,0.9,62.6,99,99,74.1,9,-0.8,41.2,1.000,15.6,28.8,0.9,85.8,28.2,2847,34.57,32.3,14.160,24,86.7,37.6
75.0,87,649.3,36.0,1.3,62.4,99,103,71.6,9,-0.8,35.3,0.996,19.8,27.3,1.6,79.8,27.9,2997,35.01,30.5,14.259,24,86.5,36.5
78.0,87,652.3,35.4,0.1,62.4,99,106,73.3,9,-0.8,35.6,1.002,19.7,28.5,0.6,83.2,28.0,3194,36.66,27.4,14.320,24,86.1,35.4
81.0,87,655.6,30.8,4.2,62.1,99,109,71.1,9,-0.8,33.8,1.000,20.0,27.0,-0.6,82.7,26.3,3310,37.42,23.8,14.320,24,84.6,33.2
84.0,87,656.0,23.3,1.8,62.0,99,110,69.1,9,-0.5,30.7,0.999,18.7,24.0,-1.3,79.0,22.5,3229,34.64,19.5,14.319,24,73.1,24.1
87.0,87,654.3,24.2,0.7,62.0,99,110,69.1,9,-0.1,27.6,1.002,12.0,22.4,0.0,82.8,22.9,2295,28.29,24.4,14.320,24,82.5,28.4
90.0,87,652.8,33.9,1.5,62.0,99,112,73.7,9,-0.8,34.3,0.991,14.0,25.0,1.1,83.1,25.2,2500,28.87,29.1,14.282,24,87.6,33.9
93.0,87,655.9,38.7,0.0,62.0,99,110,74.3,9,-0.8,39.5,1.000,14.2,28.6,0.9,84.9,28.9,2681,32.20,35.2,14.259,24,86.4,40.0
96.0,87,658.6,44.2,6.5,62.0,99,107,74.8,9,-0.8,43.8,0.998,14.7,32.3,-0.1,87.1,33.2,2774,35.22,44.7,14.320,24,84.0,52.0
99.0,87,660.0,46.4,9.1,62.0,99,104,75.2,8,-0.8,46.1,0.989,16.5,35.6,-0.8,83.9,35.8,2965,36.52,40.4,14.320,23,84.7,47.9
102.0,87,660.5,43.5,3.9,62.0,99,102,74.3,8,-0.8,43.2,0.991,17.9,35.4,-0.3,84.5,36.1,3023,36.65,38.1,14.320,23,84.6,43.7
105.0,87,663.7,43.2,0.0,61.7,99,102,74.0,8,-0.8,43.3,0.999,18.5,35.3,0.0,85.0,36.1,3062,36.45,37.4,14.309,23,84.3,43.1
108.0,87,666.3,43.5,0.0,61.6,99,101,74.0,8,-0.8,43.2,0.998,18.5,35.4,0.1,85.5,36.1,3061,36.42,37.5,14.240,23,84.0,43.4
111.0,87,669.3,43.5,0.5,61.5,99,100,74.5,8,-0.8,43.5,0.997,18.4,35.6,0.8,84.7,35.9,3040,36.90,37.6,14.240,23,85.1,43.7
114.0,87,672.4,43.5,1.8,61.2,99,98,74.2,8,-0.8,43.5,0.999,18.5,35.7,0.3,85.1,36.1,3043,37.09,37.6,14.240,23,85.3,44.0
117.0,87,675.4,43.9,0.0,61.2,99,98,74.5,8,-0.8,43.9,0.999,18.3,35.6,0.3,85.0,36.1,3037,36.90,37.6,14.240,23,84.7,44.3
120.0,87,678.2,44.1,0.0,61.2,99,97,74.5,8,-0.8,44.0,0.998,18.0,35.3,0.8,84.7,36.1,3036,36.66,37.5,14.240,23,84.8,44.0
123.0,87,681.2,44.1,2.9,61.2,99,96,74.6,8,-0.8,44.3,0.997,17.9,35.2,0.0,84.4,35.5,2998,36.38,38.1,14.240,23,85.1,44.3
126.0,87,684.0,44.7,11.1,61.2,98,94,75.1,8,-0.8,44.1,1.009,17.7,35.3,-0.5,85.2,35.9,3008,36.60,38.2,14.272,23,84.9,44.5
129.0,87,683.7,43.7,0.0,61.2,98,93,74.3,8,-0.8,43.8,1.005,18.0,35.3,-0.5,85.1,36.1,3029,36.70,38.0,14.291,23,85.5,43.9
132.0,87,686.7,44.2,0.0,61.0,98,92,74.0,8,-0.8,43.6,1.000,18.5,35.5,-0.1,84.4,36.2,3041,36.25,38.0,14.160,23,85.1,43.7
135.0,87,689.6,44.5,0.3,60.8,98,92,74.4,8,-0.8,43.9,1.002,18.5,36.4,-0.8,84.5,36.7,3080,36.43,37.7,14.218,23,85.0,44.1
138.0,87,692.0,44.7,0.8,60.8,98,92,73.6,6,-0.8,44.1,0.998,18.5,36.8,-0.3,84.7,37.1,3080,36.74,38.0,14.276,22,84.7,44.4
141.0,87,691.8,44.6,0.0,60.8,98,92,74.2,6,-0.8,44.3,1.003,18.5,36.9,-0.3,84.8,37.3,3075,36.87,38.0,14.306,21,84.7,44.7
144.0,87,694.6,44.5,0.0,60.8,98,92,74.1,6,-0.8,44.3,1.002,18.5,36.9,-0.8,85.1,37.3,3072,36.96,38.0,14.240,21,84.4,44.5
147.0,87,697.7,44.6,1.8,60.7,98,92,73.9,6,-0.8,44.5,1.000,18.5,36.9,-0.8,85.4,37.2,3021,36.94,38.9,14.278,21,85.2,44.9
150.0,87,700.0,45.0,5.0,60.4,98,90,74.5,6,-0.8,45.4,0.999,18.3,37.7,-1.4,85.8,37.7,3056,37.17,39.2,14.266,21,85.1,45.0
153.0,87,699.8,44.6,3.5,60.4,98,90,74.5,6,-0.8,44.8,1.000,18.7,37.8,-0.9,85.7,38.0,3083,37.20,39.0,14.240,21,82.2,44.7
156.0,87,702.7,44.7,1.3,60.2,98,91,74.5,6,-0.8,44.3,0.998,19.0,37.6,0.0,85.6,38.0,3100,37.11,38.4,14.240,21,53.9,44.5
159.0,87,704.0,45.0,0.0,59.9,98,92,74.5,6,-0.8,44.4,0.997,19.0,37.5,0.0,86.0,37.8,3093,36.94,38.7,14.240,21,23.4,45.1
162.0,87,704.0,45.4,0.0,59.6,98,92,74.4,6,-0.8,44.9,0.995,18.6,37.9,-0.5,86.0,38.0,3107,37.23,38.8,14.240,21,0.0,45.4
165.0,87,703.8,45.0,0.0,59.6,98,92,74.0,6,-0.8,45.1,1.001,18.5,38.0,-1.2,86.2,38.0,3112,37.30,38.9,14.240,21,0.0,45.1
168.0,87,706.6,45.1,0.0,59.6,98,92,74.1,6,-0.8,45.1,1.000,18.6,38.0,-1.3,86.5,38.0,3111,37.26,39.2,14.240,21,0.0,45.3
171.0,87,708.0,45.2,0.0,59.6,98,92,74.3,6,-0.8,45.1,0.999,19.0,38.0,0.0,85.3,37.9,3095,37.30,38.9,14.240,21,51.1,45.3
174.0,87,708.0,45.5,0.2,59.6,97,92,73.7,6,-0.8,45.4,1.003,18.2,38.0,-0.6,85.2,38.0,3069,36.96,39.2,14.273,21,84.7,45.4
177.0,87,708.0,45.5,1.8,59.6,97,92,73.7,6,-0.8,45.3,1.001,18.3,38.0,-0.8,85.1,38.0,3069,36.84,39.3,14.292,21,84.6,45.7
180.0,87,708.0,45.2,1.2,59.4,97,92,74.1,6,-0.8,45.1,0.998,18.8,38.0,-0.6,85.4,38.1,3101,37.29,38.4,14.240,21,84.1,44.6
183.0,87,708.0,45.1,0.5,59.1,97,92,74.3,6,-0.8,45.1,1.000,19.5,38.0,0.0,86.6,38.3,3108,37.36,38.4,14.240,21,84.3,45.2
186.0,87,708.0,45.1,0.1,58.8,97,92,73.7,6,-0.8,45.0,0.996,19.4,38.0,0.0,86.1,38.4,3104,37.46,38.4,14.240,21,84.5,45.5
189.0,87,708.0,45.1,0.8,58.8,97,92,73.5,6,-0.8,45.1,1.001,19.2,38.0,-0.9,85.9,38.4,3100,37.46,38.7,14.240,21,84.7,45.5
192.0,87,707.6,45.4,2.8,58.8,97,93,73.7,6,-0.8,45.1,1.001,19.0,38.0,-1.3,85.8,38.4,3097,37.28,39.2,14.229,21,84.6,45.4
195.0,87,708.0,45.5,2.2,58.8,97,96,73.2,6,-0.8,43.5,0.999,19.0,36.1,-0.6,84.7,37.7,3086,36.47,39.1,14.080,21,84.1,45.8
198.0,87,705.9,35.9,0.6,58.9,97,100,67.6,6,-0.8,38.7,0.996,18.9,18.3,2.3,69.1,5.9,2265,16.14,17.4,14.123,21,44.8,27.5
201.0,87,699.8,4.3,0.0,59.2,97,98,10.2,6,-4.7,14.8,0.337,-0.5,7.7,1.0,39.9,2.9,1841,4.57,0.7,14.160,21,0.0,4.5
204.0,87,675.7,5.5,0.0,60.0,97,94,14.8,6,-5.4,5.3,0.000,-10.4,0.6,0.0,17.0,3.5,1780,6.61,1.5,14.167,21,0.0,5.5
207.0,87,663.7,7.0,0.0,60.6,97,94,25.5,6,-3.7,6.1,0.269,-4.2,1.3,0.0,23.0,10.8,1772,13.07,8.2,14.240,21,5.5,11.2
210.0,87,650.8,6.6,0.0,60.9,97,96,33.0,6,-2.2,5.4,0.926,4.5,0.0,0.0,15.7,0.0,1925,4.31,2.5,14.299,21,2.1,8.4
213.0,87,638.3,4.6,0.0,61.2,97,96,11.8,6,-6.2,4.7,0.000,-13.0,0.0,0.0,13.9,0.0,1903,3.97,0.8,14.320,22,0.0,4.8
216.0,87,616.0,4.3,0.0,62.0,98,96,10.7,6,-6.2,4.5,0.000,-6.9,3.2,0.0,14.6,3.2,1861,4.63,1.3,14.307,23,0.2,4.4
219.0,86,610.6,5.9,7.0,62.0,98,97,14.8,6,-6.2,5.4,0.371,3.0,4.9,0.6,16.1,6.7,1822,6.41,3.0,14.240,23,2.0,6.7
222.0,86,600.2,5.6,6.4,62.3,98,98,17.0,6,-6.2,6.6,0.845,10.4,0.0,2.2,13.3,0.0,1875,3.59,0.4,14.240,23,0.6,5.1
225.0,86,586.6,4.5,0.0,62.8,98,98,10.3,6,-6.2,4.3,0.000,-13.0,0.0,0.0,12.5,0.0,1883,3.59,0.6,14.258,23,0.0,4.6
228.0,86,571.7,5.1,0.0,63.1,98,98,13.3,6,-6.2,4.9,0.000,-11.8,0.9,0.0,14.4,0.0,1870,4.02,0.6,14.260,23,0.0,5.2
231.0,86,556.1,5.4,0.0,63.4,98,98,13.8,6,-6.2,5.3,0.000,-10.6,1.0,0.0,16.0,0.0,1856,4.47,0.5,14.251,23,0.0,5.5
234.0,86,545.3,6.5,0.0,63.5,98,98,16.7,6,-6.2,6.0,0.264,1.9,1.5,1.0,16.7,0.5,1874,4.14,0.8,14.320,23,0.0,4.8
237.0,86,536.4,5.9,0.0,63.4,98,98,18.4,6,-6.2,6.7,0.796,38.6,7.1,5.5,22.7,4.7,1862,4.96,2.0,14.320,23,0.0,4.2
240.0,86,529.5,4.4,0.0,63.1,98,100,10.2,6,-6.2,4.3,0.000,-13.0,0.0,1.5,15.5,1.7,1870,4.11,1.4,14.280,23,0.0,4.1
243.0,86,520.0,4.7,0.0,62.7,98,98,12.7,6,-6.2,5.1,0.568,15.0,2.9,7.5,14.8,3.1,1864,4.62,1.9,14.264,24,0.4,5.0
246.0,86,516.3,7.0,3.0,62.7,98,99,18.8,6,-6.2,6.8,0.939,29.9,3.3,11.1,16.6,6.5,1864,6.33,4.2,14.314,24,2.0,8.2
249.0,86,514.0,6.4,2.4,62.7,98,101,19.8,6,-6.2,7.6,0.846,19.0,0.0,4.5,14.9,5.9,1912,6.17,3.5,14.240,24,2.0,7.2
252.0,86,508.7,4.8,0.0,62.7,98,102,12.5,6,-6.2,5.1,0.000,-11.5,0.0,0.0,14.9,2.1,1920,5.21,1.9,14.318,24,1.2,6.1
255.0,86,496.1,5.1,0.0,62.7,98,102,14.8,6,-6.2,6.3,0.505,15.0,2.8,4.6,18.5,2.2,1917,4.99,0.9,14.383,24,0.3,5.3
258.0,86,493.3,7.9,0.0,62.7,98,102,23.5,6,-4.3,8.0,0.928,39.6,6.8,7.4,25.0,6.5,1914,6.41,2.7,14.320,24,2.4,7.5
261.0,86,492.0,7.6,0.0,62.7,98,103,26.3,6,-2.3,8.9,0.927,37.0,9.4,-2.3,31.0,9.4,2012,8.87,5.1,14.320,24,8.4,8.7
264.0,86,489.4,5.0,0.0,62.8,98,104,11.0,6,-6.2,4.7,0.000,-13.0,0.0,-0.6,17.7,3.1,1965,5.83,2.8,14.320,24,6.6,7.4
267.0,86,480.1,4.7,0.0,63.5,98,102,10.4,6,-6.2,5.0,0.675,9.8,2.2,4.7,13.7,2.0,1916,4.13,1.2,14.320,24,0.0,4.3
270.0,86,477.4,4.5,0.0,63.5,98,101,10.2,6,-6.2,4.8,0.770,19.3,3.4,8.6,14.9,4.7,1874,5.10,2.4,14.320,24,0.0,4.3
273.0,86,470.0,4.3,0.0,63.5,98,100,10.9,6,-6.2,4.3,0.000,-13.0,0.0,0.0,11.8,0.0,1862,3.48,1.3,14.320,24,0.0,4.3
276.0,86,460.0,4.7,0.5,63.5,98,98,17.3,6,-6.2,7.5,0.657,22.8,6.2,5.1,23.2,5.3,1849,6.08,3.0,14.320,24,0.6,5.6
279.0,86,460.3,9.4,11.2,63.5,98,98,25.0,6,-3.6,8.5,0.949,38.9,9.8,4.6,32.7,9.8,1848,8.89,5.9,14.320,24,2.6,9.4
282.0,86,460.0,9.4,4.7,63.5,98,98,23.2,6,-3.2,8.2,1.003,30.9,8.2,-2.0,32.0,9.0,1876,8.98,5.9,14.320,24,10.2,9.4
285.0,86,456.8,7.5,0.0,63.6,98,98,12.8,6,-6.2,5.4,0.915,4.5,0.0,0.0,11.8,0.0,1887,3.43,2.4,14.320,24,4.2,6.6
288.0,86,450.2,4.3,0.0,63.9,98,96,10.2,6,-6.2,4.3,0.000,-7.9,0.0,0.0,11.6,0.0,1830,3.32,0.8,14.320,24,0.0,4.3
291.0,86,440.2,4.3,0.0,64.2,98,89,10.2,6,-6.2,4.3,0.000,-13.0,0.0,0.0,11.5,0.0,1787,3.23,1.2,14.320,24,0.0,4.4
294.0,86,437.5,10.1,15.7,64.3,98,85,28.1,6,-4.4,7.6,0.284,-6.9,2.4,-0.5,17.6,1.2,1784,3.54,2.4,14.320,24,0.4,9.4
297.0,86,442.1,15.0,20.0,64.3,98,85,54.3,6,-0.8,15.2,1.012,19.0,15.3,-3.9,67.4,15.3,1725,15.65,10.1,14.320,24,14.8,13.2
300.0,86,454.3,17.3,0.5,64.3,98,88,59.5,6,-0.8,19.2,0.994,17.6,16.6,-1.9,72.0,16.6,1814,17.75,15.3,14.287,24,47.4,17.8
303.0,86,468.2,20.8,10.5,64.3,97,91,62.8,6,-0.3,18.2,1.000,18.8,16.4,-0.8,72.4,17.1,1848,19.19,17.5,14.266,24,93.0,21.1
306.0,86,473.2,10.6,4.4,64.1,98,92,40.1,6,-1.8,12.9,0.718,21.5,13.6,-0.1,60.6,15.1,1753,16.87,16.9,14.400,24,89.6,20.0
309.0,86,474.3,5.8,0.6,63.9,98,91,11.3,6,-4.7,4.3,0.048,23.0,7.1,3.1,18.8,8.2,1675,6.16,7.2,14.343,24,36.7,12.9
312.0,86,472.0,7.5,1.6,63.9,98,88,15.7,6,-4.7,7.8,0.997,35.9,10.3,-1.9,36.7,10.1,1659,8.63,2.0,14.320,24,2.3,7.9
315.0,86,472.0,3.9,0.0,64.3,98,84,32.7,6,-2.0,8.3,1.008,39.5,11.8,-4.3,48.9,12.2,1650,11.56,4.1,14.320,24,4.9,9.3
318.0,86,472.3,6.9,7.0,64.0,98,84,32.1,6,-0.8,8.2,1.005,39.5,11.1,-4.2,47.7,12.6,1636,12.56,10.3,14.320,24,12.8,14.1
321.0,86,472.0,6.4,4.7,63.9,98,84,27.8,6,-0.8,8.6,0.999,37.3,9.4,-3.2,35.0,9.5,1587,8.21,5.5,14.320,24,9.8,8.4
324.0,86,473.4,8.2,7.4,63.9,98,84,31.9,6,-0.8,10.9,1.009,27.5,11.8,-3.9,50.5,11.8,1675,10.84,7.7,14.320,24,7.8,8.2
327.0,86,476.0,14.3,25.1,63.9,98,86,57.2,6,-0.8,16.5,0.997,30.3,11.3,-0.8,47.8,11.8,1675,11.29,6.0,14.350,24,4.3,8.7
330.0,86,476.3,4.3,0.0,63.9,98,87,28.9,6,-3.1,10.4,0.939,32.4,10.5,5.7,39.6,11.1,1668,10.28,2.5,14.388,24,0.0,3.9
333.0,86,476.0,8.7,0.0,63.9,98,89,23.2,6,-3.4,7.3,0.916,32.6,10.1,9.9,31.3,10.0,1655,8.66,6.3,14.320,24,3.6,9.3
336.0,86,477.8,8.4,0.0,63.9,98,91,33.8,6,-1.4,10.8,0.999,30.1,11.3,-3.1,45.5,11.4,1737,11.08,7.4,14.320,24,7.5,8.5
339.0,86,479.1,4.6,0.0,63.9,98,92,17.3,6,-4.7,7.1,0.999,39.9,8.2,-1.6,31.8,9.2,1720,8.38,5.7,14.361,24,7.4,7.3
342.0,86,476.0,5.9,0.0,63.9,98,92,19.1,6,-4.7,9.3,0.998,31.9,10.3,-2.4,37.5,9.8,1775,7.76,4.2,14.373,24,6.5,7.6
345.0,86,476.2,7.8,0.0,63.9,98,93,25.2,6,-3.0,9.6,0.997,31.3,11.2,-2.6,44.6,11.8,1827,10.27,5.5,14.311,24,13.2,7.8
348.0,86,478.5,13.7,0.0,63.9,98,96,41.1,6,-1.6,11.7,0.997,34.7,11.2,-1.5,42.0,13.2,1773,13.44,9.8,14.320,24,62.6,14.2
351.0,86,485.2,17.8,2.0,63.9,97,98,58.2,6,-1.6,17.5,0.996,19.0,16.5,-0.8,70.9,16.5,1962,18.86,13.7,14.320,24,81.3,17.4
354.0,86,492.9,17.2,6.0,63.9,97,98,47.9,6,-1.6,7.5,0.999,30.7,13.0,-3.2,54.8,14.5,1868,15.91,12.4,14.362,24,94.4,16.7
357.0,86,496.0,13.7,6.0,63.5,97,96,50.9,6,-1.6,9.1,0.995,26.6,12.8,-3.5,54.3,13.9,1814,14.71,11.8,14.327,24,95.1,14.8
360.0,86,501.7,7.9,2.2,63.5,98,95,30.7,6,-2.9,7.4,1.041,24.2,12.2,-0.8,53.8,14.3,1788,15.22,14.1,14.162,23,94.0,18.4
363.0,86,504.0,5.4,3.4,63.4,98,93,16.4,6,-4.2,4.8,1.110,28.9,9.4,6.2,33.3,15.3,1725,15.54,13.3,14.399,23,32.7,9.6
366.0,86,504.0,6.9,7.3,63.1,98,90,37.6,6,-0.8,12.2,1.009,25.9,11.6,-1.3,42.5,5.1,1717,8.46,7.0,14.400,23,0.0,5.1
369.0,86,504.1,11.0,0.0,62.7,98,92,20.0,6,-3.3,7.1,0.434,5.9,6.2,-2.1,30.8,0.5,1707,3.20,0.8,14.400,23,0.1,6.2
372.0,86,498.8,8.6,0.0,62.7,98,91,24.6,6,-3.2,6.7,0.284,-4.8,2.3,-0.5,16.8,1.6,1704,3.14,0.8,14.400,23,0.4,5.1
375.0,86,494.6,6.1,0.0,62.7,98,90,31.6,6,-1.1,12.2,1.013,26.0,12.2,-3.1,51.3,5.1,1750,4.29,1.1,14.301,24,0.2,4.5
378.0,86,491.8,3.9,0.0,62.7,99,92,10.2,6,-4.7,3.9,0.288,0.6,6.8,-1.2,30.5,5.7,1738,4.68,1.8,14.297,24,0.5,4.7
381.0,86,484.2,13.3,3.0,62.7,98,93,21.7,6,-3.1,4.1,0.456,3.2,3.8,0.5,13.8,4.7,1731,4.79,2.4,14.400,24,2.4,9.0
384.0,86,481.8,8.8,2.2,62.7,98,94,24.0,6,-2.4,4.3,1.033,29.8,4.1,1.8,14.9,0.0,1750,3.22,0.8,14.400,23,0.6,5.4
387.0,86,479.0,5.0,1.5,62.7,99,94,12.2,6,-4.7,4.3,1.118,32.9,1.2,7.0,12.5,2.5,1758,3.52,1.7,14.400,23,0.9,4.9
390.0,86,476.1,7.8,7.8,62.7,99,94,40.7,6,-2.6,10.7,1.055,26.9,8.6,1.9,38.5,9.0,1826,8.07,2.5,14.400,23,1.7,6.0
393.0,86,479.0,7.3,9.0,62.5,99,96,31.4,6,-3.6,10.6,1.003,16.1,11.0,-2.3,54.5,12.6,1906,13.53,2.6,14.398,23,0.0,4.3
396.0,86,475.5,5.6,4.7,62.4,99,98,18.6,6,-6.2,4.6,0.796,0.8,0.0,0.0,12.5,0.0,1875,3.43,0.8,14.320,24,0.0,4.3
399.0,86,466.7,4.3,0.0,62.4,99,98,10.2,6,-6.2,4.3,0.000,-13.0,0.0,0.0,11.8,0.0,1855,3.43,0.8,14.368,24,0.0,4.3
402.0,86,455.7,4.4,0.3,62.4,99,96,10.2,6,-6.2,5.5,0.638,19.4,1.2,7.0,12.9,1.1,1831,3.42,0.8,14.400,24,0.1,4.8
405.0,86,452.4,6.7,11.2,62.1,99,96,14.5,6,-6.2,6.5,0.940,37.5,4.5,9.9,19.2,4.2,1822,4.54,1.3,14.396,24,0.4,6.3
408.0,86,454.1,7.8,6.1,62.0,99,97,19.0,6,-5.2,7.6,1.012,40.0,9.3,5.7,32.4,11.0,1862,11.07,7.1,14.320,24,8.6,10.0
411.0,86,454.9,7.9,0.0,62.1,99,98,21.8,6,-1.6,7.8,1.004,39.9,8.2,-3.1,27.5,5.5,1862,7.53,5.0,14.320,24,10.8,8.5
414.0,86,451.8,4.3,0.0,62.4,99,98,10.2,6,-4.9,5.4,0.345,7.9,3.5,-1.4,19.0,2.8,1851,4.76,2.6,14.320,24,7.9,4.9
417.0,86,440.4,4.3,0.0,62.4,99,96,10.2,6,-6.2,4.3,0.000,-13.0,0.0,0.0,11.4,0.0,1819,3.34,0.8,14.324,24,0.0,4.3
420.0,86,435.6,4.1,0.0,62.5,99,92,10.2,6,-5.8,4.2,0.000,-13.0,0.0,0.0,11.4,0.0,1750,3.11,0.8,14.400,24,0.0,4.0
423.0,86,427.7,3.9,0.0,62.8,99,88,10.5,6,-4.7,4.0,0.021,-13.0,0.0,0.0,11.8,0.0,1678,3.04,0.8,14.400,24,0.0,3.9
426.0,86,420.0,4.4,0.0,63.1,99,86,12.5,6,-4.7,6.3,0.883,27.2,6.4,4.2,24.2,5.6,1640,5.51,2.8,14.361,24,1.5,4.9
429.0,86,420.1,7.1,0.0,63.1,99,86,16.4,6,-4.7,5.3,0.958,37.8,7.1,3.7,24.9,8.4,1629,7.09,5.0,14.341,24,6.3,7.6
432.0,86,420.0,14.8,30.4,63.1,98,88,40.6,6,-3.4,10.4,1.001,30.1,8.6,0.2,30.4,9.5,1681,7.92,6.5,14.398,24,16.9,12.2
435.0,86,429.8,20.4,27.5,63.1,98,92,65.4,6,-1.3,20.2,0.995,16.7,17.5,-1.6,75.3,17.3,1937,20.22,16.5,14.320,23,68.2,17.8
438.0,86,446.7,23.4,3.8,63.1,98,96,70.5,6,-0.0,25.9,1.011,13.0,20.4,-1.6,83.3,19.8,2101,23.39,19.2,14.364,23,89.5,22.9
441.0,86,464.3,25.5,24.9,62.7,98,100,67.2,6,0.0,24.7,1.008,14.1,20.2,-1.3,82.8,20.5,2150,23.21,17.3,14.400,23,81.4,23.6
444.0,86,480.7,15.2,25.0,62.6,98,100,66.5,6,-0.2,22.5,1.004,15.6,20.0,-0.8,81.6,20.0,2100,18.49,5.1,14.399,23,34.0,10.2
447.0,86,481.8,16.9,23.0,62.4,98,100,62.7,6,-1.6,11.4,0.999,37.9,16.3,-1.4,69.6,18.2,1985,19.02,11.2,14.363,23,57.1,14.6
450.0,86,492.0,29.0,0.0,62.0,98,102,70.3,6,-0.5,22.0,0.992,23.2,18.7,0.3,73.2,19.3,2031,21.66,19.0,14.341,23,92.8,23.2
453.0,86,504.1,28.1,0.0,61.7,98,104,72.5,6,0.0,27.8,0.997,13.0,22.1,1.6,84.1,22.1,2241,25.76,23.1,14.393,23,90.2,27.8
456.0,86,514.0,28.0,0.0,61.8,98,108,73.2,6,-0.3,29.0,1.007,15.4,22.8,0.1,83.7,22.7,2366,26.79,23.5,14.320,23,89.3,28.1
459.0,86,528.7,30.8,0.0,62.0,98,112,74.1,6,-0.8,32.1,0.995,15.0,25.1,0.8,85.0,25.9,2649,30.26,27.5,14.377,22,88.4,32.0
462.0,86,542.8,34.2,0.0,62.0,98,116,72.9,6,-0.8,30.6,0.997,16.5,23.5,0.8,84.5,24.2,2602,30.36,27.5,14.319,21,88.0,34.0
465.0,86,552.0,32.9,0.0,62.0,98,122,72.1,6,-0.8,31.7,1.000,17.1,23.6,0.4,83.3,23.7,2646,30.58,26.3,14.289,21,88.2,32.6
468.0,86,560.1,23.4,29.2,62.0,98,124,64.5,6,-0.8,26.8,1.001,18.9,21.7,-0.2,79.8,22.4,2661,30.04,24.9,14.391,21,88.3,28.6
471.0,86,564.8,17.4,17.2,62.0,98,126,55.0,6,-0.5,20.3,1.001,21.4,17.7,-1.0,72.4,17.5,2387,22.77,15.7,14.320,21,92.7,22.8
474.0,86,569.4,16.2,0.0,62.1,97,126,50.0,6,0.0,18.1,1.002,23.5,16.1,-3.1,65.4,15.3,2374,18.25,11.6,14.320,21,94.0,18.0
477.0,86,572.3,18.8,0.0,62.4,97,124,58.0,6,-0.0,19.2,0.999,23.2,16.1,-2.6,65.7,16.0,2368,19.18,11.5,14.350,21,84.3,16.2
480.0,86,576.0,19.2,0.0,62.4,98,124,57.6,6,0.0,19.4,0.998,22.8,16.3,-1.8,66.5,16.5,2362,21.56,13.8,14.392,21,58.0,18.8
483.0,86,578.3,19.0,0.0,62.2,99,125,57.0,6,0.0,19.4,0.995,22.6,16.5,-0.9,67.8,16.5,2363,21.80,14.1,14.320,21,93.1,19.2
486.0,86,581.2,19.3,0.0,62.1,98,126,57.1,6,-0.0,18.8,0.998,23.0,16.5,-1.6,67.4,16.5,2386,21.52,13.9,14.366,21,92.7,19.4
489.0,86,584.1,20.8,0.0,62.4,98,126,62.6,6,0.0,21.0,1.002,22.1,17.6,-1.6,71.5,17.5,2405,22.86,15.0,14.400,21,92.0,20.3
492.0,86,588.0,22.3,1.4,62.4,98,127,63.2,6,-0.4,22.0,1.000,21.5,18.4,-0.2,74.8,18.4,2432,24.67,17.3,14.391,21,91.4,22.7
495.0,86,590.5,22.1,0.9,62.4,98,129,60.5,6,-0.5,20.8,0.999,21.9,18.1,2.2,73.6,18.3,2450,24.70,17.3,14.320,21,91.2,21.6
498.0,86,593.4,20.0,3.5,62.4,98,130,51.4,6,0.0,17.7,1.003,24.0,16.1,1.6,64.6,16.5,2448,21.55,14.6,14.372,21,92.2,20.3
501.0,86,595.0,16.2,13.0,62.4,98,130,12.5,6,-0.0,5.5,0.277,4.1,6.7,0.7,37.4,8.2,2402,14.03,8.3,14.400,21,70.0,16.2
504.0,86,576.0,5.5,3.4,62.6,99,126,22.3,6,-0.8,8.7,0.419,9.3,0.0,2.7,14.2,0.0,2330,4.84,0.5,14.393,21,0.0,5.5
507.0,86,566.5,5.3,0.0,62.6,99,122,22.7,6,-2.9,10.1,0.680,30.0,0.0,7.9,16.3,0.0,2262,4.74,0.8,14.320,21,0.0,5.2
510.0,86,552.5,5.0,0.0,62.4,99,116,10.9,6,-6.2,5.1,0.001,-11.5,0.0,0.0,12.5,0.0,2049,4.20,0.5,14.373,22,0.0,4.9
513.0,86,538.4,5.4,9.7,62.4,99,104,10.2,6,-6.2,4.7,0.882,-3.3,0.0,0.0,12.3,0.0,1990,3.83,0.6,14.400,23,0.4,5.2
516.0,86,528.1,11.0,126.4,62.7,98,104,17.1,6,-6.2,4.7,0.395,-5.9,0.0,0.0,12.2,0.0,1952,3.70,0.7,14.400,23,1.1,6.6
519.0,86,520.2,7.0,50.4,62.7,99,103,15.7,6,-6.2,4.7,0.000,-13.0,0.4,0.0,12.1,0.3,1977,3.81,0.4,14.400,23,0.0,4.7
522.0,86,510.4,5.2,24.3,62.8,99,101,12.0,6,-6.2,4.8,0.119,-8.7,1.6,0.6,11.8,1.6,1912,3.61,0.8,14.400,23,0.0,4.4
525.0,86,502.8,6.0,48.6,63.1,99,98,20.1,6,-6.1,5.1,0.883,37.9,1.2,19.5,14.1,1.6,1831,3.44,0.8,14.355,23,3.9,3.9
528.0,86,500.3,6.2,0.0,63.1,99,94,50.2,6,-1.6,14.3,0.978,26.5,10.0,7.0,43.4,7.9,1859,8.73,3.9,14.320,23,31.5,6.4
531.0,86,504.1,5.1,0.0,62.8,98,94,34.8,6,-1.6,17.1,1.010,19.3,16.2,-1.4,68.8,12.9,1920,13.73,8.8,14.320,23,94.9,15.6
534.0,86,506.4,6.4,5.5,62.7,98,95,30.4,6,-1.6,17.5,1.013,17.2,17.9,-2.1,77.4,13.2,1936,12.84,9.4,14.320,23,95.6,12.5
537.0,86,509.5,7.0,7.3,62.6,97,96,40.4,6,-1.6,17.1,1.012,18.0,17.3,-0.8,74.8,18.0,1887,18.55,15.5,14.373,23,48.4,9.1
540.0,86,512.7,5.7,0.0,62.4,99,94,55.7,6,-1.6,15.3,0.998,20.2,16.5,1.3,69.4,15.1,1850,16.76,9.6,14.400,23,41.3,7.5
543.0,86,516.0,4.3,0.0,62.4,99,94,29.0,6,-3.6,8.6,0.992,4.9,10.5,1.3,44.7,9.7,1786,10.86,0.3,14.400,23,96.5,10.1
546.0,86,513.9,6.6,8.8,62.4,98,93,27.9,6,-3.5,7.5,0.993,-7.2,5.1,-0.3,16.9,4.4,1719,3.83,1.6,14.400,23,96.2,8.6
549.0,86,512.5,8.9,20.1,62.4,97,92,47.8,6,-0.8,15.3,1.011,20.9,14.9,-2.3,65.3,14.9,1837,16.07,7.3,14.400,-20,91.5,9.0
552.0,86,516.1,8.2,37.8,62.1,97,96,33.6,6,-4.0,8.9,0.999,23.6,11.3,-2.3,49.1,12.8,1837,13.67,9.9,14.400,23,74.8,10.0
555.0,86,511.2,6.0,17.1,62.2,98,98,19.7,6,-6.2,4.0,0.750,19.7,5.0,-2.0,16.4,7.6,1837,6.55,0.8,14.400,23,0.0,4.3
558.0,86,502.8,4.9,23.6,62.5,99,97,10.2,6,-6.2,4.3,0.000,-13.0,0.0,0.0,11.8,0.0,1837,3.40,0.8,14.400,23,0.0,4.3
561.0,86,491.3,6.2,87.0,62.7,99,94,10.2,6,-6.2,4.3,0.000,-13.0,0.0,0.0,11.6,0.0,1806,3.31,0.8,14.370,23,0.0,4.2
564.0,86,480.2,3.9,0.0,63.0,99,90,10.2,6,-5.4,4.1,0.000,-13.0,0.0,0.0,11.5,0.0,1729,3.15,0.8,14.320,23,0.0,3.9
567.0,86,475.2,4.6,11.4,63.1,99,86,12.1,6,-4.7,4.2,0.191,-4.7,1.1,1.2,13.0,0.4,1599,2.97,0.8,14.320,23,0.0,3.9
570.0,86,472.0,6.4,15.8,63.1,99,82,17.6,6,-4.4,5.2,0.884,40.0,8.2,11.7,27.5,8.2,1562,6.79,2.7,14.373,23,51.2,6.5
573.0,86,472.0,9.4,0.0,63.1,97,84,29.0,6,-0.8,7.5,0.961,39.7,8.7,4.4,31.6,8.6,1579,7.03,3.6,14.400,23,95.4,8.6
576.0,86,472.3,7.5,0.0,63.1,97,84,30.2,6,-0.8,7.8,0.997,38.3,9.3,-0.7,37.0,9.3,1603,7.51,3.9,14.400,23,91.7,7.1
579.0,86,472.0,8.6,0.0,63.0,97,84,31.3,6,-0.8,8.3,0.989,35.5,10.2,2.3,43.1,10.6,1625,9.53,5.7,14.400,23,94.5,9.0
582.0,86,473.2,10.4,4.9,62.7,97,86,30.6,6,-0.8,9.0,0.996,23.4,12.2,2.3,52.6,12.0,1646,11.42,7.8,14.400,23,96.1,11.5
585.0,86,480.1,8.6,51.7,62.7,98,86,23.7,6,-3.1,7.3,0.999,28.9,12.1,0.8,54.7,12.9,1651,12.89,9.1,14.385,23,95.4,13.7
588.0,86,482.3,12.0,25.3,62.6,98,86,34.9,6,-3.8,9.8,1.001,32.1,11.7,-1.5,50.3,12.9,1625,12.50,7.8,14.320,23,96.3,9.8
591.0,86,485.1,14.4,20.0,62.3,98,86,64.9,6,-1.6,20.8,1.002,14.0,18.8,0.8,79.9,18.8,1811,17.53,8.1,14.367,23,58.0,7.5
594.0,86,487.9,12.9,93.0,62.0,98,86,61.1,6,-0.8,15.4,0.997,29.2,8.3,4.1,48.6,9.8,1752,12.68,5.5,14.350,23,10.3,4.2
597.0,86,484.2,6.5,29.9,62.3,99,83,33.6,6,-2.7,9.1,0.582,22.1,0.0,5.1,16.9,0.0,1556,3.04,0.8,14.247,23,0.0,3.9
600.0,86,478.0,3.9,0.0,62.5,99,79,11.2,6,-4.7,3.9,0.000,-13.0,0.1,0.0,13.7,0.0,1425,2.98,0.8,14.400,23,0.0,3.9
603.0,86,470.1,4.7,12.7,62.7,99,76,13.3,6,-4.7,3.9,0.000,-13.0,3.1,0.0,14.3,1.9,1399,3.40,1.9,14.400,23,22.2,5.2
606.0,86,464.0,7.5,66.7,62.4,98,76,34.5,6,-2.1,6.4,0.619,6.4,1.4,0.0,15.4,1.5,1413,3.44,2.1,14.400,23,43.3,6.6
609.0,86,458.4,5.2,25.0,62.6,99,76,24.5,6,-2.3,6.5,0.688,12.0,0.0,0.0,16.0,0.0,1451,3.09,0.8,14.400,23,0.0,3.9
612.0,86,451.2,3.9,0.0,62.8,99,76,12.8,6,-4.7,4.0,0.004,-13.0,0.0,0.0,13.7,0.0,1462,3.06,0.8,14.347,23,0.0,3.9
615.0,86,444.0,4.2,0.0,63.1,100,78,18.0,6,-4.7,7.1,0.883,23.7,6.1,2.5,27.2,5.3,1483,5.53,2.3,14.352,23,30.1,5.1
618.0,86,444.1,9.4,0.0,63.1,98,81,36.9,6,-2.4,10.2,0.951,30.4,9.6,1.6,38.5,9.6,1525,8.43,4.7,14.385,23,96.9,8.3
621.0,86,449.5,11.2,0.0,62.9,97,82,48.4,6,-0.8,12.6,1.004,22.5,7.6,0.3,39.6,9.8,1571,9.24,5.8,14.320,23,96.4,10.6
624.0,86,453.8,10.4,51.2,62.7,98,82,51.5,6,-0.8,13.1,0.999,24.7,0.3,7.8,20.4,4.7,1537,4.56,0.8,14.320,23,46.2,6.4
627.0,86,457.4,7.7,123.8,62.7,98,80,53.3,6,-0.8,14.5,1.012,18.9,14.9,-3.1,52.8,11.1,1612,10.65,6.2,14.351,23,45.9,6.8
630.0,86,464.1,7.1,61.4,62.4,98,80,36.2,6,-0.8,10.6,1.003,23.8,13.6,-1.6,63.9,14.0,1610,14.17,11.0,14.379,23,92.5,13.4
633.0,86,466.6,6.4,27.2,62.2,98,79,27.6,6,-0.8,7.6,0.995,31.3,11.5,0.8,53.5,12.2,1497,11.46,7.8,14.320,23,41.9,4.3
636.0,86,469.5,8.9,0.0,62.0,99,78,32.1,6,-0.8,7.9,0.995,39.0,10.2,0.8,45.1,11.8,1437,11.00,8.4,14.373,24,72.5,9.2
639.0,86,473.5,14.7,0.0,62.0,98,78,58.0,6,-0.8,15.3,0.987,25.0,13.5,2.9,59.9,13.7,1562,13.23,10.1,14.400,24,95.4,14.2
642.0,86,484.1,16.5,0.0,62.3,98,79,57.5,6,-0.8,15.8,0.994,19.3,15.1,3.6,68.5,15.2,1678,15.23,12.1,14.387,24,94.9,16.5
645.0,86,489.1,8.8,0.0,62.4,98,82,44.0,6,-2.1,13.5,1.003,22.2,14.6,1.6,66.8,15.4,1729,15.80,13.3,14.320,24,94.8,16.5
648.0,86,493.5,3.6,0.0,62.3,99,86,21.4,6,-4.7,7.7,1.012,33.5,11.4,-7.0,51.4,12.9,1625,12.62,10.4,14.320,23,95.3,14.0
651.0,86,493.9,3.9,0.0,62.0,99,88,11.0,6,-4.7,3.9,0.000,-1.0,3.3,-2.3,26.3,5.1,1611,7.57,5.3,14.320,23,62.7,9.3
654.0,86,480.1,3.9,0.0,62.0,100,85,11.0,6,-4.7,4.4,0.483,1.5,0.0,4.5,12.5,0.0,1591,3.02,0.8,14.320,23,0.0,3.9
657.0,86,474.7,3.9,0.0,62.2,100,84,13.9,6,-4.7,5.2,0.884,21.8,1.6,9.6,15.1,0.9,1574,3.22,0.8,14.320,24,0.0,3.9
660.0,86,472.0,4.8,0.0,62.4,99,84,19.7,6,-4.3,6.4,0.888,40.0,7.8,7.0,28.2,7.8,1562,6.50,2.5,14.320,24,43.5,5.3
663.0,86,472.0,6.6,1.1,62.4,98,84,29.8,6,-0.8,7.8,1.012,38.6,9.4,-4.1,35.2,9.0,1583,7.68,4.1,14.356,24,79.3,7.0
666.0,86,472.1,9.0,10.5,62.4,97,84,37.7,6,-0.8,9.5,0.998,33.1,10.7,-5.3,43.6,10.3,1608,9.04,4.5,14.384,24,93.9,8.4
669.0,86,474.7,6.7,21.1,62.2,98,83,33.2,6,-0.8,8.9,0.984,31.0,10.6,3.5,47.7,11.0,1615,9.65,2.4,14.320,24,66.7,5.5
672.0,86,474.2,4.8,17.1,62.0,98,81,20.3,6,-1.3,5.7,0.901,40.0,7.5,9.4,29.4,8.2,1500,6.68,0.8,14.320,24,41.0,4.2
675.0,86,469.4,3.9,0.0,62.0,99,78,11.8,6,-4.7,3.9,0.000,-13.0,1.8,2.5,18.3,2.6,1436,4.46,0.8,14.362,24,16.4,3.7
678.0,86,460.0,3.9,0.0,62.4,100,70,14.7,6,-4.7,4.4,0.633,14.6,3.3,2.0,18.8,3.2,1353,3.99,1.7,14.400,24,1.6,5.1
681.0,86,456.1,11.2,26.7,62.4,99,70,43.8,6,-2.6,10.6,1.005,26.7,9.7,1.4,38.3,9.5,1366,7.47,4.9,14.393,24,9.5,11.8
684.0,86,465.8,18.1,29.9,62.2,99,73,64.3,6,-0.5,18.5,1.010,14.1,16.9,-3.6,76.2,17.1,1687,17.13,16.1,14.320,24,36.9,18.3
687.0,86,479.2,22.5,19.1,61.9,99,77,67.7,6,0.0,22.6,1.004,12.5,18.8,-1.6,79.9,19.2,1925,20.60,18.2,14.320,24,67.9,21.7
690.0,86,492.0,22.7,0.0,61.6,99,84,69.0,6,-0.0,4.3,0.995,12.2,7.4,2.1,43.2,9.2,1815,13.27,12.1,14.262,24,65.2,18.0
693.0,86,492.1,3.9,0.0,61.6,100,83,36.5,6,-2.3,4.1,1.044,20.1,3.7,4.5,25.2,3.0,1676,4.73,1.8,14.172,23,0.0,3.9
696.0,86,490.0,3.9,0.0,61.7,100,82,12.5,6,-4.7,3.9,1.098,33.3,11.6,3.9,57.3,14.1,1562,13.74,10.6,14.320,23,7.5,4.9
699.0,86,488.0,4.4,0.0,62.0,100,82,16.5,6,-4.7,3.9,0.989,1.5,0.4,1.1,28.7,9.6,1523,8.80,6.6,14.355,23,6.3,6.1
702.0,86,488.1,7.1,0.0,62.0,100,80,15.9,6,-4.7,4.1,0.413,-5.6,2.2,0.0,14.9,7.7,1491,5.80,4.1,14.380,23,4.9,7.5
705.0,86,488.0,10.7,0.0,62.0,100,81,20.7,6,-4.7,4.4,0.315,-2.4,4.5,0.5,15.7,8.1,1479,6.35,6.7,14.349,24,10.2,12.2
708.0,86,488.0,9.4,0.0,62.0,99,82,25.0,6,-4.7,4.6,0.993,33.5,5.5,3.1,21.2,3.5,1525,3.12,2.3,14.386,24,4.0,7.5
711.0,86,486.6,5.9,2.0,62.0,100,80,11.0,6,-4.7,3.9,0.883,7.0,1.5,1.0,16.1,2.1,1510,3.15,1.8,14.400,24,0.1,7.5
714.0,86,480.0,17.3,16.5,62.0,99,80,43.3,6,-2.3,11.3,0.949,13.1,6.8,-0.3,34.2,6.4,1573,7.13,5.5,14.382,24,2.2,15.1
717.0,86,487.7,17.5,7.1,61.8,99,83,60.8,6,-0.8,17.5,1.002,19.0,15.3,-0.9,66.9,15.5,1724,15.71,13.7,14.320,24,18.4,16.9
720.0,86,494.8,13.3,0.0,61.7,99,86,54.9,6,-1.2,19.0,1.003,17.0,16.9,-1.6,73.6,16.9,1887,18.44,6.3,14.320,24,8.4,11.0
723.0,86,499.5,3.9,0.0,62.0,100,88,11.0,6,-4.7,4.3,0.987,15.5,6.9,-1.2,40.7,8.3,1768,11.95,1.8,14.346,24,0.0,5.1
726.0,86,492.2,3.9,0.0,62.3,100,84,11.0,6,-4.7,4.1,0.573,4.9,0.0,-0.6,12.3,0.0,1628,3.11,0.8,14.395,24,0.0,3.9
729.0,86,485.8,3.9,0.0,62.5,100,83,10.7,6,-4.7,4.0,0.000,-13.0,0.0,0.0,12.5,0.0,1587,3.01,0.8,14.240,24,0.0,3.9
732.0,86,475.0,4.1,0.0,62.8,100,84,10.2,6,-4.8,4.3,0.000,-13.0,0.0,0.0,11.8,0.0,1911,3.65,0.8,14.289,24,0.0,4.3
735.0,86,463.0,4.7,0.0,63.1,100,82,10.2,6,-6.2,4.7,0.000,-12.7,0.0,0.0,12.0,0.0,2013,3.87,0.6,14.320,24,0.0,4.6
738.0,86,452.1,4.3,0.0,63.1,100,78,9.7,6,-5.4,4.3,0.000,-12.7,0.0,0.0,12.3,0.0,1901,3.68,0.5,14.324,24,0.0,4.3
741.0,86,444.3,4.1,0.0,63.1,100,72,10.0,6,-4.7,3.9,0.000,-12.9,0.0,0.0,12.5,0.0,1527,3.04,0.8,14.349,24,0.0,4.0
744.0,86,434.9,3.7,0.0,63.1,100,64,11.5,6,-4.7,4.0,0.047,-12.2,0.0,0.0,12.9,0.0,1550,3.05,0.8,14.329,24,0.0,3.7
747.0,85,428.0,5.0,0.0,63.1,100,60,13.3,6,-4.7,5.1,0.883,37.4,5.5,4.9,24.6,4.9,1292,4.66,2.6,14.352,24,2.8,6.0
750.0,85,428.1,12.9,0.0,62.7,100,60,49.6,6,-2.2,12.0,0.954,25.3,11.2,2.0,49.2,10.3,1292,7.64,4.0,14.373,24,6.5,9.9
753.0,85,436.4,6.9,0.0,62.7,100,60,53.1,6,-0.8,15.0,0.999,12.3,15.5,-4.1,75.2,14.8,1537,11.53,3.8,14.318,24,0.0,3.9
756.0,85,443.8,11.5,7.7,62.6,100,60,44.7,6,-0.8,11.3,0.982,9.0,15.7,-4.7,78.4,16.5,1450,15.50,17.6,14.240,24,61.5,13.4
759.0,85,450.1,19.8,14.6,62.3,99,60,55.0,6,-0.8,5.1,0.999,8.5,0.0,2.3,34.5,10.8,1359,10.46,12.2,14.282,24,94.7,17.3
762.0,85,456.9,16.5,0.0,62.0,99,58,64.2,6,-1.4,14.7,0.995,11.1,9.9,2.7,48.3,12.9,1468,11.90,11.9,14.320,24,95.8,16.3
765.0,86,476.2,22.9,0.0,61.8,99,59,68.6,6,-0.9,17.9,0.998,17.9,14.8,1.2,71.1,17.6,1661,18.02,19.6,14.320,24,92.9,24.7
768.0,86,481.3,21.2,3.0,61.5,99,59,68.7,6,-0.1,16.5,1.008,28.4,6.7,2.3,23.5,12.2,1512,12.07,9.4,14.320,24,35.0,12.8
771.0,87,490.4,15.2,6.6,61.2,100,58,55.1,6,-0.8,16.1,1.001,12.5,14.0,-1.0,60.5,15.1,1560,14.25,12.4,14.320,24,12.9,10.6
774.0,87,500.0,18.4,0.0,61.2,99,60,62.6,6,-1.3,17.8,1.001,14.4,16.9,-0.8,76.0,16.8,1674,16.48,15.6,14.318,24,24.3,18.5
777.0,87,509.1,10.2,0.0,61.2,99,63,63.5,6,-1.6,18.3,1.004,14.9,17.0,0.6,75.1,17.1,1773,17.47,16.3,14.304,24,26.7,18.8
780.0,87,516.0,6.2,0.0,61.1,99,68,51.0,6,-2.2,15.4,0.867,13.9,15.6,-0.0,75.7,16.1,1637,15.42,12.2,14.080,24,69.9,14.5
783.0,87,519.2,4.8,0.0,60.8,99,72,13.3,6,-4.7,3.9,0.000,27.4,7.5,-2.3,39.9,12.3,1485,11.83,9.2,14.193,24,79.7,10.2
786.0,87,516.1,3.5,0.0,60.8,99,76,12.3,6,-4.7,3.9,0.000,8.2,4.2,-1.3,19.0,6.4,1421,7.36,5.2,14.320,24,61.1,6.6
789.0,87,505.9,3.7,0.0,61.0,99,76,11.5,6,-4.7,3.9,0.224,-10.9,0.0,0.0,13.2,0.0,1497,3.05,0.8,14.320,24,0.0,3.9
792.0,87,495.7,3.9,0.0,61.3,100,75,10.9,6,-4.7,3.9,0.884,-2.0,0.0,0.0,12.2,0.0,1637,3.03,0.8,14.320,24,0.0,3.9
795.0,87,487.4,3.9,0.0,61.6,100,78,10.2,6,-4.7,4.2,0.247,-9.3,0.0,0.0,12.0,0.0,1745,3.20,0.8,14.348,24,0.0,3.9
798.0,86,476.1,3.5,0.0,61.6,100,78,11.1,6,-4.7,4.3,0.534,7.4,1.3,1.3,12.4,0.8,1777,3.40,1.0,14.391,24,0.7,3.9
801.0,86,473.5,5.1,0.0,61.4,100,77,18.9,6,-3.5,5.4,1.092,35.7,4.1,3.1,15.5,3.5,1425,3.33,2.0,14.320,24,30.2,4.8
804.0,86,470.2,5.8,0.0,61.2,99,76,28.7,6,-1.4,8.0,1.012,38.5,7.1,-1.6,29.8,7.8,1437,5.74,3.4,14.320,24,11.3,4.6
807.0,86,468.0,4.9,0.0,61.2,100,76,20.8,6,-4.7,6.3,0.998,40.0,7.5,0.3,28.9,7.0,1446,5.77,3.5,14.320,24,0.5,4.1
810.0,86,468.0,3.9,0.0,61.6,100,76,11.8,6,-4.7,4.7,0.367,9.0,3.3,0.4,21.0,3.6,1434,4.52,2.4,14.320,24,0.0,3.9
813.0,86,459.6,3.9,0.0,62.1,100,70,11.8,6,-4.7,3.9,0.000,-13.0,0.0,0.0,13.8,0.0,1410,3.02,0.8,14.320,24,0.0,3.9
816.0,86,452.6,4.1,0.0,62.4,100,64,12.4,6,-4.7,3.9,0.000,-13.0,0.0,0.0,14.1,0.0,1400,3.03,2.7,14.369,24,3.6,6.4
819.0,86,446.9,4.3,0.0,62.4,100,64,14.9,6,-4.7,3.9,0.000,-11.5,0.0,0.0,16.1,0.0,1281,3.04,1.8,14.349,24,4.1,7.0
822.0,86,440.1,3.9,0.0,62.4,100,58,14.4,6,-4.7,3.9,0.000,-11.2,0.0,0.0,17.3,0.0,1197,3.05,0.8,14.320,24,0.0,3.9
825.0,86,433.1,3.9,0.0,62.2,100,51,14.1,6,-4.7,3.9,0.000,-11.5,0.0,0.0,17.3,0.0,1225,3.05,0.8,14.320,24,0.0,3.9
828.0,86,424.2,3.9,0.0,62.1,100,44,14.2,6,-4.7,3.9,0.000,-11.5,0.0,0.0,17.3,0.0,1225,3.02,0.8,14.320,24,0.0,3.9
831.0,86,415.0,4.0,0.0,62.4,100,32,14.9,6,-4.7,3.9,0.000,-11.8,0.0,0.0,18.0,0.0,1193,3.04,0.8,14.320,24,0.0,3.9
834.0,86,404.1,6.3,0.0,62.4,100,28,21.2,6,-4.7,5.4,0.448,4.4,4.7,1.9,32.9,3.8,1204,4.81,2.0,14.307,24,6.2,4.2
837.0,86,406.7,5.0,0.0,62.2,99,29,20.2,6,-4.7,5.8,0.629,19.4,11.6,3.9,58.2,11.9,1300,10.10,7.1,14.240,24,78.3,9.0
840.0,86,409.9,12.9,11.1,62.0,99,35,30.0,6,-4.1,7.0,0.124,4.4,14.3,0.0,66.3,18.8,1300,16.06,19.0,14.300,24,87.4,19.3
843.0,86,419.7,23.9,21.5,62.0,99,43,71.4,6,-1.6,23.5,0.992,11.0,19.2,3.1,77.2,19.1,1613,18.60,21.1,14.276,24,91.8,25.0
846.0,86,440.7,23.9,0.0,61.6,99,56,71.3,6,-1.6,23.5,0.997,11.6,19.2,2.3,81.4,19.4,1802,20.10,20.3,14.244,24,91.5,24.2
849.0,86,464.1,24.3,0.0,61.6,99,62,73.2,6,-0.8,25.7,0.998,10.8,20.6,1.6,83.4,20.7,1914,21.42,20.9,14.250,24,91.7,24.0
852.0,86,480.4,27.7,0.0,61.4,99,70,74.8,6,0.0,28.8,0.998,9.3,23.3,1.7,87.4,23.5,2105,25.66,25.9,14.240,24,89.7,29.8
855.0,86,499.5,31.8,0.0,61.1,99,78,75.5,6,0.0,30.7,1.000,11.0,24.3,2.3,86.2,24.3,2299,27.00,26.1,14.287,24,89.6,30.6
858.0,86,516.7,34.9,0.0,60.8,100,88,76.9,6,-0.0,34.5,1.001,11.3,25.8,0.9,88.3,25.8,2338,28.24,27.7,14.320,24,89.1,32.1
861.0,86,532.0,32.9,0.0,60.2,100,92,76.4,6,0.0,33.8,0.999,11.5,26.1,0.0,89.1,26.5,2390,29.01,29.1,14.320,23,88.3,34.3
864.0,86,542.4,30.3,0.0,59.8,100,98,74.8,6,0.0,31.3,0.997,12.3,24.3,0.5,86.9,24.6,2406,28.75,26.3,14.320,23,89.3,29.4
867.0,86,552.7,28.6,0.0,59.4,99,103,72.5,6,0.0,27.1,0.993,15.5,20.8,3.1,80.4,20.0,2175,23.79,20.4,14.320,23,90.3,26.7
870.0,86,561.0,28.1,0.0,58.8,99,108,69.8,6,-0.0,24.3,0.994,17.3,19.7,2.1,78.6,19.8,2181,23.80,20.1,14.320,23,91.2,24.2
873.0,86,568.0,23.9,0.0,58.4,99,111,68.8,6,0.0,25.2,0.998,17.5,19.9,1.9,78.2,20.0,2229,24.38,19.9,14.309,23,91.7,23.9
876.0,86,572.7,24.8,1.3,58.4,99,114,68.5,6,0.0,25.7,1.001,17.2,20.8,2.2,80.0,20.8,2337,26.20,21.2,14.240,24,90.1,25.9
879.0,86,577.3,24.6,1.9,58.4,99,117,67.9,6,-0.0,25.1,0.999,18.5,20.4,1.6,79.9,20.8,2349,25.58,20.2,14.287,23,90.8,24.9
882.0,86,580.0,21.9,0.0,58.4,100,120,57.3,6,-1.2,20.3,0.999,23.4,16.3,2.0,64.0,14.9,2293,18.53,14.3,14.268,23,71.2,20.8
885.0,86,580.0,5.1,0.0,58.9,100,118,31.8,6,-3.9,12.2,0.570,17.4,12.2,1.7,42.5,9.3,2209,9.68,5.3,14.177,24,7.5,9.4
888.0,86,575.6,13.2,24.4,59.2,100,116,27.0,6,-5.1,8.3,0.163,1.9,10.1,0.0,22.7,11.8,2137,13.82,10.6,14.400,24,15.9,16.4
891.0,86,573.3,21.3,135.3,59.2,100,116,62.8,6,-1.5,20.0,1.012,20.5,16.9,0.0,61.2,15.8,2183,19.08,13.7,14.400,24,22.9,20.0
894.0,86,576.4,22.6,351.4,59.2,100,116,64.3,6,-0.0,21.6,1.005,19.4,17.9,0.5,72.1,17.8,2214,22.03,16.6,14.365,24,49.3,21.6
897.0,86,580.0,24.7,0.8,59.6,99,117,32.8,6,-3.9,12.2,0.456,4.5,9.8,0.4,48.6,15.1,2207,18.58,15.5,14.338,24,92.2,23.2
900.0,86,574.6,17.2,30.6,59.8,98,117,22.8,6,-4.3,7.5,0.334,-1.3,2.6,-0.3,16.4,8.5,2169,9.25,8.2,14.400,24,94.8,13.7
903.0,86,572.0,11.3,43.8,60.0,99,115,31.0,6,-1.6,11.3,1.012,24.8,11.4,-1.6,32.2,1.6,2125,4.87,2.7,14.400,24,44.0,8.5
906.0,86,569.0,8.2,27.0,60.1,100,112,42.3,6,-1.6,12.9,1.002,14.5,2.8,-0.4,19.6,0.5,2101,4.41,1.0,14.400,24,8.9,4.9
909.0,86,560.0,5.1,0.0,60.8,100,106,11.0,6,-4.9,7.2,0.355,-1.0,0.0,0.0,13.2,0.0,2034,3.99,0.8,14.379,24,0.0,4.6
912.0,86,547.1,4.5,0.0,61.3,100,102,10.5,6,-6.2,4.5,0.000,-13.0,0.0,0.0,12.1,0.0,1927,3.68,0.8,14.324,24,0.0,4.3
915.0,86,534.0,4.1,0.0,61.9,100,95,10.2,6,-5.8,4.2,0.000,-13.0,0.0,0.0,11.8,0.0,1787,3.20,0.8,14.400,24,0.0,4.0
918.0,86,522.5,3.9,0.5,62.4,100,86,10.2,6,-4.7,3.9,0.000,-13.0,0.0,0.0,12.5,0.0,1625,3.11,0.6,14.400,24,0.0,3.9
921.0,86,516.0,3.9,3.5,62.4,100,80,10.8,6,-4.7,3.9,0.701,12.5,4.1,1.2,17.7,5.7,1518,6.19,3.0,14.400,24,2.1,5.2
924.0,86,510.0,13.0,1.1,62.1,100,80,36.1,6,-2.9,9.5,1.068,26.5,10.4,1.1,36.4,13.7,1537,13.08,10.2,14.388,24,12.9,14.1
927.0,86,514.0,14.3,27.0,61.9,100,82,57.1,6,-0.8,15.9,0.994,18.4,15.4,-1.2,72.9,16.5,1775,18.03,15.3,14.160,24,19.6,17.1
930.0,86,519.1,10.4,54.2,61.6,100,86,51.8,6,-0.8,11.0,1.001,26.5,0.0,7.8,33.9,5.9,1652,9.13,7.4,14.244,24,13.8,13.5
933.0,86,516.0,3.9,0.0,61.2,100,83,24.1,6,-3.3,6.7,0.423,6.3,1.6,4.5,14.2,1.3,1545,3.09,0.8,14.339,24,0.0,4.0
936.0,86,510.3,15.2,0.0,61.0,100,81,38.9,6,-3.5,11.3,0.333,-6.9,7.2,0.2,24.7,5.7,1526,4.67,1.3,14.400,24,0.0,5.1
939.0,86,513.6,19.5,0.0,60.7,100,81,73.5,6,-1.6,23.8,0.996,11.0,20.0,0.8,81.2,20.0,1862,20.94,20.4,14.400,24,57.1,13.5
942.0,86,522.5,18.3,2.0,60.4,100,84,69.8,6,-1.6,20.4,0.996,13.5,20.0,0.2,82.2,20.3,1909,22.03,22.1,14.400,24,88.9,21.8
945.0,86,532.0,18.0,13.0,60.0,100,86,26.4,6,-3.8,9.3,0.997,4.6,9.1,0.0,50.3,15.6,1801,17.66,18.5,14.400,24,75.4,24.0
948.0,86,524.1,15.5,4.4,60.0,100,85,45.0,6,-2.6,16.1,1.003,1.4,8.2,-0.9,31.2,12.6,1681,11.10,9.4,14.400,24,0.0,3.9
951.0,86,534.0,24.4,0.0,60.0,100,86,77.8,6,-0.2,33.2,1.011,8.2,26.3,-3.1,89.4,27.1,2175,26.97,30.6,14.400,24,59.0,23.9
954.0,86,547.1,37.6,0.0,60.0,100,93,78.4,6,-0.8,36.5,0.997,12.0,27.5,1.6,89.4,27.6,2403,29.80,31.6,14.400,24,87.9,36.8
957.0,86,556.8,42.0,0.0,60.0,100,102,76.8,6,-0.8,38.4,1.001,15.0,28.3,1.2,86.5,28.4,2775,33.82,30.9,14.373,24,87.0,36.6
960.0,86,572.0,30.2,4.5,60.0,100,107,75.1,6,-0.8,35.2,1.002,18.8,26.8,0.6,81.5,27.3,3152,37.02,27.3,14.303,23,85.5,29.4
963.0,86,576.9,27.4,10.9,60.0,100,113,70.4,6,-0.6,30.4,1.000,19.9,23.0,0.0,77.2,22.1,3295,35.41,19.2,14.160,23,87.7,26.7
966.0,86,583.4,23.1,9.3,60.0,99,116,65.4,6,-0.2,27.8,0.998,13.1,24.7,0.0,82.7,24.7,2549,31.51,23.8,14.216,23,88.9,24.5
969.0,86,588.0,18.3,4.3,60.0,100,118,66.7,6,-1.6,14.1,0.997,34.0,16.5,0.0,66.4,18.7,2366,24.23,20.0,14.276,23,58.2,17.7
972.0,86,588.0,11.8,29.8,60.0,100,117,62.2,6,-1.6,16.6,0.995,27.8,15.1,0.4,61.9,15.8,2225,19.54,14.5,14.335,24,9.5,8.0
975.0,86,588.0,13.5,12.4,60.4,100,116,39.3,6,-3.3,14.0,0.695,14.1,13.0,0.7,59.4,15.1,2214,20.45,15.3,14.400,24,24.3,19.6
978.0,86,580.4,11.2,0.0,60.9,100,115,12.3,6,-6.2,5.1,0.036,-11.0,0.0,0.0,12.5,0.0,2112,4.20,0.8,14.400,24,10.4,11.6
981.0,86,567.5,4.7,0.0,61.2,100,112,11.0,6,-6.2,5.1,0.883,15.6,3.2,5.3,15.1,0.0,2075,4.12,0.8,14.400,24,0.0,4.8
984.0,86,560.0,4.7,48.7,61.2,100,110,11.4,6,-6.2,5.1,0.884,33.6,7.6,10.0,24.4,3.4,2050,6.57,1.5,14.400,24,0.0,5.1
987.0,86,560.0,12.2,54.7,61.2,100,109,25.6,6,-5.0,7.6,0.897,35.0,13.1,11.6,48.6,16.9,2112,21.93,16.5,14.320,24,18.7,15.1
990.0,86,561.9,20.6,26.5,61.2,100,110,65.7,6,-0.0,22.0,1.003,18.0,18.4,0.0,68.8,18.3,2180,22.77,16.3,14.320,24,26.7,20.3
993.0,86,568.0,19.6,0.0,60.8,100,114,54.9,6,-1.1,16.3,1.001,27.3,13.2,1.2,52.5,14.9,2179,19.89,14.1,14.342,24,22.3,18.4
996.0,86,568.0,9.6,0.0,61.1,100,114,36.9,6,-1.6,13.6,0.992,31.6,9.0,2.7,28.1,10.1,2137,13.78,9.2,14.400,24,12.2,12.9
999.0,86,566.0,7.5,6.2,61.0,100,113,24.6,6,-2.5,12.7,0.982,25.0,8.7,3.9,24.3,8.2,2137,8.51,4.3,14.320,24,10.3,12.2
1002.0,86,563.0,8.7,11.2,60.7,100,110,31.1,6,-6.2,5.1,1.002,1.5,0.4,0.0,15.3,8.8,2055,8.73,6.2,14.320,24,11.4,13.3
1005.0,86,560.0,5.1,0.0,60.0,100,106,42.4,6,-3.0,5.4,0.926,2.7,0.2,0.0,13.1,4.6,2019,6.84,5.0,14.320,24,10.6,13.7
1008.0,86,552.1,17.5,0.0,59.7,100,103,57.5,6,-0.8,13.6,0.937,7.2,6.7,-0.2,31.9,4.5,2031,4.96,0.5,14.318,24,0.0,7.1
1011.0,86,552.0,13.6,0.9,59.6,100,98,59.1,6,-0.2,21.7,1.006,15.3,17.7,-0.3,76.8,19.5,2116,12.43,1.6,14.240,24,0.0,5.1
1014.0,86,552.0,13.3,13.9,59.6,100,93,40.6,6,-0.8,14.6,0.979,22.0,0.0,3.9,17.3,2.4,1762,6.89,1.1,14.291,24,0.2,14.0
1017.0,86,553.6,27.3,35.9,59.6,100,88,76.1,6,-0.0,27.8,0.985,12.6,15.7,1.7,62.6,14.2,1997,16.08,11.6,14.320,24,33.9,23.2
1020.0,86,560.0,24.7,3.5,59.2,99,86,71.9,6,0.0,25.8,1.003,12.1,20.7,0.4,83.2,20.8,2141,24.79,22.1,14.320,24,90.5,24.3
1023.0,86,572.0,24.7,0.8,58.9,99,86,70.6,6,0.0,24.7,1.007,13.8,20.1,0.3,81.6,20.5,2112,24.02,20.9,14.327,24,91.4,24.3
1026.0,86,579.3,24.7,0.0,58.8,99,86,69.7,6,0.0,24.4,1.000,13.8,20.2,0.8,81.9,20.7,2107,24.26,21.6,14.400,24,91.3,24.0
1029.0,86,585.5,22.0,0.0,58.8,99,87,67.2,6,-0.1,23.3,0.999,15.0,19.2,0.8,78.0,19.2,2012,22.10,20.2,14.347,24,55.5,21.8
1032.0,86,588.6,17.0,16.2,58.8,100,90,60.4,6,-1.6,20.0,1.005,17.2,17.6,-0.2,73.6,17.8,1941,20.26,17.9,14.286,24,26.1,19.8
1035.0,86,592.0,18.0,179.8,58.8,100,93,60.4,6,-0.7,19.8,1.001,17.5,17.1,-0.5,71.8,17.0,1887,18.85,16.2,14.268,24,24.0,19.2
1038.0,87,594.4,19.3,139.1,58.6,100,95,61.9,6,0.0,19.5,0.997,17.2,17.2,-0.2,73.2,17.3,5945,19.27,16.5,14.408,24,11.8,20.0
1041.0,87,596.0,20.4,71.7,58.5,100,97,64.2,6,0.0,19.2,0.999,18.0,16.5,-1.6,71.8,16.9,1900,19.08,16.5,14.353,24,5.3,20.2
1044.0,87,596.4,20.3,0.0,58.8,100,102,63.5,6,-0.0,19.6,1.003,18.0,16.8,-1.1,72.2,16.9,1933,19.33,16.3,14.351,24,0.0,20.4
1047.0,87,600.0,19.6,0.0,58.8,100,105,43.4,6,-1.0,15.2,1.002,21.4,15.4,0.4,65.1,15.7,1978,18.47,14.9,14.386,24,1.1,20.1
1050.0,87,597.2,16.5,0.0,58.8,100,107,40.8,6,-1.6,10.2,1.000,21.4,10.4,1.9,46.0,11.5,2012,14.18,9.9,14.320,24,13.7,14.5
1053.0,87,592.1,10.7,0.0,58.9,100,108,41.1,6,-2.5,7.0,0.985,10.0,0.0,0.0,13.3,0.0,2012,3.97,0.8,14.320,24,4.8,8.4
1056.0,87,585.9,5.3,6.6,59.2,100,108,14.8,6,-6.2,4.7,0.884,30.5,3.1,12.6,13.3,2.5,1995,4.14,1.0,14.320,24,15.0,4.7
1059.0,87,579.5,4.8,36.0,59.6,99,106,12.5,6,-6.2,4.7,0.973,15.4,1.4,7.7,12.7,1.8,1970,4.02,1.1,14.345,24,26.3,4.6
1062.0,87,572.0,7.5,10.2,59.6,100,105,19.9,6,-6.2,6.9,0.953,17.7,3.2,1.2,17.5,2.4,1947,4.80,1.3,14.395,24,0.0,4.3
1065.0,86,569.5,5.8,0.4,59.6,100,103,19.9,6,-6.2,8.0,0.910,38.4,8.9,3.8,29.8,9.2,1934,9.06,6.3,14.320,24,0.0,4.9
1068.0,86,564.6,7.0,0.0,59.6,100,102,17.0,6,-5.5,6.8,0.982,38.0,6.3,3.1,20.4,7.5,1887,6.50,4.8,14.375,24,25.0,7.3
1071.0,86,560.0,10.0,0.0,59.6,100,100,37.6,6,-1.6,12.9,1.008,28.3,11.2,0.3,42.1,11.1,1966,11.42,7.3,14.375,24,31.3,10.6
1074.0,86,560.0,5.9,0.0,59.2,100,101,20.1,6,-4.7,10.2,0.999,26.5,12.6,-2.3,49.7,12.1,2027,13.29,7.4,14.376,25,14.2,12.6
1077.0,86,554.5,5.1,0.0,59.2,100,101,11.9,6,-6.2,7.1,0.656,17.0,9.4,-3.1,41.1,9.4,2035,10.43,1.6,14.447,25,19.2,4.7
1080.0,86,543.6,4.5,0.0,59.2,100,100,10.2,6,-6.2,4.7,0.000,-13.0,0.0,0.0,11.8,0.0,1925,3.61,1.0,14.414,25,7.2,4.5
1083.0,86,529.5,4.3,0.0,59.2,100,98,10.2,6,-6.2,4.3,0.000,-13.0,0.0,0.0,11.8,0.0,1882,3.51,0.8,14.364,25,0.0,4.3
1086.0,86,516.0,4.3,0.0,59.6,100,96,10.2,6,-6.2,4.3,0.000,-13.0,0.0,0.0,11.6,0.0,1831,3.36,0.8,14.320,25,0.0,4.3
1089.0,86,507.9,4.0,0.5,60.3,100,94,10.2,6,-5.6,4.1,0.000,-13.0,0.0,0.0,11.4,0.0,1783,3.22,0.8,14.320,25,0.0,3.9
1092.0,86,497.2,3.9,0.5,60.9,100,91,10.2,6,-4.7,3.9,0.000,-13.0,0.0,0.0,11.4,0.0,1700,3.08,0.4,14.379,25,0.0,3.9
1095.0,86,485.8,4.1,0.0,61.2,100,88,10.2,6,-4.7,3.9,0.000,-13.0,0.0,0.0,11.7,0.0,1668,3.08,0.6,14.362,25,0.0,3.9
1098.0,86,476.0,5.1,0.0,61.2,100,86,15.4,6,-4.7,6.2,0.527,14.4,5.1,2.2,23.2,4.2,1650,5.34,2.3,14.337,25,1.0,4.5
1101.0,86,476.0,8.4,0.0,60.7,100,87,17.6,6,-4.7,6.3,0.921,31.3,7.6,4.5,32.4,8.4,1654,8.60,6.4,14.400,25,7.8,10.2
1104.0,86,474.1,7.6,1.8,60.3,100,88,16.5,6,-4.7,4.4,0.978,11.5,0.0,3.9,12.2,0.0,1675,3.13,0.8,14.340,25,2.6,6.2
1107.0,86,470.6,4.3,3.0,60.1,101,88,12.7,6,-4.7,4.7,0.884,36.0,4.3,13.3,15.5,3.8,1646,3.85,1.3,14.320,25,25.4,4.1
1110.0,86,468.0,4.2,0.0,60.4,100,86,13.9,6,-4.7,4.7,1.013,36.4,4.6,1.4,16.6,4.4,1637,4.09,1.4,14.320,25,41.7,4.0
1113.0,86,468.0,3.9,0.0,60.8,101,84,10.2,6,-4.7,4.2,0.376,8.4,2.8,-1.9,14.7,2.4,1622,3.70,1.1,14.343,25,26.7,3.6
1116.0,86,458.6,3.9,0.0,60.8,101,83,10.7,6,-4.7,3.9,0.000,-13.0,0.8,0.0,12.4,0.0,1578,3.08,0.8,14.393,25,0.0,3.9
1119.0,86,449.0,3.9,0.0,60.8,101,78,11.6,6,-4.7,3.9,0.000,-12.9,0.0,0.0,13.1,0.0,1492,3.04,0.4,14.320,25,0.0,3.9
1122.0,86,439.1,3.9,0.0,61.0,101,67,12.6,6,-4.7,3.9,0.000,-12.5,0.0,0.0,14.5,0.0,1362,3.02,0.7,14.375,25,0.0,3.9
1125.0,86,429.2,3.9,0.0,61.6,101,48,13.3,6,-4.7,3.9,0.000,-12.1,0.0,0.0,15.6,0.0,1277,3.02,0.6,14.400,25,0.0,3.9
1128.0,86,420.0,3.9,0.0,62.4,101,23,14.5,6,-7.3,3.4,0.685,-2.6,0.0,0.0,18.9,0.0,1061,2.77,0.5,14.417,25,0.0,3.8
1131.0,86,412.2,3.4,0.0,62.6,101,12,17.2,6,-9.3,3.1,1.080,7.2,0.0,-0.4,23.7,0.0,769,2.32,0.8,14.467,25,0.0,3.1
1134.0,86,408.2,4.2,0.0,62.6,101,7,25.7,6,-8.6,3.4,1.013,11.0,0.1,-1.6,28.6,0.0,600,2.28,0.8,14.293,25,0.0,3.6
1137.0,86,404.0,6.4,0.0,62.4,101,7,42.2,6,-0.8,5.5,1.013,27.0,4.3,3.9,22.5,6.0,1175,5.31,3.1,14.281,25,0.0,6.6
1140.0,86,404.0,9.4,0.0,62.4,101,18,22.0,6,-0.8,6.0,1.004,34.6,2.0,3.1,18.8,5.4,1449,5.91,3.9,14.320,25,0.0,10.4
1143.0,86,401.0,11.9,0.0,62.4,101,21,38.6,6,-0.8,9.4,1.003,31.7,4.6,0.6,28.8,2.7,1376,4.56,1.6,14.320,25,0.0,9.4
1146.0,86,406.2,18.1,0.0,62.4,101,29,59.7,6,-0.6,15.8,1.008,15.1,16.3,-4.5,75.0,16.1,1625,16.62,15.3,14.320,25,0.0,17.4
1149.0,86,420.0,23.2,4.7,62.3,101,39,71.3,6,0.0,23.5,1.006,12.0,19.2,-0.8,80.8,18.5,1859,20.47,18.2,14.320,25,44.2,21.9
1152.0,86,441.3,22.3,20.0,61.6,100,50,70.6,6,-0.0,23.2,1.003,12.3,19.2,-0.3,80.1,19.2,1911,21.53,19.7,14.320,25,88.1,22.4
1155.0,86,464.1,18.0,21.0,61.3,100,55,58.1,6,-0.4,19.6,0.998,14.9,17.5,-0.3,75.7,17.7,1810,18.79,17.5,14.299,25,93.0,21.2
1158.0,86,471.4,13.0,21.4,61.2,100,61,48.7,6,-0.8,13.1,0.997,21.8,13.8,-1.4,65.3,14.3,1592,11.71,8.6,14.160,25,96.4,12.2
1161.0,86,476.0,10.7,14.4,61.1,99,64,47.1,6,-0.8,5.7,1.006,37.4,8.2,-5.5,38.4,11.8,1200,9.92,8.3,14.323,25,64.4,12.4
1164.0,87,478.1,12.6,51.5,60.8,100,66,54.1,6,-0.8,12.9,0.994,19.0,11.3,-0.5,53.9,12.2,1349,11.00,9.0,14.363,25,30.7,12.6
1167.0,87,488.0,10.6,490.0,60.8,101,68,43.6,6,-0.8,7.8,0.992,8.7,6.4,0.9,42.3,7.4,1382,9.38,7.5,14.320,25,10.0,11.8
1170.0,87,482.3,6.0,164.5,60.6,101,67,26.4,6,-2.4,4.1,0.631,-4.2,0.0,0.0,17.4,0.0,1248,3.13,0.8,14.320,25,0.0,3.9
1173.0,87,474.3,3.9,0.0,60.1,101,64,14.3,6,-4.7,3.9,0.000,-11.4,0.0,0.0,17.6,0.0,1175,3.08,0.8,14.320,25,0.0,3.9
1176.0,87,466.2,4.6,0.0,59.6,101,60,15.4,6,-4.7,3.9,0.000,-11.0,0.0,0.0,18.0,0.0,1192,3.10,1.5,14.361,25,4.2,4.9
1179.0,87,460.0,7.8,0.0,59.6,100,58,37.6,6,-2.1,6.9,0.624,10.9,5.1,-2.0,31.7,4.5,1226,5.44,3.6,14.380,25,9.7,7.0
1182.0,87,462.9,10.2,0.0,59.6,101,59,43.5,6,-0.8,9.9,1.007,25.1,10.0,-3.1,48.7,10.2,1283,9.41,7.8,14.320,25,9.4,11.0
1185.0,87,467.5,10.9,448.2,59.7,101,61,45.4,6,-0.8,10.9,0.996,20.3,11.8,-0.8,58.8,11.8,1412,11.03,8.6,14.376,25,8.4,9.8
1188.0,87,472.6,10.2,1124.1,60.0,101,62,32.9,6,-0.8,6.3,0.995,37.0,9.2,-0.8,45.0,9.8,1300,8.61,6.5,14.400,25,23.1,9.0
1191.0,87,476.0,9.8,65.0,60.0,99,62,41.3,6,-0.8,7.9,0.999,24.0,3.9,1.8,30.3,5.1,1225,5.41,3.3,14.397,25,42.5,8.4
1194.0,87,472.9,5.3,17.6,60.0,100,61,27.5,6,-2.7,6.4,0.564,6.3,1.1,3.4,20.4,0.7,1207,3.05,0.8,14.390,25,0.0,3.9
1197.0,87,465.8,3.9,0.0,60.2,101,59,14.1,6,-4.7,3.9,0.000,-8.0,3.3,0.0,20.4,3.5,1125,3.36,0.8,14.400,25,4.3,3.9
1200.0,87,457.5,4.2,0.0,60.4,101,58,14.1,6,-4.7,3.9,0.000,-12.0,0.8,0.0,18.0,2.8,1195,3.17,0.8,14.359,25,3.8,3.9
1203.0,87,448.1,5.5,0.0,60.4,101,55,24.8,6,-2.2,7.8,0.518,3.6,5.7,0.0,34.0,5.7,1276,5.56,2.7,14.320,25,0.4,4.1
1206.0,87,450.6,6.0,0.0,60.2,101,55,25.9,6,-2.2,8.0,0.919,11.7,9.2,0.0,54.6,10.1,1341,10.49,7.8,14.320,25,3.9,6.3
1209.0,87,450.3,5.4,0.0,60.1,101,54,19.4,6,-4.7,3.9,0.942,-11.0,0.0,0.0,20.4,0.0,1237,3.13,2.4,14.320,25,1.6,4.9
1212.0,86,445.7,3.9,0.0,60.4,101,48,14.1,6,-4.7,3.9,0.000,-11.5,0.0,0.0,17.9,0.0,1245,3.09,0.8,14.359,25,0.0,3.9
1215.0,86,436.1,3.9,0.0,61.2,101,30,14.6,6,-4.7,3.9,0.000,-11.8,0.0,0.0,17.7,0.0,1192,3.07,0.7,14.383,25,0.0,3.9
1218.0,86,428.3,3.9,0.0,61.6,101,22,15.9,6,-6.6,3.7,0.235,-8.3,0.0,1.1,19.3,0.0,1064,3.02,0.4,14.320,25,0.0,3.9
1221.0,86,419.1,3.6,0.0,62.1,101,11,17.4,6,-10.2,3.1,0.884,6.0,0.0,7.0,22.4,0.0,776,2.33,0.7,14.374,25,0.0,3.4
1224.0,86,410.6,3.1,0.0,62.4,101,8,18.0,6,-10.2,3.1,1.012,7.1,0.0,-0.5,23.1,0.0,724,2.29,0.8,14.365,25,0.0,3.1
1227.0,86,404.0,3.1,0.0,62.4,101,5,22.0,6,-10.2,3.4,1.009,4.3,0.0,-3.5,27.2,0.0,660,2.26,0.8,14.269,25,0.0,3.1
1230.0,86,398.1,3.1,0.0,62.6,101,2,23.1,6,-10.2,3.3,1.003,1.2,0.0,-2.0,31.3,0.0,612,2.28,0.8,14.080,25,0.0,3.1
1233.0,86,392.0,3.1,0.0,62.7,101,0,22.5,6,-10.2,3.1,0.996,0.5,0.0,1.6,29.4,0.0,612,2.21,0.8,14.080,25,3.1,3.1
1236.0,86,386.0,3.1,0.0,62.7,101,0,22.0,6,-10.2,3.1,0.998,2.0,0.0,2.1,29.1,0.0,604,2.21,0.8,14.120,25,2.8,3.1
1239.0,86,380.0,3.1,0.0,62.7,101,0,22.0,6,-10.2,3.1,0.999,1.4,0.0,2.3,29.0,0.0,600,2.27,0.8,14.204,25,0.8,3.2
1242.0,86,372.1,3.4,0.0,62.7,101,0,22.0,6,-10.2,3.3,0.999,0.4,0.0,3.3,28.9,0.0,600,2.35,0.8,14.295,26,4.7,3.5
1245.0,86,365.2,3.3,0.0,62.7,101,0,22.0,6,-10.2,3.4,0.999,0.3,0.0,5.0,28.6,0.0,600,2.19,0.8,14.160,26,0.0,3.2
1248.0,86,357.6,3.1,0.0,62.7,101,0,22.0,6,-10.2,3.1,1.002,5.0,0.0,0.0,28.6,0.0,600,2.18,0.8,14.160,26,0.0,3.1
1251.0,86,351.8,3.1,0.0,62.7,101,0,22.0,6,-10.2,3.1,1.002,5.9,0.0,-0.4,28.6,0.0,600,2.19,0.8,14.133,26,0.0,3.1
1254.0,87,344.2,3.1,0.0,62.7,101,0,22.0,6,-10.2,3.3,1.001,3.7,0.0,-1.5,29.5,0.0,604,2.21,0.8,14.068,26,0.0,3.1
1257.0,87,341.9,3.1,0.0,62.7,101,0,21.8,6,-10.2,3.4,1.001,-2.3,0.0,-3.9,32.9,0.0,625,2.17,0.8,13.840,26,3.2,2.8
1260.0,87,337.8,3.0,0.0,62.7,101,0,21.2,6,-10.2,3.1,1.013,1.5,0.0,1.9,29.5,0.0,608,2.14,0.8,14.015,26,4.5,2.7
1263.0,87,331.8,2.7,0.0,62.7,101,0,22.0,6,-10.2,3.1,1.008,3.0,0.0,3.5,28.2,0.0,600,2.12,0.8,14.135,26,3.4,2.8
1266.0,87,324.2,3.0,0.0,62.7,101,0,21.5,6,-9.8,3.1,1.005,3.6,0.0,2.4,28.2,0.0,597,2.14,0.8,14.096,26,0.0,3.1
1269.0,88,321.8,2.9,0.0,62.7,101,0,21.2,6,-9.2,3.1,1.002,2.9,0.0,0.8,28.2,0.0,587,2.27,0.8,14.240,26,3.2,2.8
1272.0,88,317.7,3.9,0.0,62.6,101,1,22.3,6,-8.4,3.1,1.000,2.0,0.0,0.8,29.0,2.7,676,2.69,0.8,14.142,27,12.3,3.2
1275.0,88,312.1,7.5,0.0,62.0,101,6,36.9,6,-0.8,9.8,1.008,17.8,0.0,-1.1,25.0,1.5,1032,3.14,0.7,14.080,27,17.9,3.8
1278.0,88,312.0,4.8,0.0,62.0,101,7,27.9,6,-4.0,7.7,1.008,24.1,0.8,-1.5,21.1,0.5,1447,3.55,0.5,14.080,27,6.3,3.5
1281.0,88,310.2,6.4,2.7,61.9,101,10,24.8,6,-7.4,5.1,0.996,3.5,3.5,5.5,24.7,3.9,1100,3.73,2.7,14.139,27,12.0,7.3
1284.0,88,310.1,10.9,16.4,61.6,99,20,54.1,6,-0.8,13.3,0.987,17.9,14.9,2.1,48.0,9.6,1294,8.59,6.2,14.189,27,38.6,11.1
1287.0,87,324.3,13.3,16.5,61.4,99,26,55.1,6,-0.8,13.5,0.993,18.1,14.8,-0.6,69.1,15.2,1512,14.72,11.8,14.240,27,95.6,14.5
1290.0,87,331.5,13.6,27.0,61.1,100,36,55.4,6,-0.8,14.0,1.004,18.5,14.1,0.8,65.9,14.1,1512,14.10,11.3,14.090,27,50.7,14.3
1293.0,87,344.8,13.8,51.3,60.8,101,44,50.2,6,-0.8,11.0,0.998,21.4,12.4,0.8,60.1,12.8,1466,12.51,10.0,14.054,27,12.8,13.5
1296.0,87,360.2,4.7,559.2,60.5,101,46,33.3,6,-2.5,8.3,0.994,28.1,9.4,0.1,48.3,10.3,1364,9.90,7.8,14.160,27,9.8,11.0
1299.0,87,360.0,5.7,345.8,60.4,101,48,18.8,6,-4.7,5.0,0.993,37.3,5.2,-1.6,26.7,5.5,1087,4.48,2.4,14.160,27,3.7,8.2
1302.0,87,360.6,6.9,0.0,60.4,101,48,31.4,6,-4.7,7.1,0.993,34.0,7.5,2.3,33.8,5.2,1125,4.45,2.2,14.197,27,0.0,5.6
1305.0,88,364.1,5.1,0.0,60.0,101,48,26.1,6,-4.7,5.9,1.004,33.5,6.6,4.9,34.5,5.3,1123,4.50,2.1,14.240,27,0.0,4.5
1308.0,88,364.0,5.9,0.0,60.2,101,48,26.9,6,-4.7,5.8,1.013,33.4,6.1,4.7,31.9,5.9,1089,4.81,2.4,14.240,27,0.0,5.9
1311.0,88,365.8,6.6,0.7,60.3,101,48,29.7,6,-4.1,6.7,1.011,33.3,8.0,-0.8,37.6,7.8,1200,6.28,3.9,14.240,27,3.2,6.7
1314.0,88,367.1,6.5,1.9,60.0,101,50,23.5,6,-0.8,4.3,0.995,11.0,0.0,5.2,23.5,2.5,1233,4.28,2.1,14.196,27,2.7,5.9
1317.0,88,364.0,3.9,2.5,60.0,101,46,16.5,6,-3.5,4.0,0.356,-2.2,0.0,3.5,17.5,0.0,1240,3.07,0.8,14.183,27,0.0,3.9
1320.0,88,356.3,3.9,2.1,60.4,101,39,14.8,6,-4.7,4.2,0.000,-11.4,0.0,0.0,18.0,0.0,1207,3.05,0.8,14.240,27,0.0,3.9
1323.0,88,353.0,4.3,1.3,60.7,101,29,16.5,6,-4.7,4.7,0.021,-10.0,0.0,0.0,22.4,0.0,1100,3.08,0.8,14.072,27,0.0,3.9
1326.0,87,347.2,5.0,0.3,60.4,101,16,21.2,6,-4.7,4.7,0.884,25.9,0.0,13.6,21.1,0.0,1093,3.04,0.8,14.044,27,1.0,3.7
1329.0,87,340.5,3.5,4.2,60.8,101,99,20.0,6,-5.6,4.5,0.908,30.1,0.0,16.9,22.3,0.0,1041,2.79,0.8,14.160,27,4.3,2.7
1332.0,87,339.6,3.4,4.2,60.8,101,99,16.5,6,-8.6,3.9,1.008,-6.5,0.0,-3.9,34.4,0.0,657,2.78,0.8,14.160,27,4.3,2.7
1335.0,86,329.4,0.0,3.1,60.8,101,99,16.5,6,-8.6,3.9,1.010,-6.5,0.0,-3.9,34.4,0.0,654,2.78,0.8,14.160,27,4.7,3.1
1338.0,86,328.8,0.0,0.0,61.2,101,84,14.5,6,-7.7,3.9,1.012,-6.5,0.0,-3.9,34.5,0.0,652,2.78,0.8,14.160,27,4.7,3.1
1341.0,86,328.2,0.0,0.0,61.2,101,0,0.0,6,3.9,4.2,1.008,-1.3,0.0,-2.8,25.6,0.0,528,2.46,0.9,14.111,27,4.7,3.1
1344.0,86,328.0,0.0,0.0,61.2,101,0,0.0,6,3.9,4.7,0.999,9.5,0.0,0.0,0.0,0.0,2,0.66,1.6,12.962,27,2.2,4.7
1347.0,86,328.4,0.0,0.0,61.2,101,0,0.1,6,3.8,4.7,0.999,9.5,0.0,0.0,0.0,0.0,0,0.66,1.6,12.960,27,0.0,6.3
1350.0,86,328.0,0.0,0.0,61.2,101,0,0.0,6,3.9,4.7,0.996,9.4,0.0,0.0,0.1,0.0,9,0.67,1.6,12.967,27,0.0,6.3
1353.0,86,329.5,0.0,0.0,61.2,101,0,0.0,6,3.9,4.7,0.998,9.5,0.0,0.0,0.0,0.0,5,0.67,1.6,12.964,27,0.0,6.3
1356.0,86,328.9,0.0,0.0,61.2,101,0,0.0,6,3.9,4.7,0.999,9.5,0.0,0.0,0.0,0.0,1,0.66,1.6,12.962,27,0.0,6.3
1359.0,86,328.3,0.0,0.0,61.2,101,0,0.0,6,3.9,4.7,0.995,9.4,0.0,0.0,0.0,0.0,0,0.66,1.6,12.960,27,0.0,6.3
1362.0,86,328.0,0.0,0.0,61.2,101,0,0.0,6,3.9,4.7,0.998,9.5,0.0,0.0,0.0,0.0,5,0.67,1.6,12.964,27,0.0,6.3
1365.0,86,328.9,0.0,0.0,61.2,101,0,0.0,6,3.9,4.7,0.999,9.5,0.0,0.0,0.0,0.0,1,0.66,1.6,12.962,27,0.0,6.3
1368.0,86,328.3,0.0,0.0,61.2,101,0,0.0,0.0,0,0.66,1.6,12.960,27,0.0,6.3
1371.0,86,328.0,0.0,0.0,61.2,101,0,6.3
