BlueDriver Data Log
Nov 29, 2018 5:57:14 AM
Time (s),Engine Coolant Temperature (°C),Catalyst Temperature Bank 1 - Sensor 1 (°C),Absolute Load Value (%),Long Term Fuel Trim Bank 1 (%),Commanded Throttle Actuator (%),Accelerator Pedal Position E (%),Short Term Fuel Trim Bank 1 (%),Mass Air Flow Rate (g/s),Relative Throttle Position (%),Intake Air Temperature (°C),Commanded Evaporative Purge (%),O2 Bank 1 - Sensor 2 - Oxygen Sensor Voltage (V),Evap. System Vapor Pressure (Pa),Absolute Throttle Position B (%),Fuel Level Input (%),Barometric Pressure (kPa),Vehicle Speed (km/h),Ambient Air Temperature (°C),Timing Advance for #1 cylinder (°),Commanded Equivalence Ratio (λ),O2 Bank 1 - Sensor 2 - Short Term Fuel Trim (%),Calculated Engine Load Value (%),Engine RPM (rpm),Accelerator Pedal Position D (%),Control Module Voltage (V),Absolute Throttle Position (%)
0.0,,,,,,,,,,,,,,,,,,,,,,,,,,
9.2,30,0.0,25.9,-3.9,6.3,0.0,4.7,5.45,1.6,16,0.0,0.275,0.0,6.3,69.8,100,0,15,4.4,0.999,99.2,31.0,1237,0.0,14.538,6.3
18.4,32,0.0,25.9,-3.9,6.3,0.0,3.9,5.30,1.6,16,0.0,0.280,0.0,6.3,69.8,100,0,15,3.6,0.999,99.2,30.4,1253,0.0,14.452,6.3
27.6,34,0.0,25.9,-3.9,6.3,0.0,3.9,5.39,1.6,16,0.0,0.280,0.0,6.3,69.8,100,0,15,3.7,0.999,99.2,30.8,1242,0.0,14.480,6.2
36.8,37,0.0,25.9,-3.9,6.0,0.0,3.9,5.24,1.6,16,0.0,0.280,0.0,5.9,69.8,100,0,15,3.8,0.999,99.2,30.3,1225,0.0,14.480,5.9
46.0,39,0.0,29.8,-4.6,6.3,0.0,3.0,5.57,1.4,16,0.0,0.280,0.0,6.5,69.8,100,0,15,-1.0,0.999,99.2,41.8,856,0.0,13.826,5.4
55.2,40,0.0,28.2,-5.5,5.0,0.0,6.4,4.40,0.8,16,0.0,0.285,0.0,5.5,69.8,100,2,15,3.4,0.999,99.2,37.6,853,0.0,13.680,4.9
64.4,42,0.0,31.4,-5.2,5.5,0.9,5.6,5.58,0.5,16,0.0,0.281,0.0,6.1,70.1,100,3,15,2.5,0.999,99.2,41.7,948,2.4,13.449,7.2
73.6,43,0.0,31.9,-3.9,7.2,1.4,3.5,6.66,1.2,16,3.6,0.283,0.0,7.5,69.8,100,7,15,13.3,0.998,99.2,40.2,1315,0.0,13.535,7.3
82.8,44,0.0,48.9,-4.5,11.4,10.8,-1.5,12.64,6.3,16,5.0,0.282,3.4,10.1,70.1,100,4,15,6.4,0.999,99.2,44.3,883,0.0,13.674,5.5
92.0,45,57.0,73.4,-1.6,26.5,21.0,3.1,26.33,21.6,16,82.4,0.327,5.2,29.8,69.8,100,41,15,12.3,0.997,99.2,86.2,2385,22.8,13.702,28.5
101.2,48,181.4,57.6,-2.0,14.1,12.4,4.8,13.99,7.4,15,45.6,0.724,20.2,13.6,69.8,100,59,15,13.9,0.995,99.2,54.4,1475,11.1,13.760,13.5
110.4,50,228.3,44.2,-3.9,8.8,7.0,3.6,9.01,2.9,15,88.8,0.755,12.1,10.2,69.8,99,60,15,13.2,1.010,99.2,49.8,1203,6.0,13.718,9.0
119.6,52,246.0,58.1,-3.0,15.6,13.4,-1.4,14.23,9.4,15,23.4,0.848,3.0,16.5,70.6,100,54,15,3.1,0.914,99.2,72.6,1438,13.9,13.587,16.7
128.8,54,316.8,56.2,-2.4,16.6,14.5,3.1,16.49,12.3,15,60.2,0.742,16.5,15.6,70.2,100,64,15,10.3,0.996,99.2,77.6,1713,16.4,13.493,19.1
138.0,56,354.2,60.0,-3.9,13.7,12.6,3.5,13.09,8.4,15,34.8,0.790,4.9,11.8,70.2,100,68,15,11.1,0.999,99.2,70.4,1381,12.6,12.988,13.4
147.2,57,377.0,54.3,-3.9,11.6,10.7,-5.6,10.42,5.8,15,83.9,0.778,40.4,10.1,70.4,99,66,15,23.9,0.999,99.2,49.5,1240,8.3,13.040,9.8
156.4,58,396.0,28.4,-3.9,5.7,0.7,1.6,5.40,0.3,15,14.7,0.226,0.0,5.8,70.6,100,63,15,30.5,1.049,99.2,35.5,1182,7.8,13.086,8.1
165.6,59,428.0,73.7,-0.8,28.9,23.0,2.4,24.21,24.6,15,89.9,0.728,1.0,28.3,71.0,100,67,15,8.3,0.998,99.2,85.2,1980,22.2,13.000,27.9
174.8,60,456.7,24.5,-3.9,7.0,5.5,-2.3,6.71,2.6,15,21.6,0.653,0.0,5.1,70.6,100,72,15,3.0,0.208,99.2,34.2,1358,0.0,13.040,5.1
184.0,62,423.8,29.9,-3.9,8.6,4.6,-0.3,8.63,2.8,15,0.0,0.167,2.1,8.4,72.2,100,40,15,-8.9,0.000,99.2,33.8,1202,0.0,13.020,6.2
193.2,62,458.0,79.0,-0.8,35.2,26.6,-1.3,26.04,30.6,15,0.0,0.745,0.0,35.5,71.6,100,48,15,10.1,0.999,99.2,88.9,2061,26.7,13.040,34.9
202.4,63,522.7,76.3,-0.8,32.5,24.1,0.0,26.48,27.0,15,0.0,0.756,0.0,29.8,71.2,100,68,15,11.9,1.000,99.2,85.8,2146,24.0,12.972,32.0
211.6,66,553.0,72.9,-0.8,27.6,21.8,2.8,24.85,22.8,15,90.4,0.695,5.0,26.7,70.7,100,78,15,13.3,0.997,99.2,82.8,2080,22.1,13.040,27.8
220.8,68,583.5,75.3,-0.8,34.9,25.1,0.7,27.78,30.2,15,88.7,0.747,1.1,35.0,70.6,100,82,15,12.0,1.000,99.2,86.1,2325,25.1,12.997,34.6
230.0,71,609.7,75.2,-0.8,34.0,24.6,-0.2,27.99,25.1,15,0.0,0.753,0.0,34.7,70.2,100,86,15,12.0,0.999,99.2,87.3,2347,25.2,12.985,34.5
239.2,73,627.0,75.0,-0.8,36.9,26.5,0.6,28.38,32.3,15,88.2,0.744,4.2,36.9,69.4,100,86,15,12.0,1.002,99.2,87.0,2354,27.1,13.040,38.1
248.4,76,642.4,75.3,-3.1,39.2,28.8,2.7,32.62,33.1,15,87.1,0.729,9.7,38.6,69.7,100,91,15,18.0,0.999,99.2,81.7,2782,29.8,13.040,40.2
257.6,78,650.7,77.0,-2.2,39.4,29.2,1.9,32.49,33.6,15,86.8,0.726,0.6,39.5,69.8,100,99,15,14.4,0.997,99.2,87.2,2762,29.7,13.040,41.1
266.8,79,656.0,66.7,-3.1,26.7,20.3,1.9,25.48,19.3,15,89.0,0.776,4.5,31.3,69.4,99,106,15,18.0,0.999,99.2,80.2,2640,23.3,12.973,30.3
276.0,81,656.0,72.8,-3.1,32.4,24.3,3.8,31.79,27.5,15,87.5,0.720,0.1,34.1,69.4,99,106,15,16.4,1.001,99.2,83.6,2643,25.1,12.998,35.7
285.2,82,654.1,62.1,-2.8,23.1,18.8,0.4,25.86,19.1,15,90.8,0.746,0.0,22.1,69.0,99,108,15,16.1,0.999,99.2,75.2,2196,17.4,13.040,21.4
294.4,83,645.5,68.5,-0.8,24.6,20.0,1.6,24.48,20.5,15,90.5,0.685,1.8,26.5,69.0,99,109,15,14.2,1.009,99.2,80.0,2185,20.2,13.026,23.8
303.6,84,636.4,27.9,-5.7,9.1,4.6,1.0,8.75,4.1,15,39.6,0.302,20.5,9.9,68.6,99,119,15,34.5,0.974,99.2,44.2,2253,12.5,13.033,12.3
312.8,84,624.1,72.1,-3.0,28.8,22.3,0.5,29.87,24.0,15,87.8,0.744,5.3,29.4,69.0,99,125,15,16.7,0.996,99.2,82.0,2621,22.5,12.960,29.4
322.0,84,629.3,72.2,-3.1,28.7,22.4,2.3,29.03,23.9,15,87.8,0.735,0.1,29.0,69.8,99,124,15,16.6,1.000,99.2,81.9,2583,22.6,13.187,29.0
331.2,86,632.0,72.2,-3.1,28.6,22.4,1.9,29.04,23.3,15,88.2,0.722,9.8,29.0,69.8,99,122,15,15.0,1.009,99.2,83.1,2538,22.7,13.735,29.0
340.4,86,636.0,71.5,-3.1,29.6,22.6,1.7,28.88,22.8,15,30.0,0.711,2.1,26.3,69.4,100,120,15,16.3,1.001,99.2,80.8,2472,22.4,13.760,29.3
349.6,86,634.9,70.1,-2.6,25.3,19.7,1.5,21.20,14.8,15,0.0,0.692,0.0,21.2,69.7,100,118,15,19.1,1.003,99.2,75.9,2322,19.7,13.756,25.0
358.8,86,626.1,65.4,-1.4,21.6,18.8,-1.4,21.43,11.7,15,30.3,0.691,0.0,7.6,69.8,100,110,15,28.4,1.011,99.2,54.6,2088,15.1,13.727,17.9
368.0,86,626.5,74.0,-2.1,27.0,20.8,1.2,26.15,20.7,15,74.9,0.717,0.0,25.3,69.5,99,108,15,15.3,0.997,99.2,84.2,2474,22.7,13.760,29.2
377.2,86,624.0,67.0,-0.8,25.8,20.9,0.4,25.01,23.6,15,89.6,0.692,0.0,28.4,70.0,99,110,15,15.1,1.000,99.2,81.9,2287,21.7,13.682,22.5
386.4,86,609.1,22.2,-6.3,9.6,5.0,0.4,10.59,5.1,15,5.7,0.317,0.0,5.1,70.2,100,107,15,-11.3,0.000,99.2,14.7,1973,1.4,13.760,5.3
395.6,86,600.5,76.0,-3.0,30.5,23.9,1.8,28.82,25.7,15,88.2,0.729,0.0,31.0,70.3,99,101,15,11.8,0.993,99.2,86.2,2357,24.2,13.818,30.8
404.8,86,613.3,67.6,-2.9,23.9,19.7,1.5,23.45,20.5,15,90.3,0.715,0.0,27.0,69.4,99,107,15,15.1,0.994,99.2,83.0,2332,22.5,13.760,22.4
414.0,86,610.2,51.0,-2.3,8.8,4.1,4.1,7.91,2.7,15,43.8,0.615,57.7,13.6,69.4,99,104,15,34.1,1.006,99.2,69.0,1963,7.4,13.680,17.4
423.2,86,606.9,72.4,-0.8,27.8,22.2,-0.3,25.75,23.5,15,89.3,0.526,0.0,27.8,69.3,99,101,15,10.5,0.992,99.2,86.3,2222,22.8,13.760,27.2
432.4,86,615.3,73.7,-0.8,28.4,22.6,1.8,25.38,24.7,15,89.3,0.710,2.1,28.7,69.0,99,103,15,16.8,1.002,99.2,74.9,2038,18.9,13.760,21.0
441.6,86,620.0,66.2,-0.9,25.9,21.8,0.7,23.52,22.5,15,90.6,0.717,0.0,26.2,70.0,99,102,15,11.8,1.002,99.2,73.3,1998,17.9,13.743,21.6
450.8,87,628.0,74.4,-3.1,33.1,25.9,3.1,29.63,28.9,15,87.6,0.722,0.7,32.6,70.1,99,103,15,12.1,1.002,99.2,87.4,2461,25.4,13.729,32.8
460.0,87,624.6,27.4,-5.4,9.3,8.4,-1.4,8.26,3.7,15,35.3,0.735,0.2,8.1,70.2,99,102,15,24.6,1.000,99.2,61.6,1938,12.4,13.811,12.7
469.2,87,620.0,58.7,-1.6,19.1,15.3,1.9,17.19,13.3,16,78.5,0.707,0.0,18.8,69.8,99,97,15,15.3,1.013,99.2,78.4,2031,18.6,13.777,20.8
478.4,87,619.1,75.5,-2.4,32.5,25.4,3.0,28.44,28.0,16,87.9,0.698,0.5,32.1,69.3,99,97,15,11.9,1.002,99.2,88.2,2370,25.7,13.760,32.1
487.6,87,628.0,74.4,-0.8,29.3,23.1,0.7,27.69,24.7,16,88.3,0.722,0.0,29.8,69.0,99,102,15,12.2,1.004,99.2,85.2,2360,22.9,13.760,29.1
496.8,87,639.6,69.6,-0.8,25.1,17.5,1.7,19.92,16.7,16,92.5,0.716,17.1,21.9,69.0,98,97,15,16.2,1.002,99.2,75.9,2160,19.7,13.760,26.0
506.0,87,629.2,48.0,-5.0,15.4,15.6,3.0,17.94,16.4,16,5.7,0.699,1.7,21.2,68.6,99,95,15,16.9,1.005,99.2,68.3,1827,11.2,13.760,11.2
515.2,87,600.0,41.9,-2.3,12.3,11.8,-0.2,11.75,6.6,16,25.4,0.850,18.1,10.5,68.6,99,100,15,18.7,0.780,99.2,57.3,1873,11.0,13.830,16.1
524.4,87,600.0,64.8,-0.8,20.6,17.3,-0.4,20.13,15.5,16,93.2,0.757,7.2,19.1,68.6,98,104,15,18.4,0.998,99.2,73.7,1975,17.4,13.772,20.3
533.6,87,596.5,55.8,-4.2,15.9,15.4,0.6,16.35,13.8,16,93.9,0.720,0.0,18.6,68.8,98,91,15,17.9,0.999,99.2,67.2,1758,14.9,13.760,15.1
542.8,87,604.4,65.0,-0.8,21.0,17.8,0.1,20.84,17.2,16,92.4,0.711,7.4,21.7,68.4,98,86,15,16.0,0.998,99.2,73.6,1929,17.0,13.760,19.8
552.0,87,608.7,64.9,-0.8,21.2,17.6,1.6,20.27,16.4,16,92.9,0.706,0.1,20.9,68.3,98,91,15,16.0,1.004,99.2,75.4,1993,17.7,13.793,20.8
561.2,87,614.0,69.3,-0.8,25.3,20.9,0.2,23.46,21.2,16,90.7,0.739,1.0,26.6,68.2,98,94,15,11.7,0.993,99.2,84.5,2071,22.4,13.783,26.7
570.4,87,622.8,70.3,-0.8,24.9,20.3,2.7,23.97,20.6,16,90.6,0.729,0.0,26.6,68.3,98,100,15,14.9,1.003,99.2,82.0,2288,22.0,13.740,27.2
579.6,87,620.5,61.3,-2.0,19.7,17.5,2.0,21.14,15.8,16,90.6,0.720,25.3,17.2,68.2,98,107,15,20.3,1.004,99.2,68.5,2007,14.9,13.760,17.9
588.8,87,615.5,58.1,-2.3,18.0,16.1,2.0,19.36,13.4,16,93.3,0.691,5.1,18.4,68.2,98,108,15,20.2,0.998,99.2,70.1,2070,16.1,13.760,18.1
598.0,87,612.0,64.1,-2.0,21.6,18.5,1.1,21.18,17.8,16,91.4,0.714,1.4,24.6,68.5,98,103,15,15.7,0.998,99.2,73.5,2093,18.2,13.723,20.9
607.2,87,614.4,62.8,-0.8,19.6,16.9,0.4,19.39,15.6,16,85.1,0.705,10.2,20.4,68.2,98,102,15,17.8,1.003,99.2,71.2,1941,16.3,13.663,18.7
616.4,87,607.4,33.4,-2.3,9.6,9.5,0.1,10.91,6.1,16,21.3,0.723,470.2,12.2,68.2,99,104,15,26.1,0.998,99.2,50.1,1960,12.4,13.760,9.4
625.6,87,592.6,50.5,-2.3,15.2,14.9,0.5,15.82,11.1,16,94.0,0.535,0.0,15.1,68.0,97,99,15,22.4,0.992,99.2,60.9,1904,14.2,13.760,14.1
634.8,87,604.2,77.5,-0.8,33.3,25.6,0.7,29.15,28.4,16,0.0,0.685,0.0,32.7,67.8,99,94,15,11.5,0.998,99.2,87.7,2381,25.9,13.760,33.3
644.0,87,620.8,74.4,-3.1,33.0,25.5,2.3,30.26,28.6,16,87.5,0.714,13.0,33.2,67.8,99,102,15,13.0,1.005,99.2,86.8,2528,25.7,13.760,33.5
653.2,87,628.0,71.1,-2.3,28.9,22.5,2.7,28.26,24.0,16,88.5,0.711,12.0,24.0,67.8,98,114,15,16.7,1.000,99.2,81.1,2299,21.4,13.760,28.3
662.4,87,628.0,65.2,-0.8,23.3,19.5,1.0,24.46,19.8,16,71.5,0.713,0.0,24.8,67.6,98,114,15,15.5,0.999,99.2,75.9,2182,17.7,13.733,21.6
671.6,87,624.0,67.2,-0.8,24.2,20.0,0.3,24.80,20.6,16,69.0,0.696,8.7,25.6,67.8,98,113,15,18.4,0.998,99.2,74.8,2147,18.4,13.755,22.6
680.8,87,627.6,50.2,-2.0,19.6,19.6,1.5,24.21,22.6,16,89.3,0.726,13.9,29.6,67.7,98,108,15,12.9,0.995,99.2,85.2,2471,24.3,13.760,31.6
690.0,87,624.1,62.3,-0.8,20.0,15.3,2.3,16.53,11.5,16,10.6,0.642,0.0,5.7,67.7,99,111,15,8.4,0.628,99.2,48.3,2061,13.1,13.760,20.6
699.2,87,591.0,16.2,-6.9,5.2,0.0,0.6,4.50,0.4,16,0.0,0.177,0.0,7.6,68.5,99,99,15,14.1,0.500,99.2,31.8,1910,5.3,13.760,8.0
708.4,86,589.3,71.4,-0.8,26.1,21.3,3.0,25.40,22.4,16,89.2,0.720,0.1,26.2,68.6,98,100,15,14.8,1.000,99.2,82.6,2190,21.2,13.754,26.0
717.6,86,602.1,72.7,-0.8,23.7,18.7,3.1,21.89,17.8,16,40.8,0.702,0.0,21.1,68.2,99,100,15,15.0,1.003,99.2,85.4,2082,22.1,13.840,28.2
726.8,86,614.0,76.6,-3.1,39.5,30.3,2.0,37.11,33.9,16,84.0,0.719,9.3,39.1,67.8,98,107,15,18.5,0.998,99.2,84.0,3037,30.6,13.760,38.7
736.0,86,623.8,73.3,-3.1,36.7,28.8,2.7,34.49,31.8,16,85.8,0.709,0.0,38.9,67.5,98,114,15,17.2,0.998,99.2,86.1,2945,28.7,13.693,38.1
745.2,86,633.0,74.6,-3.1,34.8,28.4,2.2,39.36,29.0,16,84.1,0.714,6.0,34.3,67.1,98,117,15,20.8,0.996,99.2,82.2,3129,26.9,13.726,35.7
754.4,86,636.0,72.9,-3.1,35.0,25.4,2.5,31.98,29.9,16,10.1,0.713,0.2,34.9,66.7,99,122,15,14.7,1.006,99.2,85.2,2704,25.7,13.760,35.9
763.6,86,630.8,18.3,-4.6,9.7,8.1,1.0,12.00,7.0,16,10.4,0.516,0.0,7.3,66.8,98,119,15,29.9,0.997,99.2,20.8,2256,3.4,13.745,12.1
772.8,86,586.7,15.4,-7.0,5.7,6.7,1.6,7.23,4.3,16,5.6,0.070,24.5,9.1,67.5,99,93,15,-0.5,0.237,99.2,25.2,1707,2.2,13.760,5.3
782.0,86,587.2,48.5,-4.7,17.2,15.4,4.6,16.30,12.9,16,19.9,0.709,0.3,13.8,67.5,98,91,15,28.0,1.002,99.2,52.1,1963,15.9,13.760,19.4
791.2,86,585.9,68.2,-0.8,22.4,18.4,1.6,20.81,18.4,16,82.4,0.716,10.4,23.8,67.8,98,96,15,15.4,0.995,99.2,76.0,1986,18.6,13.761,22.8
800.4,86,598.5,72.4,-2.4,30.1,23.6,3.6,28.42,25.5,16,88.6,0.708,3.2,30.0,67.5,98,105,15,13.9,0.996,99.2,86.5,2504,23.9,13.760,30.1
809.6,86,607.1,49.4,-2.3,15.6,14.6,3.1,17.28,6.5,16,20.8,0.660,49.0,13.7,67.5,98,106,15,27.1,1.008,99.2,60.1,2040,13.2,13.704,13.6
818.8,86,600.0,66.5,-0.8,18.4,13.9,1.6,13.82,9.7,16,18.5,0.686,2164.2,18.2,67.2,98,100,15,13.8,1.001,99.2,80.8,1928,19.8,13.760,23.5
828.0,86,609.7,73.9,-2.3,30.5,23.8,3.1,28.29,26.2,16,88.1,0.689,0.0,31.3,66.7,98,100,15,17.1,1.004,99.2,78.9,2036,20.4,13.760,28.2
837.2,86,619.0,73.2,-3.1,31.6,24.5,2.7,29.36,26.9,16,88.0,0.686,3.9,32.0,66.7,98,100,15,14.4,0.997,99.2,85.9,2500,25.1,13.799,32.3
846.4,86,627.9,69.9,-1.1,26.6,21.5,2.5,25.32,23.3,16,90.1,0.698,4.1,28.4,66.5,98,102,15,14.1,1.002,99.2,83.8,2337,21.9,13.811,26.7
855.6,86,628.0,65.2,-0.8,24.2,20.0,2.3,22.46,20.6,16,87.5,0.705,13.6,24.3,66.0,97,100,15,13.7,0.998,99.2,82.5,2081,20.8,13.790,26.3
864.8,87,628.0,64.6,-1.1,24.4,20.1,4.4,22.90,20.5,16,90.2,0.695,0.0,26.5,66.3,97,102,15,14.6,1.004,99.2,78.3,2156,16.3,13.723,20.8
874.0,87,624.0,58.9,-1.4,22.0,18.1,0.8,21.85,17.7,16,0.0,0.700,0.0,22.4,66.7,98,110,15,15.9,1.004,99.2,70.7,2072,16.0,13.710,18.7
883.2,87,620.0,69.7,-0.8,24.9,20.4,2.7,23.92,20.4,16,91.4,0.668,12.4,24.0,66.3,97,110,15,14.4,1.002,99.2,80.6,2322,21.8,13.750,26.6
892.4,87,601.3,55.3,-3.2,18.1,14.1,-1.2,15.52,12.4,16,58.0,0.474,24.8,16.3,65.9,98,101,15,-3.2,1.079,99.2,35.7,1938,15.0,13.833,16.9
901.6,87,608.0,66.6,-0.8,23.5,19.6,2.3,23.31,20.0,16,91.4,0.696,0.3,24.1,65.6,97,102,15,15.3,1.002,99.2,81.5,2158,19.5,13.789,24.4
910.8,87,601.7,31.0,-4.5,6.2,5.5,0.0,6.78,4.2,16,17.7,0.721,2.7,13.7,65.9,98,104,15,23.8,0.991,99.2,58.2,1961,9.9,13.760,11.4
920.0,87,585.5,47.2,-3.6,13.4,9.9,0.3,6.48,4.6,16,18.2,0.710,6.2,9.8,65.9,97,99,15,33.7,0.996,99.2,25.9,1862,7.7,13.763,12.3
929.2,87,584.7,72.2,-0.8,28.1,22.2,3.6,25.16,22.5,16,77.7,0.703,195.8,26.7,65.9,97,99,15,13.1,1.004,99.2,84.2,2168,21.1,13.760,25.9
938.4,87,597.3,62.8,-1.2,24.3,20.5,-0.2,24.94,20.5,16,86.2,0.716,8.7,21.9,65.5,97,104,15,23.3,0.994,99.2,75.3,2086,14.2,13.760,17.0
947.6,87,589.3,53.3,-2.3,10.5,0.4,-0.0,5.19,1.3,16,0.7,0.512,0.0,10.4,66.2,98,93,15,35.0,1.009,99.2,38.4,1754,10.6,13.622,13.2
956.8,87,588.0,67.7,-0.9,23.3,18.5,2.0,18.90,16.6,16,68.2,0.709,0.0,24.1,65.9,98,90,15,12.3,0.999,99.2,83.0,1989,20.4,13.778,24.6
966.0,87,605.6,73.7,-1.0,31.4,24.3,0.0,28.19,26.2,16,88.4,0.696,0.0,30.8,65.2,97,93,15,14.2,0.993,99.2,86.6,2388,24.5,13.794,31.0
975.2,87,620.6,75.3,-3.1,35.5,27.0,2.2,29.16,30.5,16,87.8,0.692,1.0,36.0,65.0,97,94,15,12.0,0.999,99.2,88.8,2434,27.5,13.777,35.9
984.4,87,635.7,75.3,-3.1,41.2,28.5,2.5,32.37,35.1,16,86.8,0.712,3.9,40.9,64.7,97,95,15,13.9,0.998,99.2,87.3,2691,29.0,13.760,41.1
993.6,87,648.7,69.4,-3.1,33.4,25.1,2.3,32.02,29.6,16,87.6,0.684,2.1,35.9,64.8,97,99,15,17.9,1.001,99.2,83.8,2868,25.9,13.760,33.8
1002.8,87,652.0,75.3,-1.7,40.1,29.5,-0.1,30.72,35.5,16,13.7,0.658,3.5,41.3,64.7,97,100,15,13.7,0.998,99.2,87.7,2504,29.6,13.760,40.4
1012.0,87,659.0,70.5,-3.1,35.3,26.4,2.8,30.18,29.7,15,87.6,0.704,15.5,33.9,64.3,97,100,15,15.4,1.004,99.2,85.2,2680,27.8,13.683,39.9
1021.2,87,649.0,62.5,-2.3,19.6,14.8,-0.1,14.80,11.7,16,19.6,0.724,516.0,18.1,64.5,97,96,15,17.8,0.998,99.2,65.3,1812,12.9,13.687,9.5
1030.4,87,625.2,18.1,-7.0,6.4,0.8,0.0,6.10,0.5,16,0.0,0.161,218.0,6.1,65.2,97,95,15,-8.0,0.000,99.2,19.3,1760,0.0,13.705,6.1
1039.6,87,572.7,14.7,-7.0,5.5,0.0,0.0,4.63,0.4,16,0.0,0.000,0.0,5.4,66.6,97,92,15,-3.9,0.307,99.2,19.3,1773,0.0,13.672,5.5
1048.8,86,525.1,13.5,-7.0,5.5,0.7,0.0,4.65,0.4,16,0.0,0.000,0.0,5.2,67.5,97,84,15,-11.0,0.203,99.2,15.6,1916,0.0,13.687,5.5
1058.0,85,498.4,22.4,-7.0,7.4,6.8,-0.3,6.59,2.4,16,5.1,0.795,0.0,6.3,67.5,97,94,15,40.0,0.978,99.2,24.3,1792,6.1,13.760,7.3
1067.2,85,476.7,12.5,-7.0,5.3,1.7,4.1,4.49,0.4,16,0.0,0.059,0.0,5.1,67.8,98,103,15,-11.5,0.000,99.2,15.4,1945,0.0,13.760,5.2
1076.4,85,439.4,11.8,-7.0,5.1,0.0,0.0,4.36,0.4,16,0.0,0.000,0.0,5.1,67.9,98,97,15,-11.9,0.000,99.2,14.0,2054,0.0,13.822,5.1
1085.6,85,407.3,11.0,-7.0,5.1,0.0,0.0,4.39,0.4,16,0.0,0.000,0.0,5.1,67.8,98,99,15,-10.0,0.000,99.2,12.9,2208,0.0,13.680,5.1
1094.8,85,372.1,11.0,-7.0,5.4,0.0,0.0,4.53,0.4,16,0.0,0.000,0.0,5.1,68.2,98,98,15,-9.0,0.000,99.2,13.3,2267,0.0,13.721,5.3
1104.0,84,347.6,11.8,-7.0,5.3,1.5,5.3,4.67,0.4,16,8.8,0.211,0.0,5.0,68.6,99,98,15,-9.1,0.000,99.2,13.3,2294,2.5,13.637,5.1
1113.2,84,336.9,15.9,-7.0,5.6,2.2,14.5,4.91,0.6,16,22.5,0.869,0.0,5.3,68.3,99,107,15,-1.1,0.181,99.2,14.5,2007,3.7,13.760,5.5
1122.4,84,323.5,11.8,-7.0,5.1,0.0,0.0,4.33,0.5,16,0.0,0.000,0.0,5.1,68.4,99,106,15,-12.2,0.000,99.2,13.3,2074,0.0,13.760,5.1
1131.6,84,297.9,12.6,-7.0,5.3,0.6,0.4,4.37,0.4,16,0.0,0.000,0.0,5.1,68.6,99,105,15,-12.3,0.000,99.2,13.9,1970,0.0,13.723,5.1
1140.8,84,286.4,24.3,-6.3,7.9,3.6,-0.4,6.79,2.6,16,2.1,0.080,0.0,5.6,68.6,99,92,15,-11.5,0.940,99.2,19.4,1746,5.1,13.760,7.0
1150.0,84,319.7,44.1,-1.6,14.1,12.4,-0.9,15.87,12.4,16,30.4,0.749,989.0,18.2,68.6,99,98,15,18.3,0.998,99.2,42.4,1848,9.6,13.760,12.7
1159.2,85,336.0,26.7,-5.3,7.6,4.7,3.9,6.50,1.8,16,38.3,0.836,44.4,6.2,68.6,99,97,15,-2.7,0.119,99.2,16.7,1814,0.1,13.680,6.4
1168.4,85,339.8,14.6,-6.6,5.7,1.6,-0.6,4.87,0.6,16,0.0,0.261,2.7,5.1,68.2,100,94,15,-11.0,0.000,99.2,15.0,1836,0.0,13.760,5.1
1177.6,85,328.0,26.3,-5.0,8.2,8.3,1.0,7.86,3.9,16,5.8,0.778,0.0,5.4,67.8,100,89,15,11.2,0.332,99.2,19.4,1663,6.3,13.714,7.5
1186.8,85,336.0,18.3,-7.0,5.6,1.9,1.0,4.59,1.3,16,13.2,0.546,0.0,6.1,67.5,100,88,15,19.0,0.992,99.2,23.3,1684,0.7,13.760,5.2
1196.0,85,328.0,30.8,-6.2,9.8,9.9,4.9,8.80,3.8,16,7.2,0.542,0.0,6.0,67.6,100,75,15,-4.4,0.116,99.2,24.9,1391,0.2,13.760,6.0
1205.2,85,375.1,74.0,-1.0,28.1,22.2,1.1,25.24,23.8,16,90.3,0.743,0.0,28.2,67.1,99,82,15,9.9,0.999,99.2,86.8,2168,22.5,13.760,28.6
1214.4,86,441.7,76.1,-3.0,32.2,24.9,1.5,29.94,27.3,16,88.5,0.727,1.7,31.8,66.5,99,99,15,12.2,1.000,99.2,87.9,2467,24.7,13.760,32.1
1223.6,86,488.3,70.7,-0.8,25.6,20.8,0.8,25.28,22.1,16,90.9,0.702,0.5,26.9,66.2,99,110,15,15.3,1.001,99.2,82.1,2259,21.0,13.715,26.2
1232.8,86,505.9,24.5,-3.6,9.0,8.0,-0.6,9.66,3.8,16,1.9,0.755,0.0,5.6,67.1,100,116,15,-5.2,0.225,99.2,26.1,2148,4.6,13.760,7.0
1242.0,86,468.0,17.6,-4.6,9.1,6.2,0.4,8.68,4.0,16,5.5,0.252,0.0,7.5,67.9,100,101,15,-8.9,0.006,99.2,14.4,1923,0.0,13.712,5.1
1251.2,86,485.4,68.2,-0.8,22.0,18.3,-0.5,22.03,17.1,16,56.3,0.705,3.1,21.7,68.0,99,106,15,15.9,0.997,99.2,78.5,2110,18.5,13.760,22.4
1260.4,86,504.5,50.3,-2.5,15.2,14.5,-1.6,16.53,9.8,16,48.9,0.673,0.0,14.7,67.5,100,114,15,29.3,0.995,99.2,50.3,2147,12.8,13.734,13.8
1269.6,86,504.0,29.0,-2.3,9.9,9.5,-0.9,9.61,5.1,16,8.3,0.661,7.1,9.1,67.1,100,116,15,37.3,0.999,99.2,29.9,2189,9.3,13.680,10.0
1278.8,86,504.5,21.4,-4.0,7.6,7.4,-7.3,7.76,2.8,16,78.7,0.658,46.1,7.3,66.3,98,118,15,13.3,0.157,99.2,20.1,2200,3.4,13.760,8.5
1288.0,86,502.8,52.6,-2.3,16.0,14.7,0.0,18.53,12.4,17,18.6,0.699,918.3,16.3,66.3,100,112,15,23.8,0.999,99.2,66.7,2175,15.9,13.760,16.7
1297.2,86,519.6,20.6,-6.2,10.3,11.7,-2.3,14.23,9.7,17,82.1,0.711,37.2,16.9,66.5,99,115,15,23.7,0.993,99.2,57.8,2192,15.0,13.760,6.4
1306.4,86,524.0,37.1,-2.3,9.0,9.8,-4.9,11.46,6.8,17,85.8,0.565,0.0,12.7,66.7,99,112,15,27.2,1.000,99.2,54.3,2135,12.5,13.760,12.9
1315.6,86,530.4,54.0,-2.2,18.6,16.8,-2.3,21.32,16.4,17,92.4,0.494,0.0,21.9,66.7,100,107,15,17.8,1.001,99.2,72.1,2125,18.1,13.791,16.8
1324.8,86,558.9,77.3,-3.1,36.3,27.0,2.3,31.08,31.3,17,86.8,0.701,0.2,36.2,66.7,100,100,15,12.5,1.000,99.2,88.4,2525,27.5,13.732,36.8
1334.0,86,588.0,75.0,-3.1,38.5,28.2,2.7,35.95,33.0,17,85.9,0.730,0.0,38.4,66.6,100,104,15,16.4,0.995,99.2,84.7,2912,28.6,13.800,37.9
1343.2,86,600.0,67.5,-1.5,25.6,20.5,1.9,27.14,21.3,17,90.0,0.715,9.2,24.8,66.1,99,113,15,22.7,0.999,99.2,73.9,2131,18.9,13.840,24.5
1352.4,86,600.0,67.1,-1.0,22.6,18.6,1.6,22.87,17.8,17,0.0,0.707,0.0,22.2,65.9,100,116,15,17.6,1.003,99.2,76.8,2200,19.1,13.760,23.4
1361.6,87,600.0,55.4,-2.3,16.9,15.4,-2.1,19.36,12.8,17,74.0,0.694,0.0,17.0,65.9,99,115,15,22.8,0.994,99.2,63.2,2184,15.6,13.732,16.9
1370.8,87,600.0,53.2,-2.3,18.7,16.1,0.5,20.87,13.7,17,41.2,0.720,37.8,18.3,65.9,100,124,15,23.5,0.999,99.2,63.0,2334,15.9,13.760,17.5
1380.0,87,600.0,49.2,-2.6,17.2,15.6,0.8,20.76,12.8,17,40.0,0.691,44.2,17.6,65.9,100,128,15,24.4,0.987,99.2,52.7,2428,13.3,13.760,15.1
1389.2,86,600.0,58.6,-3.1,19.2,16.7,1.4,22.31,14.6,17,46.7,0.694,46.4,19.0,65.9,100,128,15,22.9,0.997,99.2,66.9,2403,16.8,13.826,20.0
1398.4,86,603.4,69.4,-0.8,25.0,20.6,0.3,25.95,20.3,17,83.6,0.720,5.6,24.6,65.7,100,119,15,17.0,0.999,99.2,78.9,2309,20.7,13.760,25.8
1407.6,86,604.2,52.6,-2.2,20.6,18.5,1.7,23.92,18.7,17,81.0,0.714,7.8,22.6,65.1,100,119,15,22.5,1.001,99.2,63.2,2270,15.5,13.760,16.8
1416.8,86,608.0,60.7,-0.8,19.7,16.9,0.8,22.37,14.7,17,47.2,0.687,36.3,18.3,65.1,100,121,15,20.8,0.996,99.2,72.2,2302,17.1,13.639,20.1
1426.0,86,608.0,63.5,-2.4,21.5,17.9,0.1,23.81,16.9,17,59.6,0.701,28.1,21.2,65.1,100,125,15,20.6,1.005,99.2,71.5,2362,18.0,13.760,20.8
1435.2,86,608.0,61.1,-3.1,21.5,18.0,1.6,24.40,16.5,17,59.4,0.700,4.8,21.3,65.5,100,129,15,21.4,0.998,99.2,53.1,2406,15.1,13.760,17.7
1444.4,86,602.4,30.9,-2.3,14.1,14.0,4.6,17.35,11.1,17,34.2,0.885,0.0,17.3,65.5,100,118,15,20.0,1.033,99.2,53.2,2277,11.2,13.809,12.4
1453.6,86,600.0,62.1,-2.3,20.8,17.2,2.7,21.55,14.2,17,0.0,0.698,0.0,20.6,65.5,101,120,15,21.0,0.998,99.2,70.8,2287,17.6,13.760,20.8
1462.8,86,600.0,59.9,-2.3,19.7,16.9,1.6,21.76,15.7,17,16.0,0.701,0.0,20.8,65.5,100,116,15,20.1,1.000,99.2,72.7,2237,18.2,13.619,21.3
1472.0,86,600.0,67.4,-1.0,23.2,19.4,1.0,24.09,18.8,17,76.4,0.708,0.0,22.8,65.5,100,116,15,18.2,1.000,99.2,74.7,2233,18.8,13.760,23.3
1481.2,86,600.0,64.0,-2.2,21.9,18.8,1.6,22.78,17.3,17,67.2,0.719,0.0,21.1,65.5,100,116,15,20.7,0.999,99.2,71.3,2200,17.8,13.791,21.0
1490.4,86,601.3,66.9,-0.8,24.0,20.0,2.8,24.78,20.3,17,88.4,0.720,0.0,24.6,65.5,100,118,15,17.0,0.999,99.2,77.1,2243,19.9,13.760,23.9
1499.6,86,604.0,51.4,-1.5,17.1,15.6,0.8,20.33,13.7,17,45.2,0.704,8.8,20.0,65.5,100,120,15,21.5,0.998,99.2,70.0,2298,17.0,13.760,13.2
1508.8,86,604.0,67.9,-0.8,24.1,20.0,0.8,24.89,20.0,17,88.6,0.708,10.2,24.7,65.5,100,120,15,14.3,0.997,99.2,78.0,2288,20.4,13.760,24.3
1518.0,86,608.0,60.8,-0.8,15.7,13.1,2.1,16.07,10.1,17,31.4,0.699,13.6,15.9,65.5,100,120,15,23.8,1.004,99.2,67.7,2275,16.8,13.760,19.3
1527.2,86,608.0,70.5,-0.8,26.1,21.1,0.2,26.56,21.4,17,89.6,0.697,0.0,26.0,65.3,100,121,15,16.3,1.001,99.2,80.7,2359,21.0,13.760,26.1
1536.4,86,616.0,68.4,-0.8,24.4,20.5,0.9,25.92,21.1,17,88.2,0.720,6.9,26.3,64.7,100,122,15,16.6,0.998,99.2,82.0,2447,22.0,13.637,27.3
1545.6,86,616.0,65.1,-1.6,19.4,16.3,1.1,19.66,13.8,17,50.3,0.699,2.2,22.8,64.6,100,120,15,18.5,1.000,99.2,77.0,2289,20.0,13.760,24.1
1554.8,86,616.0,67.0,-0.8,23.5,19.6,-0.8,26.02,19.2,17,75.3,0.701,11.1,23.7,64.6,100,126,15,18.5,1.001,99.2,76.0,2425,18.8,13.760,22.8
1564.0,86,620.0,67.9,-1.4,24.3,19.9,2.1,25.56,20.2,17,0.0,0.683,1.2,25.6,64.5,100,123,15,19.9,1.007,99.2,74.8,2319,20.0,13.760,23.8
1573.2,86,620.0,64.4,-0.8,22.4,18.4,1.6,23.80,17.4,18,64.5,0.731,0.0,21.9,64.0,100,121,15,20.4,0.999,99.2,71.2,2303,18.2,13.760,21.3
1582.4,86,617.5,67.5,-0.8,23.5,19.7,-1.4,25.34,18.9,18,78.6,0.695,26.7,23.8,63.9,100,124,15,18.4,0.998,99.2,74.6,2355,19.1,13.776,23.0
1591.6,86,612.3,40.2,-1.6,14.1,11.9,2.2,10.27,2.6,17,4.7,0.743,3.6,6.5,64.4,100,126,15,-4.5,0.053,99.2,13.2,2338,5.3,13.760,11.3
1600.8,86,596.8,31.1,-3.6,13.1,13.3,-1.9,16.29,7.6,18,30.6,0.360,27.0,11.4,64.7,100,123,15,31.5,0.989,99.2,28.6,2285,10.8,13.760,10.7
1610.0,86,592.5,62.0,-3.1,21.1,17.4,1.4,22.76,15.5,18,52.4,0.598,10.4,16.2,64.7,100,118,15,24.5,0.995,99.2,67.2,2386,16.5,13.760,18.4
1619.2,86,597.2,72.2,-1.3,26.8,21.6,-0.5,28.02,22.0,18,87.9,0.638,1.0,26.5,64.0,100,116,15,17.3,0.993,99.2,80.8,2416,21.4,13.680,26.7
1628.4,86,606.1,71.8,-3.1,27.2,21.8,2.3,28.20,22.4,17,88.6,0.696,0.0,27.2,63.9,100,120,15,15.5,0.999,99.2,82.1,2462,21.9,13.818,27.4
1637.6,86,615.3,71.4,-3.1,29.0,22.6,2.3,29.48,24.2,17,88.4,0.698,0.0,29.4,63.5,100,125,15,16.6,0.998,99.2,81.8,2592,22.7,13.760,29.3
1646.8,86,619.7,48.5,-3.1,16.3,14.9,2.9,19.42,12.7,17,41.2,0.701,34.5,18.7,63.8,100,126,15,22.6,0.998,99.2,66.1,2387,13.4,13.835,13.8
1656.0,86,610.5,58.5,-2.3,18.7,16.4,0.9,21.32,14.3,18,49.9,0.705,1.6,19.1,63.9,100,122,15,21.4,1.003,99.2,32.2,2263,12.8,13.714,17.4
1665.2,86,608.0,58.5,-1.5,20.2,17.0,1.4,22.19,12.9,18,0.0,0.709,0.0,16.7,63.9,100,120,15,24.7,0.995,99.2,58.3,2287,15.4,13.695,18.3
1674.4,86,611.6,71.7,-2.6,27.9,22.2,1.6,28.87,23.5,18,49.9,0.535,0.0,28.5,63.5,101,128,15,16.2,0.997,99.2,81.2,2553,22.4,13.760,28.3
1683.6,86,620.0,69.4,-3.1,28.9,22.4,2.3,30.21,24.3,18,88.2,0.707,0.0,29.5,63.5,100,128,15,17.2,0.997,99.2,80.8,2570,19.4,13.731,25.8
1692.8,86,613.5,72.0,-3.1,28.3,22.2,1.1,29.23,23.6,18,88.2,0.666,0.0,28.8,63.5,100,126,15,19.3,0.992,99.2,77.1,2537,22.1,13.714,27.9
1702.0,86,622.5,70.0,-3.1,27.7,21.9,1.9,29.31,23.9,18,88.1,0.704,1.1,30.4,63.9,100,126,15,16.9,0.998,99.2,80.9,2645,23.2,13.760,30.2
1711.2,86,624.0,68.4,-3.1,24.1,20.0,1.8,26.06,19.6,18,83.8,0.693,7.1,24.3,63.9,100,126,15,17.7,0.999,99.2,79.2,2400,20.4,13.760,24.3
1720.4,86,628.0,72.0,-3.1,27.0,21.8,2.3,27.88,22.1,18,88.6,0.690,0.0,27.0,63.5,100,126,15,17.0,0.998,99.2,81.1,2460,21.8,13.760,27.4
1729.6,86,632.0,71.7,-3.1,28.8,22.4,3.1,28.82,23.9,18,88.5,0.698,0.9,29.0,63.6,100,122,15,16.0,1.000,99.2,82.0,2539,22.7,13.760,29.0
1738.8,86,636.0,71.4,-3.1,29.7,23.0,2.9,29.22,24.6,17,88.2,0.703,1.8,29.6,63.9,100,119,15,15.9,1.001,99.2,82.4,2565,23.0,13.760,29.7
1748.0,86,636.0,69.1,-3.1,25.1,20.4,2.3,26.65,20.6,17,89.6,0.704,0.0,26.5,63.2,100,128,15,17.9,0.999,99.2,80.9,2484,21.3,13.760,25.2
1757.2,86,636.0,69.1,-3.1,27.8,21.7,3.1,28.35,22.4,17,88.3,0.693,0.0,28.9,62.7,100,135,15,18.4,0.999,99.2,79.4,2601,21.8,13.796,27.7
1766.4,86,637.9,71.4,-3.1,30.6,22.7,1.6,30.98,25.0,17,0.0,0.709,3.1,30.4,62.4,100,136,15,17.5,0.998,99.2,79.9,2741,23.1,13.760,30.9
1775.6,86,637.4,54.4,-3.1,20.4,17.4,1.6,24.52,16.2,17,26.3,0.713,20.6,20.7,62.4,100,136,15,23.7,0.999,99.2,65.2,2576,17.6,13.760,21.6
1784.8,86,632.0,67.3,-3.1,24.6,19.9,1.8,27.05,19.5,18,84.1,0.705,7.7,25.0,62.9,100,134,15,19.7,1.002,99.2,75.9,2553,19.9,13.706,24.6
1794.0,86,632.0,65.9,-3.1,25.5,20.0,2.3,27.71,20.4,18,87.8,0.709,2.6,25.7,63.4,100,137,15,20.8,0.998,99.2,75.7,2618,20.4,13.713,25.6
1803.2,86,632.0,67.2,-3.1,25.2,20.0,1.6,27.39,19.9,18,87.4,0.705,0.0,25.5,63.5,100,136,15,20.5,0.998,99.2,75.3,2585,20.1,13.707,25.2
1812.4,86,629.1,65.7,-3.1,23.5,19.2,1.2,26.41,18.8,18,75.5,0.694,0.0,24.0,63.4,100,132,15,19.9,0.998,99.2,74.3,2511,18.8,13.760,23.1
1821.6,86,632.0,70.5,-3.1,25.4,20.7,1.6,27.04,20.5,18,88.6,0.664,5.5,25.5,63.1,100,128,15,16.5,0.998,99.2,80.1,2425,20.9,13.760,25.6
1830.8,86,632.0,71.0,-3.1,26.4,21.4,2.4,27.07,22.1,17,88.6,0.700,5.8,27.4,62.4,100,124,15,15.4,0.998,99.2,81.7,2431,21.9,13.760,27.0
1840.0,86,636.0,71.4,-3.1,30.6,23.3,3.5,30.15,25.1,17,88.0,0.685,2.6,30.6,62.4,100,122,15,15.6,0.999,99.2,81.6,2656,23.8,13.748,31.4
1849.2,86,639.6,74.2,-3.1,34.2,24.9,2.0,32.54,28.7,17,86.6,0.707,4.0,34.3,62.0,100,122,15,15.5,0.999,99.2,82.6,2764,25.2,13.760,34.9
1858.4,86,644.0,73.6,-3.1,34.9,25.1,3.1,33.04,29.4,17,86.3,0.708,0.0,35.0,61.9,100,125,15,15.8,0.999,99.2,82.1,2812,25.3,13.760,34.9
1867.6,86,644.0,67.4,-3.1,23.7,19.0,1.1,25.45,18.6,17,0.0,0.692,0.0,23.7,62.4,100,128,15,20.0,1.000,99.2,78.1,2448,20.7,13.760,25.5
1876.8,86,644.0,70.8,-3.1,26.7,21.4,2.3,27.49,21.5,17,89.0,0.693,10.4,27.1,61.6,100,126,15,16.3,1.000,99.2,82.6,2425,21.7,13.765,27.0
1886.0,86,643.9,70.6,-3.1,27.7,21.9,2.3,28.59,22.6,17,88.0,0.691,7.6,27.7,61.6,100,129,15,16.7,1.000,99.2,81.1,2542,22.1,13.702,27.9
1895.2,86,640.0,65.9,-3.1,23.4,19.4,0.9,26.12,18.9,17,76.3,0.684,8.8,24.4,61.6,100,130,15,19.3,0.997,99.2,75.6,2483,19.1,13.840,23.2
1904.4,86,640.0,64.2,-3.1,21.0,17.8,1.9,23.61,16.6,17,67.2,0.685,0.0,23.8,61.7,100,132,15,19.2,0.999,99.2,80.3,2511,21.5,13.831,26.6
1913.6,86,632.0,61.9,-3.1,21.5,17.9,1.6,24.66,16.9,18,61.2,0.697,3.4,21.8,61.6,100,131,15,21.8,1.003,99.2,71.2,2499,18.1,13.823,22.1
1922.8,86,628.0,64.7,-3.1,23.6,19.1,1.6,26.47,18.1,18,69.3,0.699,7.2,23.4,61.6,100,137,15,21.6,1.000,99.2,72.7,2596,19.2,13.800,23.9
1932.0,86,628.0,69.9,-3.1,26.7,21.2,2.7,27.86,21.6,18,88.6,0.707,5.7,26.6,61.6,100,133,15,18.7,1.000,99.2,79.6,2515,21.2,13.840,27.1
1941.2,86,628.0,58.8,-2.4,19.6,17.0,1.8,22.01,15.2,18,51.9,0.680,0.0,19.9,61.8,100,122,15,20.6,1.000,99.2,66.3,2322,16.8,13.771,18.8
1950.4,86,624.6,72.3,-1.0,27.2,22.0,0.1,27.74,22.3,18,88.8,0.624,6.1,27.3,62.0,100,117,15,15.5,1.000,99.2,83.9,2408,22.8,13.783,28.0
1959.6,86,629.6,72.4,-3.1,29.1,22.7,2.9,29.23,24.2,18,81.8,0.700,0.0,29.4,61.6,100,118,15,16.1,0.998,99.2,82.9,2581,23.1,13.840,29.6
1968.8,86,632.0,64.4,-1.6,20.7,17.1,1.5,20.67,15.7,17,0.0,0.681,0.0,23.0,61.2,100,120,15,16.4,1.002,99.2,79.6,2297,20.8,13.840,26.0
1978.0,86,624.0,58.5,-2.3,19.4,16.9,2.0,22.59,15.5,18,54.8,0.690,18.6,20.8,61.2,100,123,15,21.4,1.002,99.2,69.0,2318,17.4,13.840,20.2
1987.2,86,620.1,60.0,-0.8,20.3,17.5,-0.8,22.79,15.7,18,53.7,0.708,0.0,20.8,61.2,100,126,15,21.2,0.999,99.2,69.0,2387,17.0,13.857,19.7
1996.4,86,615.1,41.1,-2.3,13.2,12.5,1.6,14.29,7.9,18,23.2,0.689,6.3,12.9,61.6,100,124,15,30.6,0.998,99.2,41.9,2341,12.0,13.846,12.5
2005.6,86,612.0,66.7,-0.8,23.1,19.2,0.2,24.51,18.8,18,75.0,0.706,0.0,23.5,61.2,100,122,15,19.5,0.997,99.2,76.4,2320,19.3,13.783,23.2
2014.8,86,616.0,66.8,-0.8,23.5,19.8,1.6,24.69,19.6,18,84.9,0.697,14.1,24.5,61.5,100,120,15,17.9,0.999,99.2,77.9,2287,19.8,13.808,23.8
2024.0,86,616.0,67.9,-0.8,24.7,20.4,1.6,25.70,20.4,17,90.2,0.717,1.8,25.3,61.1,99,122,15,16.2,0.997,99.2,80.4,2336,20.8,13.701,25.1
2033.2,86,620.0,57.7,-2.5,19.1,16.7,1.2,22.27,15.2,17,58.3,0.687,10.0,20.9,60.6,100,127,15,20.4,0.997,99.2,74.5,2441,19.1,13.840,23.4
2042.4,86,616.0,60.9,-3.1,20.8,17.9,0.8,24.07,16.1,18,57.0,0.714,29.6,21.3,60.4,100,133,15,21.1,1.001,99.2,68.9,2515,17.7,13.840,20.3
2051.6,86,617.4,69.4,-3.1,25.3,20.5,2.3,26.89,20.5,17,89.4,0.705,0.7,25.5,60.0,100,130,15,18.9,0.998,99.2,80.0,2468,20.9,13.850,25.7
2060.8,86,622.2,69.0,-2.0,24.7,20.4,2.0,25.52,19.8,17,86.6,0.691,7.5,24.7,60.8,100,124,15,16.0,0.999,99.2,79.8,2357,20.5,13.858,25.3
2070.0,86,624.0,69.0,-0.8,25.4,20.4,0.0,26.20,21.0,17,0.0,0.713,0.0,25.4,60.8,100,123,15,17.0,0.996,99.2,79.3,2339,20.4,13.840,25.1
2079.2,86,624.0,68.4,-0.8,24.5,20.1,0.6,25.91,19.9,17,86.5,0.708,34.0,24.6,60.8,100,125,15,17.4,0.999,99.2,79.8,2378,20.7,13.840,25.0
2088.4,86,628.0,68.3,-0.8,24.3,20.0,0.0,25.59,19.6,17,85.4,0.689,11.3,24.3,60.8,100,126,15,18.8,1.000,99.2,79.4,2405,20.4,13.869,24.3
2097.6,86,628.0,70.6,-1.3,26.4,21.2,0.3,27.59,21.6,17,88.6,0.695,9.5,26.6,60.8,100,128,15,16.7,0.996,99.2,81.5,2428,21.6,13.754,26.5
2106.8,86,632.0,69.0,-3.1,25.6,20.4,1.8,26.94,20.5,17,89.8,0.694,0.1,25.9,60.8,100,130,15,18.5,0.998,99.2,79.7,2482,20.7,13.840,25.8
2116.0,86,628.9,57.2,-3.1,19.7,16.9,1.6,23.04,14.9,17,46.2,0.688,20.5,18.6,60.8,100,132,15,24.3,1.000,99.2,63.5,2502,16.6,13.837,19.3
2125.2,86,628.0,68.7,-3.1,26.9,21.2,2.8,28.44,21.7,17,85.1,0.694,0.0,26.8,60.6,100,136,15,18.7,0.997,99.2,78.5,2584,21.2,13.812,27.2
2134.4,86,628.5,70.7,-3.1,27.5,22.0,3.1,28.64,21.7,17,88.6,0.700,1.4,27.0,59.7,100,132,15,17.4,1.000,99.2,80.5,2524,22.0,13.813,27.6
2143.6,86,632.0,64.9,-3.1,24.4,19.9,2.2,26.75,20.3,17,88.2,0.690,1.8,26.0,59.2,100,132,15,19.1,0.998,99.2,80.1,2504,18.0,13.795,21.2
2152.8,86,628.0,57.2,-3.1,19.9,17.0,2.3,23.67,13.4,18,37.9,0.621,0.0,17.9,60.0,100,134,15,27.8,1.001,99.2,58.9,2524,15.8,13.769,18.6
2162.0,86,620.0,63.2,-3.1,23.0,18.8,-0.2,26.37,18.0,18,67.4,0.712,1.1,23.0,60.0,100,134,15,21.6,0.996,99.2,73.1,2550,18.8,13.773,23.4
2171.2,86,624.0,72.1,-3.1,29.4,22.4,2.3,29.51,23.8,18,0.0,0.692,0.0,29.0,60.0,101,133,15,16.7,0.999,99.2,80.6,2598,22.4,13.790,29.1
2180.4,86,629.2,74.3,-3.1,35.1,25.6,3.1,33.71,29.6,17,86.3,0.725,7.8,35.1,60.0,100,127,15,16.5,1.000,99.2,82.7,2803,25.6,13.840,35.3
2189.6,86,636.0,72.6,-3.1,31.9,23.1,3.1,30.73,24.7,17,88.5,0.691,6.7,29.8,59.6,100,122,15,16.0,1.001,99.2,82.1,2615,23.5,13.840,31.3
2198.8,86,640.0,71.9,-3.1,30.2,23.1,2.0,30.12,24.9,17,88.0,0.705,6.6,30.2,59.6,100,124,15,17.0,0.998,99.2,82.3,2637,23.5,13.840,30.5
2208.0,86,640.0,71.3,-3.1,26.2,21.2,1.8,27.27,21.6,17,88.9,0.695,5.7,26.5,59.6,100,127,15,15.7,0.999,99.2,82.2,2407,21.6,13.840,26.3
2217.2,86,640.0,71.0,-3.1,27.4,22.0,1.6,28.14,22.3,17,88.7,0.666,0.9,27.0,59.9,100,129,15,17.6,0.997,99.2,79.4,2462,20.5,13.840,26.0
2226.4,86,636.0,53.0,-3.1,20.0,18.2,1.5,24.75,17.4,18,73.4,0.699,37.0,23.9,60.0,100,130,15,20.5,0.996,99.2,76.4,2487,18.2,13.867,19.1
2235.6,86,632.0,55.6,-3.1,18.7,16.2,1.8,21.91,14.1,18,45.6,0.683,0.0,20.1,59.6,100,132,15,21.5,1.002,99.2,69.9,2498,17.3,13.840,19.9
2244.8,86,625.7,61.6,-3.1,21.6,18.0,1.1,24.75,16.6,18,59.1,0.672,30.8,22.1,59.6,100,132,15,20.5,0.996,99.2,69.9,2521,17.9,13.840,21.1
2254.0,86,624.0,65.7,-3.1,23.9,19.6,1.4,26.54,18.9,18,76.3,0.705,25.9,24.0,59.8,100,134,15,20.4,0.999,99.2,75.8,2537,20.0,13.840,24.2
2263.2,86,627.9,67.6,-3.1,24.5,20.1,1.6,26.59,19.8,18,28.2,0.705,2.6,25.0,59.8,101,132,15,22.3,0.997,99.2,65.3,2498,18.3,13.840,23.6
2272.4,86,619.0,42.3,-3.1,14.5,14.2,2.3,18.30,11.3,18,0.0,0.688,0.0,17.7,59.6,101,129,15,25.4,1.003,99.2,55.8,2425,14.5,13.795,15.1
2281.6,86,610.0,35.4,-5.0,11.6,10.0,1.3,10.98,5.6,18,18.0,0.244,12.4,10.4,59.2,100,124,15,34.3,0.981,99.2,47.5,2365,11.2,13.840,14.0
2290.8,86,608.0,53.5,-2.3,17.5,15.6,2.3,20.02,13.1,18,38.6,0.692,0.0,17.5,59.6,100,124,15,23.8,0.998,99.2,63.2,2374,16.1,13.840,18.0
2300.0,86,604.0,31.0,-2.3,11.2,11.2,-0.3,12.76,7.6,18,22.4,0.746,15.0,12.8,59.6,100,120,15,29.4,1.001,99.2,49.8,2288,13.7,13.840,12.2
2309.2,86,587.0,41.3,-2.3,13.1,12.3,1.6,14.08,8.6,18,22.3,0.745,0.0,11.7,60.0,100,110,15,29.6,0.963,99.2,34.5,2096,11.3,13.840,12.6
2318.4,86,568.6,13.0,-7.0,4.7,0.0,0.0,3.97,0.4,18,0.0,0.000,0.0,4.7,60.8,101,92,15,-12.2,0.000,99.2,14.9,1684,0.0,13.840,4.7
2327.6,86,522.5,20.7,-7.9,4.1,0.0,0.0,3.30,0.6,18,0.0,0.015,0.0,4.4,62.4,101,23,15,-6.9,0.053,99.2,23.2,1188,0.0,13.699,4.7
2336.8,86,500.1,59.5,-2.6,16.2,16.2,-3.6,15.97,12.8,18,41.0,0.729,22.3,16.6,62.2,100,17,15,17.9,0.990,99.2,67.6,2041,17.7,13.840,17.5
2346.0,86,523.6,52.6,-4.8,12.0,11.4,4.5,11.28,9.2,18,23.4,0.705,4.2,11.0,61.3,100,53,15,31.9,1.002,99.2,45.0,1719,11.1,13.840,12.0
2355.2,86,517.5,10.4,-7.0,3.9,0.1,-0.1,3.24,1.2,18,1.7,0.127,0.0,4.8,60.5,101,67,15,7.6,0.461,99.2,19.4,1425,0.0,13.840,3.8
2364.4,86,486.0,13.5,-7.0,3.9,0.0,0.0,3.01,0.8,18,0.0,0.000,0.0,3.5,60.8,101,35,15,-12.0,0.000,99.2,16.4,1210,0.0,13.840,3.5
2373.6,86,461.8,36.1,-7.2,8.6,8.7,-1.6,7.21,4.3,19,3.5,0.806,69.0,8.5,60.7,101,13,15,33.8,1.007,99.2,43.1,1676,10.2,13.722,9.5
2382.8,86,449.5,20.7,-7.0,6.3,5.4,3.4,5.05,2.6,19,4.8,0.167,30.3,5.4,60.2,101,17,15,36.0,0.985,99.2,24.4,1216,6.0,13.761,5.8
2392.0,86,431.8,17.9,-7.0,4.3,0.0,3.4,3.29,0.4,19,0.0,0.738,0.0,4.0,59.7,101,16,15,5.4,1.000,99.2,21.4,1026,0.0,13.640,4.1
2401.2,86,412.9,20.5,-6.9,3.8,0.0,-0.5,3.01,0.8,19,0.0,0.698,0.0,3.9,59.6,101,4,15,1.6,1.009,99.2,29.3,772,0.0,13.697,3.7
2410.4,86,390.8,5.1,-2.1,3.8,0.0,0.0,0.70,0.7,19,0.0,0.119,0.0,1.5,60.0,101,0,0,9.0,0.999,99.2,0.1,24,0.0,12.976,5.7
2419.6,86,388.0,0.0,2.3,6.7,0.0,0.0,0.66,1.6,19,0.0,0.140,0.0,6.3,60.0,101,0,0,9.0,0.999,99.2,0.0,0,0.0,12.880,6.3
2428.8,86,388.0,0.0,2.3,6.7,0.0,0.0,0.66,1.6,19,0.0,0.140,0.0,6.3,60.0,101,0,0,9.0,0.999,99.2,0.0,0,0.0,12.880,6.3
