BlueDriver Data Log
Jul 22, 2018 2:05:40 PM
Time (s),Barometric Pressure (kPa),Vehicle Speed (MPH),Absolute Load Value (%),Ambient Air Temperature (째C),Intake Air Temperature (째C),Engine Coolant Temperature (째C),Catalyst Temperature Bank 1 - Sensor 1 (째C),Engine RPM (rpm),Fuel Level Input (%)
0.0,,,,,,,,,
1.3,,6,36.2,28,32,49,157.4,1364,42.0
2.6,102,8,33.8,28,32,49,164.0,1183,42.0
3.9,102,8,28.8,28,32,50,163.6,1136,42.0
5.2,102,6,28.5,28,32,50,167.3,1125,42.3
6.5,102,4,31.1,28,32,50,168.0,1060,42.4
7.8,102,4,35.3,28,32,50,168.0,1440,42.4
9.1,102,7,47.5,28,32,51,174.0,1761,42.2
10.4,101,10,59.5,28,32,51,184.2,1673,41.8
11.7,101,13,69.7,28,32,51,190.7,1625,41.6
13.0,101,16,69.9,28,32,51,197.4,1680,41.4
14.3,101,19,70.4,28,32,52,205.4,1682,41.2
15.6,101,21,68.1,28,32,52,216.7,1594,41.1
16.9,101,23,59.8,28,32,52,228.5,1429,40.8
18.2,101,24,57.7,28,32,53,237.8,1288,40.8
19.5,101,24,58.5,28,32,53,244.3,1226,40.8
20.8,101,25,57.4,28,32,54,251.0,1245,40.8
22.1,100,26,50.1,28,32,54,258.9,1231,40.8
23.4,101,26,32.0,28,32,54,260.0,1255,40.8
24.7,102,26,25.3,28,32,55,263.3,1290,41.1
26.0,102,26,23.5,28,32,55,264.0,1241,41.2
27.3,102,25,24.3,28,32,55,266.9,1204,41.2
28.6,102,25,24.3,28,30,56,268.0,1191,41.4
29.9,102,24,24.3,28,30,56,268.0,1202,41.6
31.2,102,24,24.3,28,30,56,270.3,1200,41.7
32.5,102,22,24.9,28,30,56,272.0,1184,42.1
33.8,102,19,25.1,28,30,56,272.0,1174,42.4
35.1,102,15,25.5,28,30,57,272.0,1150,42.7
36.4,102,12,25.9,28,30,57,272.0,1138,43.0
37.7,102,12,32.2,28,30,57,270.9,1440,43.1
39.0,102,13,55.5,28,30,57,277.5,1738,42.9
40.3,102,15,33.7,28,30,57,282.4,1642,42.7
41.6,102,17,50.1,28,30,58,284.0,1421,42.6
42.9,102,18,61.3,28,30,58,288.3,1445,42.4
44.2,102,19,64.3,28,30,58,296.9,1477,42.4
45.5,102,21,64.3,28,30,58,300.8,1502,42.0
46.8,102,22,65.6,28,30,58,306.2,1539,42.0
48.1,102,24,67.0,28,30,59,315.3,1561,42.0
49.4,102,25,66.0,28,30,59,325.9,1572,42.0
50.7,102,26,59.3,28,30,59,331.3,1528,41.7
52.0,101,27,50.8,28,30,60,335.3,1438,41.6
53.3,101,27,40.8,28,30,60,339.3,1319,41.6
54.6,101,27,40.8,28,30,60,346.1,1253,41.6
55.9,101,27,40.6,28,30,61,348.0,1192,41.6
57.2,101,27,39.1,28,30,61,348.0,1125,41.6
58.5,101,27,38.0,28,30,61,351.0,1100,41.6
59.8,101,27,31.0,28,30,61,352.0,1060,41.6
61.1,101,26,28.2,28,30,62,352.0,1208,41.6
62.4,101,26,22.6,28,30,62,352.0,1288,41.7
63.7,102,24,23.2,28,30,62,352.0,1202,42.0
65.0,101,23,24.1,28,30,62,352.0,1187,42.0
66.3,102,20,23.7,28,30,62,352.0,1239,41.9
67.6,102,20,44.9,28,30,62,353.4,1478,41.6
68.9,101,22,60.2,28,30,63,357.2,1813,41.6
70.2,102,24,64.7,28,29,63,362.0,1548,41.2
71.5,101,26,66.3,28,29,63,372.4,1437,41.2
72.8,102,29,66.4,28,29,63,376.8,1426,40.9
74.1,101,30,65.7,28,29,63,384.4,1447,40.8
75.4,101,32,64.8,28,29,64,395.5,1469,40.8
76.7,100,34,62.9,28,29,64,399.5,1466,40.8
78.0,100,35,58.8,28,29,65,407.0,1435,40.6
79.3,100,36,51.1,28,29,65,413.2,1319,40.4
80.6,100,37,54.9,28,29,65,417.8,1265,40.4
81.9,100,37,55.5,28,29,65,421.4,1321,40.4
83.2,100,38,53.7,28,29,66,425.2,1346,40.4
84.5,100,39,43.6,28,29,66,428.0,1315,40.4
85.8,101,39,30.1,28,29,66,427.6,1212,40.4
87.1,102,38,24.7,28,29,67,423.7,1212,40.4
88.4,101,37,26.6,28,29,67,419.6,1139,40.4
89.7,101,37,29.3,28,29,67,420.0,1125,40.4
91.0,100,37,30.9,28,29,67,419.4,1125,40.4
92.3,100,37,33.4,28,29,67,420.0,1125,40.4
93.6,100,37,34.9,28,29,67,423.1,1116,40.4
94.9,100,36,36.2,28,29,68,424.0,1112,40.4
96.2,100,36,37.6,28,29,68,424.0,1118,40.4
97.5,100,36,38.2,28,29,68,424.0,1125,40.4
98.8,100,35,33.9,28,29,68,424.0,1144,40.4
100.1,101,35,26.3,28,29,68,424.0,1214,40.4
101.4,101,34,22.7,28,29,68,424.0,1238,40.4
102.7,102,34,23.1,28,29,68,424.0,1249,40.8
104.0,102,33,23.5,28,29,68,424.0,1225,40.8
105.3,102,32,23.5,28,29,68,423.8,1235,40.8
106.6,102,31,23.5,28,29,69,424.0,1247,40.8
107.9,102,30,23.5,28,29,69,424.0,1241,40.8
109.2,102,27,23.5,28,29,69,424.0,1237,41.0
110.5,102,25,23.5,28,29,69,424.0,1232,41.2
111.8,102,22,23.5,28,29,69,424.0,1209,41.3
113.1,102,18,24.1,28,29,69,424.0,1183,41.7
114.4,102,15,24.3,28,29,69,422.3,1175,42.0
115.7,102,14,24.8,28,29,69,420.0,1165,42.1
117.0,102,11,25.6,28,29,69,419.3,1136,42.4
118.3,102,8,26.4,28,29,69,416.0,1107,42.4
119.6,102,7,45.5,28,29,69,416.5,1028,42.7
120.9,101,9,64.4,28,29,69,419.7,2310,42.5
122.2,102,13,68.6,28,29,70,426.6,2227,42.1
123.5,102,17,71.3,28,29,70,430.8,1900,42.0
124.8,102,20,70.5,28,29,70,436.3,1749,41.9
126.1,102,24,71.9,28,29,70,441.7,1761,41.5
127.4,102,25,62.7,28,29,70,446.9,1683,41.2
128.7,102,26,61.5,28,29,70,452.9,1543,41.2
130.0,102,27,53.3,28,29,71,457.0,1483,41.2
131.3,102,28,50.5,28,29,71,460.5,1385,41.2
132.6,102,29,53.9,28,29,71,464.2,1350,40.8
133.9,102,29,55.7,28,29,72,467.9,1327,40.8
135.2,102,30,55.7,28,29,72,471.9,1325,40.8
136.5,101,30,55.0,28,28,72,475.6,1315,40.8
137.8,101,31,52.6,28,28,72,479.3,1275,40.8
139.1,100,31,53.1,28,28,72,482.8,1286,40.8
140.4,100,32,50.2,28,28,73,484.0,1257,40.8
141.7,100,32,46.2,28,28,73,484.0,1199,40.8
143.0,100,32,45.5,28,28,73,485.5,1175,40.8
144.3,100,32,31.6,28,28,73,488.0,1183,40.8
145.6,101,31,24.1,28,28,73,487.0,1236,40.8
146.9,101,31,23.7,28,28,74,483.0,1342,41.2
148.2,102,30,24.3,28,28,74,473.7,1226,41.2
149.5,102,28,24.3,28,28,74,475.2,1227,41.2
150.8,102,27,31.0,28,28,74,472.0,1247,41.6
152.1,101,27,32.0,28,28,75,472.0,1212,41.3
153.4,102,26,24.3,28,28,75,471.7,1202,41.2
154.7,102,24,24.3,28,28,75,465.3,1219,41.2
156.0,102,22,25.1,28,28,75,461.0,1199,41.2
157.3,102,19,28.2,28,28,75,454.9,1201,41.6
158.6,102,15,24.3,28,28,75,452.0,1206,42.0
159.9,102,14,25.0,28,28,75,450.0,1180,42.0
161.2,102,12,25.1,28,28,75,448.0,1231,42.0
162.5,102,11,39.0,28,28,75,448.0,1461,42.0
163.8,101,12,35.7,28,28,75,448.0,1396,42.0
165.1,102,12,23.6,28,28,75,447.6,1175,42.4
166.4,102,9,25.9,28,28,75,443.3,1086,42.7
167.7,102,7,36.0,28,28,75,440.0,1025,42.7
169.0,101,6,49.8,28,28,75,439.6,1627,42.5
170.3,100,7,42.0,28,28,75,440.0,1843,42.4
171.6,101,8,17.1,28,28,75,440.0,1429,42.1
172.9,101,7,15.5,28,29,75,440.0,1094,42.0
174.2,102,6,17.4,28,29,75,432.9,1021,42.0
175.5,102,3,19.2,28,29,75,432.0,770,42.3
176.8,102,2,23.2,28,29,75,428.4,832,42.1
178.1,101,3,21.8,28,29,75,424.9,1019,42.0
179.4,102,4,18.9,28,29,75,424.0,1145,42.0
180.7,101,4,21.2,28,29,75,421.1,1313,41.8
182.0,101,5,21.1,28,29,75,420.0,1420,41.6
183.3,100,7,19.8,28,29,75,420.0,1370,41.6
184.6,101,7,23.5,28,29,75,417.6,1342,41.5
185.9,100,9,17.6,28,29,75,414.4,1287,41.2
187.2,101,10,26.8,28,29,75,412.0,1110,41.2
188.5,100,11,35.2,28,29,75,412.0,1375,40.9
189.8,100,12,34.4,28,29,75,412.0,1220,40.8
191.1,101,12,26.3,28,29,75,412.0,1101,40.8
192.4,101,12,15.5,28,29,75,411.9,1077,40.8
193.7,101,12,14.9,28,29,75,408.4,1035,41.1
195.0,102,9,15.1,28,29,75,404.5,1106,41.2
196.3,101,7,21.7,28,29,75,404.0,1244,41.2
197.6,101,8,37.7,28,29,75,404.0,1592,41.2
198.9,100,10,30.6,28,29,75,401.2,1441,41.2
200.2,99,11,30.6,28,29,75,400.0,1188,41.2
201.5,100,12,33.4,28,29,75,400.0,1146,41.2
202.8,101,12,26.0,28,29,75,400.0,1187,41.2
204.1,101,12,24.3,28,29,75,399.0,1185,41.2
205.4,102,12,24.7,28,29,75,396.0,1174,41.2
206.7,101,10,26.1,28,29,75,396.0,1137,41.2
208.0,102,7,27.2,28,29,75,396.0,1150,41.5
209.3,102,6,26.7,28,29,75,395.5,1190,41.6
210.6,102,6,28.0,28,29,75,392.0,1290,41.6
211.9,102,7,27.7,28,29,75,392.0,1375,41.2
213.2,102,8,24.5,28,29,75,391.9,1292,41.2
214.5,102,9,25.0,28,29,75,392.0,1291,41.2
215.8,102,9,24.3,28,29,75,389.7,1258,41.2
217.1,102,9,25.1,28,29,75,388.0,1207,41.3
218.4,102,9,25.8,28,29,75,388.0,1200,41.6
219.7,102,8,25.9,28,29,75,386.4,1196,41.6
221.0,102,7,25.9,28,29,75,384.0,1180,41.6
222.3,102,6,26.4,28,29,75,384.0,1165,41.5
223.6,101,5,26.7,28,29,75,382.9,1171,41.2
224.9,101,4,26.7,28,29,75,380.0,1150,41.6
226.2,101,4,27.6,28,29,75,380.0,1079,41.6
227.5,102,4,29.0,28,29,75,379.9,1064,41.6
228.8,102,4,28.8,28,29,75,376.7,1096,41.6
230.1,101,4,28.1,28,29,75,376.0,1147,41.6
231.4,102,5,26.7,28,29,75,376.0,1187,41.6
232.7,101,4,26.7,28,29,75,376.0,1125,41.6
234.0,102,3,30.9,28,29,75,374.3,964,41.7
235.3,102,1,33.7,28,29,75,370.5,871,42.0
236.6,102,1,34.5,28,29,75,368.0,864,42.0
237.9,102,2,33.7,28,29,75,367.3,876,42.0
239.2,102,2,32.2,28,29,75,363.5,909,41.6
240.5,102,2,31.7,28,29,75,359.6,850,42.0
241.8,102,1,32.2,28,29,75,356.0,837,42.0
243.1,102,0,32.1,28,29,75,356.0,847,42.0
244.4,102,0,31.4,28,29,75,353.2,842,42.0
245.7,102,0,31.4,28,29,75,349.8,837,42.0
247.0,102,0,30.7,28,30,75,346.1,837,41.9
248.3,102,1,31.3,28,30,75,342.4,858,41.6
249.6,102,2,31.9,28,30,75,340.0,949,41.6
250.9,102,3,29.9,28,30,75,340.0,1118,41.6
252.2,102,4,27.3,28,30,75,340.0,1122,41.2
253.5,102,3,29.5,28,30,75,338.9,931,41.2
254.8,102,2,32.8,28,30,75,336.0,850,41.6
256.1,102,1,33.3,28,30,75,335.1,849,41.6
257.4,102,1,32.6,28,30,76,331.6,837,41.6
258.7,102,2,31.7,28,30,76,328.0,881,41.6
260.0,102,2,30.2,28,30,76,327.9,918,41.6
261.3,102,3,29.0,28,30,76,324.5,1063,41.4
262.6,101,4,29.0,28,30,76,324.0,1193,41.2
263.9,101,5,25.6,28,30,76,324.0,1237,41.2
265.2,101,5,25.2,28,30,76,324.0,1127,41.2
266.5,101,4,25.9,28,30,76,323.5,1133,41.2
267.8,102,3,26.8,28,30,76,320.0,1032,41.2
269.1,102,2,29.6,28,30,76,320.0,900,41.5
270.4,102,2,32.7,28,30,76,319.9,864,41.6
271.7,102,1,33.4,28,30,76,315.9,840,41.6
273.0,102,1,32.9,28,30,76,312.0,848,41.6
274.3,102,1,32.2,28,30,77,312.0,860,41.6
275.6,102,3,29.3,28,30,77,308.7,964,41.6
276.9,102,4,26.1,28,30,77,308.0,960,41.6
278.2,102,2,30.6,28,30,77,305.3,887,41.6
279.5,102,2,30.6,28,30,77,304.0,850,41.6
280.8,102,2,29.3,28,30,77,304.0,903,41.6
282.1,102,2,28.4,28,30,77,302.3,1029,41.6
283.4,102,3,27.2,28,31,77,300.0,1103,41.6
284.7,102,3,30.9,28,32,77,300.0,945,41.6
286.0,102,1,33.5,28,32,77,298.5,859,41.6
287.3,102,0,33.7,28,32,77,296.0,850,41.6
288.6,102,1,32.7,28,32,77,294.9,877,41.6
289.9,101,2,32.6,28,32,78,292.0,1037,41.6
291.2,101,3,32.2,28,32,78,292.0,1220,41.3
292.5,101,4,28.7,28,32,78,292.0,1282,41.2
293.8,101,2,29.1,28,32,78,292.0,911,41.2
295.1,102,1,34.2,28,32,78,291.6,841,41.2
296.4,101,2,33.7,28,32,78,288.0,1050,41.2
297.7,101,4,33.7,28,32,78,288.2,1362,41.2
299.0,100,6,32.7,28,32,78,292.0,1513,41.2
300.3,100,7,28.1,28,32,78,292.0,1226,40.8
301.6,101,7,23.2,28,32,78,292.0,1250,40.8
302.9,101,7,21.7,28,32,78,292.0,1162,40.8
304.2,101,7,18.6,28,32,78,288.7,1178,40.8
305.5,102,6,17.3,28,32,78,288.0,1160,40.8
306.8,102,6,17.2,28,32,78,288.0,1125,40.6
308.1,102,6,16.8,28,32,78,288.0,1070,40.6
309.4,102,5,25.1,28,32,78,285.9,1037,40.8
310.7,102,4,24.4,28,32,78,284.0,1063,40.7
312.0,102,5,25.6,28,32,78,284.0,1132,40.4
313.3,102,4,25.9,28,32,78,284.0,1134,40.3
314.6,102,4,26.5,28,32,78,284.0,1087,40.0
315.9,101,4,25.5,28,32,78,284.0,1156,40.0
317.2,100,5,27.2,28,32,78,284.0,1280,40.0
318.5,100,5,28.7,28,32,78,284.0,1387,39.6
319.8,100,6,28.5,28,32,78,284.0,1387,39.6
321.1,100,6,29.1,28,32,78,284.4,1387,39.6
322.4,100,6,28.6,28,32,78,288.0,1342,39.6
323.7,100,6,26.1,28,32,78,288.0,1203,39.6
325.0,101,6,25.9,28,32,78,288.0,1125,39.6
326.3,102,6,27.0,28,32,78,288.0,1112,39.6
327.6,101,5,27.5,28,32,79,284.6,1112,39.3
328.9,101,3,27.8,28,32,79,284.0,1053,39.2
330.2,102,2,30.0,28,32,79,284.0,1007,39.2
331.5,102,2,31.6,28,32,79,284.0,890,39.2
332.8,102,0,35.3,28,32,79,281.4,838,39.4
334.1,102,0,33.9,28,32,79,280.0,855,39.5
335.4,102,0,28.9,28,32,79,278.4,886,39.2
336.7,102,0,16.8,28,33,79,276.0,835,39.2
338.0,102,0,49.0,28,33,80,276.0,132,39.2
339.3,102,0,29.6,20,33,80,274.9,0,39.2
340.6,102,0,0.0,13,33,80,272.0,0,39.2
341.9,102,0,0.0,13,33,80,272.0,0,39.2
343.2,102,0,0.0,13,33,80,271.8,3,39.2
344.5,102,0,0.1,13,33,80,272.0,0,39.2
345.8,102,0,0.0,13,33,80,271.7,5,39.2
347.1,102,0,0.1,13,33,80,272.0,0,39.2
348.4,102,0,0.0,13,33,80,271.5,7,39.2
349.7,102,0,0.0,13,33,80,272.0,2,39.2
351.0,102,0,272.0,0,39.2
