BlueDriver Data Log
Aug 8, 2018 7:16:04 AM
Time (s),Engine Coolant Temperature (째C),Catalyst Temperature Bank 1 - Sensor 1 (째C),Fuel Level Input (%),Barometric Pressure (kPa),Vehicle Speed (MPH),Absolute Load Value (%),Ambient Air Temperature (째C),Calculated Engine Load Value (%),Engine RPM (rpm),Relative Throttle Position (%),Control Module Voltage (V),Intake Air Temperature (째C),Absolute Throttle Position (%)
0.0,,,,,,,,,,,,,
3.1,75,20.0,80.0,101,9,39.2,8,43.2,1640,5.9,14.337,24,8.6
6.2,75,20.0,80.0,101,13,33.9,8,40.9,1300,4.0,13.747,24,8.4
9.3,75,20.0,80.0,101,13,25.1,8,30.6,1200,0.4,13.509,24,5.5
12.4,75,20.0,80.0,101,11,25.8,8,31.1,1156,0.2,13.282,24,5.6
15.5,75,20.0,80.2,101,10,29.7,8,34.4,1334,2.3,13.119,24,7.9
18.6,75,20.0,80.4,101,12,42.2,8,46.5,1428,4.9,12.960,24,8.7
21.7,76,20.0,80.4,101,15,18.3,8,22.5,1260,1.7,12.960,24,4.0
24.8,76,20.0,80.8,101,13,15.9,8,21.1,1174,0.1,12.960,24,4.4
27.9,76,20.0,80.8,101,9,25.0,8,28.1,1176,0.1,12.864,24,5.5
31.0,77,20.0,81.0,101,9,24.3,8,27.3,1230,1.2,12.968,24,7.1
34.1,77,20.0,80.8,101,9,19.1,8,24.5,1280,0.4,12.960,24,4.8
37.2,77,20.0,80.5,101,10,27.6,8,31.4,1490,3.6,12.960,24,7.7
40.3,77,26.3,80.6,101,9,16.3,8,18.7,1074,0.4,12.960,24,3.8
43.4,77,30.4,80.8,101,7,23.3,8,29.4,1332,2.7,12.960,24,5.4
46.5,78,45.5,81.2,101,11,34.7,8,39.0,1505,4.0,12.960,24,9.3
49.6,78,57.4,81.2,101,13,20.5,8,27.7,1183,0.3,12.960,24,5.3
52.7,78,63.9,81.2,101,6,24.7,8,36.3,1378,2.4,13.011,24,6.1
55.8,78,79.0,81.2,101,9,33.8,8,37.3,1934,5.9,12.960,24,9.5
58.9,78,92.7,81.2,101,13,31.5,8,33.8,1489,2.9,12.917,24,8.2
62.0,78,100.0,81.5,101,14,13.6,8,16.3,1225,0.4,13.040,24,3.6
65.1,78,104.0,81.6,101,10,21.4,8,27.7,975,0.4,12.999,24,3.9
68.2,79,104.0,82.0,101,3,31.9,8,38.8,899,0.4,12.973,24,5.5
71.3,79,104.0,82.0,101,0,33.7,8,43.9,762,0.4,13.040,24,5.1
74.4,79,108.0,82.0,101,0,25.2,8,33.7,790,0.4,12.919,24,4.3
77.5,80,105.2,82.4,101,0,22.8,8,30.0,706,0.4,12.817,24,3.2
80.6,80,104.0,82.4,101,0,22.0,8,29.4,616,0.4,12.960,24,2.9
83.7,80,104.0,82.4,101,0,27.3,8,34.5,612,0.4,12.824,24,3.9
86.8,81,104.0,82.4,101,0,32.0,8,42.5,667,0.4,12.880,24,4.2
89.9,81,103.4,82.4,101,0,29.3,8,39.3,729,0.4,12.849,24,4.4
93.0,81,102.4,82.4,101,0,35.8,8,42.9,898,0.5,12.991,25,4.1
96.1,81,109.9,82.4,101,7,47.8,8,55.7,1594,7.9,12.960,25,12.7
99.2,81,133.4,82.0,101,16,66.2,8,76.1,1732,16.2,12.959,25,18.7
102.3,81,165.3,81.8,100,23,67.2,8,76.5,1720,16.9,12.947,25,20.0
105.4,81,198.5,81.6,101,30,71.7,8,79.7,1637,15.7,12.870,24,19.8
108.5,81,230.2,81.6,101,34,67.6,8,77.2,1684,15.6,12.810,24,19.7
111.6,82,251.1,81.6,101,36,59.9,8,69.7,1656,13.0,12.960,24,16.0
114.7,83,269.8,81.6,101,38,52.5,8,63.1,1458,5.0,12.939,24,8.8
117.8,83,283.3,81.6,100,39,50.9,8,61.9,1408,5.3,12.907,24,8.2
120.9,84,292.0,81.6,101,39,34.9,8,40.5,1232,5.6,12.960,24,9.3
124.0,84,301.8,81.8,101,40,44.0,8,49.2,1336,3.4,12.960,24,8.4
127.1,84,303.5,82.0,101,38,24.9,8,28.6,1220,0.2,12.995,24,5.2
130.2,84,293.0,82.0,101,32,20.4,8,23.6,1219,0.4,12.960,24,4.4
133.3,84,290.4,82.4,101,22,16.3,8,19.2,1223,0.0,12.829,24,4.1
136.4,84,283.5,82.7,101,12,16.3,8,19.7,1059,0.4,13.005,24,3.4
139.5,84,280.0,83.0,101,5,17.2,8,22.5,678,0.4,12.820,24,2.4
142.6,84,274.7,83.1,101,1,21.7,8,29.2,586,0.4,12.960,24,3.3
145.7,84,272.0,83.1,101,0,30.8,8,38.9,666,0.4,12.890,24,4.3
148.8,84,266.1,83.1,101,0,28.3,8,36.9,726,0.4,12.924,24,4.3
151.9,84,259.6,82.7,101,0,23.0,8,30.4,770,0.2,12.852,24,3.7
155.0,84,256.0,82.7,101,0,20.4,8,27.1,668,0.4,12.879,24,3.1
158.1,84,251.3,82.7,101,0,20.4,8,27.1,601,0.6,12.800,24,2.6
161.2,84,248.0,82.5,101,0,20.8,8,28.6,582,0.4,12.880,24,2.4
164.3,84,245.5,82.4,101,1,33.7,8,39.8,698,4.0,13.006,24,7.5
167.4,84,251.8,82.4,101,9,56.0,8,64.2,1627,9.1,12.960,24,14.4
170.5,84,268.6,82.4,101,17,66.3,8,75.2,1622,12.4,12.960,24,17.3
173.6,84,284.2,82.4,100,24,65.6,8,76.1,1524,13.9,12.934,24,17.6
176.7,84,305.7,82.4,100,29,64.5,8,74.3,1591,13.3,12.959,24,16.9
179.8,84,325.3,82.4,100,33,62.2,8,72.0,1537,12.7,12.919,24,15.2
182.9,85,343.2,82.4,100,37,56.3,8,67.1,1377,8.6,12.802,24,12.6
186.0,86,356.9,82.4,100,38,57.3,8,67.4,1404,8.2,13.040,24,12.9
189.1,86,370.0,82.1,100,39,53.7,8,63.4,1415,8.1,12.960,24,12.9
192.2,87,381.4,82.0,100,41,42.7,8,51.4,1267,5.7,12.902,24,8.9
195.3,87,388.3,82.0,99,41,44.0,8,53.6,1307,6.3,12.925,24,8.8
198.4,88,394.7,82.0,99,42,40.7,8,48.1,1307,4.8,12.960,23,8.7
201.5,88,400.7,81.6,99,42,42.4,8,45.8,1335,4.7,12.827,23,8.5
204.6,88,407.4,81.6,99,42,43.4,8,51.8,1317,5.1,12.960,23,9.0
207.7,88,410.7,81.7,100,42,24.3,8,28.2,1269,1.4,12.960,23,7.6
210.8,88,400.3,82.0,101,37,20.1,8,23.8,1194,0.4,12.960,23,4.6
213.9,88,393.7,82.0,101,33,16.8,8,20.0,1214,0.4,12.960,23,4.0
217.0,88,383.7,82.0,101,29,14.3,8,17.3,1225,0.4,12.960,23,3.5
220.1,87,380.0,82.3,101,24,13.7,8,16.2,1215,0.4,12.960,23,3.5
223.2,87,371.1,82.4,101,17,14.1,8,17.8,1137,0.1,12.960,23,4.2
226.3,86,370.9,82.4,100,16,39.7,8,49.3,1528,6.3,12.960,23,11.2
229.4,86,377.9,82.5,100,19,62.4,8,71.1,1478,9.7,13.020,23,14.4
232.5,86,387.1,82.5,100,24,61.6,8,71.3,1453,10.9,12.960,23,14.9
235.6,86,403.1,82.4,100,28,61.9,8,72.2,1449,11.2,12.960,23,14.3
238.7,86,420.1,82.4,100,31,60.6,8,70.5,1469,11.4,12.932,23,14.5
241.8,86,433.2,82.4,100,34,60.0,8,69.0,1503,10.9,13.031,23,14.2
244.9,86,445.9,82.3,100,36,52.0,8,63.2,1370,8.4,12.863,23,12.8
248.0,86,452.0,82.0,100,36,42.1,8,53.3,1317,4.4,12.960,23,6.7
251.1,87,444.0,82.0,101,34,20.5,8,23.6,1144,0.7,12.968,23,4.9
254.2,87,444.0,82.0,101,32,26.1,8,31.5,1068,1.1,12.828,23,5.1
257.3,87,444.0,82.0,100,31,26.3,8,33.5,1109,1.6,12.952,23,4.8
260.4,87,439.0,82.0,101,30,14.8,8,18.6,1178,0.2,12.916,23,3.3
263.5,87,429.2,82.0,101,24,13.3,8,16.1,1220,0.4,12.960,23,3.5
266.6,87,424.0,82.4,101,16,21.3,8,24.0,1133,1.1,12.960,23,4.3
269.7,87,419.8,82.4,101,4,28.8,8,35.8,826,1.8,12.831,23,5.8
272.8,87,416.0,82.7,100,6,48.6,8,53.3,1936,7.3,12.947,23,12.1
275.9,87,419.9,82.7,100,15,58.8,8,68.5,1499,9.9,12.960,23,13.6
279.0,87,424.0,83.1,100,20,42.0,8,31.5,1248,0.8,12.960,23,6.2
282.1,87,419.3,83.1,101,19,15.7,8,21.0,1119,0.6,13.001,23,3.5
285.2,87,413.3,83.1,101,18,17.3,8,20.5,1080,0.4,12.960,23,3.2
288.3,87,408.0,83.1,101,14,21.0,8,27.3,1079,0.2,12.922,23,4.8
291.4,87,405.4,83.1,101,8,24.4,8,28.4,956,0.4,12.960,23,4.4
294.5,87,399.3,83.1,101,2,22.8,8,30.2,736,0.4,12.917,23,3.4
297.6,87,390.4,83.1,101,0,21.2,8,27.5,638,0.4,12.872,23,2.8
300.7,87,382.9,83.4,101,0,20.7,8,27.5,589,0.4,12.850,23,2.7
303.8,87,380.0,83.1,100,5,41.8,8,53.1,1586,7.5,12.960,23,10.7
306.9,87,385.4,83.1,100,14,54.2,8,63.7,1515,8.9,12.905,23,13.0
310.0,87,395.4,83.1,100,19,60.3,8,69.2,1481,8.9,12.960,23,13.8
313.1,87,404.1,82.9,100,22,58.1,8,68.5,1493,9.4,13.033,23,12.6
316.2,87,412.6,82.7,99,24,33.1,8,41.0,1315,4.8,12.880,23,10.2
319.3,87,416.0,82.7,101,24,26.1,8,33.3,1228,2.9,12.961,23,5.1
322.4,87,407.6,82.7,101,23,14.5,8,17.5,1179,0.4,13.050,23,3.5
325.5,87,401.6,82.7,101,20,14.4,8,17.4,1149,0.4,12.888,23,3.5
328.6,87,392.0,82.8,101,11,15.1,8,26.9,1068,0.4,12.802,23,3.5
331.7,87,392.0,83.1,100,9,40.1,8,51.2,1568,9.4,12.896,23,17.1
334.8,87,398.4,83.0,99,15,50.0,8,59.5,1714,8.3,12.960,23,12.8
337.9,87,404.0,82.7,99,19,29.8,8,33.4,1429,2.5,12.903,23,7.4
341.0,87,402.3,82.7,101,18,17.2,8,18.9,1124,0.3,12.960,23,3.6
344.1,87,395.6,82.7,101,14,16.5,8,21.4,978,0.4,12.887,23,3.5
347.2,87,392.0,82.7,101,9,23.8,8,26.3,963,6.3,12.871,23,8.7
350.3,87,396.0,82.4,99,12,46.3,8,54.6,1634,8.0,12.960,23,11.6
353.4,87,398.2,82.4,100,17,43.4,8,47.2,1264,2.4,13.038,23,8.6
356.5,87,399.6,82.0,101,18,24.7,8,30.1,1218,1.0,12.887,23,5.2
359.6,87,396.0,82.4,101,19,23.6,8,28.1,1362,2.7,12.948,23,5.8
362.7,87,396.0,82.4,101,20,30.9,8,35.1,1199,1.9,12.960,23,5.5
365.8,87,393.0,82.4,101,19,13.3,8,16.6,1188,0.4,12.960,23,3.5
368.9,87,382.8,82.4,101,15,14.1,8,17.3,1130,0.4,12.960,23,3.5
372.0,87,377.0,82.6,101,7,17.3,8,21.7,838,0.4,12.810,23,2.4
375.1,87,370.6,82.8,101,0,21.1,8,27.8,573,0.4,12.938,23,2.7
378.2,87,364.5,83.1,101,0,21.5,8,28.7,834,0.4,12.880,23,3.5
381.3,87,358.1,83.1,101,0,22.5,8,29.3,801,0.4,12.948,23,3.6
384.4,87,353.0,83.1,101,0,13.3,8,22.1,701,1.0,13.039,24,2.5
387.5,87,346.3,83.1,101,0,0.0,8,0.0,0,19.2,12.526,24,5.6
390.6,87,344.0,83.1,101,0,0.0,8,0.0,0,1.6,12.480,24,6.3
393.7,87,344.0,83.1,101,0,0.0,8,0.0,0,1.6,12.482,24,6.3
396.8,87,344.0,83.1,101,0,0.0,8,0.0,3,1.6,12.480,24,6.3
399.9,87,343.8,0.0,8,0.0,0,1.6,12.480,24,6.3
