BlueDriver Data Log
Aug 16, 2018 6:59:27 AM
Time (s),Engine Coolant Temperature (째C),Catalyst Temperature Bank 1 - Sensor 1 (째C),Fuel Level Input (%),Barometric Pressure (kPa),Vehicle Speed (MPH),Absolute Load Value (%),Ambient Air Temperature (째C),Calculated Engine Load Value (%),Engine RPM (rpm),Relative Throttle Position (%),Control Module Voltage (V),Intake Air Temperature (째C),Absolute Throttle Position (%)
0.0,,,,,,,,,,,,,
3.1,35,8.0,87.1,102,0,29.8,19,38.7,824,0.8,13.692,20,4.7
6.2,36,8.0,87.1,102,0,32.3,19,41.0,812,0.8,13.600,20,5.5
9.3,37,8.0,87.0,102,0,29.1,19,35.1,1067,1.4,13.655,20,6.0
12.4,37,8.0,86.7,102,5,37.3,19,43.3,1253,1.7,13.741,20,8.5
15.5,38,8.0,86.7,102,10,25.8,19,31.0,1386,1.2,13.703,20,6.5
18.6,39,8.0,87.0,102,8,28.2,19,33.5,1230,1.5,13.760,20,5.9
21.7,39,8.0,87.1,102,7,28.0,19,34.5,1213,1.5,13.699,20,6.5
24.8,40,8.0,87.1,102,7,34.4,19,37.7,1482,2.4,13.760,20,8.6
27.9,41,12.4,87.1,102,11,44.3,19,50.5,1561,5.0,13.760,20,10.5
31.0,42,26.4,87.1,102,16,44.7,19,52.3,1245,2.4,13.760,20,9.0
34.1,42,43.7,87.1,102,19,25.9,19,29.4,1419,0.5,13.760,20,6.3
37.2,43,52.1,87.1,102,19,20.9,19,24.2,1230,0.4,13.730,20,5.1
40.3,43,58.5,87.1,102,17,20.4,19,24.6,1197,0.4,13.684,20,5.1
43.4,44,64.7,87.1,102,11,21.1,19,25.6,1143,0.4,13.800,20,5.0
46.5,44,70.6,87.1,102,4,36.8,19,41.6,1202,1.8,13.760,20,4.7
49.6,45,92.5,87.1,101,9,53.3,19,60.8,2007,9.2,13.812,20,14.5
52.7,45,111.5,87.1,101,17,47.7,19,49.1,1454,4.6,13.819,20,10.6
55.8,46,121.9,87.1,102,18,27.1,19,29.8,1386,0.4,13.760,20,5.9
58.9,47,127.6,87.1,102,10,21.5,19,27.1,1052,0.4,13.760,20,4.7
62.0,47,135.0,87.1,102,5,49.9,19,61.5,1753,8.0,13.778,20,10.4
65.1,48,151.7,87.1,101,13,59.7,19,67.8,1723,9.4,13.651,20,14.9
68.2,49,172.4,87.1,101,20,62.6,19,72.5,1475,9.4,13.834,20,14.9
71.3,50,195.2,87.1,101,24,54.0,19,64.3,1378,6.8,13.760,19,11.6
74.4,51,215.1,87.1,101,26,39.0,19,49.1,1276,2.1,13.738,19,7.7
77.5,52,218.0,87.1,102,26,27.2,19,31.8,1212,0.4,13.748,19,5.8
80.6,52,212.6,87.1,102,24,29.1,19,34.6,1160,1.1,13.600,20,6.2
83.7,53,222.2,87.1,101,25,33.7,19,40.2,1117,1.1,13.411,20,6.7
86.8,53,226.8,87.1,102,24,23.9,19,27.9,1183,0.4,13.200,20,5.1
89.9,53,220.5,87.4,102,19,20.6,19,24.5,1129,0.4,12.938,20,4.7
93.0,53,216.0,87.5,102,10,21.6,19,27.1,1049,0.4,12.954,20,5.0
96.1,53,215.5,87.5,102,4,24.3,19,30.3,968,0.4,12.880,20,4.7
99.2,53,212.0,87.8,102,1,28.3,19,37.1,787,0.4,12.888,20,4.3
102.3,53,208.0,87.8,102,0,26.7,19,35.0,798,0.4,12.891,20,4.3
105.4,53,204.5,87.8,102,0,25.4,19,33.1,782,0.4,12.901,20,3.9
108.5,54,202.3,87.8,102,0,24.2,19,31.4,750,0.4,12.960,20,3.9
111.6,54,200.0,87.8,102,0,23.5,19,30.6,743,0.4,12.787,20,3.5
114.7,55,201.8,87.8,102,2,41.2,19,50.6,1492,6.4,13.028,20,8.3
117.8,55,212.4,87.5,101,12,59.4,19,67.6,1570,10.0,12.893,20,14.4
120.9,55,233.7,87.5,101,19,70.3,19,80.6,1581,13.7,13.040,19,17.5
124.0,56,259.4,87.5,101,25,72.2,19,81.9,1532,13.4,13.004,19,17.7
127.1,57,275.1,87.2,101,28,62.1,19,63.2,1459,8.0,12.419,19,12.5
130.2,58,291.2,87.1,101,30,47.1,19,56.4,1369,3.8,2.564,19,8.7
133.3,58,303.9,87.1,101,32,40.6,19,48.7,1261,3.7,12.991,19,8.1
136.4,59,313.3,87.1,99,34,43.0,19,51.6,1240,3.6,13.040,19,7.6
139.5,59,317.5,87.1,100,35,35.8,19,37.8,1224,1.2,12.931,19,6.2
142.6,60,320.0,87.1,102,33,25.9,19,30.2,1177,1.2,13.040,19,6.0
145.7,60,320.0,87.1,102,31,23.7,19,29.3,1125,0.8,13.040,19,4.6
148.8,60,316.0,87.1,102,28,18.8,19,21.3,1223,0.4,13.063,19,4.8
151.9,61,316.0,87.1,102,27,25.9,19,30.4,1190,1.9,13.040,19,6.3
155.0,61,314.1,87.1,102,20,18.2,19,21.8,1192,0.4,13.040,19,4.3
158.1,61,307.2,87.1,102,0,31.0,19,37.6,772,0.4,13.006,19,4.3
161.2,61,300.7,87.1,102,0,29.7,19,38.5,650,0.4,12.879,19,3.9
164.3,61,294.6,87.1,102,0,27.4,19,36.1,661,0.4,12.960,19,3.7
167.4,61,288.6,87.1,102,0,26.7,19,34.5,670,0.4,13.055,19,3.5
170.5,62,284.0,87.1,102,0,25.6,19,32.8,636,0.4,13.058,19,3.5
173.6,62,280.6,87.1,102,0,23.8,19,31.8,619,0.4,12.840,19,3.1
176.7,62,274.0,87.1,102,0,22.7,19,30.5,625,0.8,12.891,20,3.1
179.8,62,268.5,87.1,102,0,22.7,19,29.6,612,0.4,12.880,20,3.1
182.9,62,266.0,87.1,102,0,22.0,19,29.0,612,0.4,12.814,20,2.7
186.0,62,264.0,87.1,102,0,39.6,19,44.0,1215,4.4,12.914,20,7.7
189.1,62,270.1,87.1,100,9,52.8,19,61.2,1573,8.6,13.056,20,12.5
192.2,62,283.4,87.1,100,18,60.5,19,71.4,1426,9.3,13.087,19,13.2
195.3,63,298.6,87.1,100,24,64.9,19,76.2,1481,10.7,13.040,19,13.9
198.4,63,318.3,87.1,100,28,67.6,19,77.6,1503,12.8,13.040,19,16.9
201.5,65,339.8,87.1,100,33,62.9,19,73.4,1562,11.3,13.040,19,14.4
204.6,65,357.1,87.1,100,37,59.3,19,68.5,1540,9.3,13.040,19,13.1
207.7,66,365.8,86.7,100,40,53.6,19,65.3,1330,6.8,13.040,19,10.4
210.8,67,375.1,87.0,99,41,26.8,19,32.9,1225,2.3,13.040,19,6.6
213.9,68,377.9,87.1,101,41,39.1,19,48.3,1237,3.7,12.974,19,7.6
217.0,68,383.6,87.1,99,41,36.1,19,39.0,1241,1.7,13.004,19,6.7
220.1,68,377.4,87.1,102,40,17.3,19,20.6,1210,0.4,13.039,19,4.3
223.2,69,376.0,87.1,101,40,30.1,19,34.2,1214,1.9,13.040,19,6.6
226.3,69,379.3,87.1,99,40,42.2,19,50.1,1308,4.2,13.040,19,8.6
229.4,69,388.6,87.1,99,40,42.9,19,51.3,1324,4.3,12.966,19,8.3
232.5,69,393.4,87.1,99,40,40.5,19,47.3,1266,1.9,13.040,19,7.2
235.6,69,399.5,87.1,99,40,45.0,19,53.7,1269,5.4,12.926,19,8.7
238.7,70,407.4,87.1,101,41,49.3,19,57.2,1362,6.0,13.040,19,10.4
241.8,70,415.8,87.1,102,42,48.6,19,55.9,1350,6.2,12.963,19,10.5
244.9,71,421.8,87.1,102,42,42.8,19,50.0,1288,5.5,12.940,19,9.4
248.0,71,427.9,87.1,102,42,36.0,19,38.7,1293,3.6,13.040,19,8.2
251.1,71,424.5,87.1,102,41,17.0,19,20.3,1213,0.4,13.040,19,4.3
254.2,71,416.1,87.1,101,39,39.5,19,45.3,1253,4.0,13.040,19,6.9
257.3,71,421.8,87.1,101,39,34.9,19,47.0,1288,4.7,12.915,19,6.8
260.4,72,419.7,87.1,102,38,17.3,19,20.4,1212,0.4,13.040,19,4.3
263.5,72,410.5,87.1,102,35,17.3,19,20.4,1228,0.4,12.964,19,4.3
266.6,72,398.3,87.1,102,30,17.1,19,20.0,1237,0.4,12.971,19,4.3
269.7,72,388.5,87.1,102,23,17.1,19,20.2,1217,0.4,13.040,19,4.3
272.8,72,383.3,87.3,102,16,18.0,19,22.7,1132,0.4,13.040,19,4.3
275.9,72,381.4,87.1,102,15,58.1,19,69.6,1383,8.7,13.040,19,12.1
279.0,72,388.1,87.1,102,21,57.6,19,66.4,1364,8.9,13.009,19,12.8
282.1,72,396.0,87.1,101,23,55.5,19,54.0,1333,5.8,13.028,19,10.8
285.2,72,411.7,87.1,100,27,63.1,19,72.9,1464,10.2,13.068,19,13.7
288.3,72,420.8,87.1,100,31,61.7,18,71.9,1462,9.8,13.039,19,13.1
291.4,72,433.7,87.1,100,34,60.5,18,70.6,1480,9.6,12.995,19,12.0
294.5,73,442.9,87.1,100,35,50.1,18,59.1,1375,6.7,12.964,19,12.1
297.6,74,452.0,87.1,99,37,42.8,18,39.8,1332,2.5,13.040,19,8.6
300.7,75,452.0,86.8,101,35,20.8,18,27.0,1185,0.1,13.076,19,3.9
303.8,75,440.5,87.1,102,30,16.5,18,19.2,1250,0.4,13.075,19,4.3
306.9,75,431.7,87.1,102,23,16.5,18,19.9,1227,0.4,13.040,19,4.3
310.0,75,418.9,87.1,102,16,18.3,18,21.9,1140,0.4,13.040,19,4.3
313.1,75,414.2,87.1,102,9,20.4,18,26.4,1103,1.2,12.993,19,4.8
316.2,75,408.0,87.1,100,12,41.4,18,47.3,1235,3.4,12.943,19,9.3
319.3,74,408.0,87.1,100,15,35.2,18,42.5,1183,1.4,12.950,19,5.0
322.4,74,404.0,87.1,101,14,18.8,18,22.8,1100,0.2,12.960,19,3.9
325.5,74,404.0,87.1,101,12,38.2,18,49.5,1148,6.0,13.040,19,9.6
328.6,74,403.1,87.1,100,16,23.6,18,29.0,1240,2.3,12.991,19,7.8
331.7,74,396.5,87.1,102,13,18.5,18,22.9,1087,0.4,12.960,19,4.3
334.8,74,390.1,87.1,102,11,19.2,18,28.0,1185,0.4,12.960,19,4.6
337.9,74,383.9,87.1,102,11,17.5,18,21.2,1169,0.9,13.052,19,4.7
341.0,74,380.0,87.1,102,11,24.5,18,30.6,1421,2.4,13.040,19,6.0
344.1,74,379.3,87.1,101,10,18.0,18,22.2,1105,0.4,12.998,19,3.9
347.2,74,372.9,87.1,102,5,23.3,18,30.2,891,0.4,12.866,19,3.9
350.3,74,366.4,87.1,101,0,27.6,18,37.6,662,0.4,12.995,19,3.9
353.4,74,360.1,87.1,102,0,18.2,18,23.6,893,0.4,12.960,19,3.4
356.5,74,354.3,87.1,102,0,17.3,18,23.1,738,0.4,12.841,19,2.7
359.6,74,348.7,87.1,102,0,55.3,18,63.5,398,0.3,12.764,19,0.0
362.7,74,344.0,87.1,102,0,0.0,3,0.0,0,1.3,12.640,19,29.3
365.8,73,336.5,87.1,102,0,0.5,3,0.7,0,1.6,12.640,19,6.3
368.9,73,339.2,87.1,102,0,0.2,3,0.4,7,1.6,12.652,19,6.3
372.0,74,342.0,87.1,102,0,0.0,3,0.0,0,1.6,12.642,19,6.3
375.1,74,344.0,87.1,102,0,0.0,3,1.2,1.6,12.640,19,6.3
378.2,74,339.8,87.1,102,0,0.0,3,0.8,12.648,19,6.3
381.3,74,342.5,87.1,102,0,0.3,3,0.4,12.640,19,6.3
384.4,74,344.0,87.1,102,0,0.0,3,0.0,19,6.3
